#naive2.0.py
# GMT Fri Feb 14 13:34:32 2020
# 
0 999 2 998
2
7 8 9
8 9 10
9 10 11
10 11
11
18
22
27
34 36
36
39 40
40
43 44 45
44 45
45
49
54 55 56
55 56 57
56 57 58
57 58
58
62
68
72 73
73 75
75
81 83
83 84
84
87 88 89
88 89
89
92
95 96
96
101 102 103
102 103 104
103 104
104 106
106 108
108 109 110
109 110
110
113
116 117 118
117 118
118
124 126
126
129 130
130
138 139
139
149 150 151
150 151 152
151 152
152
156 157 158
157 158
158
162 163
163 165
165 166 167
166 167 168
167 168 169
168 169 170
169 170
170
175 177
177
181
184 185
185 187
187 189
189
192 193 194
193 194
194
198 199
199
206 207
207 209
209
220
223 429
224
227
230 232
232 233
233
238 240
240 241
241
244 245 246
245 246 247
246 247
247
251
256
259 260 261
260 261
261
266
270 271
271
274 276
276
279
283 284 285
284 285
285
291 293
293
297
300
304 305
305 307
307
315 316
316
321
324
330 331
331
335 336 337
336 337
337 339
339
346 347
347
350
353 354 355
354 355
355 357
357 358
358 360
360 361 362
361 362 363
362 363 364
363 364
364
367 368
368
371
377
381 382 383
382 383 384
383 384 385
384 385
385
388 390
390 391
391 393
393 394
394
397 399
399
402
405 407
407
415 417
417 419
419 421
421 422
422 424
424 425
425
429 431
431
435
441 443
443
446 448
448 449
449 451
451 452
452 454
454 455 456
455 456
456
460
463 465
465 466
466 468
468 469 470
469 470
470 472
472
475 476
476 478
478 480
480 481 482
481 482 483
482 483 484
483 484
484 486
486 487
487
491 492 493
492 493
493
496 498
498 500
500
503 505
505 506 507
506 507 508
507 508
508
511 512
512
518 519 520
519 520 521
520 521
521 523 552
523 525
525
528 529
529
534 536
536 538
538 539 540
539 540
540
544 545 546
545 546 547
546 547
547 549
549 551
551 552
552 554
554 555 556
555 556
556
562 564
564
568
571 573
573 574 575
574 575
575
579 972
580 582
582 584
584
593 594
594
600 601 602
601 602
602 604
604 605
605
608 610
610
615 617
617
624 625
625
633
637 638 639
638 639 640
639 640 641
640 641
641 643
643 644 645
644 645 646
645 646
646
651
654
657 658
658 660
660 662
662 663 664
663 664
664 666
666 667
667
670 672
672 673
673
676
679 680
680
683
685 686
686 688
688 689
689 691
691 693
693
696
699 700 701
700 701
701 703
703 704
704 706
706 707
707
710 711
711
714 715
715 717
717 719
719
724
729 731
731
737 739
739 740
740
749 750 751
750 751 752
751 752 753
752 753 754
753 754
754
761 762 763
762 763
763 765
765
769 771
771 772
772
775 776 777
776 777 778
777 778
778
785 786
786
791 793
793 794 795
794 795
795 797
797 798 799
798 799
799 801
801 802 803
802 803 804
803 804
804 806
806 807 808
807 808
808 810
810 812
812 814
814
817 818
818 820
820 821
821 823
823 824 825
824 825 826
825 826
826 828
828 829 830
829 830
830
833
837 838
838
843 844 845
844 845
845
848
851 853
853 854 855
854 855 856
855 856 857
856 857
857 859
859 860 861
860 861 862
861 862 863
862 863 864
863 864 865
864 865 866
865 866
866 868
868 869
869
873 875
875 876
876 878
878
881 882
882
888 889
889 891
891 892
892
895 896 897
896 897
897
900 901
901
908 910
910
914 915
915
919 920 921
920 921
921 923
923
929 930 931
930 931
931
937 938
938
943
947
950 952
952 954
954 955 956
955 956 957
956 957
957
960 961
961
966 967 968
967 968 969
968 969
969 971
971 972
972 974
974 975
975
979 981
981
985 986 987
986 987
987
991 992
992 994
994 995
995 997
997 998 999
998 999
999
