#naive2.0.py
# GMT Fri Feb 14 13:34:31 2020
# 
0 999 2
2 3 4
3 4 5
4 5
5 6
6
9 10 11
10 11
11 13
13 14
14 16
16 18
18 20
20 21 22
21 22
22 24
24 26
26
30 32
32 34
34 35
35
43 45
45 46
46
50
53 54
54 56
56 57
57 59
59
64 66
66
75 76
76 78
78 80
80 82
82 84
84 85
85 87
87
91 92
92
95 96 585
96 98
98 100
100
103
106 107
107
111 112 113
112 113 114
113 114
114
118
121 123
123 125 887
125 126 127
126 127 128
127 128 129
128 129
129
134 135
135 137
137 138 139
138 139
139
142 144
144 145
145
148 149 150
149 150 151
150 151
151 153
153 155
155 156
156 158
158
166 167
167 169
169 171
171
174 176
176 177
177
183
184 186
186 187 188
187 188
188 190
190
193 194 195
194 195
195 197
197 199
199 200
200
203 204
204 206
206 208
208 209 210
209 210
210 212
212 213
213 215
215 217
217 218 219
218 219
219 221
221
228
232 233
233 235
235
236
241 243
243 244
244
247 248
248 250
250
254
257 258 259
258 259
259
262 263
263 265
265 266
266
269 270
270
273 274 275
274 275
275
278 279 280
279 280 281
280 281
281 283
283 285
285 286
286
290 291 292
291 292 293
292 293
293 295
295 296 297
296 297 298
297 298
298
301 302
302
306
310 311
311
315 316 317
316 317
317 319
319
322 323 324
323 324
324
329 330
330 332
332 333 334
333 334 335
334 335 336
335 336
336
341 343
343
346 347 348
347 348
348
351 352 353
352 353
353 355
355 357
357
363 364
364
367 368
368 370
370 371
371 373
373
377 378 379
378 379
379
383
387 389
389 390 391
390 391 392
391 392 393
392 393
393
399 401
401 402 403
402 403
403
406 407
407
413 414 415
414 415
415 417
417 418
418
423 424
424
428 429 430
429 430
430
433
442
448
451 452 453
452 453 454
453 454 455
454 455 456
455 456
456 458
458 459
459
462 464
464
467 469
469 470
470 472
472
476 477
477 479
479 480 481
480 481
481 483
483
487 488
488
491 493
493
496
500
503 504 505
504 505
505 507
507
512 513 514
513 514
514
519 521
521 552
524 526
526 528
528
531 533
533 535
535 536
536 538
538 539
539
542 543 544
543 544
544 546
546 548
548 550
550 551 552
551 552
552 554
554 556
556 557 558
557 558
558
561
569 570 571
570 571
571 573
573 574 575
574 575
575 577
577 578
578 580
580 581
581
585 586
586 588
588
593
596 597 598
597 598
598
601 602
602
606
609
612 613
613
617 618 619
618 619
619
625 626
626
630
633 635
635
640 641
641
644
647
650
654 656
656 658 683
658 659
659 661
661 662
662
665 667
667 668
668 670
670 671
671
674
677 678
678
681 682 683
682 683 684
683 684
684
688
691
697 699
699 701
701 703
703 704
704 706
706 708
708 710
710
716 718
718
721
725 726 727
726 727 728
727 728
728
736
741
745 746
746
749 751
751
754
758
761 762 763
762 763 764
763 764 765
764 765
765
769 770 771
770 771
771
774
777 778
778 780
780 781
781 783
783
787 788
788 790
790 791
791
794 795 796
795 796 797
796 797
797 799
799
802
808
812 814
814 815 816
815 816
816 818
818 820
820
826 827
827 829
829 830
830
834
837 839
839 840
840 842
842 843
843
846
850 851
851
855
859 860
860 862
862
867 869
869 870 871
870 871 872
871 872
872 874
874 876
876 877 878
877 878 879
878 879 880
879 880
880 882
882
887
890 892
892
895
898
902
908 909 910
909 910 911
910 911
911 913
913 915
915 917
917 918 919
918 919
919 921
921 922
922
932 934
934 935
935
939
942 943
943 945
945
948 950
950 951
951
954 956
956 958
958 960
960
963
967 968
968 970
970 971
971 973
973 974
974
979
982 983
983 985
985
990
996
999
