#naive2.0.py
# GMT Fri Feb 14 13:34:36 2020
# 
0 998
3 4 5
4 5
5 6 7
6 7
7
10 11
11
14 16
16 17 18
17 18
18 20
20 21 22
21 22 23
22 23
23 25
25 26
26
29
33 34
34
38 39
39
43 45
45 47
47 48 49
48 49
49 51
51 53
53 54
54
59 60
60
66
69 71
71
75 77
77 79
79
82 84
84 86
86 88
88 89 90
89 90 91
90 91
91 93
93 95
95
97 99
99
102 103
103 105
105 106 107
106 107
107
110 112
112 114
114 115 116
115 116
116
119 120
120
124
127 129
129 130
130
134 135
135 137
137 139
139
143 144 145
144 145
145
148 149 150
149 150
150
153 154
154 156
156 157
157
161
164 166
166 167
167 169
169 171
171 172
172
175 176 177
176 177
177 179
179 180
180 182
182 183 184
183 811
184 186
186 187 188
187 188
188 190
190 191 192
191 192 193
192 193
193
197 198
198
202 203 204
203 204
204 206
206 207
207
210 211
211 213
213 214
214
217
220 221 222
221
222 224
224 226
226
232 233
233 235
235 237
237
240
243 244
244
249 250
250 252
252
258
263 265
265 267
267 268
268
272 274
274 276
276 277 278
277 278 279
278 279 280
279 280
280
283 284
284 286
286
290
293 294 295
294 295
295 297
297
300 301
301 303
303
307 309
309 310 311
310 311
311 313
313 314 315
314 315
315
318
322 324
324 325
325
328 329
329
332 333 334
333 334 335
334 335 336
335 336
336
339 340 341
340 341 342
341 342 343
342 343 344
343 344
344 346
346 347
347
351 353
353 355
355 356
356
361
366 368
368 369
369 371
371 372 373
372 373 374
373 374
374
378
382
386 387 388
387 388 389
388 389 390
389 390
390
396 397 398
397 398 399
398 399 400
399 400 401
400 401
401 403
403 404 405
404 405 406
405 406 407
406 407 408
407 408 409
408 409
409 411
411 412
412 414
414 415
415 417
417 419
419
425 426
426 428
428
432
435 437
437 439
439
443 444 445
444 445
445
448 449 450
449 450 451
450 451 452
451 452
452
456
459 460
460
469 470
470 472
472 474
474
480 482
482 484
484 486
486
490
493 494
494 496
496 498
498 499
499 501
501 503
503 504
504 506
506
510
516
519 520
520
524 525 526
525 526
526
530
542 543
543 545
545
548
551 553
553 554 555
554 555
555 557
557
561 562 563
562 563 564
563 564
564
567 568 569
568 569
569
573 575
575
584 586
586 588
588 590
590 591
591 593
593
596 597 598
597 598
598 600
600
607
611 613
613
618 619 620
619 620 621
620 621
621
623
628
632 633 634
633 634 635
634 635
635 637
637 639
639
644 646
646 647 648
647 648 649
648 649
649 651
651 652 653
652 653
653 655
655 656 657
656 657 658
657 658 659
658 659 660
659 660 661
660 661
661 663
663 664
664
669 670 671
670 671
671
675
678 679 680
679 680 681
680 681
681
685 686
686 688
688 689
689 691
691
700
703 704
704
707 708
708 709 710
709 710 711
710 711
711 713
713 714 715
714 715
715 717
717 718
718 720
720
726 727 728
727 728 729
728 729
729 731
731 733
733 734
734 736
736 738
738
742
745 746
746 748
748 750
750 751
751 753
753
758
763
767 768 769
768 769 770
769 770
770
773 775
775 777
777 778 779
778 779
779 781
781 782
782
787 789
789 790 791
790 791
791
798 799 800
799 800
800
810 811 812
811 812 813
812 813 814
813 814
814
821 822 823
822 823 824
823 824
824 826
826 828
828 830
830 831 832
831 832 833
832 833
833
839 840 841
840 841 842
841 842 843
842 843 844
843 844 845
844 845
845
850 851 852
851 852
852
859 860
860 862
862
869 870 871
870 871
871
875 876
876 878
878 879
879
884 885 886
885 886 887
886 887 888
887 888
888 890
890 891
891
894 895
895 897
897 899
899 900 901
900 901
901
906 907
907 909
909
914 915
915 917
917 918 919
918 919 920
919 920 921
920 921
921 923
923
931 933
933 934
934
937
940
943 944 945
944 945
945
948 949
949
955 956 957
956 957 958
957 958
958
962 963
963 965
965 966 967
966 967
967
970
974 976
976 977 978
977 978
978 980
980
983 985
985 986
986
991
994 996
996 998
998
