#naive2.0.py
# GMT Fri Feb 14 13:34:31 2020
# 
1 2
2 4
4 868
10 12
12 13 14
13 14
14 16
16 17 18
17 18
18 20
20 21
21
24 26
26 27
27 29
29 30 31
30 31
31 33
33 34
34 36
36 37 38
37 38 39
38 39
39
43
48 49
49
52 53
53 55
55 56
56
60
63 65
65 66 67
66 67
67 69
69 70
70
73 74
74
79 80 81
80 81
81
85 87
87 89
89 90 91
90 91
91
94 95 96
95 96 585
96 97 98
97 98 99
98 99
99 101
101
104
109 110 111
110 111
111 113
113 115
115 116
116
120
127 128
128
133
138 140
140 141 142
141 142
142
148 149
149 151
151
154 155
155
158 159 160
159 160
160 162
162 163 164
163 164
164 166
166 167 168
167 168 169
168 169 170
169 170
170
173 174
174 176
176 178
178
181 182
182
185 187
187
191
199
202 203 204
203 204
204 206
206 207 208
207 208 209
208 209
209
212
216
220 221 222
221 223
222 223
223
228 230
230
233 234 235
234 235
235
240
243 244
244
253
256 258
258 259
259 261
261
264
267 268 269
268 269 270
269 270
270
276
282 284
284 285 286
285 286
286 288
288 289 290
289 290 291
290 291
291 293
293
296
299
302 303 304
303 304
304
308 309 310
309 310 311
310 311 312
311 312
312
318 319
319
322
326 327
327 329
329 330
330
333 334
334
338 339 340
339 340
340 342
342 343 344
343 344
344
348 349 350
349 350
350 352
352 353 354
353 354
354
358 359
359 361
361
365 366
366 368
368 369 370 436
369 370 371
370 371 372
371 372 373
372 373
373 375
375
379 380
380
385 387
387 389
389 390 391
390 391
391 393
393
401 402
402 404
404
407 408 409
408 409
409 411
411 412
412
417 419
419 420 421
420 421
421
424 425 426
425 426
426
431 432
432
436 437
437 439
439 440
440 442
442 444
444 445
445 447
447
450 451
451 453
453 454
454
457 459
459
465 466
466 468
468 469
469
479 480
480 482
482 483
483
486 488
488 490
490 491
491
494 495
495 497
497 498
498 500
500 502
502 504
504 505
505 507
507
511
515
519 520
520
526 527 528
527 528 529
528 529
529
531 532
532 534
534 536
536
539
544 545 546
545 546
546
551 552
552 554
554 555
555 557
557 558 559
558 559
559 561
561
567 568
568
580 581
581
585 586
586 588
588
591 592 593
592 593 594
593 594 595
594 595 596
595 596
596 598
598
603 605
605 606
606
611 613
613 615
615
620 622
622 624
624
627 629
629 630 631
630 631
631 633
633 635
635 636 637
636 637
637 639
639 640
640
644
648
653 655
655 657
657 658
658 660
660 661
661 663
663 665
665
668 670
670 671 672
671 672
672
679 680 681
680 681
681 683
683 684
684 686
686 687
687 689
689 690 691
690 691
691
694 695 696
695 696
696 698
698
701 702
702
706
710
716 717 718
717 718 719
718 719
719 721
721 722
722
725 726
726 728
728 730
730 731
731
736 737
737
740
743 951
746 748
748
751 752
752
755 756
756 758
758
761
766 767 768
767 768
768
771 772
772 774
774
778 780
780
783 785
785 786 787
786 787
787
790 792
792
795 797
797 798 799
798 799
799 801
801 803
803
807
810 811
811 813
813 814
814 816
816 817
817
820
825 826 827
826 827
827 829
829
833
837 838
838
842 844
844 845
845
850 851
851
854
857 859
859 860 861
860 861 862
861 862 863
862 863
863 865
865 866
866 868
868
871 873
873 875
875 876
876
879 880
880
884
889 890 891
890 891
891 893
893 894
894 896
896
899 900 901
900 901 902
901 902 903
902 903
903 905
905
910 911 912
911 912
912 914
914 915 916
915 916
916 918
918
921
924
931
934
937
940 941
941
946 948
948 949
949 951
951 953
953 954 955
954 955
955
958 959
959
964
967
972 974
974
979 980 981
980 981
981
987 988 989
988 989
989 991
991 993
993
997
