#naive2.0.py
# GMT Fri Feb 14 13:34:32 2020
# 
4 868
8
12
18 19
19
24 26
26
29 30 31
30 31
31
37 39
39 41
41 42 43
42 43 44
43 44 45
44 45 46
45 46 47
46 47
47
50
58 60
60 61 62
61 62 63
62 63 64
63 64 65
64 65
65 67
67 68
68 70
70 72
72 73
73
76 77
77 79
79 81
81 82 83
82 83 636
83
86
90 91
91 93
93 94
94 96
96 97 98
97 98
98
104
110
114 115
115 117
117
120 121
121
124 125
125
128 129 130
129 130 131
130 131 132
131 132
132
137 138
138
141 142
142
147
157 158
158
165 166
166
169 171
171
174 176
176 177
177 179
179 180
180
183
186 187
187 189
189 190
190
194 195
195
198 199 200
199 200 201
200 201 202
201 202
202
206 207
207 209
209 210
210
213 215
215 216 217
216 217 218
217 218
218
221 223
223 225
224 225
225 227
227
230 231
231
234
237
241 242
242 244
244 245 246
245 246 247
246 247
247 249
249 251
251
254
259
262
265
269 271
271 272
272 274
274 276
276
280 281
281
285 286
286 288
288 289 290
289 290
290 292
292 294
294
298 299 300
299 300 301
300 301 302
301 302 303
302 303
303
308 309 310
309 310 311
310 311
311 313
313 315
315 316
316
319 320
320
324
330
333 335
335
339 340
340 342
342
345 346 347
346 347
347 349
349
352
357 359
359 360 361
360 361
361
365
371 372
372
375
378 379
379
383 384
384 386
386 388
388
393 394
394
400 401
401 403
403 404
404
409 410 411
410 411
411 413
413 414
414 416
416 417
417 419
419
422
427
432 434
434 436
436
438 439
439
443 444
444 446
446
450 451
451
454 455 456
455 456 457
456 457 458
457 458 459
458 459 460
459 460 461
460 461
461
471 472 473
472 473 474
473 474 475
474 475
475
481 482 483
482 483 484
483 484
484
487
490 491 492
491 492 493
492 493
493
497 498
498
501 502
502
507 509
509 510
510
519 520 521
520 521 522
521 523
522 523 524
523 524
524 526
526 528
528 529 530
529 530
530 531
531 533
533 534
534
537
541 543
543 544
544 546
546
555 556 557
556 557 558
557 558 559
558 559 560
559 560 561
560 561
561
564
568 569
569
572 573
573 575
575
578
581 583
583 584
584 586
586 587 588
587 588
588
592 593 594
593 594 595
594 595
595 597
597 598 599
598 599
599 601
601 603
603 605
605 607
607
613 614 615
614 615 616
615 616 617
616 617
617 619
619 621
621
623
626
630
635 636 637
636 637
637
642 643
643
647 648
648
651 652 653
652 653
653
656 658 683
658
664 665 666
665 666 667
666 667 668
667 668 669
668 669
669 671
671 672 673
672 673 674
673 674
674
680 681 682
681 682 683
682 683
683
687 688
688 690
690
700 702
702 704
704 706
706 707 708
707 708
708
711 712 713
712 713 714
713 714
714
717 718
718
721 723
723 724 725
724 725
725 727
727
730 731 732
731 732 733
732 733
733
736
739 740 741
740 741
741 743
743
745
748 749
749
752 753
753
756 757
757
761 762 763
762 763
763 765
765 766 767
766 767
767
772 773 774
773 774 775
774 775 776
775 776
776
780 781 782
781 782 783
782 783
783 785
785
791 793
793 794
794
797
803
806 808
808
812 813
813 815
815 817
817
820 821
821 823
823
826 827 828
827 828 829
828 829
829
832
837 839
839 840
840
843 844
844
847 848 849
848 849
849 851
851 853
853 855
855 857
857
861 862 863
862 863
863 865
865 866
866 868
868
871
874
880 881 882
881 882
882 884
884 885 886
885 886
886 888
888 889
889
894 895 896
895 896 897
896 897
897
901 903
903 904 905
904 905
905 907
907
910 911
911
914 916
916
919 920 921
920 921
921 923
923 924
924 926
926 927
927 929
929
932
937 938
938 940
940 941
941 943
943 945
945 946 947
946 947 948
947 948 949
948 949 950
949 950
950 952
952 954
954 955 956
955 956
956
961 962
962 964
964 966
966 967
967 969
969
973 974
974
979 980
980
983 984 985
984 985 986
985 986 987
986 987 988
987 988 989
988 989 990
989 990 991
990 991
991
994 995
995
