#naive2.0.py
# GMT Fri Feb 14 13:34:30 2020
# 
1 2 999
2
5 6
6 8
8 9 10
9 10
10 12
12
15 16
16
19 20
20 22
22 23 24
23 24 25
24 25
25
30 32
32 33
33
38
41 43
43
47 48
48 50
50 52
52 53
53
57
60 62
62 63
63 65
65 66
66 68
68 69
69
72 73 74
73 74
74
77 78
78 80
80 82
82 83 84
83 84
84 86
86
91 93
93 95
95 96
96 97 98
97 98 99
98 99
99
103 104
104
107
111 112
112
116 117 118
117 118 119
118 119 120
119 120 121
120 121
121 123
123 124 887
124
127 128 129
128 129 130
129 130
130
133 135
135 136 137
136 137
137
142 144
144
147 149
149
153 155
155 157
157
161 163
163
169 170 171
170 171
171 173
173
176 177 178
177 178 179
178 179
179
185
191
194
198
201
207
211 212 213
212 213
213
216 217 218
217 218
218
221 223 735
222 223
223
231
234 235 236
235
236
240 242
242 244
244 245
245 247
247 249
249 251
251
254 256
256 258
258
262 263
263
267
271 273
273 275
275
278 279
279
289 290
290 292
292 294
294 296
296
302 304
304 305 306
305 306 307
306 307 308
307 308 309
308 309
309
313 314 315
314 315 316
315 316 317
316 317
317 319
319 320 321
320 321
321
324
327 329
329
332
337 339
339 341
341 343
343 345
345 346 347
346 347 348
347 348
348
353
359 361
361 363
363 365
365 367
367
371
375 377
377
382 383 384
383 384 385
384 385 386
385 386
386 388
388 389
389
394 396
396
399 400
400 402
402 403 404
403 404
404 406
406
409 411
411
414
417
421 423
423
428 430
430 431
431
437 438
438
441 442 443
442 443 444
443 444
444
449 450 451
450 451
451
454
457
460 462
462 463 464
463 464
464
467 468
468 470
470
473
477
483
486 487
487 489
489
492
499
502 503
503
506
514 515
515
521 552
532 533 534
533 534
534
537 539
539 540
540 542
542 543
543
547
552 554
554 556
556 558
558 560
560 561
561
566 567
567 569
569 571
571 572
572
575 577
577 578
578
583 584
584 586
586 588
588
591
598
603
606
609 611
611 612
612 614
614 615 616
615 616 617
616 617
617 619
619
624 625
625
628 629
629
632 634
634 635
635
639
643 644 645
644 645 646
645 646 647
646 647
647
650
654 656
656 657 658
657 658
658
664 666
666
669
673 675
675 676 677
676 677
677
681
686 688
688 690
690
696 697
697
700
704 706
706 708
708
711
715 716 717
716 717 718
717 718 719
718 719
719
722 723
723 725
725 726 727
726 727 728
727 728
728
733 735
735 737
737
740 742
742 743
743 951
747
752 754
754
757 758
758 760
760 762
762 764
764 765 766
765 766 767
766 767 768
767 768 769
768 769 770
769 770
770
773 774 775
774 775 776
775 776 777
776 777
777
781 782
782
789 790
790
793 795
795 797
797
800 802
802
807
810 812
812 813
813 815
815
818 819 820
819 820
820 822
822 823
823
828 829 830
829 830 831
830 831
831 833
833 834
834
837 839
839 841
841
846
852 853
853 855
855 856 857
856 857
857 859
859
863
866 868
868 869 870
869 870
870
875 877
877 879
879 880 881
880 881 882
881 882 883
882 883
883
886 887
887
891 892
892 894
894 895 896
895 896
896
899 900
900 902
902
905 906 907
906 907
907
910 912
912 913 914
913 914
914
917
921 922 923
922 923
923
926 927
927
930
938 939
939
943 944
944 946
946 947
947 949
949 951
951 953
953
958 959 960
959 960 961
960 961 962
961 962
962
965 966 967
966 967 968
967 968 969
968 969
969 971
971
976 977
977
980 981
981
984 985 986
985 986 987
986 987
987 989
989 990
990
993 994
994 996
996
999
