#naive2.0.py
# GMT Fri Feb 14 13:34:31 2020
# 
0 1
1
4 868
6 8
8 10
10 12
12 13 14
13 14 15
14 15
15 17
17 19
19
22 23 24
23 24
24 26
26 27
27 29
29
33 34
34
39
47
55 56 57
56 57 58
57 58
58 60
60 61
61 63
63 65
65 66
66 68
68 69
69 71
71 73
73 75
75
78 79
79 81
81
86 88
88 89 90
89 90 91
90 91 92
91 92
92
96 98
98 100
100 101 102
101 102 103
102 103
103
106
109
112 113
113 115
115 117
117
120 121 122
121 122
122
125 126 127
126 127
127 129
129
132 133
133
136 137
137
142 144
144 145 146
145 146
146 148
148 149
149
155 157
157 158
158
167 169
169
175 176 177
176 177
177
182 183
183 811
186 188
188 189
189
194 195
195
200 201
201 203
203 204 205
204 205 206
205 206
206
211 212 213
212 213
213
216 217 218
217 218 219
218 219
219 221
221 223
222 223 224
223 429
224 226
226
235 237
236 237 238
237 238 239
238 239
239
243 244 245
244 245
245 247
247 248
248
255
258
262 263 264
263 264
264
267 268 269
268 269 270
269 270
270
273 275
275 277
277
281
287
291 292
292
304 305
305
309 311
311 313
313 315
315 317
317 318
318
322 323
323
327 329
329 330
330 332
332 333
333 335
335 336 337
336 337
337
340
346 347
347 349
349 351
351
355 357
357 358
358 360
360 362
362 363
363 365
365 366 367
366 367 368
367 368
368 370
370 372
372 373
373
377 378 379
378 379 380
379 380
380 382
382 384
384 385 386
385 386
386 388
388 390
390 392
392 394
394
397
401
405 406 407
406 407
407 409
409 410 411
410 411
411
416 417 418
417 418 419
418 419
419 421
421 423
423 425
425 426 427
426 427 428
427 428 429
428 429 430
429 430
430 432
432 433
433 435
435
441 442
442
447 448 449
448 449 450
449 450 451
450 451 452
451 452 453
452 453 454
453 454
454 456
456 457
457
460 462
462 463 464
463 464
464 466
466
469 470
470 472
472
475
478
484 485 486
485 486
486
492
495 497
497
502 503 504
503 504
504
508 510
510
514
518 520
520 521 522
521 523 552
522 523
523 525
525 526
526 528
528 530
530 531 532
531 532
532
542 543
543 545
545 546 547
546 547
547 549
549 551
551 552 553
552 553 554
553 554 555
554 555 556
555 556
556
560 561 562
561 562
562
567 569
569 570
570 572
572
575 577
577
581
589
593
596 597
597
600 601 602
601 602
602
605
608 610
610 611 612
611 612
612
616 617
617 619
619
625 626
626
631 632
632 634
634 636
636
638 640
640
646
652 654
654 655
655 657
657 658 659
658 659
659
663 664 665
664 665 666
665 666
666
669 670 671
670 671
671 673
673
676
679
683
686 687
687 689
689 690 691
690 691
691 693
693 694 695
694 695
695
698 699 700
699 700
700
703 704
704 706
706 707 708
707 708
708 709 710
709 710
710 712
712 713 714
713 714 715
714 715
715 717
717 719
719 720 721
720 721
721
724
727 728 729
728 729
729
732 733
733
739 740
740
748 749 750
749 750 751
750 751 752
751 752 753
752 753
753
758 759
759 761
761
766 767 768
767 768
768
774 776
776 777
777
784
789 790 791
790 791
791 793
793
796 797
797 799
799 800
800
805
811 812
812 814
814 816
816 818
818 819 820
819 820
820
823 824
824
828
835
837 838
838
841 842 843
842 843 844
843 844
844
848 850
850 852
852 853
853
856 857 858
857 858
858 860
860 862
862 863 864
863 864 865
864 865 866
865 866 867
866 867 868
867 868 869 937
868 869
869
874 875 876
875 876 877
876 877 878
877 878 879
878 879
879
882 883 884
883 884 885
884 885
885 887
887 888
888 889 890
889 890 891
890 891 892
891 892
892 894
894 895
895 897
897 899
899 901
901
911 912
912
915 916
916
920 921
921
928 929 930
929 930 931
930 931
931 933
933 934 935
934 935 936
935 936 937
936 937
937
939
942 943
943
949 950
950 952
952 953
953
956 958
958 960
960 962
962 963 964
963 964 965
964 965 966
965 966 967
966 967 968
967 968 969
968 969
969
973 975
975
978 979 980
979 980 981
980 981
981
989
993 994 995
994 995 996
995 996 997
996 997
997
