#naive2.0.py
# GMT Fri Feb 14 13:34:30 2020
# 
0 1 998
1
4 5
5 6 7
6 7
7 9
9 11
11 12 13
12 13
13
18 19
19
22 24
24
27 28 29
28 29
29
33
47 48
48
52
57 58 59
58 59 60
59 60 61
60 61 62
61 62
62
67
70
73 75
75 76
76
82 83 84
83 84 85
84 85
85 87
87
90 91
91
94 96
96 98
98 100
100 102
102 103 104
103 104
104
108 109
109 111
111 112
112
118 120
120 122
122 124
124
136
141 142
142
145 147
147 149
149 151
151 153
153 154
154 156
156 158
158
161 163
163 164 165
164 165 166
165 166
166
170 171
171 173
173
176 177 178
177 178
178 180
180 181
181
188
191
194
199
204
207 209
209 210
210 212
212 213
213 215
215 216 217
216 217 218
217 218
218
221
227 228
228 230
230 231 232
231 232
232 234
234 235
235 582
238 239 240
239 240
240
243 245
245
249 250 251
250 251 252
251 252 253
252 253
253
258
261 262
262 264
264 265 266
265 266
266 268
268 269 270
269 270
270 272
272
276 278
278 280
280 282
282 283 284
283 284 285
284 285
285
289 290
290 292
292 293
293
296
302 303
303
308 309
309 311
311 312
312
316 317 318
317 318 319
318 319
319
322 323
323
327 328
328
331 332
332 334
334
337 338 339
338 339
339
342 343 344
343 344 345
344 345
345
348 349
349 351
351 353
353
356 358
358 360
360 362
362 364
364 366
366 367 368
367 368
368 436
371
374 375
375 377
377 378
378
382 384
384
387
391 392
392
395 396 397
396 397 398
397 398
398 400
400 401
401 403
403 404
404
407 408 409
408 409
409 411
411 412 413
412 413 414
413 414 415
414 415
415 417
417 418
418
421 422
422 424
424
427 428
428 430
430 432
432
436
438 440
440 441
441 443
443 444 445
444 445
445
448 449 450
449 450
450 452
452
455 457
457
461 462
462
465 466
466
475 477
477
480
484 485
485 487
487 489
489
494 496
496
499 500
500 502
502
506 507 508
507 508 509
508 509 510
509 510
510
516 517 518
517 518
518
521
526 527 528
527 528
528
531
534 535
535
540
544 545
545 547
547
551
554 555
555
558 559
559
562
567 569
569
575
578 579 580
579 581 972
580 581 582
581 582
582
585
588 589 590
589 590
590
594
597 599
599 600
600 602
602 603
603
606 607
607 609
609 611
611 612
612
615 616 617
616 617
617 619
619 620
620
629
633 634
634
639 640 641
640 641 642
641 642
642 644
644 645
645 647
647
651 653
653 655
655
660 661 662
661 662 663
662 663
663 665
665 667
667
671 672
672 674
674
677
680 682
682 683
683
685 686
686 688
688
693 694 695
694 695 696
695 696 697
696 697
697
701
704 705
705
711 713
713
718
725
730 731
731 733
733 734
734 736
736 737
737
742 743
743 951
745 747
747 748 749
748 749
749
754 755
755 757
757 758
758 760
760
764
767 768
768
771 772 773
772 773 774
773 774 775
774 775
775 777
777 778
778 780
780 781 782
781 782
782 784
784 785
785
788 789
789 791
791
794 795 796
795 796 797
796 797
797
800 801
801 803
803 804 805
804 805 806
805 806 807
806 807
807 809
809 810 811
810 811
811
814 816
816 818
818 819
819 821
821 822
822
825 826
826
829
832
836
839 841
841 843
843 844 845
844 845
845 847
847 849
849
854 856
856 858
858 859 860
859 860 861
860 861 862
861 862
862 864
864
867 869
869 870
870 872
872 873
873 875
875 876 877
876 877 878
877 878 879
878 879
879
882 883
883 885
885 886
886
891
895 897
897 898
898
901 902
902 904
904 905
905
908 910
910
913 915
915 916 917
916 917
917 919
919 920 921
920 921 922
921 922 923
922 923
923
927
932 933
933
938
941 943
943 944
944
947
950 951
951
954 956
956 957 958
957 958 959
958 959
959 961
961 963
963 964
964
969 970
970 972
972 974
974 975 976
975 976 977
976 977
977 979
979 980
980 982
982 984
984
988 990
990 991 992
991 992
992 994
994 995 996
995 996
996 998
998
