#naive2.0.py
# GMT Fri Feb 14 13:34:34 2020
# 
1
5 6 7
6 7
7 9
9 10
10
13
17 18
18 20
20 22
22 23
23 25
25 26 27
26 27 28
27 28
28
31
35 37
37 39
39 40
40
45 46
46 48
48 50
50 51
51 53
53
56 57 58
57 58 59
58 59
59 61
61
64 66
66 67 68
67 68
68 70
70 71
71
76 77
77 79
79 80
80
83 84 85
84 85 86
85 86
86
89 90
90
94
98 99
99
102
105
111
119 121
121 123
123 124 125 707
124 125
125 127
127
131 132 133
132 133 134
133 134
134 136
136 137 138
137 138 139
138 139 140
139 140 141
140 141
141 143
143
146
153 155
155 156
156 158
158 159
159
162
165 166 167
166 167 168
167 168
168
171 173
173
176 177 178
177 178
178
182 184
184 186
186 187
187 189
189 190 191
190 191 192
191 192 193
192 193
193
196
199 200
200
205
208
212 214
214 215 216
215 216 217
216 217
217 219
219 220
220
223 225 429
225 226
226 228
228 229
229
232
236
239 240 241
240 241 242
241 242
242
246 248
248
251 252 253
252 253 254
253 254
254 256
256 257
257
260 262
262 264
264 265
265 267
267 269
269 270
270
275 277
277 278
278
281 282
282
287
290 292
292
297
300 301 302
301 302
302
307 309
309 310 311
310 311
311
316 317 318
317 318
318
323 324
324
329 331
331 333
333 334
334 336
336
339 340
340
344 346
346 347 348
347 348 349
348 349 350
349 350
350 352
352
355 356
356
363
366 367
367 369
369 370
370 372
372 374
374
377
380 381
381 383
383 384 385
384 385 386
385 386
386 388
388
393 394 395
394 395
395 397
397 398
398 400
400 402
402
405 406 407
406 407
407
411
415 416
416 418
418 419
419 421
421
429 431
431 432 433
432 433
433
436 437
437
440 442
442 444
444
448 450
450 451
451
454 455 456
455 456
456 458
458 460
460 461 462
461 462
462
465 466
466
474 475
475
478
481 483
483 484
484 486
486 487 488
487 488 489
488 489
489 491
491 493
493 494
494
497
500 501 502
501 502 503
502 503 504
503 504
504 506
506
511 512
512 514
514 516
516 517 518
517 518
518 520
520 521
521 523
523 525
525 526
526
529
531 532 533
532 533 534
533 534
534
539 540 541
540 541 542
541 542 543
542 543
543 545
545 547
547 548
548
553
558 559
559
564 566
566 567 568
567 568
568 570
570 571
571 573
573 575
575 576
576 578
578 579
579 581
581 583
583 584
584
587
591
595 597
597
602
608
611
615 616 617
616 617 618
617 618
618
621 622
622 623 624
623 624 625
624 625 626
625 626
626
633 635
635 636 637
636 637
637 639
639 640 641
640 641 642
641 642 643
642 643 644
643 644 645
644 645 646
645 646
646 648
648
651
655
662 664
664 665
665
669 670
670
674 675
675
678 680
680 682
682
688
691 693
693 694
694 696
696
700 702
702 703 704
703 704
704
707
709 711
711
715 716
716 718
718 719 720
719 720 721
720 721 722
721 722
722
725
729 730
730 732
732 734
734 736
736
739 740
740
744 746
746 747 748
747 748
748 750
750 752
752 753
753 755
755 757
757
760 762
762
765 767
767 769
769 771
771 772 773
772 773 774
773 774
774
778 779
779
783
787 789
789 791
791 792
792 794
794 795
795
798 800
800 802
802 803
803 805
805 806 807
806 807
807
815
818 820
820 821 822
821 822 823
822 823
823 825
825
828 829
829
834 835
835
837 838 839
838 839
839
842 844
844 845 846
845 846 847
846 847 848
847 848
848
851
857 858
858
863
866
870 872
872 873
873 875
875
880 881 882
881 882
882
886
890
898 900
900 901 902
901 902 903
902 903
903 905
905 906
906 908
908 910
910
913 914 915
914 915 916
915 916
916
919 920
920
924 926
926 927 928
927 928
928
931 932
932
935 937
937
941 943
943
946 948
948 950
950 952
952
957
961 963
963 964
964
968 969 970
969 970 971
970 971
971
974 976
976 977 978
977 978 979
978 979 980
979 980 981
980 981
981
984 985
985
992
995
998
