#naive2.0.py
# GMT Fri Feb 14 13:34:30 2020
# 
5 6 7
6 7 8
7 8 9
8 9 10
9 10
10
15 16
16 18
18 20
20 21
21 23
23
28
31 32
32 34
34 35
35 37
37 39
39
43 44 45
44 45
45
55
60
63 65
65 67
67 68 69
68 69 70
69 70
70
75 76
76 78
78 79
79 81
81 82 83
82 83 84
83 84
84 86
86 88
88 89 90
89 90
90
94 96
96 98
98 100
100 101
101 103
103 105
105
108 110
110 111
111 113
113 115
115 116
116 118
118 119 120
119 120 121
120 121 122
121 122
122
126 127
127
130 132
132 133
133
137
140
144 146
146 147
147 149
149
152 153
153
158 159 160
159 160
160
164 166
166 167 168
167 168
168
171
174 176
176 178
178 180
180
184
190 191
191 193
193 194
194 196
196
199 200
200
203 204
204
207 208 209
208 209
209
214 216
216 217
217
220 222
222 223
223
227
230 232
232 233
233 235
235 582
238 240
240
243 244 245
244 245 246
245 246
246
249 251
251 252
252 254
254 256
256
259 261
261 262 263
262 263 264
263 264 265
264 265 266
265 266 267
266 267 268
267 268
268 270
270 271
271 273
273
279 281
281
284 285
285 287
287 288
288
292 293 294
293 294
294
298
301 302
302 304
304
308
312
315
322 323 324
323 324
324
328 329 330
329 330
330
335 336
336
344 345
345
348 350
350 351 352
351 352
352
355 356 357
356 357 358
357 358
358 360
360
364 366
366 368
368
372 374
374 376
376 378
378 380
380
383 385
385 386
386
389 390
390 392
392
395 396 397
396 397
397 399
399
402 403 404
403 404
404 406
406
409
413 414
414 416
416 417
417
420 421
421
424
430 432
432 434
434
437
442 443 444
443 444
444 446
446
449 450 451
450 451 452
451 452
452
462 463 464
463 464 465
464 465 466
465 466 467
466 467
467
474
477 479
479
484 486
486
491
494 496
496 497
497
503 504
504 506
506 508
508 510
510 511 512
511 512
512 514
514
517 518 519
518 519
519 521
521 552
522
527 528
528 530
530 531
531
534
537
540 541
541 543
543 544 545
544 545 546
545 546
546 548
548
551 552
552 554
554 556
556
559
568 570
570 571 572
571 572
572 574
574
578 580
580 582
582
585 587
587 589
589 591
591 593
593 594
594
598 600
600 601
601
604 605
605
608 610
610 612
612 613
613
616 617
617
620
624 626
626 627 628
627 628 629
628 629
629
632 633 634
633 634
634
638 640
640
645 646
646
650
653
656 657
657
660 662
662 664
664
667 669
669 670
670 672
672
675 676
676
679 680
680
684 685
685
689
693 695
695 696
696
700 701
701 703
703 705
705
709
712 713
713
717 719
719 721
721 723
723 724
724 726
726 727
727
730
736
741 742
742
745 747
747 748
748
753 754 755
754 755
755 757
757
763 764
764
768 770
770
773
777 778 779
778 779 780
779 780
780
783
791 792
792 794
794
799 800 801
800 801 802
801 802 803
802 803
803
806 808
808
811 812
812
816
822 824
824
827
830 831 832
831 832 833
832 833
833 835
835 836 918
836 837
837
841 843
843 844
844
847
851 853
853 855
855 857
857 859
859 860 861
860 861 862
861 862
862
866 868
868 869
869
874 875
875 877
877 879
879
883 884 885
884 885
885
890 891
891
894 896
896 898
898 899
899
902
908 909
909 911
911 912
912 914
914 915 916
915 916 917
916 917 918
917 918 919
918 919
919
925 927
927 929
929 931
931 933
933 934
934
937
940
946
951
954 955
955 957
957 959
959 961
961 963
963
966 968
968 970
970 972
972 973
973 975
975 976
976
980 981 982
981 982 983
982 983
983
989 990 991
990 991 992
991 992 993
992 993 994
993 994 995
994 995
995 997
997 998
998
