#naive2.0.py
# GMT Fri Feb 14 13:34:29 2020
# 
0 1 999 998
1 999
5 6
6
9 10 11
10 11
11
14 15
15
19 20
20 22
22 24
24 25
25 27
27 28
28 30
30
33
36
40 42
42 43
43
46
51
56
60 61 62
61 62 63
62 63
63 65
65 66 67
66 67
67 69
69 70
70
75 77
77 78
78
81 82
82
86 88
88 89 90
89 90
90
93 94
94
97 98 99
98 99 100
99 100
100 102
102 104
104
107 529
110 111
111
114 116
116 117
117
120 121
121
125 126
126
131 132 133
132 133
133 135
135 137
137 138 139
138 139 140
139 140 141
140 141
141
145 146
146
149
152 154
154
157 159
159 160 161
160 161
161 163
163
166 167 168
167 168
168
174 175 176
175 176
176
180 181 182
181 182
182
190
193 194
194 196
196 197 198
197 198 199
198 199
199 201
201 202
202 204
204
207 208
208
211 212
212
218 220
220
224 225
225
228
231 233
233 234 235
234 235 236
235 237 582
236 237 238
237 238
238 240
240 241 242
241 242
242
251 253
253
256 257
257
262 264
264 265 266
265 266
266 268 621
268 269 270
269 270 271
270 271
271
274 276
276 277 278
277 278
278 280
280 281
281 283
283
290 292
292
299 301
301 302
302
307
310 312
312 313
313 315
315
318
321 322
322
326 328
328 329 330
329 330
330 332
332 333 334
333 334 335
334 335 336
335 336
336 338
338 340
340 341
341 343
343
348 349
349
352 353 354
353 354 355
354 355 356
355 356
356
359
362 363
363 365
365
371 373
373
376 377 378
377 378 379
378 379 380
379 380
380 382
382 384
384 385 386
385 386 387
386 387
387
398 399
399
403
412
416
424 425 426
425 426 427
426 427 428
427 428 429
428 429 430
429 430 431
430 431 432
431 432
432
438
443 444
444
450 451
451 453
453 454 455
454 455 456
455 456 457
456 457 458
457 458
458
463 464 465
464 465 466
465 466
466 468
468 469 470
469 470
470
474 475 476
475 476
476
479
482 483
483 485
485 486
486 488
488 489 490
489 490 491
490 491 492
491 492 493
492 493 494
493 494
494 496
496 497 498
497 498
498 500
500 501
501 503
503 504
504 506
506 507
507
516
520
524 525
525
528 529
529
532 533 534
533 534 535
534 535
535 537
537 538 539
538 539 540
539 540
540 542
542 544
544 546
546 547
547
553
556 557
557
560 561
561
564
570 571 572
571 572 573
572 573
573
576
581 582 583
582 583 584
583 584 585
584 585
585 587
587 588
588 590
590
593 595
595
601 603
603 605
605 607
607
610 611
611
619 620 621
620 621 622
621 622
622
626 627
627 629
629 630
630 632
632 634
634 635
635
639
643 644
644
647 648
648 650
650 652
652 653
653
659 661
661
665 666
666
672 673 674
673 674
674 676
676 678
678 679
679 681
681 682 683
682 683 684
683 684
684
687 688 689
688 689
689
692 693
693
696 698
698 700
700 701
701 703
703 705
705 707
707
709
717
720 721 722
721 722
722 724
724 725
725 727
727 728 729
728 729 730
729 730
730
734 735
735
738 739
739 741
741
750
753 754
754
759 760
760
764 765 766
765 766 767
766 767 768
767 768 769
768 769 770
769 770 771
770 771
771
775 777
777 778 779
778 779 780
779 780
780
783
790
798 800
800 802
802 804
804 805
805
810
813 814
814
817
820
824 826
826
829 830
830 832
832 834
834 835
835 918
841 842
842 844
844 846
846 847
847
850 852
852 853
853
860
863 864
864
868 869
869
874 875 876
875 876
876 878
878 880
880
886 887 888
887 888
888 890
890 891 892
891 892
892
896
904 905
905
910
914
918
922 924
924 925 926
925 926 927
926 927
927 929
929 930
930
934 935
935 937
937 938
938 940
940
943
949 950 951
950 951
951
954
957 958 959
958 959
959
963 965
965 967
967
971 973
973 974
974
978
982
985 986 987
986 987
987
990 991
991 993
993
996 997 998
997 998 999
998 999
999
