#naive2.0.py
# GMT Fri Feb 14 13:34:36 2020
# 
2
7 9
9 11
11 12 13
12 13
13 15
15 16
16 18
18
21 23
23
26 27
27 29
29 30 31
30 31 32
31 32 33
32 33
33 35
35 36
36
39 41
41
46
49 50
50 52
52 53 54
53 54
54
57 59
59 60 61
60 61
61
64
68
72 73 74
73 74
74 76
76 77
77
81
84
92 94
94 95
95 585
97 98 99
98 99
99
102 104
104 106
106 108
108 109 110
109 110
110 112
112 113
113
119
125 127
127 129
129
133 134
134 136
136 137
137
140 141
141 143
143
147
151 152 153
152 153
153 155
155 156
156
162 163 164
163 164 165
164 165 166
165 166 167
166 167 168
167 168 169
168 169 170
169 170
170
173 175
175 176
176
180 182
182
185
188 190
190 192
192 193
193
197 198
198 200
200 201 202
201 202 203
202 203
203 205
205 207
207 208 209
208 209
209
212
215
219 220 221
220 221
221
225
228 229 230
229 230
230
238 239 240
239 240
240
245 246
246
250 251 252
251 252 253
252 253 254
253 254 255
254 255
255 257
257
263 264 265
264 265 266
265 266
266 268
268 269
269 271
271
274
277 279
279 280 281
280 281 282
281 282 283
282 283 284
283 284
284
287 289
289 290 291
290 291
291
296 297
297
303 305
305
311 313
313 314
314 316
316
319
322 324
324 326
326 327
327
330 331
331 333
333
336 337 338
337 338 339
338 339 340
339 340
340 342
342
352 353 354
353 354
354
359
363 365
365 366 367
366 367
367
373 375
375 376
376 378
378 379 380
379 380 381
380 381 382
381 382
382 384
384
387 389
389 390 391
390 391
391 393
393 394 395
394 395 396
395 396
396
401
404 405 406
405 406 407
406 407 408
407 408
408
412
419 420 421
420 421
421
425 426
426
430
434 436
436
438 440
440 442
442
445
448 449 450
449 450
450
453 455
455 456 457
456 457 458
457 458 459
458 459
459
463 464 465
464 465
465
468 469 470
469 470 471
470 471
471
474 475
475 477
477
484 485 486
485 486 487
486 487 488
487 488 489
488 489
489 491
491 493
493 495
495 496
496
505 507
507 509
509
513 514 515
514 515 516
515 516 517
516 517
517 519
519 521
521
522 524
524 525
525
528
535 536
536 538
538
542
545
548
551 553
553 554
554
557
560
563
566 567 568
567 568
568
573 574
574
577 579
579 972
582 583
583 585
585 587
587 588
588 590
590
593
598 600
600 601
601
605 606 607
606 607
607 609
609 610
610
617 618
618 620
620 622
622 624
624 625
625
630
634 636
636 637
637 638
638
643
647 648 649
648 649 650
649 650 651
650 651
651 653
653 654
654 656
656
665
668
672
675
678 680
680
685 686
686 688
688 689
689 691
691
694 695
695 697
697 699
699
702 703 704
703 704 705
704 705 706
705 706
706
710 711 712
711 712
712
715
718 720
720 721 722
721 722 723
722 723 724
723 724
724 726
726
729 730
730 732
732 733 734
733 734
734
737
740 742
742 743
743
745
749 751
751 752 753
752 753
753
758 759 760
759 760 761
760 761
761 763
763 764 765
764 765 766
765 766
766
769
772 773
773
778 779
779 781
781 783
783 784
784
787 789
789 791
791 792 793
792 793 794
793 794 795
794 795 796
795 796 797
796 797
797
806 807 808
807 808
808 810
810 811 812
811 812 813
812 813
813 815
815 816
816 818
818 820
820 821 822
821 822 823
822 823 824
823 824 825
824 825
825
828
832 833 834
833 834
834
838 839
839
842 844
844 845 846
845 846 847
846 847
847
851 852
852
855
858 859
859
863
867 869
869 870 871
870 871 872
871 872 873
872 873 874
873 874
874
877 879
879 880
880
883 885
885 886 887
886 887
887
890 891
891 893
893 894
894 896
896 897 898
897 898 899
898 899 900
899 900 901
900 901
901
908 909 910
909 910
910 912
912 913 914
913 914 915
914 915
915
921 922 923
922 923
923 925
925 926
926
932 933
933 935
935
939 941
941 942
942
945
948 949
949
952
960
963 965
965 967
967 969
969 970 971
970 971 972
971 972
972
982 983 984
983 984
984 986
986 987
987
992 994
994
997 998
998
