#naive2.0.py
# GMT Fri Feb 14 13:34:31 2020
# 
1 2 999
2 4
4 868
7 9
9
13 14 15
14 15
15 17
17 18
18
21
24 25
25 27
27 28
28
33 34
34 36
36 38
38 39 40
39 40
40
44 45
45
48 49 50
49 50
50
53
58 59
59
64
68 69 70
69 70 71
70 71 72
71 72 73
72 73
73 75
75
80
83 84
84 86
86 87 88
87 88
88 90
90 92
92 94
94 95
95 585
100
103 104
104 106
106
114 115 116
115 116 117
116 117
117
123 125
125 126
126
129
132
135 137
137
143 145
145
152 153 154
153 154
154
158 159
159
163
166 167 168
167 168
168
171 173
173
176
181 182 183
182 183 184
183 811
184
187 189
189 190
190
194 195
195
199 201
201 202
202 204
204 206
206
211
214 215 216
215 216 217
216 217
217
220
223
224
231 232
232 234
234
240 241
241 243
243 244 245
244 245
245
249 250 251
250 251
251
254 256
256 258
258
264 265 266
265 266
266 268
268 269
269
275 277
277
285
291
294 295
295 297
297 298
298
305
310
314 315 316
315 316
316 318
318 319
319
322 324
324
327
330 331
331
336 338
338
345
349
352
357
361 362
362
365 366 367
366 367 368
367 368
368 370 436
370
380
384 385
385 387
387 388
388 390
390
394 396
396
399
404 405
405 407
407 409
409 410
410 412
412 414
414
417 419
419
422 424
424 425
425 427
427
432 434
434 436
436 437
437
441 442 443
442 443 444
443 444
444
447
453 455
455 457
457 459
459 460 461
460 461
461 463
463
466 467
467 469
469 471
471 473
473
476 477
477
484
487
490 492
492 493 494
493 494 495
494 495 496
495 496 497
496 497
497
500 501
501 503
503 505
505
508 509 510
509 510 511
510 511
511 513
513 515
515 516 517
516 517
517 519
519
523 524 525
524 525
525 527
527 528
528 530
530
537 538 539
538 539
539 541
541
551
554 555
555
558 560
560 561 562
561 562 563
562 563
563
567
570 572
572 573
573
576 577
577
582
585
590
593 594 595
594 595
595 597
597 598
598 600
600
606 608
608 609 610
609 610
610
613 615
615
619
623 624 625
624 625
625
628 630
630 631
631 633
633
637
641 643
643 644
644
649
652 653
653
656 658
658
662
666 667 668
667 668 669
668 669
669 671
671 672
672
675 676
676
681
684 685
685
688 689 690
689 690 691
690 691
691 693
693 694
694 696
696 698
698 699 700
699 700
700 702
702 703 704
703 704
704 706
706 708
708 710
710 711
711
715 717
717 718 719
718 719 720
719 720
720 722
722 724
724 726
726 728
728 729
729
738 739
739
743 744
744 745
745 747
747 749
749 750
750
754 755
755 757
757 759
759
762 763
763
766 767 768
767 768 769
768 769 770
769 770 771
770 771
771 773
773
776 778
778 779
779
783
789 790
790
793 794 795
794 795 796
795 796
796 798
798 799
799
802
808 809 810
809 810 811
810 811
811
814 816
816
819
825 826
826 828
828 829
829
832 833
833
838 840
840
847 848 849
848 849
849 851
851 852 853
852 853
853 855
855 857
857 858 859
858 859 860
859 860
860
864
868
871 872
872
877
882
885
888 889
889 891
891 892
892
895
900
906
914
918 919
919
923 924
924 926
926
932
936
939 940 941
940 941
941 943
943 945
945 946 947
946 947
947
952 953 954
953 954
954 956
956 957
957
960 961 962
961 962
962
967 969
969 970
970
973
977
982
986
989 990
990
994 996
996 998
998 999
999
