#naive2.0.py
# GMT Fri Feb 14 13:34:33 2020
# 
0 1 2 998
1 2
2 4
4
6
10 11
11 13
13 14 15
14 15
15
18
21
26
33
36 38
38 39
39
42 44
44
49 51
51
54 56
56
65 67
67 69
69 71
71
74 76
76 77 78
77 78 79
78 79 80
79 80
80
83 84
84 86
86 87 88
87 88
88 90
90 92
92 93
93
97
100
103 105
105 106
106 108
108
112 113 114
113 114
114
117 118
118
121
124
129 130
130
134
137 139
139 140
140
143 145
145
149 150
150
156 158
158 160
160 162
162 163
163 165
165 166 167
166 167
167 169
169 170 171
170 171
171
177 178
178 180
180 181
181 183
183 811
186 187
187 189
189
192 194
194
197 199
199
204
207 208
208
211 213
213
217 218
218
221 223
223 225 429
224 225
225 227
227
230 231
231
234 236
236
240 242
242
246 248
248
253 254 255
254 255
255
260 261
261 263
263 265
265 266 267
266 267 268
267 268 269
268 269 270
269 270 271
270 271 272
271 272 273
272 273
273
276 277 278
277 278 279
278 279
279
282 283
283
293 294
294
297 299
299 300 301
300 301
301
305
309 310 311
310 311
311 313
313 314
314
317 318 319
318 319 320
319 320 321
320 321
321 323
323 325
325
330
333
336 338
338
343 344 345
344 345
345 347
347 348 349
348 349 350
349 350 351
350 351 352
351 352
352 354
354 355 356
355 356 357
356 357 358
357 358 359
358 359 360
359 360 361
360 361
361
365 367
367 368
368 370 436
370 371 372
371 372 373
372 373 374
373 374
374 376
376 377
377
380 382
382 383 384
383 384 385
384 385
385 387
387
392
395 396
396 398
398 399
399
402 403 404
403 404
404
409 410
410
415 416
416 418
418 419
419
427 429
429 431
431 433
433 434 435
434 435 436
435 436
436
442 444
444 445
445
448 450
450 451 452
451 452
452 454
454
457 458
458
463 464
464
467
471
478 479
479
484 485
485
490 491 492
491 492 493
492 493
493 495
495
498 500
500
507 508 509
508 509
509 511
511
514 515 516
515 516 517
516 517 518
517 518 519
518 519
519
522
525 526 527
526 527
527 529
529 530
530 532
532
537
540 542
542
546 547
547
550 552
552 554
554
557 558
558 560
560 561 562
561 562 563
562 563
563
566
570
574 575 576
575 576 577
576 577
577
583
588
591
594 595
595 597
597 599
599 601
601 603
603 604 605
604 605 606
605 606
606
609 611
611 612 613
612 613 614
613 614
614
617 618
618 620
620
625 626
626 628
628
633 635
635 636 637
636 637
637 639
639 640 641
640 641 642
641 642
642 644
644 645
645
648 649 650
649 650
650 652
652 653 654
653 654
654 656
656 683
659 660 661
660 661
661
664
668 669
669
672
679 681
681 683
683
686 687
687
690 691 692
691 692 693
692 693 694
693 694
694 696
696 697 698
697 698
698 700
700 701
701
704
713 714 715
714 715
715
720
723
727
733
736 738
738
744 745
745
750 751
751
754 755 756
755 756 757
756 757
757
764 765
765 767
767
770 771 772
771 772
772 774
774 776
776
779 780 781
780 781
781 783
783
788 789 790
789 790 791
790 791
791 793
793 794
794
797 798
798
801 802
802 804
804 806
806
810 811 812
811 812
812 814
814
817 819
819
825 826
826 828
828 829
829 831
831 832
832 834
834 835 836
835 836 918
836 837
837
841
844
848 849 850
849 850
850
853 854
854
857 858 859
858 859 860
859 860
860
864 865
865 867
867 937
871 872 873
872 873
873 875
875
878 879
879
883 885
885 886 887
886 887
887
889 891
891
896
900 901 902
901 902 903
902 903
903
906 907 908
907 908
908
911
915 917
917 918
918
921 923
923 924 925
924 925 926
925 926 927
926 927 928
927 928
928 930
930 931 932
931 932 933
932 933
933
936 937 938
937 938
938 940
940 942
942 943
943
946
949 950
950
954
957
962 964
964 966
966 967 968
967 968
968
971 973
973
976 978
978
982
986 988
988 990
990 991 992
991 992 993
992 993
993
998
