#naive2.0.py
# GMT Fri Feb 14 13:34:34 2020
# 
2 3
3 5
5 6 7
6 7
7
10 12
12 14
14 16
16
19 20 21
20 21 22
21 22
22
25 27
27 29
29 31
31 32
32
35 36
36 38
38 40
40 42
42
48 49 50
49 50 51
50 51 52
51 52 53
52 53 54
53 54 55
54 55
55 57
57 58
58
62 63
63 65
65 66
66
71 73
73 75
75 76 77
76 77
77
82 83 84
83 84
84 86
86
89 91
91 92
92
98 99 100
99 100
100 102
102
105 107
107 108 109 529
108 109 110
109 110 111
110 111 112
111 112
112
116 118
118 119 120
119 120
120
124 126
126 128
128
131 133
133 135
135 136
136 138
138
147
150 151 152
151 152
152
157 159
159 160 161
160 161
161
165 167
167 168 169
168 169 170
169 170 171
170 171
171
175 176 177
176 177
177
187 189
189
193 195
195
198 199 200
199 200
200 202
202 204
204 205
205
214 215 216
215 216 217
216 217
217
221 223
222 223
223 429
227 228 229
228 229 230
229 230
230
235 237
236 237 238
237 238
238
242
249 250
250 252
252
261 262 263
262 263
263
267
270
276 278
278 280
280 281
281 283
283 284 285
284 285 286
285 286 287
286 287 288
287 288 289
288 289
289
294 295
295 297
297 298
298 300
300 301
301 303
303 304 305
304 305
305 307
307 308
308 310
310 312
312 313
313 315
315 317
317 318 319
318 319 320
319 320 321
320 321 322
321 322
322
326 328
328
331 332 333
332 333
333
336 337
337 339
339 340
340 342
342
346 348
348
355 356 357
356 357
357 359
359 360
360 362
362 363
363 365
365 366 367
366 367
367
372 373
373
376
379
386
389 390 391
390 391 392
391 392
392
395 396
396 398
398 400
400
404
407 408
408 410
410
415 416 417
416 417
417 419
419 420
420
427 429
429
435 437
437
441 442
442 444
444 445
445 447
447 449
449 451
451
458 459
459 461
461 463
463 464 465
464 465
465
469 471
471 472 473
472 473 474
473 474 475
474 475
475 477
477
480 481 482
481 482
482 484
484 486
486
491 492 493
492 493 494
493 494 495
494 495
495 497
497 499
499 500 501
500 501
501
507
513 515
515 516
516
519 521
521
522
529 530
530 531
531
537 538
538
541 543
543 544 545
544 545
545 547
547
550
555
558
563 565
565 566
566
570 571 572
571 572 573
572 573
573
577 578
578
583 585
585 586
586
589 590
590
594 596
596 597 598
597 598
598
601 602
602
606 607 608
607 608 609
608 609 610
609 610
610 612
612 613 614
613 614
614 616
616 618
618 619
619 621
621
627 628
628 630
630
634
638 640
640
644 645
645 647
647 648
648 650
650 651 652
651 652
652
656
660
663 664 665
664 665
665
668
672
675 676
676 678
678 679 680
679 680
680
684 685
685
688 689 690
689 690
690
695
703 704
704
710
714 715 716
715 716 717
716 717
717
722 724
724 726
726
730 731
731
736
741 743
743 744
744 746
746 748
748 749
749
752 754
754 755
755 757
757 758 759
758 759
759
762
765 767
767 769
769 770
770
773 774
774
777 778
778 780
780
783
786 787 788
787 788
788
792 794
794 796
796
801
805 806
806 808
808 809
809 811
811 812 813
812 813
813
816 818
818 820
820 822
822 823
823
826
832 834
834
838 840
840
845 846
846
849
853
856 858
858
861 862 863
862 863
863
868
873 874
874 876
876 878
878
882 884
884 885
885
888 889 890
889 890
890
893 895
895 897
897 898 899
898 899
899
903
908 909
909
912
915
918 919
919
923 924
924 926
926 928
928 929 930
929 930 931
930 931
931 933
933
940 941
941
946 948
948 949 950
949 950
950
954 955
955 957
957 959
959 961
961
964
967 969
969
974 975
975
978 979
979
983 985
985 987
987 988 989
988 989
989 991
991
995
998
