#naive2.0.py
# GMT Fri Feb 14 13:34:31 2020
# 
1 999
5
10 11 12
11 12
12 14
14 15
15 17
17 18
18 20
20 21
21 23
23 24 25
24 25 26
25 26 27
26 27
27 29
29 31
31
36 37
37 39
39 41
41 42 43
42 43 44
43 44 45
44 45
45
49
52
57
60 61 62
61 62
62 64
64 66
66 67
67 69
69
74 76
76
80 81
81 83
83
87 89
89 90
90
93 94 95
94 95 96
95 96
96
100
105
108 110
110 112
112 113 114
113 114
114 116
116 117 118
117 118
118 120
120
123 887
130
133 135
135 136 137
136 137
137
142
145 147
147 149
149 150
150 152
152 153 154
153 154
154 156
156 158
158
161 162 163
162 163 164
163 164 165
164 165
165 167
167
170 172
172 173 174
173 174
174 176
176
179 180
180
184 186
186 187
187
190 192
192
197 199
199 200 201
200 201 202
201 202
202
206 208
208 209
209
212
217 218 219
218 219
219
223 225 429
224 225 226
225 226
226
232 233
233
236 237
237
240 242
242 243
243 245
245 246 247
246 247 248
247 248
248
252 253
253 255
255 257
257 258
258
261 262 263
262 263
263 265
265 267
267
270 271 272
271 272
272
275 276 277
276 277 278
277 278
278
282 283
283
286 288
288
292
296 298
298 300
300
304 305 306
305 306 307
306 307
307
312 313
313 315
315 316
316
320 322
322 324
324 326
326 327 328
327 328 329
328 329
329 331
331
334
337
340
343
347 349
349 350 351
350 351
351
355 356 357
356 357
357
361
364 365
365
369 370 371
370 371
371
375 376
376
379
382 384
384
389 390
390 392
392 393 394
393 394 395
394 395 396
395 396 397
396 397 398
397 398
398
401 402
402 404
404
407
412 413
413
416 417 418
417 418
418
423 425
425 426 427
426 427 428
427 428 429
428 429 430
429 430
430 432
432
435 437
437 439
439 440
440 442
442 444
444 445
445 447
447 449
449
452 454
454 456
456 457 458
457 458 459
458 459
459 461
461 463
463
468 470
470 472
472 473 474
473 474
474 476
476 478
478
481
485
488 490
490
495 496 497
496 497 498
497 498 499
498 499 500
499 500 501
500 501
501
505 506
506 508
508 509 510
509 510 511
510 511 512
511 512 513
512 513 514
513 514
514
517 518
518 520
520 521
521 552
524 525
525 527
527 529
529
531 532
532
535 536 537
536 537 538
537 538 539
538 539
539
542
547 548 549
548 549
549
552
556
559 560 561
560 561
561
564 565 566
565 566 567
566 567
567 569
569
574
579 581
580 581 582
581 582 583
582 583 584
583 584
584 586
586 587 588
587 588
588 590
590 592
592 594
594 596
596
600
603 605
605 607
607
610 612
612 614
614 615 616
615 616
616
621
623 624
624
627
630 631 632
631 632
632 634
634 635 636
635 636
636
638 639
639
642 643
643
647
650 652
652 653 654
653 654 655
654 655
655 657
657 659
659 660
660
664 665 666
665 666 667
666 667 668
667 668 669
668 669
669 671
671 672 673
672 673 674
673 674 675
674 675
675 677
677 679
679 680
680 682
682 683
683
685 686
686
690
693
699 700
700
703 704 705
704 705
705
709 711
711
714
717 718
718 720
720
723 724 725
724 725
725
729 730 731
730 731
731
735
738 740
740
743 744
744
747 748 749
748 749 750
749 750
750 752
752 753
753 755
755 757
757 758 759
758 759
759 761
761 763
763 765
765 766
766
770 771
771 773
773 774
774
777 779
779
785
789
792 793
793
799
803 804
804 806
806 808
808 809 810
809 810 811
810 811 812
811 812
812 814
814 816
816 818
818
821 823
823
827 829
829 831
831 833
833 834
834
837
841 842
842
847
854 856
856
862 863 864
863 864 865
864 865
865 867
867 868 869
868 869 870
869 870 871
870 871
871
874 876
876 877 878
877 878 879
878 879
879
882
886 887 888
887 888
888
892
897 898
898 900
900
903 904
904
908 910
910 912
912 913
913 915
915
918
924 926
926
932 933
933 935
935
939 940 941
940 941
941
945 946
946 948
948 949 950
949 950
950
954 955
955 957
957 958 959
958 959
959
964
969 970
970
975
980 982
982 983
983
989 991
991
995
998 999
999
