#naive2.0.py
# GMT Fri Feb 14 13:34:34 2020
# 
0 1 999 998
1 999
4 5 868
5 6
6
9 10 11
10 11 12
11 12 13
12 13 14
13 14 15
14 15
15 17
17
20
29 30
30 32
32
35 36 37
36 37 38
37 38
38 40
40 41 42
41 42 43
42 43 44
43 44 45
44 45 46
45 46
46
51 53
53 54
54 56
56
61
64
68
71 73
73 74
74
77 78 79
78 79
79
83 85
85 87
87
90
94 96
96
102
107 529
111 113
113
118 120
120 121 122
121 122
122
125 126 127
126 127
127
132 133
133 135
135
142 144
144 145
145 147
147 149
149 150 151
150 151
151 153
153 154
154 156
156 157
157
161 162
162 164
164 166
166
170 171
171 173
173
176
182 184
184
190 191 192
191 192 193
192 193 194
193 194
194
197 198 199
198 199 200
199 200 201
200 201
201
204 205
205
208
213
217 218 219
218 219 220
219 220
220
224 225 226
225 226
226 228
228 229
229
232 233
233 235
235
236
240
246
249 251
251 252 253
252 253
253 255
255 256 257
256 257 258
257 258
258
261
267 268 269
268 269
269
272 274
274
282 284
284 285
285
288
293
296
300
307
310 311
311 313
313
318 320
320
323 325
325 326 327
326 327 328
327 328 329
328 329
329 331
331 332
332 334
334 335
335 337
337 338
338 340
340
343 344 345
344 345 346
345 346
346 348
348 349 350
349 350
350 352
352 354
354 356
356 358
358
361
367 368 369
368 369 436
369
372
378 380
380 382
382 383
383
386 388
388
395 396
396 398
398 400
400 402
402
405 406
406 408
408 410
410
413
418
423 424
424 426
426 427 428
427 428
428
431 432 433
432 433 434
433 434
434 436
436 437
437
441 442 443
442 443 444
443 444
444 446
446 447 448
447 448 449
448 449 450
449 450 451
450 451
451
454
463
468 469 470
469 470 471
470 471 472
471 472
472
475 477
477 479
479
485
490
493 494 495
494 495 496
495 496
496
500 501 502
501 502 503
502 503
503 505
505 507
507 509
509 511
511 513
513
517 518
518
521
525 527
527 529
529
532 533
533
536 537
537 539
539 540 541
540 541 542
541 542 543
542 543
543 545
545
548 550
550
553 554
554
558 560
560 561
561 563
563 565
565 567
567
571 572 573
572 573
573
576 577 578
577 578
578 580
580
583
587 588
588 590
590 591
591 593
593 594 595
594 595 596
595 596
596
600 602
602
605 606
606 608
608
614
619 620 621
620 621 622
621 622
622 624
624 625
625
628
632
635 637
637 638 639
638 639
639 641
641 642 643
642 643 644
643 644
644 646
646 648
648 649
649 651
651
655 657
657 658 659
658 659
659 661
661 662 663
662 663
663 665
665 666
666
670
673 674
674 676
676 677
677
680 681
681
684 686
686 687
687 689
689 690 691
690 691
691
695
698
702
706
711
714 716
716 717
717
720 721
721
724 725 726
725 726 727
726 727 728
727 728 729
728 729 730
729 730 731
730 731 732
731 732 733
732 733 734
733 734
734 736
736 737
737 739
739
744 745
745
750 751 752
751 752 753
752 753 754
753 754
754
757
760 762
762
766
769
772 773 774
773 774 775
774 775
775
781 782
782
785 786 787
786 787 788
787 788
788
791 792
792
797 799
799 801
801
804 805
805
808
812
817 819
819 820
820 822
822 824
824 825
825
829 831
831 832
832 834
834
837 838 839
838 839
839 841
841 843
843 844 845
844 845
845 847
847
852
860 861
861 863
863 864
864
867 868
868 870
870 871
871 873
873
876
880 881 882
881 882
882
887
892 893 894
893 894 895
894 895 896
895 896 897
896 897
897 899
899 900
900
905 906
906
909
914 916
916 918
918 919 920
919 920
920
923 924
924
928 929 930
929 930 931
930 931 932
931 932
932 934
934 936
936 938
938 940
940 941 942
941 942 943
942 943
943
948
951 953
953
956 958
958 959
959 961
961 962
962 964
964 966
966 968
968
972 974
974 975
975 977
977 978 979
978 979
979 981
981 983
983
988
991 992
992 994
994 995 996
995 996
996 998
998 999
999
