#naive2.0.py
# GMT Fri Feb 14 13:34:32 2020
# 
0
5
8 10
10
13
25 26 27
26 27 28
27 28 29
28 29 30
29 30 31
30 31 32
31 32 33
32 33
33
36 37 38
37 38
38
41 42
42 44
44 45
45
48 49
49
53 55
55 57
57 59
59
63
66 67
67
71 73
73 74
74
77 78
78
81 83
83 84
84
88 89
89
93
98
104 106
106
110 112
112 113 114
113 114
114 116
116
119 120 121
120 121 122
121 122
122
125 126
126
129 131
131 132
132
138 140
140 141 142
141 142
142
147
151 152 153
152 153 154
153 154
154 156
156
162 164
164 165
165 167
167 169
169 170
170 172
172 173
173 175
175 177
177
180 181
181
184 185
185 187
187 189
189 190
190 192
192 193 194
193 194
194 196
196 197
197
201 202 203
202 203
203 205
205
208 209 210
209 210
210
214 215 216
215 216 217
216 217 218
217 218 219
218 219 220
219 220
220
223 225
224 225
225 227
227 229
229 230
230
236 237
237 239
239 241
241 242 243
242 243
243 245
245 246
246 248
248 249 250
249 250 251
250 251 252
251 252
252
257 259
259 260 261
260 261 262
261 262
262
265 267
267
273
277 278 279
278 279 280
279 280 281
280 281 282
281 282
282
286 287
287 289
289
296 298
298 299
299
308
313 314
314
317 318
318 320
320 321 322
321 322
322
330 331
331 333
333
336
339 340 341
340 341
341 343
343 344 345
344 345
345 347
347 349
349 351
351 352
352
356 357
357
364 365 366
365 366 367
366 367 368
367 368 369
368 369 436
369 371
371 372
372 374
374
378 379 380
379 380 381
380 381 382
381 382 383
382 383 384
383 384
384 386
386 387
387
390 391
391
394 396
396
399 400
400
406 408
408 410
410 411 412
411 412
412 414
414 416
416 417 418
417 418
418 420
420 422
422 423 424
423 424
424
427 428
428
431 433
433 435
435 436 437
436 437
437 438 439
438 439 440
439 440 441
440 441
441
444
447
451 452
452 454
454
457 458 459
458 459 460
459 460 461
460 461
461
469
474 475 476
475 476
476 478
478
487 488
488 490
490 491
491 493
493
498 499
499 501
501 502
502
505
510
513
516
519 521
521 552
524
527 528 529
528 529
529
533
537
541 542 543
542 543
543
546 548
548
551 552 553
552 553
553 555
555 557
557
560
563 564
564 566
566 567
567 569
569 571
571 572
572
576
581
585
593 594
594 596
596 598
598 600
600
603 605
605 607
607
610 611 612
611 612 613
612 613 614
613 614
614 616
616 618
618 619 620
619 620 621
620 621
621
624
630 631
631
641 643
643 645
645
648
652 653
653
656 657
657 659
659
662 663 664
663 664
664 666
666
669 670 671
670 671 672
671 672
672 674
674
678 679
679
682
685 686
686
689 690
690 692
692 693 694
693 694 695
694 695
695 697
697
700 701 702
701 702
702 704
704 705
705
708 709 710
709 710
710 712
712 713 714
713 714
714
717 718
718
725 727
727 728 729
728 729
729 731
731 732
732 734
734 736
736
739
743 951
750
754 756
756 758
758
762 763 764
763 764 765
764 765 766
765 766
766 768
768 769 770
769 770
770 772
772 773
773 775
775 776 777
776 777
777 779
779 780 781
780 781 782
781 782 783
782 783 784
783 784 785
784 785 786
785 786 787
786 787
787 789
789 790 791
790 791
791 793
793 795
795 796
796
799 800
800
805 806 807
806 807 808
807 808 809
808 809
809
813 814 815
814 815 816
815 816
816 818
818
821 822
822
825 826
826 828
828 829 830
829 830
830
839 841
841
844 846
846 847 848
847 848
848
854
857
860
863 864
864
867 868 937
868
871 873
873 874 875
874 875
875
879 880
880
883 885
885
888
891 892
892
896
902
905
915 916 917
916 917 918
917 918 919
918 919 920
919 920
920
923 924 925
924 925 926
925 926
926 928
928
932 934
934 935
935 937
937
939 941
941
944 945
945 947
947
951
955
961
964 966
966 968
968 969
969 971
971 972 973
972 973 974
973 974 975
974 975 976
975 976
976 978
978
983 985
985
988 989 990
989 990
990
994 995 996
995 996 997
996 997
997
