#naive2.0.py
# GMT Fri Feb 14 13:34:33 2020
# 
1 2
2 4
4 868
9
12
15 16
16 18
18
22 23 24
23 24 25
24 25 26
25 26 27
26 27 28
27 28 29
28 29 30
29 30
30 32
32
38 40
40 41
41 43
43 44
44
47 48 49
48 49 50
49 50
50
53 54 55
54 55 56
55 56
56 58
58 60
60 61
61
64 65
65
70
78 79 80
79 80
80
83 84 85
84 85
85 87
87 88
88 90
90 91 92
91 92
92
97 98
98 100
100
104 106
106 108
108
112 114
114
117 119
119
123 125 707
125 126
126 128
128 129
129
132 134
134 135 136
135 136
136
141 142 143
142 143
143
146 147
147
152 153
153
156 158
158 160
160
165 166 167
166 167
167
171
176
179 180 181
180 181 182
181 182
182 184
184
188 189
189
193 194 195
194 195
195 197
197
200
207 208
208
216
220
223 225 429
225
231 232 233
232 233
233
236 237 238
237 238
238 240
240 241
241
245 246 247
246 247
247 249
249 250
250
253
256 258
258
261 263
263 265
265 266
266 268
268 269 270
269 270 271
270 271 272
271 272
272
275
280 282
282
285 286 287
286 287 288
287 288 289
288 289
289 291
291 292
292 294
294
299
302
305 306
306
311 312 313
312 313 314
313 314 315
314 315 316
315 316
316 318
318 319 320
319 320 321
320 321
321 323
323
328
332 333
333
337
340 341
341 343
343 344 345
344 345
345 347
347
356
361 362
362
369 370
370 372
372
383 384 385
384 385 386
385 386
386
390 391
391
394
398 399 400
399 400 401
400 401 402
401 402 403
402 403
403 405
405 406
406
410 411 412
411 412
412
417 418
418
423 425
425 426
426
429 431
431 433
433 434 435
434 435
435
441 443
443 445
445
448 450
450 451
451 453
453 455
455 457
457 458
458 460
460 462
462
468 470
470 471
471
475
478
483 485
485 486
486 488
488 490
490
493
497
500
503 504
504
507 508 509
508 509 510
509 510 511
510 511
511
514 515
515
521 552
522
531 533
533 534 535
534 535
535
540
543 544
544
547 549
549 551
551 552 553
552 553
553 555
555
560
563 564 565
564 565 566
565 566 567
566 567 568
567 568 569
568 569
569
572
575
581
585
590 591 592
591 592
592 594
594 596
596 597
597
600
603 604
604 606
606
610 611 612
611 612
612
615 616 617
616 617 618
617 618 619
618 619 620
619 620
620
627 628
628
631 632
632
640
648 649 650
649 650
650
653 654
654
657 659
659
664 666
666
669 670 671
670 671 672
671 672 673
672 673 674
673 674
674
677 679
679 681
681 682
682
686 688
688
693
697 698
698
702
705 706 707
706 707
707
711
715 716
716
720 722
722 723
723 725
725
732 733
733
737
740 742
742 743
743
750 751 752
751 752 753
752 753
753 755
755
763 764
764 766
766 767
767
770
775 777
777
780 782
782 784
784 785
785 787
787
792 793
793
796 797
797 799
799 801
801 802 803
802 803
803 805
805 806
806
809 811
811 812 813
812 813 814
813 814 815
814 815
815 817
817 818 819
818 819
819
823 824
824
828 830
830 832
832
836 837
837
840
845 846 847
846 847 848
847 848
848 850
850 851
851
854 856
856 858
858 859 860
859 860
860 862
862 863
863 865
865
868 869
869
872 874
874 876
876
879
882
888 889 890
889 890
890 892
892 894
894
904
910 911 912
911 912 913
912 913
913
917
920 921
921
924 925
925 927
927 929
929
933
936
940 942
942 943
943 945
945 946
946
950 952
952
956 957 958
957 958
958
961 962 963
962 963
963
967 968
968
971 972
972
975 976 977
976 977
977
980 981 982
981 982 983
982 983 984
983 984
984
990 992
992
996 997 998
997 998
998
