#naive2.0.py
# GMT Fri Feb 14 13:34:33 2020
# 
1 2
2 4
4 868
6 7
7 9
9 10
10
14 15
15 17
17 19
19 20 21
20 21 22
21 22
22
26 27
27
33 34 35
34 35
35 37
37 38
38 40
40 42
42
47 49
49
52 53
53 55
55 57
57
62 63
63
67 68
68
72 74
74 75
75
78 79
79
82 83 84
83 84 85
84 85
85
88 89
89 91
91 93
93 95
95
100 102
102
105 107
107 108 529
108
116 117
117 119
119 120
120 122
122 123
123 707 887
127
133 134 135
134 135
135
139 140 141
140 141
141 143
143 144
144
148 149
149 151
151 153
153 155
155
158 159
159 161
161
164
169
173 175
175 177
177 179
179 180 181
180 181
181 183
183 811
186
189 190
190 192
192 194
194
197 198 199
198 199
199 201
201 203
203 204 205
204 205
205
210 212
212 213
213 215
215
218 219
219
223 429
227
230
233 234 235
234 235
235 237
237 238 239
238 239
239 241
241 243
243
248 250
250 252
252
259 260
260
264 266
266 267 268
267 268
268 270
270 271
271 273
273 274
274
277 278 279
278 279
279 281
281 282
282
285
296
299 300
300
304 305
305
310 311 312
311 312
312
315 316
316
321
324
327 329
329 331
331 332 333
332 333 334
333 334
334 336
336 337 338
337 338 339
338 339 340
339 340 341
340 341
341 343
343 344
344 346
346 347 348
347 348 349
348 349
349
353 355
355 357
357 358 359
358 359 360
359 360
360 362
362 363 364
363 364
364 366
366 367 368
367 368
368 370
370 371
371
376 377 378
377 378 379
378 379 380
379 380
380 382
382 383
383
390 391 392
391 392
392
397 398
398
401 403
403 404 405
404 405
405
408 410
410
413 415
415 417
417 419
419
423 424
424 426
426 427
427 429
429
432 433
433
438 440
440
444
448 449
449
452 453
453
456
460 462
462
468
471 472 473
472 473 474
473 474
474 476
476 477
477
481 482
482 484
484
488 490
490
495 497
497 498 499
498 499 500
499 500
500
503 505
505 506
506 508
508
513 514 515
514 515
515 517
517
521 523
522 523 524
523 524
524
528 529
529
532
537 538
538 540
540
543 544
544 546
546
551
554 556
556 557
557
560
564
570 571
571
576 577
577 579
579
583 584
584
590
593
596
599
603 604 605
604 605
605 607
607 608 609
608 609 610
609 610
610
617 618
618
624 625
625
629
632
637
641
644
649 650
650
655 656
656 658 683
658 659
659
662 663
663
666
672
675 676 677
676 677 678
677 678 679
678 679
679 681
681 682 683
682 683 684
683 684
684 685
685 687
687 688
688
695 696
696
699 700
700 702
702
705 706 707
706 707 708
707 708
708 710
710 711 712
711 712
712
716 717 718
717 718
718
722 724
724
727 728 729
728 729
729
733 734 735
734 735 736
735 736 737
736 737
737 739
739 741
741 742 743
742 743
743
745 747
747
753 754
754
758
761 762 763
762 763
763
771 772 773
772 773 774
773 774 775
774 775 776
775 776
776
780 782
782
785 786 787
786 787
787 789
789 790 791
790 791
791 793
793 794 795
794 795 796
795 796 797
796 797 798
797 798
798
801 803
803 805
805
808 809 810
809 810 811
810 811
811 813
813
819 820 821
820 821
821 823
823 825
825 827
827 828 829
828 829
829 831
831
835
838
845
850 852
852 853 854
853 854
854
857
860 861
861 863
863
866 868
868 870
870 871
871 873
873 874
874 876
876 877 878
877 878
878
881 882
882
887
892
895 897
897
900 901 902
901 902
902
905
908
921 922
922
926
930 931
931
939 941
941 943
943 944
944
947 948
948 950
950
953 955
955 956
956
959
964
975 977
977 979
979 980 981
980 981
981 983
983
989 990 991
990 991 992
991 992
992
997
