#naive2.0.py
# GMT Fri Feb 14 13:34:35 2020
# 
3
14 15
15
19 20
20
23 24
24 26
26 28
28 30
30 31 32
31 32 33
32 33
33 35
35 36
36 38
38
41 43
43
46 48
48 50
50
53
58 59 60
59 60
60
65 66 67
66 67
67 69
69 70 71
70 71 72
71 72 73
72 73
73 75
75 76
76 78
78 80
80 82
82 84
84 85 86
85 86 87
86 87 88
87 88 89
88 89 90
89 90 91
90 91 92
91 92
92
95 96
96 97 98
97 98 99
98 99
99
104
107 108 109
108 109
109 111
111
114 115 116
115 116 117
116 117
117
120 121 122
121 122 123
122 123
123 887
128 129
129
132 134
134 135
135
138 139 140
139 140 141
140 141 142
141 142
142 144
144
149 150
150
157 158
158 160
160 161 162
161 162
162
166
170 171
171 173
173
180 181 182
181 182 183
182 183 184
183 185
184 185
185 187
187 189
189
196 198
198 199 200
199 200
200
206 207
207 209
209 211
211 213
213 214 215
214 215
215 217
217 218 219
218 219 220
219 220
220
223 225 429
225
230
233
237 239
239
242 243 244
243 244
244 246
246 248
248
251 252 253
252 253
253 255
255 257
257
260
266 267
267
274 276
276
279
282 284
284 286
286 288
288 289 290
289 290
290 292
292 293
293 295
295 296
296 298
298 300
300 301 302
301 302
302 304
304
307 309
309 310
310 312
312 314
314 315 316
315 316
316
324 325
325
332 333 334
333 334
334 336
336 337
337 339
339
343 344
344
347 348
348 350
350 351
351 353
353 354 355
354 355 356
355 356
356
359 360 361
360 361
361 363
363 365
365 366
366 368
368 369 436
369 371
371 373
373 374
374 376
376
384 385
385 387
387 388
388
391 392
392
397
402
408 410
410 411
411
416 417
417
420
423
428 429 430
429 430
430
434 435 436
435 436 437
436 437
437 439
439
444 446
446
449
456 458
458 459 460
459 460 461
460 461
461
464
470 471
471
475 477
477 478 479
478 479 480
479 480
480 482
482 483 484
483 484 485
484 485 486
485 486 487
486 487
487 489
489 490
490
493 495
495 496
496
500 501 502
501 502
502 504
504 506
506
509 510
510 512
512 514
514 516
516 518
518 519 520
519 520
520 522
522
525 526 527
526 527 528
527 528
528
531 532
532
535
539 541
541
545 547
547 549
549 550
550
556 557 558
557 558 559
558 559
559
562 564
564
570
580
587 588 589
588 589
589 591
591 593
593 594
594
597 599
599 600 601
600 601
601
608
612 613
613
616
619 620
620 622
622
625
628 629 630
629 630 631
630 631
631 633
633 634
634
639 641
641 642
642
648 650
650
654 655 656
655 656
656 658
658 659
659
663 664 665
664 665
665
668 670
670 671
671 673
673
676 677
677
681
684 685
685 687
687 689
689
695 696 697
696 697
697
700
704 705 706
705 706
706 708
708
711 712 713
712 713
713 715
715 717
717 718 719
718 719
719
722 724
724 725
725 727
727 728 729
728 729
729
734 735
735
738 740
740 741
741
746 747
747
752 753 754
753 754
754
764 766
766
773 774 775
774 775 776
775 776 777
776 777
777 779
779 781
781 782 783
782 783 784
783 784
784
788 790
790
796 797 798
797 798 799
798 799 800
799 800
800
804 805
805
809
813 814
814
819 820 821
820 821
821
826
833 835
835 836
836 838
838 839 840
839 840 841
840 841 842
841 842
842
845
848
855
859
862
865
871 872 873
872 873
873 875
875 877
877 878 879
878 879 880
879 880
880 882
882 883 884
883 884 885
884 885
885 887
887 888
888 890
890 892
892 894
894 895
895
898
901
906 907 908
907 908
908
912 913
913 915
915 917
917 919
919 921
921 923
923 925
925 926 927
926 927
927
930
933 934 935
934 935
935
939
942 943
943
946 947 948
947 948 949
948 949
949 951
951
955 956 957
956 957 958
957 958
958
963 965
965 966
966
971
977
981 983
983 984
984 986
986
990 992
992 993
993
998 999
999
