#naive2.0.py
# GMT Fri Feb 14 13:34:36 2020
# 
0 999
3
10 11
11
15
18 20
20 21 22
21 22
22
25
29 30 31
30 31 32
31 32
32
36
39 40 41
40 41
41 43
43 44 45
44 45
45
48
54 55
55
59
69 70
70
80 81
81 83
83 84
84 86
86 87 88
87 88 89
88 89 90
89 90 91
90 91 92
91 92
92
95 96 585
96 98
98 100
100
104 105 106
105 106 107
106 107
107 529
111
114 116
116 117
117
128 129 130
129 130
130
133 134
134 136
136
139 140 141
140 141
141
146 147
147
152
156 157 158
157 158
158 160
160 162
162 163 164
163 164 165
164 165 166
165 166 167
166 167
167 169
169 170
170 172
172 173
173
177 179
179 180
180 182
182
185 186 187
186 187
187
194 196
196
200 202
202 203 204
203 204
204
207 208 209
208 209 210
209 210 211
210 211
211 213
213
216 218
218 219
219 221
221 223 735
222 223
223
226 228
228 229
229
234 236
236 237 238
237 238
238 240
240
246
250 251
251
254 255
255
258 259
259
265
268 269
269
273
277 278 279
278 279 280
279 280 281
280 281 282
281 282
282 284
284
287
292 294
294 295 296
295 296
296
300 301
301
304
307 308
308
313 315
315
318 319
319 321
321 322
322
325 326 327
326 327
327 329
329 330 331
330 331 332
331 332 333
332 333
333 335
335 337
337 339
339 340 341
340 341 342
341 342
342
346 347 348
347 348
348
351 352
352
356 357 358
357 358
358 360
360 361
361
365 366 367
366 367 368
367 368 369
368 369
369 371
371
374 376
376
381 382 383
382 383 384
383 384
384
389 391
391 393
393 395
395 397
397 398 399
398 399
399
402
405 406
406
410 411
411
415 416
416 418
418 420
420 422
422
425
428
431 432
432 434
434
438
441 442 443
442 443 444
443 444 445
444 445
445
449 450 451
450 451
451 453
453 455
455
458 460
460
465 466 467
466 467 468
467 468 469
468 469
469
472 473
473
478 479
479
483
486
489 490 491
490 491 492
491 492
492
496 497
497
502
506 507 508
507 508
508 510
510 512
512 513
513 515
515
519
522
527 529
529 530
530 531 532
531 532
532
535 537
537
540 541 542
541 542 543
542 543 544
543 544 545
544 545
545 547
547 548
548
553 554 555
554 555
555
560 561
561
565
570 571
571
576 577 578
577 578 579
578 579
579 581
581 582
582
585
588
596 598
598 600
600 602
602 603
603
608 610
610 612
612 614
614 616
616 617
617 619
619
624 626
626
629 630 631
630 631
631
635
639
642 644
644 645
645
651 652 653
652 653 654
653 654 655
654 655 656
655 656
656
660 661 662
661 662
662 664
664 665
665 667
667
676
679 680 681
680 681
681
690 691
691
694 695
695 697
697 698 699
698 699 700
699 700
700 702
702
705
709
712 714
714
717
721 722
722
727 728 729
728 729
729
733 734 735
734 735
735 737
737 739
739
745 747
747 748 749
748 749 750
749 750 751
750 751 752
751 752
752
755 756
756 758
758 759
759
763 764 765
764 765
765
768
773 774
774 776
776
780 781
781
784 785 786
785 786
786
791 793
793 794 795
794 795 796
795 796
796
802 803 804
803 804 805
804 805 806
805 806 807
806 807 808
807 808 809
808 809
809
812
824 826
826 828
828 829
829
832
835 918
837 838
838
846 847
847
851 852 853
852 853 854
853 854 855
854 855 856
855 856
856 858
858 859
859 861
861
865 867
867
870 872
872
877 878 879
878 879
879
884
888 889
889
895 896 897
896 897
897 899
899
907
911 912
912 914
914 916
916 918
918 920
920 921 922
921 922 923
922 923 924
923 924 925
924 925
925
928 930
930 931 932
931 932 933
932 933 934
933 934
934 936
936 938
938 939 940
939 940 941
940 941
941
946
949 950 951
950 951 952
951 952 953
952 953 954
953 954
954 956
956 958
958
962 964
964 966
966
974
978
981
984 986
986 987
987
990
995
999
