#naive2.0.py
# GMT Fri Feb 14 13:34:33 2020
# 
2
6 7
7
10 11
11 13
13 15
15 16 17
16 17 18
17 18
18
21
26
29
33
37 39
39
42
45
49 50 51
50 51 52
51 52 53
52 53
53
58 59 60
59 60 61
60 61
61
68 69 70
69 70 71
70 71
71
77
82 636
86 88
88 89
89
92 94
94
97 98 99
98 99
99
102 104
104 105 106
105 106
106
109 110
110
114 115 116
115 116
116 118
118 120
120 121
121
124 125
125
130 131
131 133
133 134
134
137 138
138 140
140 142
142 144
144 146
146 147
147
150 151 152
151 152
152 154
154
159 160 161
160 161 162
161 162
162
165 166
166 168
168 169
169
172 173 174
173 174 175
174 175 176
175 176
176
179 180
180
183 185
185
189 190 191
190 191 192
191 192 193
192 193
193 195
195 196
196
199
203 204 205
204 205
205
209 211
211 212
212 214
214 216
216 217
217
221 735
226 228
228 229
229 231
231 232
232
235 237
236 237
237
243
247 249
249 251
251
254 255
255
260
263
267 268
268
272 273 274
273 274 275
274 275
275
278 279 280
279 280
280
285 286
286
289 290
290
293 295
295 297
297 299
299 300
300 302
302
307 308
308 310
310 311 312
311 312 313
312 313
313 315
315
319
322 323
323
326 327
327 329
329 330
330
337
342 343
343
346
349 350
350 352
352 353
353
356
362
367 368 369
368 369 436
369
375
380
384
388 389 390
389 390
390 392
392 393 394
393 394
394 396
396 397 398
397 398
398
402 404
404
408 409 410
409 410
410 412
412 414
414
419 421
421 422
422 424
424
430
433 435
435 436
436
441
444
447 449
449 450 451
450 451
451 453
453 455
455 457
457 458
458
461 463
463 464
464 466
466
472 473
473
477 478 479
478 479
479 481
481
485
488 490
490 491
491
494 495
495
498 499
499 501
501 502
502 504
504 506
506 507 508
507 508
508 510
510 512
512 513 514
513 514
514 516
516
520
523
528
532 533 534
533 534 535
534 535
535
539 541
541 543
543 544 545
544 545 546
545 546
546 548
548 550
550
556 558
558
563 564
564 566
566 567
567
572
575 576 577
576 577 578
577 578 579
578 579
579 581
581
584 586
586 588
588 589 590
589 590 591
590 591
591 593
593 594 595
594 595
595
600 601 602
601 602 603
602 603 604
603 604
604 606
606
610 611 612
611 612
612
617
622 623
623 625
625 626
626 628
628 629
629 631
631 632 633
632 633
633
636
639 641
641 643
643
649
652 653 654
653 654
654 656
656 657 658 683
657 658
658 660
660
663 664
664 666
666 668
668
671 672 673
672 673 674
673 674 675
674 675 676
675 676
676
680 682
682 683 684
683 684
684 686
686
695 697
697 698
698 700
700 701
701
704 705 706
705 706 707
706 707 708
707 708
708 709
709
712 714
714
717 718
718 720
720 721 722
721 722
722
725 727
727
730
735 736
736 738
738
741 743
743 744
744 745 746
745 746
746 748
748 749 750
749 750 751
750 751 752
751 752
752 754
754 756
756 758
758 759
759 761
761
765 766 767
766 767
767
770 772
772
775 776 777
776 777 778
777 778
778
786 787 788
787 788
788 790
790
793
800 801 802
801 802 803
802 803 804
803 804
804
807
814 815
815
820
823 824 825
824 825
825
828 829 830
829 830 831
830 831
831
836 837 838
837 838
838
841 842 843
842 843 844
843 844
844
847
851
856
859 860
860
865
869 870
870
874 875
875 877
877
881 883
883
888
893
896 897 898
897 898 899
898 899 900
899 900 901
900 901
901
905 906 907
906 907 908
907 908
908 910
910 911 912
911 912
912 914
914
917 918
918
921 922
922
928 929 930
929 930
930
933 935
935
938 939
939
943 945
945 947
947 948 949
948 949
949
953
956
959
962 963 964
963 964 965
964 965 966
965 966
966 968
968 970
970
974 975 976
975 976 977
976 977
977
982 983
983
986
989 990
990 992
992
995
998 999
999
