#naive2.0.py
# GMT Fri Feb 14 13:34:36 2020
# 
0 2 998
2 4
4 868
10 11 12
11 12
12
15 16
16
20 22
22
27
30
34 36
36 37
37 39
39 40 41
40 41 42
41 42 43
42 43
43
48 49
49
52
56 58
58
64 65
65 67
67
70 71 72
71 72 73
72 73
73
77 78 79
78 79
79
82 83 636
83 85
85 87
87
90
93 94
94
98 100
100 102
102
105 106 107
106 107
107 109
109
112 113
113
117 118 119
118 119 120
119 120 121
120 121 122
121 122 123
122 123
123 887
127 128
128
132
136 138
138 140
140 141
141 143
143 144
144
147 148 149
148 149 150
149 150
150
153 154 155
154 155 156
155 156
156
159 161
161 163
163 164 165
164 165 166
165 166
166 168
168 169
169 171
171 173
173
179 181
181 183
183 811
188 190
190 191
191
194
201
206
209
212 214
214 215 216
215 216 217
216 217 218
217 218 219
218 219
219
222 223 224
223 429
224
227 229
229
232
239
243 244 245
244 245 246
245 246 247
246 247 248
247 248 249
248 249
249
252 253
253 255
255
258
261
265 266
266 268 621
268
272
277 279
279 280
280 282
282 284
284
288 289
289 291
291 292
292
297 298
298
303 305
305 306
306
311
317 319
319 320 321
320 321
321
331 332 333
332 333
333 335
335 336
336 338
338 340
340 341 342
341 342
342
346 348
348 349
349
353 354
354
357 358
358
361 363
363
366
373
377 378 379
378 379
379
382
386 387 388
387 388 389
388 389 390
389 390 391
390 391
391
396 398
398
402
406 407
407
411 413
413 414
414 416
416
423 425
425
428 429 430
429 430
430 432
432 433 434
433 434 435
434 435
435 437
437 438
438
442
447
451 452
452 454
454
457 459
459 461
461 463
463
466 467 468
467 468
468 470
470 471
471 473
473 475
475 476 477
476 477 478
477 478 479
478 479 480
479 480
480
483 484 485
484 485
485
488 489
489
492
499
503
508 509
509
512
515 516
516 518
518 520
520 521 522
521 523
522 523
523 525
525 526
526 528
528 530
530
533 534 535
534 535 536
535 536
536 538
538 539 540
539 540
540 542
542 543
543
546 548
548 549
549 551
551
555 556 557
556 557 558
557 558 559
558 559 560
559 560
560
565 566
566
572
576 578
578 580
580
583
586 587 588
587 588 589
588 589
589
599 600
600 602
602 604
604 605
605 607
607 608 609
608 609
609
614 615
615
619 621
621 622
622 623 624
623 624
624 626
626
633 635
635 636 637
636 637
637
641 642
642 644
644 645 646
645 646
646
649 651
651 652
652 654
654
659 661
661
666 667
667
670
675 676 677
676 677 678
677 678
678 680
680 681
681 683
683 684
684 685 686
685 686
686
689 690 691
690 691
691 693
693 694
694 696
696 697
697
701
704
709 710
710 712
712 714
714 716
716 718
718 720
720 721 722
721 722 723
722 723 724
723 724
724
727
731 732
732
736
740 741
741
744 745
745 747
747 748
748
753 755
755 757
757 759
759 760 761
760 761
761
764
770 772
772
776
779
786 787
787
794
797 798 799
798 799 800
799 800
800
803 804
804
809 810 811
810 811
811
814
817 818 819
818 819
819
822 823 824
823 824 825
824 825 826
825 826 827
826 827
827
830
834 836
836 838
838
841
844 845
845 847
847 848
848 850
850 851
851
856 858
858 860
860 861 862
861 862
862 864
864 866
866 868
868
871
874
881 882 883
882 883
883 885
885 886 887
886 887
887
891 893
893 894 895
894 895 896
895 896
896
899
902 903
903 905
905 906 907
906 907
907 909
909 911
911 913
913 914
914
919 921
921 922
922
925 927
927
930
933 934
934 936
936 937
937
944 945 946
945 946 947
946 947
947
950 951
951
955
958 960
960 961 962
961 962 963
962 963
963
969 970
970 972
972 973
973
976 977
977
983 984
984 986
986 988
988 989
989 991
991 993
993 995
995 997
997 998
998
