#naive2.0.py
# GMT Fri Feb 14 13:34:31 2020
# 
0 999
3
7 8
8 10
10
13 14 15
14 15 16
15 16
16
19 21
21
27
31
36 38
38 39
39
42 43 44
43 44 45
44 45 46
45 46
46
50 52
52 53
53
56 57 58
57 58
58
61 63
63 65
65
72 74
74 76
76
81 82
82 636
87 89
89 90 91
90 91 92
91 92 93
92 93 94
93 94
94 96
96
100 101
101
106
110 112
112
117 118
118
122 123 124
123 124
124 126
126 127 128
127 128 129
128 129 130
129 130 131
130 131 132
131 132 133
132 133 134
133 134 135
134 135
135 137
137 138 139
138 139 140
139 140
140
143 144 145
144 145 146
145 146
146 148
148 150
150
156 157 158
157 158
158
164 165 166
165 166
166 168
168 170
170 172
172 174
174 176
176 177
177
180
184 185 186
185 186 187
186 187
187
190 191 192
191 192
192
198 199 200
199 200
200
206 207
207 209
209 210 211
210 211
211 213
213 214
214 216
216 218
218 219
219
223 225
225 226
226 228
228 230
230
233 235
235
236 238
238 240
240
243 244 245
244 245
245
249 251
251 252 253
252 253
253
256 258
258 259
259
267 268
268
273
276 277 278
277 278
278 280
280
283 285
285 287
287
293
297 298
298 300
300 301
301
304
308 309 310
309 310
310
313 315
315
320
324
327
330 331
331 333
333 334
334
337
341 343
343 344
344 346
346 347
347
350 351 352
351 352 353
352 353 354
353 354
354
357 358
358 360
360 362
362 364
364 365
365
369 371
371 372
372 374
374
377
384 385
385 387
387 388
388
392 393 394
393 394 395
394 395
395
398 400
400 402
402 403
403 405
405
408 409
409
413 414 415
414 415
415 417
417
422 423
423
428
431 432 433
432 433
433
437 438
438 440
440
443
447 449
449 450 451
450 451
451
455 456
456
460 462
462 464
464 465
465 467
467 468
468
473 474 475
474 475
475 477
477
482
485 486
486 488
488 489
489
492 493 494
493 494
494
498
502 504
504 505 506
505 506
506 508
508 510
510
516 517
517 519
519 521
521 552
525 526
526 528
528 530
530
534 535
535 537
537
540
543 545
545 546 547
546 547
547 549
549 550 551
550 551 552
551 552 553
552 553 554
553 554
554 556
556
559 561
561
564 565
565
569
572
579 972
580
584 585
585 587
587 589
589 590
590 592
592
595 597
597 599
599 601
601 602 603
602 603 604
603 604
604 606
606 607
607
611 613
613 615
615
623 624
624 626
626
630 631 632
631 632
632 634
634 636
636 637
637 638
638 640
640 641 642
641 642 643
642 643
643
652 653
653
661 663
663 664
664
667 668
668
677 678
678 680
680
683
686
689 690
690
702 704
704 705
705
708
713
716
721
725 726
726
730
733
737
741
745 747
747 748
748
754 756
756 757 758
757 758 759
758 759
759
762 763
763
766 767
767 769
769 770
770
774 776
776
779 780 781
780 781
781 783
783
788 789 790
789 790 791
790 791
791
795 797
797 798
798
808 809
809
812 814
814 815
815
818
824 825
825
829 831
831
835 918
838 839
839 841
841 843
843 844
844 846
846
849 850
850
854 855
855 857
857 858
858
863 864 865
864 865 866
865 866
866
875
878 879
879 881
881 883
883
886
889 890
890
893
897 898
898
901 902
902 904
904 906
906
910 911 912
911 912
912
915 916
916 918
918 920
920 921
921
927
930 932
932 934
934 935
935
938 939
939 941
941 942
942 944
944 945
945 947
947 948 949
948 949
949 951
951 952 953
952 953
953
959 961
961 963
963 964
964
967 968
968 970
970 972
972 974
974 975 976
975 976
976
981
987 988 989
988 989
989
992 993
993 995
995 997
997 999
999
