#naive2.0.py
# GMT Fri Feb 14 13:34:31 2020
# 
3 5
5 6
6 8
8 9
9
13 14 15
14 15 16
15 16 17
16 17
17
20 21
21
26 28
28
31 32 33
32 33
33
36 37
37
42 44
44
47 48
48
51
54 55 56
55 56
56
59 61
61 62
62
71
74
82 83 636
83 85
85 87
87 88
88
91
99
102 104
104
107 109
109 111
111
114 115 116
115 116 117
116 117 118
117 118
118
122
125 126 127
126 127
127 129
129 131
131 132 133
132 133
133
136 137 138
137 138 139
138 139
139 141
141 142
142 144
144 146
146
152 153
153 155
155 157
157
160
163
169 170
170 172
172
181
187
190 191 192
191 192
192 194
194 196
196
199 200 201
200 201
201
204
210
216 217 218
217 218 219
218 219 220
219 220
220
224 225 226
225 226 227
226 227
227 229
229 231
231
234
238 239
239 241
241 243
243 244
244
249
252
256 257 258
257 258
258
262 263 264
263 264 265
264 265 266
265 266
266 621
273 275
275
281 282
282 284
284 286
286
290 292
292 293 294
293 294
294 296
296
299 300 301
300 301 302
301 302 303
302 303
303 305
305 306
306 308
308
311 312 313
312 313 314
313 314 315
314 315
315
318 319
319 321
321
327 328 329
328 329
329 331
331
335 337
337
342 343 344
343 344 345
344 345
345
348 349 350
349 350 351
350 351 352
351 352
352 354
354
362 364
364 365
365 367
367
370 371 372
371 372 373
372 373 374
373 374
374 376
376
379 380
380 382
382 383 384
383 384
384 386
386 387
387
392 394
394
397 398 399
398 399
399 401
401 402 403
402 403 404
403 404 405
404 405 406
405 406 407
406 407 408
407 408
408
411 412 413
412 413 414
413 414
414
426
430 431 432
431 432
432 434
434
437 438 439
438 439
439 441
441 443
443 444
444 446
446 447
447 449
449 450
450
454 455 456
455 456
456 458
458
462 463
463
468
471 472
472
475 476
476 478
478
481
484 486
486 488
488 489 490
489 490 491
490 491 492
491 492
492
497
501 502
502 504
504 505 506
505 506
506 508
508 509
509
512 514
514 516
516 517 518
517 518 519
518 519
519
524 525 526
525 526 527
526 527 528
527 528
528
534
537 538
538
544 546
546
552 554
554 555 556
555 556 557
556 557 558
557 558
558 560
560 562
562 563
563
566
569
573 574 575
574 575
575
578
584
590 591 592
591 592
592
596 597 598
597 598
598 600
600
603 605
605 606 607
606 607
607 609
609 610
610 612
612 613 614
613 614 615
614 615 616
615 616
616 618
618 619
619 621
621
628
631 632
632 634
634 635 636
635 636
636
641
646
651
656 658
658
663 664 665
664 665 666
665 666 667
666 667
667
679
685 686 687
686 687 688
687 688 689
688 689
689
696 698
698
701
704 705 706
705 706 707
706 707 708
707 708
708 709
709
712 714
714 715 716
715 716 717
716 717
717 719
719 721
721
724 725 726
725 726
726 728
728 729
729 731
731
736
739 741
741 742
742
750
755
758 760
760 762
762 763
763 765
765 767
767 768 769
768 769
769
773 774
774 776
776 777
777
780
784 785 786
785 786
786
790 791 792
791 792 793
792 793
793 795
795 796 797
796 797 798
797 798 799
798 799
799
803 805
805 806 807
806 807
807 809
809 811
811 812 813
812 813 814
813 814
814 816
816 818
818
827 828 829
828 829 830
829 830
830
834 836
836
839
848 849
849 851
851 853
853
856 858
858
861
866 867 868
867 868 869 937
868 869
869 871
871
876
879 880 881
880 881
881
884 886
886
891 892
892 894
894 895
895 897
897 899
899 901
901
906 908
908 909 910
909 910
910 912
912 914
914 915 916
915 916
916
919 921
921 922
922 924
924 925
925
929
933 935
935 937
937
939 941
941 942 943
942 943 944
943 944
944 946
946 948
948 949 950
949 950 951
950 951 952
951 952 953
952 953 954
953 954
954
958
962 963
963 965
965 966
966
970 972
972 974
974 975
975 977
977 979
979 981
981
987 988
988
993
996 997
997 999
999
