#naive2.0.py
# GMT Fri Feb 14 13:34:32 2020
# 
0 1 999 2
1 2 999
2
6 7 8
7 8 9
8 9
9
16 18
18 20
20
23 24 25
24 25 26
25 26
26
31 32
32
35 37
37
40 41 42
41 42
42
45 47
47 48 49
48 49 50
49 50 51
50 51
51
54 55 56
55 56
56
60
64 66
66
71
75 76 77
76 77
77 79
79
82 83 636
83
86 87
87
93
96 97
97 99
99
102
105
109
112 113
113 115
115 116
116
122 123 124
123 124
124
129 130
130
135 136 137
136 137
137 139
139
146
152
155 156 157
156 157 158
157 158
158
162 164
164
168 170
170 171
171 173
173
176
180
183
184
187 188
188
192
195 197
197
200 201
201
204 206
206 207
207 209
209 210 211
210 211 212
211 212
212
218 219 220
219 220 221
220 221
221 223 735
223 225
225 226 227
226 227
227 229
229 230 231
230 231 232
231 232
232 234
234 235
235 237 582
237
240 242
242 243 244
243 244
244
247
251
256 257
257
261 262 263
262 263
263
267
273
277 278
278
281
284
287
291
294
299 300
300
304 305
305
308 309
309
312
315 316 317
316 317
317
321
324 325 326
325 326 327
326 327
327 329
329 331
331 332
332
335 337
337 338
338
343 345
345 347
347 348
348
351 353
353 354 355
354 355
355
358
363
366 368
368 369 370
369 370 371
370 371 372
371 372
372
378 380
380
386 388
388
391
397 398
398 400
400
405
408 410
410 411
411 413
413 414 415
414 415 416
415 416
416
421 423
423 424 425
424 425 426
425 426
426
430
435 437
437
440 441
441
446 447 448
447 448
448
452 454
454 455 456
455 456 457
456 457
457 459
459 461
461 462 463
462 463 464
463 464 465
464 465
465 467
467 469
469 470 471
470 471 472
471 472
472 474
474
477 479
479
482
485
488 489
489 491
491
495
498
501 502 503
502 503 504
503 504
504
509 510
510
513 515
515 516
516
520
523 524
524 526
526 527
527
530 531 532
531 532
532
536
540 542
542 543 544
543 544 545
544 545
545
553 554
554
558 559 560
559 560
560 562
562
566 568
568 570
570 571
571 573
573 575
575 577
577 578
578
582 583
583
588 590
590
595
599 600
600 602
602 603
603 605
605 606
606
610 612
612 614
614 616
616 617
617 619
619 620
620
623 624
624
627
630 631
631
636 637
637 638 639
638 639
639
642 643 644
643 644
644
648
651 652
652
655
658 659 660
659 660
660 662
662 664
664
671 673
673 674
674
677 679
679 681
681 683
683
685 686
686 688
688 689 690
689 690 691
690 691 692
691 692
692 694
694 695 696
695 696
696
699 700 701
700 701 702
701 702 703
702 703 704
703 704
704
711 713
713 715
715 717
717 718 719
718 719
719 721
721
726 728
728 730
730
733 735
735 736
736 738
738 739 740
739 740
740 742
742
745 747
747 748 749
748 749 750
749 750 751
750 751
751
754
758 759 760
759 760 761
760 761 762
761 762
762 764
764 766
766
770
773 774 775
774 775
775 777
777 778 779
778 779 780
779 780 781
780 781
781
786 787 788
787 788 789
788 789
789
793
798
801 802
802 804
804 806
806 807
807
814 815 816
815 816
816 818
818 819
819
824 826
826 827
827
832 833
833
836
841 842 843
842 843 844
843 844
844
847 849
849 850 851
850 851
851
854 856
856 857 858
857 858 859
858 859
859
862
866
869
872
886
889 891
891
894 895 896
895 896
896
899 901
901
904 905 906
905 906
906 908
908 910
910 911
911
914 915 916
915 916
916 918
918 920
920
924 925 926
925 926 927
926 927 928
927 928
928
933 934
934
940
946 947 948
947 948
948
952 953 954
953 954
954 956
956 957
957 959
959
963 964
964 966
966 967 968
967 968 969
968 969 970
969 970
970
973
976
980 982
982 984
984 985 986
985 986
986
989 990 991
990 991 992
991 992
992 994
994 995
995
999
