#naive2.0.py
# GMT Fri Feb 14 13:34:33 2020
# 
0 998
5 6 7
6 7
7 9
9
13 14
14 16
16
24 25
25
29 30
30 32
32 33 34
33 34 35
34 35 36
35 36 37
36 37 38
37 38
38 40
40 41
41 43
43 44 45
44 45
45
51 52
52
57 58 59
58 59 60
59 60 61
60 61 62
61 62
62
65 67
67 68
68
71 72
72
78 80
80
84 85
85 87
87
90
94 95 96
95 96
96 98
98 100
100
103
108
114
118
121 122
122
126 127
127
133 135
135 137
137
142 143
143 145
145 146
146 148
148 150
150 152
152 154
154 155
155 157
157 158 159
158 159 160
159 160
160
163 165
165 166
166
171 172 173
172 173 174
173 174 175
174 175 176
175 176
176 178
178 180
180 182
182 183 184
183 185 811
184 185 186
185 186
186
191
197 199
199 200
200
209 211
211
214 216
216 217 218
217 218 219
218 219 220
219 220
220
223 225
225
231 233
233 234
234 236
236 238
238 239
239
242
246
249 250
250
253 254
254
261 262
262 264
264 266
266 268
268
275 276 277
276 277
277 279
279 280 281
280 281
281 283
283 284 285
284 285
285
290
294
297 298
298
301 302 303
302 303
303 305
305 306
306 308
308 310
310 311 312
311 312 313
312 313 314
313 314
314
318 319
319
324 325 326
325 326
326
332
340 342
342
345 346 347
346 347
347
350 352
352 353
353 355
355 356 357
356 357
357
360 361 362
361 362
362 364
364 366
366 368
368 369 370 436
369 370 371
370 371 372
371 372 373
372 373 374
373 374
374
379 381
381 382 383
382 383
383
386 387 388
387 388 389
388 389
389 391
391 393
393 395
395 397
397
401 402
402
405
409 410 411
410 411 412
411 412
412
415 417
417 419
419 420
420
425
428
432 433
433 435
435 436
436
440
443
446 448
448 449
449 451
451 452 453
452 453
453 455
455 457
457 458
458
462
467 468
468
472 473
473
483 485
485 486
486 488
488
492 494
494
498
501 502 503
502 503 504
503 504
504
508 509 510
509 510
510
513 514
514 516
516 517
517 519
519 520 521
520 521
521 523
523 524 525
524 525
525 527
527 528
528
534 535 536
535 536 537
536 537 538
537 538
538
541
546
549 550
550
554
557
561
565 566
566 568
568 569 570
569 570
570 572
572 574
574 575
575
578 579
579 581 972
581
584 586
586 587
587
592 593 594
593 594 595
594 595
595
599 601
601 603
603 604
604
608 609 610
609 610 611
610 611 612
611 612
612 614
614 616
616 617
617
620
624 625 626
625 626
626 628
628 629
629
632
645
648 649
649 651
651
654 655 656
655 656 657
656 657 658 683
657 658 659
658 659
659 661
661
665 666
666
671
674
679 680 681
680 681
681 683
683
685 686
686 688
688
694 695
695
700 701
701
707 708
708 709 710
709 710 711
710 711 712
711 712
712 714
714 716
716 718
718 719 720
719 720 721
720 721
721
724
733
736 738
738 739
739
744 746
746 748
748 750
750 751
751
754 755 756
755 756 757
756 757 758
757 758
758
761 762 763
762 763 764
763 764 765
764 765 766
765 766
766 768
768 769
769
772 774
774 775
775 777
777 778
778
783
786
789 791
791 792
792
795
798 800
800 802
802 803
803
806 808
808
811 813
813 814 815
814 815
815 817
817
820
825 826
826 828
828 829 830
829 830
830
834 836
836 837
837 839
839
842 843 844
843 844
844 846
846
850 852
852
855 857
857
860
868 869 870
869 870 871
870 871
871 873
873 874
874
880 881
881
887
890 891 892
891 892
892 894
894 895 896
895 896
896
900 902
902
905 907
907 908
908
913 915
915 917
917
923
931 933
933 934 935
934 935
935
939
942
945 946 947
946 947 948
947 948 949
948 949 950
949 950
950
954 955
955 957
957 958
958 960
960 962
962
966 967
967
972 973 974
973 974
974 976
976 977
977 979
979 981
981 983
983 984 985
984 985
985
988 989 990
989 990 991
990 991 992
991 992 993
992 993 994
993 994
994 996
996 997 998
997 998
998
