#naive2.0.py
# GMT Fri Feb 14 13:34:33 2020
# 
1 3
3 4 5
4 5 868
5 7
7 8
8 10
10 11 12
11 12
12
15 16
16
19 21
21 23
23 25
25 27
27
30 31
31 33
33 34 35
34 35 36
35 36
36
41 42
42 44
44 45
45 47
47 49
49
53
57 58
58 60
60 62
62
65 67
67 69
69 71
71 73
73 75
75 76 77
76 77 78
77 78 79
78 79
79 81
81 82
82 84
84 85
85
88 90
90
94
101 102 103
102 103 104
103 104
104 106
106 108
108 110
110
113
118 120
120 121
121
124 126
126
131
135
140 141
141 143
143 145
145
149
155 156
156
159 160
160
164 166
166
169 170 171
170 171
171
175 176
176 178
178
181 182
182
187
191 193
193
198 199
199 201
201 203
203 204
204 206
206 207 208
207 208
208
212
217 218 219
218 219 220
219 220 221
220 221
221
225
228 229 230
229 230
230
233 234 235
234 235 236
235
236
240
246 247
247
250 252
252 253
253
257
262 264
264 265
265
268 269
269
272 273 274
273 274 275
274 275
275 277
277 279
279
282 283
283 285
285 286
286
289 290
290
296 298
298 299
299 301
301 303
303 304
304
307 308 309
308 309 310
309 310
310
317 318 319
318 319
319
322 323
323
326 327
327 329
329 330
330
334
337 338
338
342 343 344
343 344 345
344 345
345 347
347
350 352
352 353 354
353 354 355
354 355
355 357
357 359
359 360
360
366
369 370
370 372
372 373
373
376 378
378
382
391
399 401
401
406 407
407 409
409
412 413
413
418 419 420
419 420
420
424 426
426 427 428
427 428 429
428 429
429
432 434
434 435
435 437
437 439
439
447 448 449
448 449
449
452
457 458
458 460
460 461
461
465
468 469
469 471
471 473
473 474 475
474 475
475
480 481
481
484 485
485
488
491 492 493
492 493
493 495
495 496
496
507 509
509 511
511 512
512
515 516 517
516 517
517 519
519
522 524
524 525
525
528 529 530
529 530
530 532
532 533 534
533 534 535
534 535
535
538 539 540
539 540 541
540 541
541
544
547
551 552 553
552 553
553
556 558
558 560
560
566 567 568
567 568
568 570
570
573 574 575
574 575 576
575 576 577
576 577
577
583
586 587 588
587 588 589
588 589 590
589 590
590 592
592
597
600 601
601 603
603
609 611
611 612 613
612 613 614
613 614
614 616
616 617 618
617 618 619
618 619 620
619 620 621
620 621
621
623 624
624
628 629
629
634 635
635 637
637 638
638 640
640
644 645
645
648 649
649 651
651 652
652 654
654
658 660
660 661
661 663
663 665
665 666
666
671
674
679 681
681 682
682
685
691
696 697
697 699
699 701
701 703
703 704
704
707
709
712 713 714
713 714 715
714 715
715
718
724 726
726
730 731 732
731 732
732
736 737
737
740
743
745 746
746
749
753 754 755
754 755
755 757
757 758 759
758 759
759 761
761 763
763 764
764
768
772 773 774
773 774 775
774 775
775
780 781
781
788 789 790
789 790 791
790 791
791
795 796
796 798
798 800
800 801
801 803
803 804 805
804 805 806
805 806 807
806 807 808
807 808 809
808 809
809
814 815 816
815 816 817
816 817 818
817 818 819
818 819 820
819 820 821
820 821
821 823
823 824 825
824 825 826
825 826 827
826 827 828
827 828
828 830
830 832
832 833 834
833 834 835
834 835
835
837 839
839 841
841
845 846 847
846 847
847
851
856 857 858
857 858
858
862
865 867
867 868
868 870
870 871 872
871 872 873
872 873
873 875
875 876
876
879
885 886 887
886 887 888
887 888
888 890
890 892
892 893 894
893 894
894
898 899
899
902
906 907 908
907 908 909
908 909 910
909 910
910 912
912 914
914 915 916
915 916
916
919
925 926
926
929
932
936 938
938
941 943
943
950 952
952 953
953
957 959
959 960 961
960 961 962
961 962
962
965 967
967 968 969
968 969
969
973 974
974 976
976
979
983 984
984
992
996
