#naive2.0.py
# GMT Fri Feb 14 13:34:28 2020
# 
0 999 2
2 3 4
3 4 5
4 5 868
5 7
7
11
14 15
15
18
24 25 26
25 26
26
30 31 32
31 32
32 34
34 35
35 37
37 38
38 40
40 41 42
41 42 43
42 43 44
43 44
44 46
46 47 48
47 48
48
57 58
58 60
60 62
62 63 64
63 64
64 66
66 67 68
67 68 69
68 69
69
72 74
74
82 83 636
83 85
85 86
86 88
88
92
102 103 104
103 104
104 106
106 108
108 110
110 112
112
117
120 121 122
121 122 123
122 123
123 125 887
125 127
127 128 129
128 129 130
129 130
130 132
132 133
133
137
146 147 148
147 148
148 150
150 151
151
154
157 158 159
158 159 160
159 160
160 162
162
167
172
176
179 180 181
180 181 182
181 182
182 184
184
187 188 189
188 189
189
192 193
193
198
202 204
204
213 215
215 217
217
220 221 222
221 735
222
225
228 229 230
229 230
230
233 234 235
234 235 236
235
236 238
238
241
246 247 248
247 248
248
254 256
256 258
258
261 262 263
262 263
263 265
265
269 271
271 273
273 274 275
274 275 276
275 276 277
276 277
277 279
279
282
285
289 290
290 292
292 294
294 295 296
295 296 297
296 297 298
297 298
298
302 303
303 305
305
310 312
312 313
313
316 317 318
317 318
318
324 326
326 327
327 329
329 331
331 332 333
332 333
333
336 337 338
337 338
338 340
340
347 349
349 350
350
355 356
356
362 363 364
363 364
364 366
366 367
367 369
369 370
370 372
372 373
373 375
375 377
377 378 379
378 379 380
379 380
380 382
382
387 389
389 391
391 393
393
396 398
398 399
399 401
401 402
402 404
404 406
406 407
407
411
414 416
416 417
417 419
419
423 425
425 426
426
429 430
430
437 438 439
438 439
439
442
446
451 452
452 454
454 455 456
455 456
456
460 461 462
461 462
462
465 467
467
472 473
473 475
475 476
476 478
478 479 480
479 480 481
480 481 482
481 482
482 484
484 485
485 487
487
492 493
493 495
495 497
497 499
499
502
507 508
508 510
510 512
512 514
514 515
515
519 520
520
527 528
528
531 532 533
532 533 534
533 534 535
534 535 536
535 536 537
536 537
537 539
539
542 543
543
549 551
551
554 555
555
558 559
559 561
561 562 563
562 563 564
563 564
564 566
566
571
576 577
577 579
579 972
580
584
588 589
589 591
591 593
593
596
601 602
602 604
604
608 610
610
613 615
615 616 617
616 617
617 619
619 620 621
620 621 622
621 622
622
626 627
627
630 631
631 633
633 634 635
634 635 636
635 636
636
638 640
640 641
641 643
643 645
645 646 647
646 647 648
647 648 649
648 649 650
649 650 651
650 651
651 653
653
656 658 683
658 659 660
659 660 661
660 661
661 663
663
670 671
671
674
678 679
679
683
691 693
693 694
694 696
696
699
702
706
713 715
715
718 719 720
719 720
720 722
722 724
724
727 729
729
735
738 740
740
743
747
750 751
751
757
763
767 768
768 770
770 771 772
771 772
772 774
774
778 780
780 781
781
786 788
788 789
789
793 795
795
798 799 800
799 800 801
800 801
801 803
803 804 805
804 805
805 807
807 809
809 810 811
810 811
811 813
813 814
814 816
816
820 822
822 823 824
823 824
824 826
826
829
832
838 839
839 841
841 842
842
845
849 850 851
850 851
851
854 856
856
859 861
861 862 863
862 863 864
863 864 865
864 865
865
868 869
869 871
871 872 873
872 873
873 875
875 877
877 878 879
878 879
879 881
881
884
887 888
888 889 890
889 890
890
893
897 898
898 900
900
903 905
905 906 907
906 907
907 909
909 910
910
915 916
916 918
918 919
919
922 924
924 926
926 927
927
930
938 940
940 941
941 943
943
952 953
953
957
960 962
962 963 964
963 964
964 966
966 967 968
967 968
968 970
970 971 972
971 972
972 974
974
977
981 983
983 984
984 986
986
989 991
991 992 993
992 993 994
993 994 995
994 995 996
995 996
996
999
