#naive2.0.py
# GMT Fri Feb 14 13:34:33 2020
# 
4 5 868
5
8
11 12
12 14
14
17 18 19
18 19
19
23 24
24 26
26 27
27
36 37 38
37 38 39
38 39
39
43 44 45
44 45
45
48 49 50
49 50
50
54
58 60
60 61 62
61 62 63
62 63 64
63 64 65
64 65
65
69 70 71
70 71
71 73
73 75
75
78 79 80
79 80
80
83 84
84
87 89
89
94 95 96
95 96
96 98
98 100
100 102
102 104
104 105
105 107
107 108 109 529
108 109 110
109 110
110
114 115
115
118 120
120 121
121 123
123 124
124
127
131
134 135 136
135 136 137
136 137 138
137 138
138 140
140 141 142
141 142
142
146 148
148 149 150
149 150
150
153 154 155
154 155 156
155 156
156
159 160 161
160 161 162
161 162 163
162 163
163
166 167
167 169
169
172 174
174 175 176
175 176 177
176 177 178
177 178
178
184
187
193 195
195
198 199
199
202
207 208 209
208 209
209 211
211 212
212 214
214
217 219
219 221
221 223 735
223 429
226 228
228 229 230
229 230 231
230 231 232
231 232 233
232 233 234
233 234 235
234 235 236
235 237
236 237
237 239
239 240 241
240 241
241 243
243
248 250
250
253 254
254
257 258
258
261
265 266 267
266 267 268 621
267 268
268 270
270
273 274
274 276
276 277 278
277 278
278 280
280
283 284
284 286
286 287
287
290 291
291
296 298
298 299
299 301
301 303
303 305
305 306
306 308
308 309 310
309 310
310 312
312 313
313 315
315
318
321 322 323
322 323 324
323 324
324
327 329
329 330
330 332
332
337 338 339
338 339 340
339 340 341
340 341
341
344 345
345 347
347
351 352 353
352 353 354
353 354 355
354 355 356
355 356 357
356 357 358
357 358 359
358 359
359
362
367
372
377 378
378
381 382 383
382 383 384
383 384
384 386
386 387
387
390 392
392
395 396 397
396 397 398
397 398
398
402
407
411 412
412 414
414 415 416
415 416 417
416 417
417 419
419 421
421 422 423
422 423
423
426 428
428 429
429
432
436
438 439
439
442
445 447
447 449
449 450
450
453 454 455
454 455
455
462 463
463 465
465 466
466
469 471
471 473
473 474
474 476
476 477 478
477 478
478
481 482 483
482 483
483 485
485 486
486
492 493 494
493 494 495
494 495 496
495 496
496 498
498 499
499
504 506
506 508
508 509 510
509 510
510
517 519
519 520 521
520 521
521 523 552
523
529 530
530 532
532 533
533
537
541
544 545
545 547
547
551 552
552
561 562
562 564
564 566
566
569 570
570
577
589 591
591
597
601 602 603
602 603 604
603 604 605
604 605
605
608 610
610
615 616 617
616 617
617
620 621
621
624 625
625 627
627 629
629 630 631
630 631 632
631 632 633
632 633 634
633 634 635
634 635 636
635 636 637
636 637
637 638
638 640
640 641
641
645 647
647 649
649 650
650 652
652
659 661
661 662 663
662 663 664
663 664
664
669 670
670 672
672 673 674
673 674
674
680 681
681 683
683
686
692 694
694
701 702
702 704
704 705 706
705 706
706
709 710 711
710 711 712
711 712
712 714
714 716
716 717
717
721 722
722
726 728
728 729 730
729 730
730 732
732 734
734 735 736
735 736 737
736 737 738
737 738 739
738 739
739
742 744
744
751 752 753
752 753 754
753 754
754 756
756 757
757
761
764 765
765 767
767 768 769
768 769
769 771
771 773
773
776 777
777
781 782 783
782 783 784
783 784
784 786
786 787
787 789
789 790
790 792
792
795 797
797 798
798
806 808
808 810
810 811 812
811 812
812
821 823
823 825
825 827
827 829
829 830
830
834 835
835
837 838 839
838 839 840
839 840
840
844 846
846 847 848
847 848
848 850
850 851
851
854 855 856
855 856 857
856 857
857 859
859
862
866 868
868 869 870
869 870 871
870 871
871 873
873
876
879 880 881
880 881
881 883
883
888 889 890
889 890
890 892
892 893 894
893 894 895
894 895 896
895 896
896
901
904
907
910 911
911 913
913 914
914 916
916 917
917
925
929
932 933 934
933 934 935
934 935 936
935 936 937
936 937
937
940
944 946
946 947 948
947 948
948 950
950
953
956 957 958
957 958
958 960
960 961
961
966 968
968 969 970
969 970
970 972
972 974
974
978
982 984
984
987 988 989
988 989 990
989 990
990 992
992 993
993
