#naive2.0.py
# GMT Fri Feb 14 13:34:33 2020
# 
3 5
5 6
6 8
8 9
9 11
11 12 13
12 13
13 15
15
22 24
24 26
26 27
27
30 31 32
31 32 33
32 33 34
33 34
34 36
36 38
38 40
40 41
41
45 47
47 48
48 50
50 51
51
54
58 59
59
62 63 64
63 64
64
67
70 71 72
71 72 73
72 73
73
77 79
79 80 81
80 81 82
81 82
82
88 89
89
92
97 99
99 100 101
100 101
101 103
103 104 105
104 105 106
105 106
106 108
108 109
109 111
111
116 117
117 119
119
122
126 127
127 129
129 130
130 132
132 133
133 135
135 136 137
136 137 138
137 138
138 140
140 142
142 143 144
143 144 145
144 145
145
148 149
149
152
156
159 160
160 162
162
173 175
175 177
177 178
178
182 183
183 811
190
193 194
194 196
196
199
202 204
204 205 206
205 206 207
206 207 208
207 208
208
212 214
214
217
221
225 226
226 228
228
232
235 237
237 238
238 240
240
244 246
246 247 248
247 248
248 250
250
253 254
254 256
256 258
258 259 260
259 260 261
260 261 262
261 262
262
265
271
277
281 283
283 284
284
288 290
290 291
291
299 301
301 302 303
302 303
303
308 309
309 311
311 313
313 314 315
314 315
315
323
326 327
327
332
335
340 341 342
341 342 343
342 343
343 345
345 347
347 348
348 350
350 351
351 353
353
356 358
358 360
360 362
362 363
363
367
370 371 372
371 372 373
372 373
373
376 377
377
380 382
382 383
383 385
385 387
387 388
388 390
390 392
392 393
393 395
395 396
396 398
398 399
399
407
419
422 424
424 426
426 427 428
427 428
428
431 432
432 434
434 436
436 437
437
440 441 442
441 442 443
442 443
443
450 452
452
455 456 457
456 457 458
457 458 459
458 459
459 461
461 463
463 464 465
464 465
465 467
467 469
469
472 473
473
476
481 482 483
482 483 484
483 484
484 486
486 487
487 489
489
492 494
494
498 499 500
499 500
500 502
502 503
503
506
509 510
510
515 517
517 518
518
522 523 524
523 524
524 526
526 528
528 530
530 531 532
531 532
532 534
534 535
535
538
542
548 550
550 551
551 553
553 554
554 556
556
559 560
560 562
562 564
564 565 566
565 566 567
566 567 568
567 568 569
568 569 570
569 570 571
570 571 572
571 572
572
575
579 581
581 583
583
586 588
588 589
589 591
591 592
592
598 599
599 601
601
605 606 607
606 607 608
607 608
608
611
614
617 619
619
623
626 627
627 629
629 630
630
633 634
634
637
640
643 645
645 646 647
646 647
647
652 654
654 655
655 657
657 658
658
661
664 665 666
665 666
666 668
668 669
669
673 674
674 676
676
679
682
691 693
693
697
702
705 706
706
715 717
717 718 719
718 719 720
719 720 721
720 721
721
724 725
725
728 729 730
729 730
730
736 737 738
737 738
738 740
740 742
742 743
743
745 746 747
746 747
747
750 751 752
751 752
752
757 758
758
761 763
763 764
764
767 769
769 770 771
770 771
771
783 784
784
788 790
790
799 801
801 802
802
806 807 808
807 808
808 810
810 811
811
815 816
816
819
823 825
825 826
826
829 830 831
830 831 832
831 832 833
832 833 834
833 834
834
838 840
840 841
841 843
843 845
845 846
846
849 850
850 852
852 854
854 855
855
860 861 862
861 862 863
862 863
863
866 867 868
867 868 869
868 869 870
869 870
870
873 874
874 876
876
883
888 889 890
889 890
890 892
892 893 894
893 894
894 896
896 898
898 899
899
902 904
904 905 906
905 906 907
906 907 908
907 908 909
908 909
909
913 914 915
914 915
915
919
922 923 924
923 924 925
924 925
925
928 930
930 932
932 933 934
933 934 935
934 935 936
935 936
936 938
938
941 942
942
945 946
946 948
948
955
962 963 964
963 964
964 966
966
969
973 974
974
977
980
983 984
984 986
986
989
992
999
