#naive2.0.py
# GMT Fri Feb 14 13:34:29 2020
# 
0 999 2
2
5 6 7
6 7
7 9
9
16 18
18
21 22 23
22 23
23
26 27
27
30 31 32
31 32
32
35
40 41
41
44 45
45
50 52
52 54
54 56
56
61 62 63
62 63
63 65
65
69 70
70 72
72
75 77
77 79
79 81
81 83
83 85
85
88
98 99 100
99 100 101
100 101 102
101 102 103
102 103
103
106 108
108 109 110
109 110 111
110 111
111
117 119
119 120 121
120 121
121 123
123 124 125 707 887
124 125 126
125 126 127
126 127 128
127 128 129
128 129
129 131
131 133
133 134 135
134 135
135 137
137 138 139
138 139 140
139 140
140 142
142 143 144
143 144 145
144 145
145 147
147 148 149
148 149
149 151
151
154 155
155 157
157
162
165 166 167
166 167 168
167 168 169
168 169 170
169 170 171
170 171
171
176 178
178 180
180 181 182
181 182 183
182 183
183 185
185
188
193 195
195 197
197
200 201
201 203
203 204
204
207 208 209
208 209
209
212
215
218 219
219
223 225
224 225
225 227
227 228 229
228 229
229
233 235
235
238
243
246 247 248
247 248
248 250
250
255 256
256
259 260 261
260 261
261 263
263 264
264
267
270 272
272 273 274
273 274 275
274 275 276
275 276
276
279 280
280
285 287
287 289
289 290
290
294 295 296
295 296 297
296 297 298
297 298 299
298 299
299
303 305
305 306 307
306 307 308
307 308 309
308 309 310
309 310
310
319 320 321
320 321
321
324 325 326
325 326 327
326 327 328
327 328
328
332 333
333 335
335
339
342
347 348
348 350
350
355 356 357
356 357 358
357 358 359
358 359
359
362
367
370 371 372
371 372
372
375 376
376
380 381
381
384 386
386 387
387 389
389 390
390 392
392
398 399
399
403
406 407
407
415 416
416 418
418
421
424 426
426 427
427
432 433
433
436
439
442 444
444 445
445
453 454 455
454 455 456
455 456 457
456 457
457
461 462
462
465 467
467 468 469
468 469
469
472 473 474
473 474 475
474 475
475
478 479 480
479 480
480
483 484
484
488 489
489 491
491
494
497
500
504 505
505
508 509
509
512 513 514
513 514 515
514 515
515 517
517
520 521 522
521 552
522 524
524
533 534
534
539 541
541 543
543 544 545
544 545 546
545 546
546 548
548 549 550
549 550 551
550 551 552
551 552
552 554
554 555
555 557
557 558
558 560
560
563 564 565
564 565
565
568 569
569
572 573 574
573 574
574 576
576 578
578 579 580
579
580
584 585 586
585 586
586
599 600
600
604 606
606 607 608
607 608
608
613 615
615 616 617
616 617
617 619
619
622
626 627 628
627 628
628 630
630
633 634 635
634 635
635 637
637
640 642
642 643 644
643 644 645
644 645
645 647
647
654
660 662
662 664
664 665
665 667
667 668 669
668 669
669 671
671 673
673
676 678
678 679 680
679 680
680 682
682 684
684
687 688
688
691 693
693 694 695
694 695
695
700
705 707
707
709 711
711
717 719
719
726
733 734
734
738 740
740 742
742
746 748
748 750
750 751
751
755 756
756 758
758 759
759
762 763 764
763 764
764
767
770 771
771
776 777
777
781 782 783
782 783 784
783 784
784
788 790
790
793 794 795
794 795 796
795 796 797
796 797 798
797 798 799
798 799
799
802
806 807 808
807 808
808 810
810
813
819 820
820 822
822 824
824 825 826
825 826 827
826 827 828
827 828
828 830
830
833 835
835 836 918
836 838
838 840
840 841 842
841 842
842 844
844
847 849
849 850 851
850 851 852
851 852 853
852 853
853 855
855 857
857 858
858
864 866
866
869 870 871
870 871 872
871 872
872
876 878
878
882 883 884
883 884
884 886
886 887 888
887 888
888
891 892 893
892 893 894
893 894 895
894 895
895
898 899 900
899 900 901
900 901
901
904 905 906
905 906
906
909 910
910 912
912 913 914
913 914
914
917 918 919
918 919 920
919 920
920
924
927 929
929
935 936 937
936 937 938
937 938
938 939 940
939 940
940
944 945 946
945 946
946
950 952
952 953
953
956 957
957
961 962 963
962 963
963 965
965
970
977
980 981
981
984 986
986
990 991
991
994 996
996
999
