#naive2.0.py
# GMT Fri Feb 14 13:34:29 2020
# 
5
8 10
10 11
11 13
13 14
14
17 18
18
21
29
32 33
33
38 39
39
42 43
43
51 53
53 54
54 56
56 57
57
64
68 69 70
69 70
70
73 74
74
77 78 79
78 79
79
84 86
86 87
87
92 93
93
96
103 104
104
110 111 112
111 112 113
112 113
113 115
115 117
117 118 119
118 119
119
124 126
126
132 133
133
138
143
146
150 151 152
151 152
152 154
154 155
155 157
157
161 163
163
168 169
169
174 176
176 177 178
177 178
178
183 185 811
185 187
187 189
189 191
191 193
193
196 198
198
201 202
202
205 207
207 208 209
208 209 210
209 210 211
210 211 212
211 212
212 214
214 215 216
215 216
216
220 221
221
225 226 227
226 227
227
230
233 234 235
234 235
235 237
237
240 242
242
245
248
255 256
256
259 260
260 262
262
267 268
268
271
278 279
279 281
281
284
287
290 291 292
291 292
292
298 299 300
299 300
300 302
302 303 304
303 304 305
304 305
305 307
307
310 311 312
311 312 313
312 313 314
313 314 315
314 315 316
315 316
316 318
318 320
320
325 326 327
326 327
327
331 332 333
332 333 334
333 334 335
334 335 336
335 336 337
336 337
337 339
339
343 344
344
350
362
367 369
369 371
371 373
373
376
379
382 384
384 385 386
385 386 387
386 387
387 389
389 390 391
390 391
391
395 397
397 398
398 400
400
403 404
404
407
412
416 417 418
417 418 419
418 419 420
419 420
420 422
422 423 424
423 424 425
424 425
425
429
432
435 436 437
436 437
437
442 443
443
446 447 448
447 448 449
448 449 450
449 450 451
450 451 452
451 452
452
455
461
464
469
472 473
473
477 479
479 480
480
483 485
485 487
487 489
489 491
491 493
493 494
494
497
501
504
507
512 513
513
519
523 524 525
524 525
525
529
536
543
546
549
555 556 557
556 557
557
560 561
561
572
577 578
578
581
584 586
586 587 588
587 588 589
588 589
589 591
591
597
602
605 606 607
606 607
607 609
609 610
610
613 615
615 616
616 618
618 619
619 621
621
623
627
632 633
633 635
635 636
636
640 641 642
641 642
642
645 647
647 649
649 650 651
650 651
651 653
653 654
654 656
656
659 660 661
660 661 662
661 662
662 664
664 665
665
669 671
671 672
672 674
674 675 676
675 676 677
676 677
677 679
679 680
680 682
682 684
684 686
686 688
688 689 690
689 690 691
690 691
691
695
698
702
705 706
706 708
708 710
710 711
711 713
713 715
715 717
717 718
718
721
725 727
727 728 729
728 729
729 731
731 733
733
736 737 738
737 738 739
738 739 740
739 740
740
743
745 747
747 749
749 751
751 752
752
755
758 759
759 761
761 762
762
765 767
767 768
768 770
770 772
772 773 774
773 774 775
774 775
775 777
777 778 779
778 779
779 781
781 783
783 784 785
784 785 786
785 786
786
789
792 794
794 795 796
795 796
796 798
798
803 805
805 807
807 809
809 810 811
810 811
811
815 816
816 818
818 819
819
822 823 824
823 824
824
828 829 830
829 830 831
830 831 832
831 832
832
838 839
839 841
841 842
842
846
849
853 854 855
854 855
855
858
862 863 864
863 864
864
868 869 870
869 870
870 872
872
875
879
882 884
884 886
886
890
895
898 899
899
904 905 906
905 906 907
906 907
907
911 912 913
912 913
913 915
915
918
922 924
924 926
926 927 928
927 928
928 930
930 932
932
937 938
938 940
940
944 945 946
945 946
946 948
948 949
949
953
962 963
963 965
965
968 969 970
969 970 971
970 971
971
974
981 982 983
982 983
983 985
985
988 990
990
995 996
996
