#naive2.0.py
# GMT Fri Feb 14 13:34:29 2020
# 
0 1 999 998
1 3 999
3 4
4 868
7
14 15 16
15 16 17
16 17
17
20 21 22
21 22 23
22 23
23
28 30
30 31 32
31 32
32 34
34 35 36
35 36
36 38
38 39 40
39 40
40 42
42 44
44 45 46
45 46 47
46 47 48
47 48
48
52 53 54
53 54 55
54 55 56
55 56 57
56 57
57
61 62
62
66 68
68
71 72
72
76 78
78 80
80 81 82
81 82
82 636
85 86
86 88
88 89
89 91
91
95 585
100 101
101
104
107 108 529
108 110
110 112
112 113 114
113 114
114 116
116
121
124 125
125
129 130
130
133 135
135 136 137
136 137 138
137 138 139
138 139 140
139 140
140 142
142 143 144
143 144 145
144 145
145
148 149 150
149 150 151
150 151
151 153
153
158
165 167
167 168 169
168 169
169 171
171 172
172 174
174 176
176 177
177
180
183 185
184 185 186
185 186 187
186 187
187
192 193 194
193 194
194
197 198 199
198 199
199
205
208 209
209
213
216 217 218
217 218
218
221
222
225 226 227
226 227 228
227 228 229
228 229
229 231
231 232
232
237 238
238 240
240 241
241 243
243 245
245 246
246
251 252 253
252 253 254
253 254
254 256
256 258
258 259
259
263
266 267 268 621
267 268 269
268 269 270
269 270 271
270 271 272
271 272
272 274
274 275
275
278 279
279 281
281
284 286
286 287
287
290 291
291
294 295
295
298
302 303 304
303 304
304
307
311 313
313 315
315 316
316 318
318 319
319
328
331 332
332 334
334
339 340 341
340 341
341
344
347
352 353 354
353 354
354 356
356 358
358 360
360
364 365 366
365 366 367
366 367
367
370 371
371
375
378 379 380
379 380 381
380 381 382
381 382
382
388
393 394
394
399 400 401
400 401
401 403
403 405
405 406
406 408
408 409
409
417
423 425
425 427
427 428 429
428 429
429
432
437 438
438
441 442 443
442 443
443 445
445 446 447
446 447
447 449
449 450
450
454 455 456
455 456
456
461 462 463
462 463
463
471 472
472
476 477 478
477 478
478
482 484
484 485 486
485 486 487
486 487
487
493
496
499 500
500
503
508
511 512
512 514
514
517 518 519
518 519
519 521
521 523
522 523 524
523 524
524
527 529
529
531 533
533 534 535
534 535 536
535 536
536
541 542 543
542 543
543 545
545
550
554 555 556
555 556
556
559
563 565
565
568
572 574
574 575
575 577
577 578
578 580
580 581 582
581 582
582
585 586 587
586 587
587 589
589
595 597
597 599
599 600 601
600 601
601
606 608
608 609 610
609 610 611
610 611 612
611 612
612 614
614 615
615
619 621
621
623 624 625
624 625
625
628 629
629
634 636
636
639
644 645
645
651 652 653
652 653 654
653 654
654
659 660 661
660 661
661
666 667
667
672
676 678
678
681 683
683
688 690
690
693 694 695
694 695 696
695 696
696
699 700
700 702
702 704
704
707
710
713 715
715
720 721 722
721 722 723
722 723 724
723 724 725
724 725
725 727
727 728
728 730
730 732
732 733 734
733 734
734 736
736
742 743 744
743 744 951
744 746
746 747
747 749
749
752 754
754 756
756 757
757
760
764 765
765
770 772
772 773
773 775
775
779 781
781
786
790
794 796
796 798
798
802 803 804
803 804
804 806
806 808
808 810
810
814 816
816
820
824 825
825 827
827
830 832
832
835
839 841
841
844
847
851 852 853
852 853
853
858
867 868 869 937
868 869
869
872
877 878
878 880
880 881
881 883
883 884
884 886
886 888
888
894
897 899
899
903 905
905 907
907 908
908
913 914
914
921 922 923
922 923
923
927
930 931
931
934 935 936
935 936 937
936 937 938
937 938
938 939
939
945 946 947
946 947
947
950 951
951 953
953 954
954 956
956
960
964
967 968
968
972 974
974
977
981 982
982
985
996 997 998
997 998 999
998 999
999
