#naive2.0.py
# GMT Fri Feb 14 13:34:34 2020
# 
0
10 11 12
11 12
12
16 17
17 19
19
23 24
24 26
26
29 30
30 32
32 33 34
33 34 35
34 35
35
39 40 41
40 41
41
44 45 46
45 46
46
54 56
56
59 60
60 62
62
71 72
72
76
81 83
83 84
84 86
86 87 88
87 88
88 90
90 91
91
95
102 104
104
108
111
116 117
117 119
119
125 126 127
126 127
127
130 131
131 133
133 134
134 136
136 137
137 139
139 140
140
144 145
145
148 149
149 151
151 153
153 154 155
154 155 156
155 156
156 158
158
161
165
168
172 173
173
177 178
178
181 183
183 811
187 189
189 190
190 192
192
195 196
196
201
208 210
210 212
212 213 214
213 214
214
224 225 226
225 226 227
226 227 228
227 228
228 230
230
233
236 237 238
237 238 239
238 239 240
239 240 241
240 241
241
244 246
246
249
252
255
258
261 263
263
267 268 269
268 269
269 271
271 273
273
278 279 280
279 280 281
280 281 282
281 282 283
282 283
283
287 288 289
288 289
289
293 295
295
298 299
299 301
301 303
303 304
304
307 309
309 310 311
310 311 312
311 312
312
316
319
322 324
324 325 326
325 326 327
326 327 328
327 328
328
331
334
337 338
338
343
346 348
348
351 352
352 354
354 355
355 357
357
362
365 366 367
366 367 368
367 368
368
372 373
373 375
375 376
376
379 381
381 382
382 384
384 385 386
385 386
386
390 391 392
391 392
392 394
394 395 396
395 396 397
396 397 398
397 398
398
402
405 407
407 408 409
408 409
409
412 414
414
421 422
422
429
432 433
433 435
435
446
450 451
451 453
453 454
454
457 458 459
458 459 460
459 460 461
460 461 462
461 462
462 464
464 466
466 467 468
467 468
468
474 475 476
475 476
476
481
484
487
490 491 492
491 492 493
492 493
493
498 499
499
502 503
503
506 508
508 510
510 511
511 513
513
522
529 530
530
534 536
536
541
545 547
547 548
548
554
559 560
560 562
562
572 574
574 576
576
581 582 583
582 583 584
583 584
584
588 590
590 592
592
596
599 600
600 602
602
605 606
606 608
608
613
616
619 620 621
620 621 622
621 622
622 623 624
623 624
624
627 628 629
628 629 630
629 630
630 632
632 634
634
640 642
642 643 644
643 644 645
644 645 646
645 646 647
646 647 648
647 648
648
652 653 654
653 654 655
654 655 656
655 656
656 658 683
658 660
660 661 662
661 662
662 664
664
669 670 671
670 671
671
678 680
680 681
681 683
683 684
684 686
686 688
688
692 693
693 695
695
698 699 700
699 700
700 702
702 703 704
703 704 705
704 705
705 707
707 708
708
711
714 715
715 717
717
720 721
721
724
727 728 729
728 729 730
729 730 731
730 731
731
736 738
738 740
740
744 746
746 748
748 750
750 751 752
751 752
752
755 756
756
759 761
761 762 763
762 763
763
766
771 772 773
772 773
773 775
775 776
776 778
778
781
787
791
795 797
797
801 803
803 804
804 806
806
811 812 813
812 813
813 815
815 817
817 818
818
822
828
832 833
833
836 837
837
841 843
843
846 848
848 849 850
849 850
850
853
856 857 858
857 858
858 860
860 862
862 863
863 865
865 866
866 868
868 870
870
873
876 877
877
880
884
887 888
888
891 893
893
896 897
897
901
909 910
910 912
912
916 917
917
921
928 930
930
935 937
937 938
938 939 940
939 940 941
940 941
941
944 945
945
950
954 955 956
955 956 957
956 957
957
960 961
961 963
963
966
970 971
971 973
973
976 977
977
982 983
983 985
985 986 987
986 987 988
987 988
988 990
990 992
992 993
993 995
995
