#naive2.0.py
# GMT Fri Feb 14 13:34:36 2020
# 
1 3 999
3 4
4
8 9
9 11
11 12
12
18
21 23
23 24
24
28 29 30
29 30
30 32
32 34
34
44 45 46
45 46
46 48
48 49
49 51
51 52 53
52 53
53
56 58
58
65
68 69
69 71
71 73
73 74 75
74 75 76
75 76 77
76 77
77 79
79 81
81 82 83
82 83 84
83 84
84
88 89
89 91
91 92
92
95
98 99
99
103
106 107
107 109 529
109 110
110
114
119 120
120 122
122 123
123 125 707
125 126
126
130 132
132 133
133 135
135 136
136 138
138 139
139
142
148
151 152 153
152 153 154
153 154 155
154 155
155
159 160
160
167 168 169
168 169
169 171
171 172
172
175 176
176 178
178
190 191 192
191 192 193
192 193
193
199 200
200 202
202 203 204
203 204
204
207 208
208 210
210 211
211 213
213
218
221
228 230
230 231
231 233
233 234 235
234 235 236
235
236
239 241
241 242 243
242 243 244
243 244 245
244 245 246
245 246
246
249
253 254 255
254 255
255
258
266 268 621
268 269 270
269 270
270
276 277
277 279
279 281
281 282
282 284
284 285 286
285 286
286
289
292
296 297
297
300 301
301
305
310 311
311
314 316
316
319 320 321
320 321
321 323
323 324
324
330 331 332
331 332
332
335 336 337
336 337
337
340 341 342
341 342
342 344
344 345 346
345 346 347
346 347
347 349
349 350 351
350 351 352
351 352
352 354
354
361
365
370 372
372 373
373 375
375
379
382 384
384 385 386
385 386 387
386 387
387 389
389
393 394 395
394 395
395 397
397 398 399
398 399 400
399 400 401
400 401 402
401 402 403
402 403
403
407 408
408
412 413 414
413 414 415
414 415 416
415 416 417
416 417
417 419
419 420 421
420 421 422
421 422
422
425 426 427
426 427 428
427 428
428 430
430 431
431
434 435
435
438
441
446 448
448 450
450 451
451 453
453 454 455
454 455
455
461
466 467
467 469
469 471
471 473
473
476 478
478 479
479 481
481 482
482
485 486 487
486 487
487
494 495 496
495 496
496
499 500
500
508 509 510
509 510 511
510 511
511
517 519
519
522
525 526 527
526 527
527 529
529
534 535 536
535 536 537
536 537 538
537 538 539
538 539
539 541
541
544 545 546
545 546 547
546 547 548
547 548
548 550
550 551
551 553
553 554
554 556
556
559 560 561
560 561
561 563
563 565
565 567
567 568
568
571
576 577
577
583 584
584
588 589 590
589 590
590 592
592
595 596
596
599 600 601
600 601
601 603
603 604 605
604 605
605 607
607
611
614 616
616 618
618 619
619 621
621 622
622 623
623 625
625
628 629 630
629 630 631
630 631 632
631 632
632 634
634
638 640
640 641 642
641 642
642
653 654 655
654 655
655 657
657 658
658 660
660
664 665 666
665 666
666
669 670
670
673
680 682
682 683
683
685
688 689 690
689 690
690 692
692 693
693 695
695
698
701 702
702
706 707 708
707 708
708 709 710
709 710
710 712
712 713
713 715
715 717
717
720 722
722 723
723
729
734
737 738
738
741 742
742 744
744 745
745 747
747 749
749 750 751
750 751
751 753
753 754 755
754 755 756
755 756
756
763 764 765
764 765 766
765 766
766
769
774 775
775
779
782 783 784
783 784
784
787 788
788
793 795
795 796 797
796 797
797
800
803 804 805
804 805 806
805 806
806 808
808 809 810
809 810
810 812
812 814
814 816
816 817
817
821 822 823
822 823
823 825
825
829
832 833
833 835
835 836 918
836 837
837 839
839
842 844
844 845
845 847
847
850 852
852
855 856
856
862 863
863
867 869 937
869 871
871 873
873
877 879
879 881
881 882 883
882 883 884
883 884
884 886
886 888
888 889 890
889 890
890
896 897
897 899
899 900 901
900 901 902
901 902
902 904
904 906
906 908
908 910
910
913 915
915
918 919
919
924
927 928 929
928 929 930
929 930
930 932
932 934
934
937
939
942 943
943 945
945
949
956 957
957 959
959 961
961 962
962 964
964 965
965 967
967 969
969 970
970 972
972 973
973
977 978
978
982 983
983
986 987 988
987 988
988 990
990 992
992
995 996
996
999
