#naive2.0.py
# GMT Fri Feb 14 13:34:36 2020
# 
2
5 7
7
10
13
16 17
17 19
19 20
20
26
31 32 33
32 33 34
33 34 35
34 35
35 37
37
41 42 43
42 43 44
43 44 45
44 45
45 47
47 48
48
51 52 53
52 53
53 55
55
58
61 62
62 64
64 65
65
68 70
70 71 72
71 72 73
72 73
73
79 80 81
80 81 82
81 82
82 84
84
88 90
90 91
91
97 98 99
98 99
99
102 104
104 105 106
105 106
106 108
108 109 110
109 110 111
110 111
111
115 116 117
116 117
117 119
119 120
120
124 125
125
130 132
132 134
134 136
136 137
137
141
145
149 151
151
154 156
156
159
164 166
166 167 168
167 168 169
168 169
169
172 173
173
178 179
179
182 183
183 811
186 187 188
187 188 189
188 189
189 191
191
196
199 200
200 202
202 203 204
203 204 205
204 205
205 207
207 208 209
208 209
209
212 214
214
221 735
224 225
225
228 230
230 231
231
235 237
237 238
238 240
240 241 242
241 242
242
247
253
258 259
259
263 264 265
264 265 266
265 266 267
266 267
267
271
274 276
276
279
283 284 285
284 285
285
288
293 295
295 296 297
296 297 298
297 298
298
302 303 304
303 304 305
304 305
305 307
307
310
314
317
321
325 327
327 328
328
331
337 338 339
338 339
339
342 343
343 345
345
349
352 353
353
358 360
360 362
362 364
364 365
365
368 370 436
370 372
372
375 376 377
376 377
377
381
384
387 388
388 390
390
394 395
395 397
397 398 399
398 399 400
399 400
400
405 406
406 408
408 409
409
412
415 416
416 418
418 419
419 421
421
424
427 428
428
431
434 435 436
435 436 437
436 437
437 439
439
444 445 446
445 446 447
446 447 448
447 448
448
454 455
455
458 459 460
459 460
460
463 465
465 466 467
466 467 468
467 468
468
478 479
479
482 483 484
483 484 485
484 485 486
485 486
486
489 490 491
490 491
491 493
493 494
494
500
514 516
516
520 521 522
521 552
522
525 527
527 528 529
528 529 530
529 530
530 532
532
541 542
542 544
544 545 546
545 546
546
550 551 552
551 552 553
552 553 554
553 554 555
554 555
555
558 560
560 561 562
561 562 563
562 563 564
563 564 565
564 565
565 567
567
571
575 576 577
576 577
577
580
584 585
585 587
587 589
589 590
590
594 596
596
599 601
601
609 610 611
610 611
611
614 615
615
618 619
619
622
627 628
628 630
630 631 632
631 632
632 634
634 635
635
638
641
645 646 647
646 647 648
647 648
648 650
650 652
652 653 654
653 654
654 656
656 658 683
658 659 660
659 660 661
660 661 662
661 662
662 664
664 665 666
665 666 667
666 667
667 669
669 671
671 672
672
679 681
681 682 683
682 683
683
686 688
688 689
689
692 693 694
693 694
694
700 701
701
704
710
716 718
718 719
719 721
721
724 726
726 728
728 730
730
733 735
735 736 737
736 737 738
737 738
738
743 951
745
749 750
750 752
752 753 754
753 754
754
757 758 759
758 759 760
759 760
760 762
762 763
763 765
765 766
766 768
768
771 773
773 775
775 776 777
776 777 778
777 778
778 780
780 782
782
786 787 788
787 788
788 790
790 792
792 793 794
793 794 795
794 795 796
795 796 797
796 797
797
800 802
802 803 804
803 804
804
807
810 811
811
814 816
816 817
817 819
819
822 824
824 825
825 827
827 828 829
828 829
829
833 835
835
838 839
839
843 844 845
844 845
845
853
856 857
857
860 861
861 863
863 865
865 866
866 868
868 870
870 871
871
874 876
876 878
878
881 883
883 884
884 886
886 888
888 889 890
889 890
890
894 896
896
899 900
900
907
910 911
911
914 916
916
919
922
928 929
929
932 933 934
933 934
934
937
944 945
945 947
947 948
948 950
950 951 952
951 952
952
955 956
956
959 961
961 962
962 964
964 965
965
970 971
971
974 975
975 977
977 978
978 980
980 981
981 983
983 984 985
984 985 986
985 986 987
986 987 988
987 988 989
988 989 990
989 990
990
996
999
