#naive2.0.py
# GMT Fri Feb 14 13:34:32 2020
# 
2 3 4
3 4 5
4 5
5 6 7
6 7
7
10 12
12 13
13
16 18
18
26
36 38
38 39
39
51 52
52
59 60
60
72 74
74 75 76
75 76 77
76 77
77
80 81
81
84
87
91
97 98
98 100
100 101
101
105 106
106 108
108 109
109 111
111
114
120 122
122
126 128
128
131 132 133
132 133
133 135
135 136 137
136 137
137
140 142
142
145 146 147
146 147 148
147 148 149
148 149
149
155
159
162
165 166 167
166 167 168
167 168 169
168 169 170
169 170
170 172
172 174
174
178 179
179 181
181 183
183 185
184 185 186
185 186 187
186 187
187 189
189 190 191
190 191 192
191 192
192 194
194
197 199
199 200 201
200 201
201
204 206
206
209 211
211 212
212 214
214 215
215 217
217 219
219
222 223 224
223
224 226
226 228
228 230
230 231 232
231 232
232
237
242 243 244
243 244 245
244 245
245 247
247 249
249 250 251
250 251 252
251 252
252 254
254
258 259
259 261
261 263
263 264
264
272 273
273 275
275 276 277
276 277
277 279
279 281
281 282
282 284
284 286
286 288
288 289 290
289 290
290
295 296 297
296 297
297 299
299 301
301 302
302
305 306 307
306 307
307
310 312
312 314
314 315 316
315 316
316 318
318 320
320 322
322 323 324
323 324 325
324 325
325 327
327
330 332
332 333 334
333 334
334
338 339
339
342 343 344
343 344 345
344 345 346
345 346 347
346 347
347 349
349 351
351
355 357
357
363
369
374 375
375 377
377 379
379 381
381 382
382 384
384 385
385 387
387 389
389 390 391
390 391 392
391 392
392 394
394 395 396
395 396
396
399 401
401
405
408 410
410
414
419 420 421
420 421 422
421 422 423
422 423 424
423 424
424 426
426 427
427
430
436 437
437 439
439
442 443 444
443 444
444
449 450
450
457 458
458 460
460 461 462
461 462
462
465
469 471
471 472 473
472 473 474
473 474
474 476
476 477
477
481
484 485
485
488
493 495
495 496
496
501 502 503
502 503 504
503 504
504 506
506 507 508
507 508 509
508 509 510
509 510 511
510 511 512
511 512
512 514
514 515 516
515 516
516 518
518 519
519 521
521
522
529
534 536
536
541 542
542 544
544 545
545 547
547
551
555 556
556
561
565 566 567
566 567 568
567 568 569
568 569 570
569 570
570
573 574
574
579 581 972
580 581 582
581 582
582
587 589
589 591
591 592 593
592 593 594
593 594 595
594 595
595 597
597
602 604
604 605
605
613 614
614
618 619 620
619 620
620 622
622
627 628
628
631 632
632
637 639
639 640
640 642
642
646 648
648 649
649 651
651
655 657
657
665 666 667
666 667 668
667 668 669
668 669
669 671
671 672
672
677 678
678 680
680
685
688 689 690
689 690
690
693 694
694
697 698
698 700
700 702
702 704
704 705
705
708 709 710
709 710 711
710 711
711
717
721 723
723
726 727
727 729
729
732
737 738 739
738 739
739
744
748 749
749
754 756
756
761
765
770 772
772
779 780 781
780 781
781
785 786
786 788
788
791 792
792
795 797
797 799
799 800 801
800 801
801
804 805
805 807
807 808 809
808 809 810
809 810
810
813
816 818
818 820
820 822
822 823
823
826
834 835
835 918
837 838
838 840
840
849 850 851
850 851 852
851 852 853
852 853
853
856
859
862 863 864
863 864
864
870 872
872 874
874
878 880
880 882
882 884
884 885 886
885 886 887
886 887 888
887 888
888 889 890
889 890 891
890 891
891
894
900 902
902 904
904
910
918 920
920 921 922
921 922 923
922 923 924
923 924
924 926
926 927
927
930 931 932
931 932 933
932 933
933 935
935
940 941 942
941 942 943
942 943
943 945
945 946 947
946 947 948
947 948 949
948 949 950
949 950 951
950 951 952
951 952 953
952 953
953
956 957
957
960 962
962 964
964 965 966
965 966
966
970 972
972 974
974 975
975
978 980
980
985 987
987 988
988
992
995
998 999
999
