#naive2.0.py
# GMT Fri Feb 14 13:34:33 2020
# 
0 999 2 998
2 4
4 5 868
5 6
6 8
8 10
10 11 12
11 12 13
12 13 14
13 14
14 16
16
22 23 24
23 24
24
27 29
29 30
30 32
32 34
34
38 40
40 42
42
45
48 49
49
52 53
53
58 60
60 61 62
61 62 63
62 63 64
63 64 65
64 65 66
65 66 67
66 67
67
71
77 78
78 80
80
84 85
85
89 91
91 92 93
92 93 94
93 94
94
97 98
98
104 105 106
105 106 107
106 107 108
107 108 529
108
111 112
112
115 117
117 118
118 120
120 122
122 123 124
123 124
124 126
126 127 128
127 128
128
131 132 133
132 133
133 135
135 136 137
136 137 138
137 138
138 140
140
143 144 145
144 145 146
145 146
146 148
148 149 150
149 150 151
150 151
151
155
159 160
160
163 164
164
167 168 169
168 169 170
169 170 171
170 171 172
171 172 173
172 173 174
173 174 175
174 175
175 177
177 179
179 181
181 182
182 184
184
187 188 189
188 189 190
189 190
190
193
196
201 203
203
206 208
208
214
219
222 223 224
223 225
224 225
225
228 230
230 231 232
231 232
232
235 582
236 238
238
241
244 246
246
251
256
259
262 263 264
263 264
264
270
274 275 276
275 276
276 278
278 279
279
282
285 286
286 288
288 289
289 291
291 292 293
292 293
293 295
295 297
297 299
299 300 301
300 301
301
306 307
307
310 312
312 313
313 315
315 316
316
320
325
328 329
329 331
331
335
338 340
340
345
348
352 353 354
353 354 355
354 355
355 357
357 358
358 360
360
364
367 368 369
368 369 370 436
369 370
370
373 375
375 377
377 379
379 380
380
384
387 388 389
388 389 390
389 390
390
393 395
395
401 402
402
405
411
417 418 419
418 419 420
419 420
420 422
422 423 424
423 424 425
424 425
425 427
427
430 431
431 433
433 435
435 436
436
439
442 443 444
443 444
444 446
446
449
452 453
453 455
455 457
457
460 462
462 463 464
463 464
464
468 469 470
469 470
470
473
477
484 485 486
485 486 487
486 487
487 489
489 491
491
498 499 500
499 500
500
503 504 505
504 505 506
505 506 507
506 507
507 509
509 510
510 512
512 514
514 515
515 517
517 519
519
522
525 526
526
529
534
537 538 539
538 539
539
544 546
546 547 548
547 548 549
548 549 550
549 550 551
550 551 552
551 552 553
552 553
553
557 558 559
558 559
559 561
561 562
562 564
564
572 574
574 575 576
575 576
576
580 582
582 584
584 585 586
585 586 587
586 587
587
592 594
594 595
595
598
601 603
603 604 605
604 605
605
608 609 610
609 610
610 612
612
616
619
624 625
625
630 631 632
631 632
632
636 637
637 639
639
642 644
644 645
645 647
647 648
648 650
650 651
651
655 656 657
656 657 658
657 658 659
658 659
659 661
661 662 663
662 663
663
675
681
684 686
686 687
687 689
689 691
691
695 696
696 698
698 700
700 701
701
705 706
706
709
712
715 717
717 718
718
723 725
725
728 730
730 731 732
731 732
732 734
734 735
735 737
737
744
747
750 751
751
754
763 765
765 767
767 768
768
771 773
773
777
780 782
782 783
783 785
785 786 787
786 787
787
790 792
792
796 798
798
802 803 804
803 804 805
804 805
805
810 811
811 813
813 814
814
817 819
819
824 825 826
825 826 827
826 827
827
831 833
833 835
835
837 838 839
838 839
839 841
841 843
843
846 847
847
851
854 855 856
855 856
856
859
862 863 864
863 864 865
864 865
865
868 869
869
872 874
874 875
875 877
877
882 884
884
891 892 893
892 893
893
896 897 898
897 898
898 900
900 902
902 903
903
908 909
909
913 915
915
919
922
927 928 929
928 929 930
929 930
930 932
932 933
933
936 937 938
937 938
938 940
940 941
941
944
947 948 949
948 949 950
949 950
950
954
958
961 962
962
965 966 967
966 967 968
967 968 969
968 969
969 971
971 972 973
972 973
973
976
981 982
982
986
989 990 991
990 991
991
994 995
995 997
997 998 999
998 999
999
