#naive2.0.py
# GMT Fri Feb 14 13:34:32 2020
# 
1 2 3
2 3
3
11 13
13 15
15
20 22
22 24
24 25 26
25 26
26 28
28
31 33
33 35
35 36
36
39
42 44
44
52 53
53
56
64
68
71 73
73
77
80 81 82
81 82 83
82 83 84
83 84 85
84 85 86
85 86 87
86 87 88
87 88
88
93 95
95 96
96 97
97
101 103
103 104
104
107 108 109 529
108 109
109
116 117
117 119
119 121
121 122
122 124
124
128
132 134
134
137 139
139 141
141
144 145
145 147
147
152 153 154
153 154
154
164 166
166 167
167
170 171
171
176 177 178
177 178
178
181 182 183
182 183
183 185 811
185
189 190 191
190 191
191
194 195
195
198
203 205
205
208 209 210
209 210
210 212
212 213
213 215
215 217
217 218
218 220
220 221
221 735
225 227
227 228 229
228 229
229
232
236 237 238
237 238
238 240
240 242
242
248 249 250
249 250
250 252
252
260 261
261 263
263 264
264 266
266 267 621
267
274 275 276
275 276 277
276 277
277
282 283 284
283 284
284 286
286
289
293 295
295 297
297 299
299 301
301 302 303
302 303
303 305
305 306
306 308
308 309
309 311
311
316
322 323
323 325
325 326 327
326 327
327
330 332
332 333
333
336
340
345
348 349
349 351
351
354 355 356
355 356
356
362 363
363 365
365 366
366
370
373
378 379 380
379 380 381
380 381
381 383
383 385
385 387
387 388
388 390
390
395 396 397
396 397 398
397 398
398 400
400 401
401 403
403 404
404 406
406
409 410
410
415 417
417 418
418 420
420 422
422 423 424
423 424
424 426
426 427 428
427 428
428 430
430
433 434
434
438 440
440
443
446 447 448
447 448
448
451 452 453
452 453
453 455
455 456 457
456 457
457
462 463 464
463 464 465
464 465 466
465 466 467
466 467 468
467 468 469
468 469
469
473 474 475
474 475 476
475 476
476 478
478
481 482
482
488 490
490 492
492 493 494
493 494
494 496
496 497 498
497 498
498
505
508 510
510 511 512
511 512
512
516 518
518 520
520
525
528 529
529
533
537
542
548 549
549
552 554
554 555 556
555 556 557
556 557 558
557 558
558 560
560 561
561
564
567 568
568
571 572
572 574
574 576
576 578
578
581 583
583
587 588
588 590
590 591 592
591 592 593
592 593
593 595
595
601 602 603
602 603
603
606 608
608
621 622
622 623
623 625
625 626
626 628
628 630
630 631 632
631 632
632 634
634
637 638 639
638 639
639
643 644
644
647
650 651 652
651 652 653
652 653 654
653 654
654 656
656 657
657
660
666 667 668
667 668 669
668 669
669
675 676 677
676 677 678
677 678
678 680
680 681
681
686 687 688
687 688
688
691 693
693 694
694 696
696 697 698
697 698
698
702 703
703
706 707 708
707 708
708 709
709
712 713
713
716
719
722 723
723 725
725 726
726 728
728
731
735 736
736
740 741 742
741 742 743
742 743 744
743 744 951
744
748 749
749
753 754
754
757 758
758
761 763
763 764
764
767 768
768 770
770 772
772
775 776
776 778
778
781 783
783 784
784
790
793 795
795 797
797
800
803 804
804 806
806 808
808 810
810 811
811 813
813
816
822 824
824 825
825
828 829 830
829 830
830 832
832
836 837 838
837 838 839
838 839 840
839 840
840
843
847 848
848 850
850 852
852 854
854 855 856
855 856
856
860 861
861 863
863
867 869 937
869 870 871
870 871
871
874 876
876 877 878
877 878
878
881 883
883 884
884
888 889 890
889 890
890
895
898 899
899
903
908 909 910
909 910 911
910 911
911
916 917 918
917 918
918
921 922 923
922 923
923
928 929
929
932
937
940 941 942
941 942 943
942 943 944
943 944 945
944 945 946
945 946
946 948
948 950
950 951 952
951 952
952 954
954
957
960
964
967 968
968 970
970 972
972 973 974
973 974
974 976
976 977 978
977 978
978
982 983
983 985
985
989 990
990
996 997
997
