#naive2.0.py
# GMT Fri Feb 14 13:34:33 2020
# 
0 999 2
2 3
3
6 7 8
7 8 9
8 9
9 11
11 12
12 14
14 15
15 17
17 18
18
21 22
22
25
30 32
32 33
33 35
35 36
36 38
38 39
39
44
50
54 55 56
55 56 57
56 57 58
57 58
58 60
60
66 68
68 69
69
75 77
77 79
79 81
81
86
91
96 97 98
97 98 99
98 99 100
99 100
100
105 106 107
106 107 108
107 108 109 529
108 109 110
109 110
110
114 115
115
119 121
121 122 123
122 123
123 887
126 128
128 129
129 131
131 133
133 134
134
137 138 139
138 139
139 141
141
144 145 146
145 146 147
146 147
147 149
149 150
150
153 155
155
158 160
160 162
162 163 164
163 164 165
164 165
165 167
167 169
169
178 180
180 181
181
185
189 191
191 192
192 194
194 196
196
199
207
210 211 212
211 212 213
212 213
213 215
215 216
216
219
223 225 429
225 226
226
229 230 231
230 231
231 233
233
237
242 243
243 245
245 246 247
246 247
247 249
249 250 251
250 251 252
251 252
252 254
254 255 256
255 256
256
259 260 261
260 261
261
264 266
266 268 621
268 269
269 271
271 272
272 274
274
277 278
278 280
280
283 285
285 286
286 288
288
291 292 293
292 293 294
293 294 295
294 295
295 297
297
304 306
306 307
307
311 312
312
318 319
319 321
321 322 323
322 323 324
323 324
324
327 328
328
332
338 339
339
345 346
346 348
348 349 350
349 350
350
353 354
354
357
362 363 364
363 364
364 366
366 367
367
370 371 372
371 372 373
372 373 374
373 374
374 376
376 377
377 379
379 380
380 382
382 383
383 385
385
388 389
389 391
391 393
393 394
394
397 398 399
398 399
399
402
405
409 411
411 412 413
412 413
413 415
415 416 417
416 417
417 419
419 420 421
420 421
421
426 427 428
427 428 429
428 429
429 431
431 432 433
432 433
433 435
435 436 437
436 437
437
440 441 442
441 442
442 444
444 445
445 447
447 448 449
448 449
449 451
451 452 453
452 453
453
456 458
458 459 460
459 460 461
460 461
461 463
463
467 469
469
472
475
478
482 484
484 485
485 487
487 489
489 490 491
490 491 492
491 492
492
497 499
499 500 501
500 501
501
504
509 510
510 512
512
515 516
516 518
518 519
519 521
521
522 524
524
528 529
529
532 533
533 535
535
538 539
539
544 546
546 548
548
554 556
556 557 558
557 558 559
558 559 560
559 560
560
564
568
572 573
573 575
575 576 577
576 577 578
577 578
578
584 585
585
591 593
593
596 597
597
602 604
604
609 611
611 613
613 614
614
620 621
621
624 625
625 627
627
630 632
632 633 634
633 634
634
638 640
640 641
641
645
648 649 650
649 650
650
654 656
656 657 683
657 659
659 660
660
663 665
665
669
672 673 674
673 674
674 676
676 678
678 679
679 681
681 682 683
682 683 684
683 684
684
689 690
690 692
692
695 696
696 698
698 699
699 701
701 702
702 704
704 705
705
708 709 710
709 710
710
713 714
714 716
716 717
717
720 721
721 723
723
726
729 731
731 732
732 734
734
738
743
746 747 748
747 748
748 750
750 752
752 754
754 755
755 757
757 758
758 760
760 761
761 763
763 764
764
767
770 772
772 773 774
773 774 775
774 775
775
781
784
790 791 792
791 792
792 794
794 795
795 797
797
800
806 807 808
807 808 809
808 809
809 811
811 812
812 814
814 815
815 817
817
820 822
822 823
823
826 827 828
827 828
828 830
830 831 832
831 832
832 834
834 835
835
838
848 849
849
855 856 857
856 857 858
857 858 859
858 859 860
859 860 861
860 861
861
864
868 869
869
873
876 878
878
881 883
883 884
884
887
892 894
894 895 896
895 896 897
896 897 898
897 898 899
898 899
899
903
906 907 908
907 908 909
908 909
909
920 922
922 924
924 925 926
925 926
926
931 932
932 934
934
938
941 942 943
942 943 944
943 944
944
947 948 949
948 949
949
953
956 958
958 960
960 962
962 964
964 965 966
965 966
966 968
968 970
970 971 972
971 972
972 974
974 976
976
981
985
990 991
991
997 999
999
