#naive2.0.py
# GMT Fri Feb 14 13:34:28 2020
# 
1 2
2 4
4 868
10 12
12 13
13
17 18
18 20
20
24 25 26
25 26
26 28
28 29 30
29 30 31
30 31
31
34 35 36
35 36
36
40 41 42
41 42
42
45 47
47
51 53
53 54 55
54 55
55
60 61
61
64
67 68
68
71
79
82
87 88
88 90
90 92
92 93 94
93 94 95
94 95
95
99 101
101 102 103
102 103
103
106 107 108
107 108 109 529
108 109 110
109 110
110
119 120
120
123 124 125 707 887
124 125 126
125 126
126 128
128 129
129 131
131
136
140 141
141 143
143 144 145
144 145
145 147
147 148
148
153 154
154
157
161 163
163
166 168
168 169 170
169 170 171
170 171 172
171 172
172
175 176
176 178
178 180
180
183 185 811
184 185
185
193
196 198
198
202 204
204 206
206 207
207
210 211
211 213
213 214 215
214 215 216
215 216 217
216 217 218
217 218
218 220
220
223 225 429
225 226
226
233 234
234
237 239
239 241
241 242
242
245 247
247
251 252 253
252 253 254
253 254
254 256
256
262
265 267
267
273 274
274
277 278
278 280
280 281
281
284 285
285 287
287
291 292
292 294
294
297 299
299
302
305 306
306 308
308 309
309
313 314
314 316
316 317
317 319
319 320
320
323
326
332 333 334
333 334 335
334 335 336
335 336 337
336 337
337
340 341
341
345 347
347 348
348
351 352
352 354
354 355
355
360 361 362
361 362 363
362 363
363 365
365 367
367 368
368 436
377
382
385
391 392
392 394
394 395
395 397
397
401 402 403
402 403
403
407 408 409
408 409
409
414 415 416
415 416
416
419 420
420 422
422 423 424
423 424
424
429 430
430
436 437
437 438 439
438 439 440
439 440 441
440 441 442
441 442
442 444
444 445
445
448 450
450
455
460 461
461
464
468 469
469
472 473
473 475
475 477
477 479
479 481
481
484 485 486
485 486
486 488
488 489 490
489 490 491
490 491 492
491 492 493
492 493 494
493 494
494 496
496 498
498
501 503
503
506
509 511
511 512 513
512 513 514
513 514 515
514 515
515 517
517
527 529
529 530
530 531 532
531 532
532 534
534 536
536
539 541
541 542
542 544
544
548 550
550
553
557
567
570 571 572
571 572
572
579 972
586
589 590
590
593 594 595
594 595 596
595 596 597
596 597 598
597 598
598 600
600 601 602
601 602 603
602 603
603 605
605 606 607
606 607 608
607 608
608
613
617 618 619
618 619 620
619 620
620
623 625
625
631
634
638 640
640 642
642 644
644
647 648
648
651
654
659
663 664 665
664 665 666
665 666 667
666 667
667 669
669 671
671
677
680 681
681
687 689
689 691
691 692 693
692 693
693
699 700 701
700 701
701
705 707
707 708
708 709 710
709 710
710 712
712 713
713
716 717
717 719
719
724 725 726
725 726 727
726 727 728
727 728
728
731
740 741 742
741 742
742 744
744 745 746
745 746 747
746 747 748
747 748 749
748 749 750
749 750 751
750 751 752
751 752
752 754
754
758 759
759 761
761 763
763 764
764 766
766 767 768
767 768 769
768 769 770
769 770
770 772
772
775 776 777
776 777 778
777 778 779
778 779
779
782
785 786 787
786 787
787
790 792
792
795 797
797
800
803 804
804 806
806 808
808 809
809 811
811
814 815 816
815 816
816 818
818 819
819 821
821
824
827 828
828
831 832
832 834
834 835 836
835 836
836 838
838 840
840
843 844
844
853 854
854 856
856 857
857 859
859
864 865
865 867
867 868 869
868 869
869
872 873 874
873 874 875
874 875
875
878 880
880 881 882
881 882 883
882 883
883
886 887
887
889 890 891
890 891 892
891 892
892 894
894
897
900 901 902
901 902
902
905 906
906 908
908 910
910
914 915
915 917
917
920 921 922
921 922
922
929 930 931
930 931 932
931 932
932 934
934
940 941 942
941 942
942
945
948 949 950
949 950 951
950 951
951
959 960
960
963
967 968
968 970
970 972
972 974
974 975
975
979 980 981
980 981
981
987
994 995
995
998
