#naive2.0.py
# GMT Fri Feb 14 13:34:29 2020
# 
0 1 999 2
1 2 999
2
6 8
8 9 10
9 10 11
10 11 12
11 12
12 14
14 15
15 17
17
20 21 22
21 22 23
22 23 24
23 24 25
24 25 26
25 26 27
26 27
27 29
29
36 38
38 39 40
39 40
40
45 47
47
50 51
51 53
53 54 55
54 55
55 57
57 58
58
63
69 70
70 72
72 73 74
73 74 75
74 75 76
75 76 77
76 77 78
77 78 79
78 79 80
79 80
80 82
82 83
83
87
90
94 96
96 97 98
97 98
98
101 103
103 104
104
108 109 110
109 110 111
110 111
111
114 116
116
119 121
121 123
123 124 707
124 126
126 127
127 129
129 131
131 133
133
136 137
137 139
139 141
141
144 145
145 147
147
151 152
152 154
154 155 156
155 156
156
160 161 162
161 162 163
162 163
163
166 168
168 169 170
169 170
170
173 174
174
177 178
178
181
184
188 189
189
192
202 204
204 205
205 207
207
210 212
212 213
213 215
215 216
216
219 220 221
220 221
221 735
224 225 226
225 226
226 228
228
231
236 237
237 239
239 240
240 242
242
246
251
258 259 260
259 260 261
260 261
261
265 266 267
266 267 268 621
267 268 269
268 269
269 271
271
276 277
277
280 281 282
281 282 283
282 283
283 285
285 286
286 288
288 290
290 291
291 293
293 294
294
297 298 299
298 299 300
299 300 301
300 301
301 303
303 304
304
307
312 313
313 315
315 316 317
316 317
317 319
319 320
320
323 325
325
328 330
330 332
332 333
333 335
335
338 340
340
345 346
346 348
348 350
350
358 360
360 361
361
364
374 376
376 377
377
381 382
382 384
384 385
385
388 389
389 391
391 393
393 395
395
401 403
403 404
404 406
406 408
408
411 413
413 414
414
418 419 420
419 420
420 422
422 423
423 425
425 426
426 428
428 429 430
429 430
430
433 434 435
434 435
435 437
437
440 441 442
441 442
442
446 447
447 449
449
454
457 459
459 461
461 462
462
467 468
468 470
470 472
472
476
480
484
491 492
492
496 498
498 499
499 501
501 502
502
508 509 510
509 510 511
510 511 512
511 512
512 514
514 515
515
518
523 524
524
529 530
530 531 532
531 532 533
532 533
533
537 539
539 540
540
544 545
545
549
553
556 558
558 560
560
564 566
566 567 568
567 568
568 570
570 572
572 573
573 575
575 576
576 578
578
581 583
583 584
584
587 588 589
588 589
589
592
595 596 597
596 597
597
601 602
602 604
604 606
606 607 608
607 608
608 610
610 611
611 613
613 615
615 617
617 619
619 620 621
620 621 622
621 622
622 624
624 625
625
632 633
633 635
635 637
637 638 639
638 639 640
639 640
640
643 645
645
650 652
652
655 656
656 683
660 662
662 663 664
663 664 665
664 665 666
665 666 667
666 667 668
667 668 669
668 669
669 671
671 673
673
676 677 678
677 678
678 680
680 681
681 683
683
686 687 688
687 688 689
688 689
689
692 693
693
700 701 702
701 702 703
702 703
703 705
705 707
707
711
714 716
716 717
717
720
723 725
725 726
726
732 733 734
733 734 735
734 735
735
738 739
739
744 745
745 747
747 749
749
752 754
754 755
755 757
757 758
758
761 762
762
765 766 767
766 767
767 769
769 770 771
770 771
771
775 776 777
776 777 778
777 778 779
778 779
779
783
786 787 788
787 788 789
788 789
789 791
791
794 796
796 797 798
797 798
798 800
800
803
806 808
808 809 810
809 810 811
810 811 812
811 812 813
812 813
813 815
815 817
817 818 819
818 819
819
824
829 830
830
833 835
835 918
837 838
838
841 843
843 845
845
848 849 850
849 850 851
850 851
851 853
853 854
854 856
856
860
863 864
864
868 869
869
875 876 877
876 877 878
877 878
878 880
880 881 882
881 882
882
885
888 889
889 891
891 892
892
896
902
907 908 909
908 909 910
909 910 911
910 911 912
911 912
912
916 917 918
917 918
918
921
930 932
932 934
934 935 936
935 936
936
939 940
940 942
942 944
944 945 946
945 946 947
946 947 948
947 948
948 950
950
954 956
956 957
957
960 962
962 963
963 965
965 966 967
966 967
967 969
969
972 973
973
976
979 980
980
985
988 990
990 992
992 993 994
993 994
994
999
