#naive2.0.py
# GMT Fri Feb 14 13:34:30 2020
# 
1
6 7 8
7 8
8
12 13
13
16
20 21 22
21 22 23
22 23
23 25
25
28
31 32 33
32 33 34
33 34
34 36
36
45 46
46 48
48 49 50
49 50
50
54
57
63
66
70 71
71
76 77 78
77 78
78 80
80 82
82 84 636
84
88 89
89
92 93
93
96
99 100
100 102
102
105
112 114
114
118
121 123
123 124 125 707 887
124 125
125
129
132 134
134
137 138 139
138 139
139 141
141
145 146 147
146 147
147
153 154
154
157 159
159 160
160 162
162 164
164 165
165
168
173
176
179 180
180
189
195 197
197 198
198
202 204
204 205 206
205 206
206
211 212
212
216 218
218 220
220 221 222
221
222 224
224 225
225 227
227
230 231 232
231 232 233
232 233
233
239 240 241
240 241
241 243
243 244
244 246
246 247 248
247 248 249
248 249 250
249 250
250 252
252
255 257
257 258 259
258 259 260
259 260 261
260 261 262
261 262 263
262 263
263 265
265
268 269
269
274
281 282
282
286 288
288 289
289
294 296
296
299
304 306
306 307 308
307 308
308
311 312 313
312 313
313
318 319 320
319 320 321
320 321
321 323
323 324 325
324 325 326
325 326
326
330 332
332
336 337 338
337 338 339
338 339
339 341
341 342
342 344
344 346
346 347
347
350 352
352 353
353
356
361 363
363 364 365
364 365 366
365 366
366
369
373
376
385 386
386
389 390 391
390 391 392
391 392
392
397
400 401
401
404
407 409
409 410
410 412
412
416 418
418 419 420
419 420 421
420 421
421
425 426 427
426 427
427 429
429
441 443
443
448 450
450
454 455 456
455 456
456 458
458 459 460
459 460 461
460 461 462
461 462
462
470 472
472 473 474
473 474 475
474 475
475
478 479
479 481
481 483
483
486 487 488
487 488
488 490
490 491
491
497 499
499
502 503 504
503 504 505
504 505
505
510
513 515
515
518
521
522
526 528
528 529 530
529 530
530 531 532
531 532 533
532 533
533 535
535 537
537 538
538
541 543
543
550 551
551 553
553 554
554 556
556 557
557 559
559
562 563 564
563 564 565
564 565
565 567
567 568
568
571 572 573
572 573
573
582
589 590 591
590 591 592
591 592
592
595 597
597 598 599
598 599
599 601
601 602
602
608
611
614 615
615
618 620
620
623 624 625
624 625
625 627
627 628
628 630
630 631 632
631 632 633
632 633 634
633 634
634 636
636 637
637 638
638 640
640 641
641
644 646
646
651
655 656 657
656 657 658 683
657 658
658 660
660 661
661 663
663 664
664 666
666
671 672 673
672 673
673
677
682 683
683
685
688 689 690
689 690
690 692
692 693
693
699 700 701
700 701
701 703
703 705
705 707
707
709 711
711 712
712 714
714
717 718
718
734 736
736 737
737
742 743 744
743 744 951
744 746
746 748
748
751
754 755 756
755 756
756 758
758 759 760
759 760
760
763 765
765 767
767 769
769 770
770
774
779
782 783
783 785
785 787
787 789
789 791
791
797 798
798
801
804 806
806 807
807
810 811 812
811 812
812 814
814 815
815 817
817 818
818 820
820
823 825
825 827
827 829
829 830 831
830 831 832
831 832 833
832 833 834
833 834
834
837
840 842
842 843 844
843 844
844
848 849 850
849 850 851
850 851
851 853
853 855
855 857
857
860 861
861
866 868
868
871 873
873 874
874
878 879
879
883 885
885 886 887
886 887
887
889 890 891
890 891
891 893
893 895
895 896 897
896 897 898
897 898 899
898 899 900
899 900
900 902
902
905 907
907 909
909 911
911 912 913
912 913 914
913 914
914 916
916 917
917
922 924
924 925
925
929 930 931
930 931 932
931 932 933
932 933
933 935
935 936 937
936 937
937
943 945
945 946
946
951 953
953 954
954 956
956 957
957
960 961
961
968 970
970 972
972 973 974
973 974
974 976
976 977 978
977 978
978
984 986
986 987
987
991 992
992 994
994 995 996
995 996 997
996 997 998
997 998
998
