#naive2.0.py
# GMT Fri Feb 14 13:34:32 2020
# 
0 1 999
1 3 999
3 4 5
4 5
5 6
6
10 11
11
15
24 26
26 27 28
27 28
28 30
30 32
32
37 39
39
42 43 44
43 44 45
44 45
45
49
52
57 58 59
58 59
59
62
65 66
66
69 70 71
70 71
71 73
73 74
74
77 79
79
83
87 89
89
92
95 585
99 100 101
100 101
101 103
103 105
105
109 111
111 112 113
112 113
113 115
115 117
117 118
118 120
120 122
122 123 124
123 124 887
124
127 129
129 130 131
130 131
131
134 136
136 138
138
143 144
144 146
146 147
147
154 156
156 158
158 160
160 162
162
165 166
166 168
168 169
169
172 173 174
173 174
174
180 181 182
181 182 183
182 183 184
183 811
184
187 188 189
188 189
189 191
191
195 196
196
200 202
202 203 204
203 204
204 206
206 208
208 210
210 212
212 213
213
216 217 218
217 218 219
218 219
219 221
221 735
224 225 226
225 226
226
229 230
230 232
232 234
234
237
243
247
253 254
254
259 260 261
260 261
261 263
263 265
265 266 267
266 267 268 621
267 268 269
268 269 270
269 270
270
274 275
275 277
277 278
278 280
280
286 287
287
297 299
299 300
300
303 304
304 306
306 307 308
307 308
308
311 313
313 315
315 317
317 318 319
318 319 320
319 320 321
320 321 322
321 322
322 324
324 325 326
325 326 327
326 327
327
331 332
332
337 339
339 340
340 342
342 343
343 345
345 347
347 348
348
351 352
352
356 358
358
368 369
369 371
371 372 373
372 373
373 375
375 376
376 378
378 379
379 381
381 383
383 384 385
384 385
385 387
387 389
389 390
390
394 395
395
398 400
400 401
401
409 411
411
415 416
416 418
418 419
419
427
430 431
431 433
433 434
434
438
441 443
443 445
445
450 451 452
451 452
452 454
454
457
461
464 465
465
469 471
471
474 475
475 477
477 479
479
482
488 490
490 492
492 493 494
493 494
494 496
496 497 498
497 498 499
498 499
499 501
501
505 507
507 508
508
511 512 513
512 513
513
516
521
524 525
525
530
537
541
545 546
546
549
553 554
554 556
556 557
557
561
565 566 567
566 567
567 569
569 570 571
570 571 572
571 572
572 574
574 575 576
575 576 577
576 577
577
582 583
583 585
585 586
586
590 591
591
595 596 597
596 597 598
597 598 599
598 599 600
599 600
600
603 604
604 606
606 608
608 610
610 612
612 613 614
613 614 615
614 615 616
615 616 617
616 617 618
617 618
618 620
620 621
621
623 624
624
627 628
628
631 632
632
639
643 644
644
647 649
649
654
659
664 665 666
665 666 667
666 667 668
667 668 669
668 669
669
672
677 679
679 680
680
683
688 689 690
689 690
690
697 699
699
702 703 704
703 704
704
708 710
710 712
712
715 716 717
716 717
717 719
719 720 721
720 721 722
721 722
722 724
724 725
725
729 731
731 733
733 735
735 736 737
736 737 738
737 738
738 740
740 741
741
745 746
746
753 755
755 756 757
756 757
757 759
759
762 763
763
766 767 768
767 768 769
768 769
769 771
771 772
772
777
780
783 784 785
784 785 786
785 786 787
786 787
787
793 794
794
800
803 804
804 806
806 807
807
810 811 812
811 812
812 814
814 815
815
818 819
819
823 824
824
828
831
834 835
835
838
841 842
842
845
852
857
860 862
862 863
863
872
875 876
876 878
878
884 886
886 887 888
887 888
888
892 893
893 895
895 896
896
903 905
905 906 907
906 907 908
907 908
908
911
916
923
926 927
927 929
929 930 931
930 931 932
931 932 933
932 933
933
937
942 944
944
950 951
951
954
958 959
959 961
961 963
963 964
964 966
966 967 968
967 968 969
968 969
969
973 975
975 977
977 978
978 980
980
983 984 985
984 985
985 987
987
991 992
992 994
994 996
996 997
997 999
999
