#naive2.0.py
# GMT Fri Feb 14 13:34:35 2020
# 
5
9 11
11 13
13
19 20
20
23
26 28
28
35
41
47 48 49
48 49 50
49 50 51
50 51
51 53
53
56 57 58
57 58
58 60
60 61
61
66 67
67
70 72
72 74
74
78
81
86
92
96
101 102 103
102 103 104
103 104
104 106
106 108
108 109
109 111
111 112 113
112 113
113 115
115 117
117
121 123
123 887
129 130 131
130 131 132
131 132
132 134
134 135
135
141 143
143 144 145
144 145 146
145 146 147
146 147 148
147 148 149
148 149
149
154
159 160 161
160 161 162
161 162
162 164
164 166
166 167
167 169
169 170 171
170 171
171 173
173 174
174
177 178
178
182 184
184
187 188 189
188 189 190
189 190
190 192
192 193
193 195
195 196 197
196 197 198
197 198 199
198 199
199 201
201
204 205
205
210
214 216
216 217
217 219
219 221
221 223
223
227
230
234 236
236 237 238
237 238
238
245 247
247 248
248
253 255
255
258 259
259 261
261 263
263 264 265
264 265
265 267
267
273 274 275
274 275
275 277
277 278
278 280
280
287 289
289 290
290
293 295
295 296
296 298
298
301 302
302 304
304 305
305 307
307 309
309 311
311 313
313 315
315 316
316 318
318
324
327
330 332
332 333
333
336 338
338 339
339 341
341 342
342 344
344 345
345 347
347 349
349 351
351
354 356
356
359
363 365
365 366 367
366 367 368
367 368 369
368 369 436
369
373 374
374
378
383 384
384
387 388
388
392 394
394 396
396
399 400
400 402
402 403
403
406
409 410
410
414
417
426 427 428
427 428
428 430
430 432
432 433
433
436
439 441
441
444
448 449 450
449 450 451
450 451
451
455 456 457
456 457
457 459
459 461
461
465
468 469
469 471
471 472 473
472 473 474
473 474
474
477 479
479 480
480 482
482 483 484
483 484
484 486
486 487 488
487 488 489
488 489 490
489 490
490
495
499
502 503 504
503 504
504
509 510 511
510 511
511 513
513 514
514
517
524
530
534 535
535
541 543
543
546 547
547
553 554
554 556
556 557 558
557 558
558 560
560
564 565 566
565 566 567
566 567
567 569
569 570
570
574
577 578 579
578 579
579 972
582 583 584
583 584
584
588 589
589
592 593 594
593 594
594 596
596 597 598
597 598 599
598 599
599 601
601
604 605
605 607
607
612
615 616 617
616 617
617
621 622
622
630 631
631
638
641 642 643
642 643 644
643 644 645
644 645
645
650 651
651 653
653 654
654 656
656 658
658 659 660
659 660
660 662
662 663 664
663 664 665
664 665 666
665 666
666
671 672 673
672 673
673
677
681 682
682
687
693
696 697
697
701
706
709 711
711 712 713
712 713
713
717 718 719
718 719
719
722 724
724 726
726 727
727 729
729
736
739
743 744
744 745 746
745 746
746 748
748 749 750
749 750
750
754 756
756
759 761
761 762 763
762 763
763 765
765 767
767 768 769
768 769 770
769 770
770
775 776
776
779 780 781
780 781
781
784
787 789
789 791
791 792 793
792 793 794
793 794
794
798 799
799 801
801 802
802 804
804 805 806
805 806 807
806 807 808
807 808
808 810
810 812
812 813 814
813 814 815
814 815
815 817
817 819
819
824 825
825
829 831
831
834 835 836
835 836 918
836 837 838
837 838 839
838 839 840
839 840 841
840 841
841 843
843
847 849
849 851
851
858 860
860
863 864 865
864 865
865 867
867 868 869 937
868 869
869
872 874
874 876
876
880
884 885 886
885 886 887
886 887
887
889 890
890
893 895
895
898
901 902 903
902 903
903
907
911 912
912 914
914 915
915
918 920
920 921 922
921 922
922
926
929 930
930 932
932 933 934
933 934 935
934 935
935 937
937 938
938 940
940 941
941
944 945 946
945 946 947
946 947
947
950 952
952 953 954
953 954
954
958 959
959
965 966 967
966 967 968
967 968 969
968 969 970
969 970
970 972
972
977 978 979
978 979
979 981
981
984 985
985
989 991
991 992
992 994
994
997 998 999
998 999
999
