#naive2.0.py
# GMT Fri Feb 14 13:34:35 2020
# 
1 2 3
2 3 4
3 4 5
4 5
5 6 7
6 7
7 9
9 11
11 12 13
12 13 14
13 14 15
14 15
15
19 20
20 22
22 23
23 25
25
28
31 32 33
32 33 34
33 34 35
34 35
35
40
43 44
44 46
46 47 48
47 48
48
51 53
53 55
55 56
56
62
66 67 68
67 68
68 70
70 72
72 73 74
73 74 75
74 75 76
75 76 77
76 77
77 79
79
83
87
93 94
94 96
96 97
97 99
99 100
100 102
102
106
109
112 113
113 115
115 116 117
116 117
117
121 122
122 124
124 125
125
128 129 130
129 130 131
130 131 132
131 132
132
135 137
137 139
139 141
141 143
143 145
145 146 147
146 147
147
152
155 157
157 158 159
158 159 160
159 160
160 162
162 164
164 166
166 167
167 169
169 171
171 172 173
172 173 174
173 174
174 176
176
179 180
180
185 186
186
190 191
191
194 195
195 197
197
202 204
204
207 208
208 210
210 212
212
216 217 218
217 218
218 220
220 222
222
226
229 231
231 232
232
236 238
238 240
240 241 242
241 242
242
245 246
246
250 251
251
256 257 258
257 258
258
262
276 277
277
280
284 285
285
288 289
289 291
291 292 293
292 293 294
293 294
294
298 300
300 301 302
301 302
302 304
304 305 306
305 306 307
306 307 308
307 308
308 310
310 311
311
316 318
318
321 322 323
322 323 324
323 324 325
324 325
325
329 330
330 332
332
335 336
336 338
338 340
340
343 344 345
344 345 346
345 346
346
349 350 351
350 351
351
354 355 356
355 356 357
356 357 358
357 358
358 360
360
363
366
369 370
370
382 383
383
387 388
388 390
390 392
392
395 397
397 399
399
404 406
406 407 408
407 408 409
408 409 410
409 410 411
410 411 412
411 412
412
419
423
426 428
428 429
429 431
431 432 433
432 433 434
433 434 435
434 435 436
435 436
436
438 439 440
439 440 441
440 441
441 443
443 444
444
450 452
452
456 457
457 459
459
462 464
464 465 466
465 466
466
470
476
487 488 489
488 489 490
489 490
490
496 497
497
502 504
504
511
515 516 517
516 517 518
517 518
518 520
520 521
521 523
523 524 525
524 525 526
525 526
526 528
528
534 535
535 537
537 538 539
538 539
539 541
541
544 545 546
545 546 547
546 547 548
547 548
548
551 553
553 554 555
554 555
555
560
567
576
579 972
582 583
583
586
589 590 591
590 591 592
591 592 593
592 593 594
593 594
594 596
596 598
598 600
600 601
601 603
603
606
609 611
611 612
612
616 617
617
620 621 622
621 622
622 623
623
626 628
628
632
636 637
637
641
646
649
652 653
653
658 660
660 662
662
665 667
667
675 676 677
676 677 678
677 678
678
684
687 689
689 691
691
695 696 697
696 697
697
700 701
701 703
703 704 705
704 705 706
705 706 707
706 707 708
707 708
708 709
709 711
711 712 713
712 713 714
713 714
714 716
716
719 720
720
723
729
732 733
733
738 739 740
739 740
740 742
742 743
743 951
751 753
753 755
755 757
757 758 759
758 759
759
765 766
766 768
768 769
769 771
771 772
772 774
774 775 776
775 776 777
776 777
777 779
779 780
780
784 785
785
790 791
791 793
793
799
803 804 805
804 805 806
805 806 807
806 807 808
807 808
808
811 812 813
812 813 814
813 814
814 816
816 817
817 819
819 820 821
820 821 822
821 822
822 824
824
827 829
829 830
830
834
837 838 839
838 839
839
842 843
843 845
845 846
846
850 852
852 854
854 855 856
855 856
856 858
858 859
859
862 864
864 865 866
865 866 867
866 867
867
870
873 874 875
874 875
875 877
877 878
878
881 882 883
882 883 884
883 884
884
889 890 891
890 891
891
897
900
907 908
908
913 915
915
920 921
921 923
923
926 927
927
930
933 934 935
934 935
935
938 939 940
939 940 941
940 941
941 943
943 944
944 946
946
949 951
951 953
953
958 959 960
959 960
960 962
962
967 968
968 970
970 971 972
971 972
972
976 978
978
981 982
982
987 989
989
992 993
993
997 998
998
