#naive2.0.py
# GMT Fri Feb 14 13:34:34 2020
# 
2 4
4 5
5 6 7
6 7
7
10 11
11 13
13 15
15 17
17 19
19
25
29 30 31
30 31
31 33
33
36 38
38
42 44
44 45
45
49 50
50
54 56
56 58
58
62
69 71
71 73
73 74
74 76
76 78
78 79 80
79 80
80
85 86 87
86 87 88
87 88
88
91 92
92
96 97
97 99
99
103 105
105
111 113
113
117 119
119 120
120 122
122
129 130
130 132
132 133
133 135
135 136
136 138
138 140
140 142
142 144
144 145 146
145 146 147
146 147 148
147 148 149
148 149
149 151
151
154
159 160 161
160 161
161
165 167
167 168 169
168 169 170
169 170
170
176 178
178 179 180
179 180 181
180 181 182
181 182 183
182 183
183 811
189 190
190
194 195
195 197
197
201 203
203
206 208
208 210
210 211
211 213
213
216 218
218 220
220
223 225
224 225 226
225 226 227
226 227 228
227 228
228 230
230 232
232
239
244 246
246 247 248
247 248
248
251
256 257 258
257 258
258 260
260
264 265 266
265 266
266 621
269
275 276
276 278
278 280
280
291
296
307 308 309
308 309 310
309 310 311
310 311
311
318 320
320 321 322
321 322 323
322 323 324
323 324
324
328 329 330
329 330
330
339 340 341
340 341
341
344 346
346 348
348 350
350
354 355
355
359 361
361 363
363
366
369
373 374 375
374 375
375 377
377 378 379
378 379
379 381
381
387 388 389
388 389
389
393 395
395 396
396 398
398
407
412 413 414
413 414
414
417 418
418
421 422
422 424
424 426
426
430 431
431 433
433 434
434 436
436 437
437 439
439 441
441
444 445 446
445 446 447
446 447
447
454
460 461
461 463
463 465
465
468 470
470 471 472
471 472 473
472 473
473 475
475 476
476
479 480 481
480 481
481 483
483 485
485 486 487
486 487
487
490 491
491
494 496
496 497
497
501
504 505
505
510 512
512
515
518 519 520
519 520
520 522
522 523
523
526
535
539
542
546 548
548
551 552 553
552 553 554
553 554 555
554 555
555
560 562
562 564
564
567 569
569 570 571
570 571
571
574
577
580
583 584 585
584 585
585 587
587 588
588
591 593
593 594 595
594 595 596
595 596 597
596 597
597 599
599 601
601
604 605
605
608 610
610
616 618
618
621
628 630
630 632
632 633 634
633 634
634 636
636 637
637 638 639
638 639 640
639 640
640 642
642 643 644
643 644 645
644 645 646
645 646
646
650 652
652 654
654 655 656
655 656 657
656 657
657 659
659
662
666 668
668
671 673
673 674
674 676
676 677
677
681 682
682 684
684
687
690 692
692
697 699
699
702 704
704 705 706
705 706
706
709 710 711
710 711
711
715 717
717 719
719 720 721
720 721 722
721 722
722
727 729
729 730 731
730 731 732
731 732
732
735 737
737 738 739
738 739
739 741
741
746
749
754 755
755 757
757 758
758 760
760 762
762 764
764 766
766 768
768 769 770
769 770 771
770 771 772
771 772 773
772 773 774
773 774
774
777 778
778
781 783
783 785
785
788 789
789 791
791 793
793 794 795
794 795 796
795 796
796
801
804 806
806
809 811
811
815 816
816 818
818 819 820
819 820 821
820 821 822
821 822
822 824
824 825
825 827
827
830
833 834
834
837 839
839
842 844
844 846
846 847
847 849
849 850
850 852
852
856 857
857 859
859
862
871 872 873
872 873 874
873 874 875
874 875 876
875 876 877
876 877
877
880
883 884 885
884 885 886
885 886 887
886 887 888
887 888
888 890
890 891
891
901 902
902
906 907
907 909
909 911
911 912 913
912 913 914
913 914
914
920
925
929 930 931
930 931 932
931 932
932
935
938
941 942
942
946 947
947 949
949 951
951 952 953
952 953 954
953 954
954 956
956
959 960
960 962
962 963
963 965
965 967
967 968
968
973
977 979
979 980
980
983 985
985 986 987
986 987
987
990 992
992 993 994
993 994
994 996
996 997 998
997 998
998
