#naive2.0.py
# GMT Fri Feb 14 13:34:34 2020
# 
3 4 5
4 5 868
5 6 7
6 7
7
10 12
12 14
14 15
15 17
17
21 22 23
22 23
23
27 28
28
33
36
40 42
42 43 44
43 44
44 46
46 47
47
51
56 57
57
60
64 66
66
71 72
72 74
74 75
75 77
77
82 83 84 636
83 84
84 86
86 87
87 89
89 90 91
90 91
91 93
93 94
94 96
96 97
97 99
99
103
106
109 111
111 113
113 114 115
114 115 116
115 116 117
116 117 118
117 118
118 120
120 122
122 124
124 126
126 127
127
132 133
133
137 138 139
138 139 140
139 140
140 142
142
145 146
146
150
154
157 158
158
163 164
164 166
166
170 171 172
171 172
172
175 177
177
182 184
184 186
186
189 191
191 192
192 194
194
197 198 199
198 199 200
199 200 201
200 201
201 203
203 204
204 206
206 207 208
207 208 209
208 209
209 211
211 213
213 215
215 216 217
216 217
217 219
219
222 223
223 429
230 232
232 233 234
233 234 235
234 235 236
235
236 238
238 239
239
242 244
244 245
245 247
247 248
248 250
250 251
251
256 258
258 259
259
262
267 268
268 270
270
273
278
282 283 284
283 284 285
284 285 286
285 286
286
289
294 295 296
295 296 297
296 297 298
297 298 299
298 299
299
302 303
303 305
305 307
307 308 309
308 309
309
312
315 317
317
320
323 324
324 326
326 328
328 329 330
329 330
330 332
332 334
334 335
335 337
337 338
338 340
340 342
342 343
343 345
345
348 349
349
359 360
360
365 366 367
366 367 368
367 368 369
368 369
369
373 374
374 376
376
380 381 382
381 382 383
382 383 384
383 384 385
384 385
385 387
387 388 389
388 389
389
392 393
393 395
395
401 402 403
402 403
403
408 409 410
409 410 411
410 411
411 413
413 415
415 417
417 418 419
418 419
419 421
421 422
422 424
424
427 428 429
428 429 430
429 430
430
433 434
434
443 444 445
444 445 446
445 446 447
446 447 448
447 448
448 450
450 452
452 454
454
460 461
461 463
463 464
464
467 469
469
474 475
475 477
477 478
478
482 483
483
487 489
489 491
491 492
492 494
494 495 496
495 496 497
496 497 498
497 498
498 500
500 501
501 503
503
508
513 514 515
514 515 516
515 516
516
519 520
520 522
522 523
523
528 529 530
529 530
530 532
532
539 540 541
540 541
541
546 547 548
547 548
548
551
554 555 556
555 556
556 558
558 559 560
559 560 561
560 561
561 563
563 565
565 566
566
573 575
575 577
577 578
578
583 585
585
589 591
591 592
592
599 600
600
604 606
606 608
608 609 610
609 610 611
610 611 612
611 612
612
618 620
620 622
622 623 624
623 624 625
624 625 626
625 626 627
626 627
627 629
629
634 636
636 637
637 638
638
641 643
643 644
644
649 651
651 652
652 654
654 656
656
661 662
662
666 668
668 670
670 671 672
671 672 673
672 673 674
673 674
674
677
685 687
687 689
689 691
691
699 700 701
700 701 702
701 702 703
702 703 704
703 704 705
704 705
705 707
707
710 711
711
714
717 719
719
726 728
728 729
729 731
731
734
740
745 746 747
746 747 748
747 748
748 750
750 751
751 753
753
757 758
758 760
760 762
762 764
764 765 766
765 766 767
766 767 768
767 768 769
768 769 770
769 770 771
770 771 772
771 772
772 774
774 776
776
779
783 784
784 786
786
790 792
792 793
793 795
795
800
816 817
817
822 823 824
823 824 825
824 825 826
825 826
826
829 830
830
835 918
837 839
839 840 841
840 841
841
844 846
846 847 848
847 848 849
848 849
849 851
851 853
853
861
866 868
868
871 872 873
872 873 874
873 874
874
879 880 881
880 881
881 883
883 884
884
888 889 890
889 890 891
890 891 892
891 892
892
897
900 901 902
901 902
902 904
904 905
905
910 911 912
911 912
912
916 918
918 920
920 921
921
926 927
927 929
929
932
935 936
936
943 944 945
944 945
945
948
951 952 953
952 953 954
953 954 955
954 955 956
955 956
956
961
973
980 981 982
981 982 983
982 983 984
983 984 985
984 985
985 987
987
990 991
991
997 999
999
