#naive2.0.py
# GMT Fri Feb 14 13:34:30 2020
# 
3 5
5
8 10
10 11
11
16 17
17
20 21 22
21 22 23
22 23
23
26 27 28
27 28 29
28 29
29
33
36 38
38 39 40
39 40
40
43 44
44 46
46 47
47
52 53 54
53 54
54
57 59
59 60 61
60 61
61
64 65
65 67
67 69
69 71
71 73
73 75
75
81 83
83 84
84 86
86
89 91
91 92
92
95
98
101
104 105
105
108
111 112
112
115 116 117
116 117
117
121 122 123
122 123
123 707
126
132
135
139 141
141
144 145 146
145 146 147
146 147
147 149
149 151
151 153
153 154
154
157
161 162
162
165 166
166
169 170
170 172
172 173 174
173 174 175
174 175 176
175 176
176 178
178 180
180 182
182 184
184
189 190
190
193 194
194 196
196 197
197
200 201
201
205 206 207
206 207
207
211 212 213
212 213 214
213 214
214 216
216 217
217 219
219 220
220
223 429
224 226
226 227
227
230 231 232
231 232 233
232 233
233 235
235 237 582
237
240 242
242 244
244 245
245 247
247
250
253 254 255
254 255
255 257
257
260 261 262
261 262 263
262 263 264
263 264
264
268 269
269
272 274
274 275
275
280
283 285
285 287
287 288 289
288 289
289
294 295
295 297
297 298 299
298 299
299
302 303 304
303 304 305
304 305 306
305 306
306
311 312 313
312 313
313 315
315 317
317 319
319 320 321
320 321 322
321 322 323
322 323
323 325
325 327
327
332 333
333
336
339
344 346
346 347
347 349
349
352
356
364 366
366 367
367
370 371 372
371 372 373
372 373
373
378 379 380
379 380
380
383 385
385 386 387
386 387 388
387 388
388 390
390 391
391 393
393
397 399
399 400
400 402
402 404
404 405 406
405 406 407
406 407 408
407 408
408
411 413
413 414 415
414 415
415 417
417 418 419
418 419
419 421
421 423
423
426 427 428
427 428 429
428 429 430
429 430 431
430 431 432
431 432
432
437 438
438 440
440
445 446
446 448
448
453 455
455 456
456
460 462
462
465 466 467
466 467 468
467 468 469
468 469 470
469 470
470 472
472 474
474 476
476 477 478
477 478
478
482 484
484 486
486 487 488
487 488 489
488 489
489
492 493
493
497 498 499
498 499
499 501
501
505 507
507
515
524 525
525
530 532
532
535 537
537 539
539 540 541
540 541
541
548 550
550 552
552
555 557
557 558
558 560
560 561 562
561 562
562
566 568
568 570
570
577
580 581 582
581 582 583
582 583 584
583 584
584 586
586 588
588 589
589 591
591 592 593
592 593 594
593 594 595
594 595 596
595 596
596 598
598
601 602 603
602 603
603 605
605 606 607
606 607
607 609
609
612 613 614
613 614
614 616
616
620 621 622
621 622
622 623
623 625
625 627
627 628
628
632 633
633
636 637
637
640
643
646 647
647
653 654 655
654 655
655
659
664 666
666 667
667
670 672
672 674
674 676
676 677
677 679
679
682 683
683
685 686
686 688
688 690
690
694 695 696
695 696
696
700 702
702 703
703
706 707 708
707 708
708 710
710
713 714
714
718 719
719
722 724
724
728 729 730
729 730 731
730 731 732
731 732
732
735 736
736
739 741
741 743
743
747 748 749
748 749 750
749 750 751
750 751
751
755 756
756
760 762
762
766 768
768 769
769
772 773 774
773 774
774
779 781
781
784 786
786
790 791
791 793
793
796 798
798
802
805 807
807 809
809 810
810
814
822
827 828 829
828 829
829 831
831 832
832
836
840 842
842 843
843
846 848
848 849
849
852 853 854
853 854
854 856
856
860 861 862
861 862
862
865
876 878
878 880
880 881 882
881 882
882
885 886
886
889
893 894
894
897 898
898 900
900 901 902
901 902
902 904
904
908 910
910 911 912
911 912 913
912 913
913 915
915
923
926 927 928
927 928 929
928 929
929 931
931 932
932 934
934 935 936
935 936 937
936 937 938
937 938
938
941 942 943
942 943
943 945
945 947
947 948 949
948 949 950
949 950
950
953 954
954 956
956
960 962
962 963 964
963 964
964
972 973
973
979 980 981
980 981
981
984 985
985 987
987
990 992
992 993
993
998
