#naive2.0.py
# GMT Fri Feb 14 13:34:34 2020
# 
0
3 5
5 6 7
6 7
7 9
9
12 14
14 15 16
15 16 17
16 17
17
20 21
21 23
23
30
34 36
36 38
38 39
39
47
51 53
53 54
54 56
56 57
57 59
59 61
61 63
63 64
64
70 71
71
79 81
81 82 83
82 83
83 85
85 87
87
90
93 94
94 96
96
99 100 101
100 101
101
109 111
111
115 116
116
119 120 121
120 121
121
125 126 127
126 127
127 129
129
133 134 135
134 135 136
135 136 137
136 137
137 139
139
142 144
144 145
145 147
147
150 151 152
151 152 153
152 153 154
153 154
154
157 159
159 160 161
160 161 162
161 162 163
162 163
163
166
169
173 174
174 176
176 178
178
184 186
186
191 193
193 194 195
194 195
195
198 199
199
203 204
204
207 209
209 211
211
214 216
216
223
224 226
226
229 230 231
230 231 232
231 232 233
232 233
233 235
235 582
242 244
244 246
246 248
248
255
258 259 260
259 260
260
264 265 266
265 266
266 621
271 272 273
272 273
273
276 277 278
277 278
278 280
280 281
281
284 286
286 287 288
287 288 289
288 289 290
289 290
290
294 295
295
298 299
299 301
301 302 303
302 303
303 305
305 306
306 308
308 309 310
309 310
310
315
319
323 325
325 326
326 328
328
332 333 334
333 334 335
334 335
335
339 340 341
340 341 342
341 342
342
346
349 351
351 352
352
355 356 357
356 357
357
363
367 368
368
375 376 377
376 377 378
377 378 379
378 379
379 381
381
385 386
386 388
388 390
390 392
392 393 394
393 394
394 396
396 397
397
401 402
402 404
404 405
405 407
407
412 413
413 415
415 417
417 419
419 421
421 422 423
422 423 424
423 424 425
424 425
425
428
431 432 433
432 433
433
439 441
441
451 452
452 454
454 456
456 457 458
457 458 459
458 459 460
459 460 461
460 461 462
461 462 463
462 463
463
468 469
469
473 474 475
474 475
475
479 481
481 483
483 485
485 486 487
486 487 488
487 488
488 490
490 491 492
491 492 493
492 493
493 495
495 496 497
496 497 498
497 498 499
498 499
499
504 505 506
505 506
506 508
508 510
510 512
512 514
514 516
516 517
517
520 522
522 523
523
528
532 533 534
533 534
534
537
540 542
542 543
543
552 553 554
553 554 555
554 555
555
559 560 561
560 561
561
564 565
565
568
571 572 573
572 573
573
579 581 972
580 581 582
581 582
582
585
588 589 590
589 590 591
590 591
591
594
597 599
599 601
601 602
602
605 606
606
609 610 611
610 611
611 613
613
616
621
623
626
630 631 632
631 632
632 634
634 635
635 637
637 639
639 640 641
640 641
641
645 646
646 648
648 650
650
655 656
656 658
658 659
659 661
661 662 663
662 663
663 665
665 666
666
677 679
679 681
681 682
682
685 686
686 688
688 689
689
694 695 696
695 696
696
699 700 701
700 701 702
701 702
702
705
711
714 715
715 717
717 718 719
718 719 720
719 720
720
725 726 727
726 727 728
727 728
728 730
730
737 738
738 740
740 742
742
747 748 749
748 749
749
752 753
753 755
755 757
757 758 759
758 759 760
759 760
760 762
762 763 764
763 764
764
767 769
769 771
771 773
773 774
774 776
776 778
778 780
780 781 782
781 782
782 784
784 786
786 788
788 789
789
792 793 794
793 794 795
794 795 796
795 796 797
796 797
797 799
799 800 801
800 801 802
801 802
802
806 807
807 809
809
812 814
814 815
815 817
817
823 825
825
829 830 831
830 831
831
837
840 841
841
844 845 846
845 846
846
852 853
853
856 857 858
857 858 859
858 859 860
859 860
860
863
866
874 875 876
875 876 877
876 877
877
880
883 885
885
888 890
890 891 892
891 892 893
892 893
893 895
895
899
902 903
903 905
905 906 907
906 907
907
910 911
911
915
920 921
921
924
927 929
929 930
930 932
932
935
940 942
942 943 944
943 944
944
951
957 958 959
958 959 960
959 960 961
960 961
961
964 965 966
965 966 967
966 967 968
967 968
968
972
975 976 977
976 977
977 979
979 981
981 982
982
985 986 987
986 987 988
987 988
988
996 997
997
