#naive2.0.py
# GMT Fri Feb 14 13:34:29 2020
# 
2 4
4 5 868
5
8
16 17
17
20 21 22
21 22 23
22 23
23
28 30
30
34 36
36 37
37 39
39 40
40
43
46 48
48 49
49
52 53 54
53 54
54
57 58
58 60
60
63 64
64
69 70
70
73
78 79
79 81
81 82 83
82 83 84
83 84
84 86
86 88
88 90
90 92
92 94
94
97 99
99 100
100
104 105
105
108
111 112 113
112 113 114
113 114
114 116
116
120 121 122
121 122
122
131 132
132
137 138
138 140
140
146
150 151 152
151 152
152 154
154 155 156
155 156 157
156 157
157
160
165
168
171 172 173
172 173
173
176 178
178
181
184
189 191
191
194 195
195
198 200
200
203 204
204
207
210
215
218
221 223 735
223
224
231 232
232 234
234 235
235 237
237 238 239
238 239 240
239 240
240 242
242
246 247
247 249
249
253 254
254
257 258
258 260
260 262
262 264
264 266
266 267 268
267 268
268 270
270
273 274 275
274 275
275 277
277
281 282 283
282 283
283 285
285 286 287
286 287
287
292 293 294
293 294
294 296
296 298
298
301 302 303
302 303 304
303 304
304
307 308
308
311
314 315
315 317
317 318 319
318 319
319
322 323
323 325
325 327
327 328
328 330
330 332
332 333
333 335
335 336 337
336 337 338
337 338 339
338 339
339
344 346
346 348
348
351
354
357 359
359 361
361 362
362 364
364
369 370
370 372
372 374
374
384 386
386 387
387 389
389 391
391 392
392
398 399 400
399 400 401
400 401 402
401 402 403
402 403
403
407 408 409
408 409 410
409 410
410 412
412
416
419 420 421
420 421
421 423
423
430
433 435
435
439 440
440
443
449
453 455
455 457
457 458 459
458 459 460
459 460
460 462
462
469
472 473
473 475
475
478 479
479 481
481 483
483 484
484
487 489
489
495 497
497 498
498
503
506
512 513
513
517 518 519
518 519
519
522 523 524
523 524
524
527 528
528 530
530 531
531
534 536
536 538
538 540
540 542
542 543
543
547 548
548 550
550 551 552
551 552
552
562 564
564 565
565 567
567
570 571 572
571 572 573
572 573 574
573 574 575
574 575
575
578
581
585 586 587
586 587 588
587 588
588 590
590 592
592 594
594
597 599
599 600 601
600 601 602
601 602
602 604
604 605
605
611
614 615
615 617
617
622
627 628
628
635 637
637
644 645
645 647
647 648 649
648 649
649
652
657
660 661 662
661 662
662 664
664
668
672 673
673
676 677 678
677 678
678
685 686 687
686 687
687 689
689 690
690
694
698 700
700
703
706 708
708 709
709 711
711
714 715 716
715 716 717
716 717
717
721
724
729 731
731 733
733 735
735 736 737
736 737
737 739
739
747 748 749
748 749 750
749 750 751
750 751
751
754 756
756 758
758 759 760
759 760
760
763
766 768
768
772 773 774
773 774
774
777 779
779 781
781 783
783 785
785 786
786 788
788 789 790
789 790
790
793 795
795 797
797
803
806 807
807
810
813 815
815
819
825 826
826
829 831
831 833
833
837
840
844 846
846 848
848 850
850
853
858
861
864 866
866 868
868
871 872 873
872 873 874
873 874 875
874 875
875 877
877 878 879
878 879
879
883 884
884
889 890
890 892
892 893 894
893 894 895
894 895
895
898 899
899
903
906 907
907
911 912
912 914
914 916
916 918
918
925 926
926
932
937 938
938 939 940
939 940
940 942
942 944
944 945
945 947
947 948 949
948 949
949 951
951
955
958 959
959
963 964
964 966
966 968
968 969
969
973 974
974 976
976
979
982
985 986 987
986 987
987
993
998
