#naive2.0.py
# GMT Fri Feb 14 13:34:34 2020
# 
1 2 3 999
2 3 4
3 4
4 868
7 8
8 10
10 11 12
11 12 13
12 13 14
13 14
14 16
16 17
17
20 22
22 24
24 26
26 27 28
27 28 29
28 29 30
29 30
30 32
32
35 36 37
36 37
37 39
39 41
41 42 43
42 43
43 45
45
48 49 50
49 50
50 52
52 54
54 55
55 57
57 58 59
58 59
59 61
61
64 65
65
69
75
80 81
81
85 87
87
90 92
92 94
94 96
96 97
97
100 101
101 103
103 105
105 106
106 108
108 110
110
113 115
115 117
117 119
119
122 124
124
128
131
134 135 136
135 136
136
140
143
146 147 148
147 148
148
152 154
154
157 159
159 160
160 162
162 164
164 165
165
170
174 175
175
178
181 182
182 184
184 185 186
185 186 187
186 187 188
187 188 189
188 189
189 191
191 193
193
197 199
199 200
200 202
202 203
203 205
205
209 211
211
215 216 217
216 217
217
221 223 735
223 225
224 225
225 227
227 229
229
232 234
234
237 238
238 240
240 241 242
241 242 243
242 243
243 245
245 246
246 248
248 250
250
253 255
255
258 260
260 262
262 264
264 266
266 267
267 269
269 270 271
270 271
271
274
277 279
279 281
281 282 283
282 283
283
287 288 289
288 289 290
289 290 291
290 291
291 293
293 295
295 297
297 298 299
298 299 300
299 300
300 302
302 303 304
303 304
304 306
306
313 315
315
321
327 328 329
328 329 330
329 330
330
337 338
338 340
340 342
342 343
343 345
345 346 347
346 347
347 349
349 350
350
354 356
356
359 361
361
366 367
367
371 372 373
372 373
373
376
379
382
385 386 387
386 387
387
390
393
396 398
398
404 405 406
405 406 407
406 407
407
410
414
418 419 420
419 420 421
420 421
421
425
430
434 435
435 437
437
444 445 446
445 446 447
446 447
447
450 452
452 454
454 455 456
455 456
456 458
458
461 463
463
468 469
469
472
476 477 478
477 478
478
481
486 488
488 489
489 491
491
495 496
496
501
504 505
505
515
519
523 524 525
524 525 526
525 526
526 528
528
531 532
532
537
541 542
542 544
544
549 551
551 552
552 554
554 555
555 557
557 559
559 561
561
564 565
565 567
567 569
569 570 571
570 571
571
574
578 579
579 581
581 583
583 584 585
584 585
585 587
587 588 589
588 589 590
589 590
590
598 599
599 601
601 602 603
602 603 604
603 604 605
604 605
605
608
611 613
613 615
615 616 617
616 617
617
623
631 633
633 634
634 636
636 637
637 638
638
643 644
644
649 650
650 652
652 653 654
653 654 655
654 655
655
659 660
660 662
662
665
675 677
677
680 681 682
681 682
682 684
684
687
693 695
695 697
697 698 699
698 699
699 701
701
704 705
705
708 709 710
709 710 711
710 711 712
711 712
712 714
714
717 718
718
722 724
724 725
725
729 730 731
730 731 732
731 732
732 734
734 735
735 737
737 738
738
742 744
744 745
745
748 749
749 751
751 752
752 754
754
760 761
761
768 769 770
769 770
770
779 781
781 782 783
782 783 784
783 784 785
784 785 786
785 786
786 788
788
791 792 793
792 793 794
793 794
794 796
796 797
797
800
808 809 810
809 810
810
813 815
815
821 822 823
822 823
823
826 827
827
835 836
836
839 840 841
840 841
841 843
843 844
844 846
846 848
848
851 852 853
852 853 854
853 854
854 856
856
867 868
868
871 872 873
872 873 874
873 874
874 876
876
879 880 881
880 881
881
886
889
894 895
895
900 902
902 903 904
903 904
904 906
906 907
907 909
909
916
919 920
920
923 924
924 926
926
929
934 935
935
939
943 944 945
944 945
945
948 950
950
959
964
968 969
969 971
971
974
978 979
979 981
981 983
983
986 987
987 989
989
993
996 998
998 999
999
