#naive2.0.py
# GMT Fri Feb 14 13:34:33 2020
# 
1 3 999
3
7 8 9
8 9
9 11
11
14 15 16
15 16 17
16 17
17
20 22
22
26 27
27
32
37
41 42
42 44
44 46
46 47
47
50 52
52 53
53
57 58 59
58 59
59
63 64 65
64 65
65
70 72
72 73 74
73 74
74 76
76 77
77
81 83
83 85
85 86
86
95 96
96 98
98 99 100
99 100
100 102
102
105
109 111
111 112 113
112 113 114
113 114
114
118 119
119 121
121 122
122
125
129
133 135
135
139
143 145
145 146 147
146 147 148
147 148 149
148 149 150
149 150
150
153 154
154 156
156 157
157 159
159
163 164
164 166
166 168
168
171 172 173
172 173
173 175
175 176
176 178
178 179
179
182 183 184
183
184
187
192 194
194
197 198
198 200
200 201 202
201 202
202
210 212
212 213
213 215
215 216 217
216 217 218
217 218
218
221 735
224 226
226
230
233 234
234
240 241 242
241 242
242
245 247
247 248 249
248 249
249 251
251 253
253
259 260
260
265 266
266 268
268
272 273 274
273 274
274 276
276
280 281 282
281 282 283
282 283 284
283 284
284
287 289
289 290 291
290 291 292
291 292 293
292 293
293
296 297 298
297 298
298 300
300 302
302 303
303
306 307 308
307 308
308 310
310 311
311
320
324 326
326 328
328
336 337
337
341
344 345
345 347
347 348
348
353 354
354 356
356 357 358
357 358 359
358 359 360
359 360 361
360 361 362
361 362 363
362 363 364
363 364 365
364 365
365 367
367
370 372
372 374
374
380 381 382
381 382
382 384
384 385 386
385 386
386 388
388
391 392 393
392 393
393
396 397
397 399
399 401
401 403
403
407 408 409
408 409
409
417 418
418
423
430 431
431
434
441 443
443 444 445
444 445
445 447
447 449
449
455 456
456
459 460
460
466 468
468 469
469 471
471
475 476
476 478
478
483
491 493
493
496 498
498 500
500 502
502 503
503 505
505 506 507
506 507
507 509
509 510
510
515
518 519
519 521
521
522 524
524 525 526
525 526 527
526 527
527
533
540 541
541
548 550
550
556
560
564
567 569
569
572 573
573
576
580
586
589 590 591
590 591 592
591 592 593
592 593 594
593 594
594
600 601
601 603
603 605
605 607
607
610
614
620 622
622 623 624
623 624
624
628 629
629 631
631
635 637
637 638
638
642 643 644
643 644
644
647 649
649
653 655
655
658 660
660 661
661
670 672
672 673 674
673 674 675
674 675 676
675 676
676
679 680 681
680 681 682
681 682 683
682 683 684
683 684
684 686
686 688
688 689
689 691
691 692 693
692 693
693
696 698
698 700
700
703
706 708
708 709
709 711
711 712 713
712 713 714
713 714
714 716
716
721 722
722
726 728
728 729
729
733 735
735
738 739 740
739 740 741
740 741 742
741 742
742 744
744 745
745
749
752 753 754
753 754 755
754 755
755
760 762
762
768 769 770
769 770
770
776 777
777
780 782
782 783
783
786 787 788
787 788
788 790
790 791 792
791 792
792
795 796
796
801 803
803
807 809
809 810
810 812
812 814
814 815
815 817
817 818
818
821
824 826
826
829
832 833
833 835
835 918
837 838 839
838 839 840
839 840 841
840 841 842
841 842 843
842 843 844
843 844 845
844 845
845
848
852 853
853
857 858
858 860
860
863
869 871
871
874 876
876 878
878
884 885 886
885 886
886
893
897 899
899 900
900
904 905
905 907
907 908 909
908 909
909
913
916 918
918 919
919
923 925
925
928 930
930 931 932
931 932 933
932 933
933
941 942
942
945
949 950
950
953 954 955
954 955
955
962
967 969
969 970 971
970 971
971 973
973 975
975
979
985 986 987
986 987 988
987 988
988
991 992 993
992 993
993
996 998
998 999
999
