#naive2.0.py
# GMT Fri Feb 14 13:34:36 2020
# 
3
6 8
8 10
10
13 15
15 16 17
16 17
17 19
19 21
21 23
23 24 25
24 25
25
30 31 32
31 32 33
32 33 34
33 34
34
39 40 41
40 41
41 43
43 44 45
44 45
45
48
53 55
55 56
56 58
58 59
59
65 66
66
71 73
73
77 78
78
81 82 83
82 83 84
83 84
84
89 90 91
90 91
91
94 95 96
95 96 585
96 97 98
97 98
98
102
105 107
107 108 109 529
108 109
109
114 115
115
119 120
120 122
122 123
123 125 707
125 127
127 129
129 130
130 132
132
135 136
136
140 142
142 144
144 146
146 148
148
153 154
154 156
156 157
157
161 162 163
162 163 164
163 164
164
167 168
168
172 173
173
176 177
177 179
179
183
186 188
188 189 190
189 190 191
190 191
191
198
201 202
202 204
204 205
205 207
207 208
208 210
210
213 214 215
214 215
215 217
217 218 219
218 219
219
225 227
227 229
229 230
230
234 235
235 237
237
240 242
242 244
244 246
246 248
248 250
250 252
252
255
260 262
262
266
270 271 272
271 272 273
272 273
273
276
282 283
283
287 289
289 290 291
290 291
291
294 295
295 297
297 298 299
298 299 300
299 300
300
303
306 307 308
307 308
308 310
310 312
312 313
313 315
315 316
316
320 322
322 323
323 325
325 326 327
326 327
327
332 334
334 335
335 337
337
340
346 348
348 349 350
349 350 351
350 351 352
351 352
352
357 358 359
358 359 360
359 360
360
363 364 365
364 365 366
365 366 367
366 367
367
370
374 375
375 377
377
380 381
381 383
383 384
384 386
386 387 388
387 388
388 390
390 391 392
391 392
392 394
394 395
395
398
402 403
403
406 407
407
410 412
412 414
414 416
416 418
418 419 420
419 420 421
420 421 422
421 422
422 424
424 425 426
425 426 427
426 427
427 429
429 430 431
430 431
431 433
433 435
435 436
436
443 445
445 447
447 449
449
452 453 454
453 454 455
454 455
455
458
461 463
463 464 465
464 465
465 467
467 468
468
475 476
476 478
478 479 480
479 480
480
484
487
491
495 497
497 498
498 500
500 502
502
511
514 516
516 517 518
517 518 519
518 519
519
523 524
524
528 529
529
531 533
533 535
535 536
536
539 540 541
540 541
541 543
543
546
554
557 558 559
558 559
559 561
561
564 565
565
568 570
570 571 572
571 572 573
572 573
573
576
579 581 972
581
584 585 586
585 586
586
589
592 593 594
593 594
594
601 602
602
605 607
607 608 609
608 609
609 611
611
614 615 616
615 616
616 618
618
623 624
624
634
637 639
639 641
641 642 643
642 643
643
646 648
648 650
650 652
652 653 654
653 654 655
654 655
655 657
657 658 659
658 659 660
659 660 661
660 661 662
661 662 663
662 663 664
663 664 665
664 665 666
665 666
666
670 672
672
678 680
680 682
682 684
684
688 689
689
693
698 700
700 702
702
705 707
707
710 712
712 714
714 716
716 718
718
724
728
736 737
737 739
739 740
740
745
748 749 750
749 750 751
750 751 752
751 752
752
755
760 761
761
765 766
766
769 771
771 772 773
772 773
773
776 777 778
777 778
778
781
784 786
786 787 788
787 788 789
788 789
789
799 800
800
804 806
806
809
816 818
818
821 822
822
830 831
831
834 835
835 918
841
847
850
854 856
856 857
857
860 861
861
865 867
867 937
872
877 878 879
878 879 880
879 880 881
880 881
881
884
889 890 891
890 891 892
891 892
892 894
894
899 901
901 903
903 904
904 906
906 907
907
912
915 916
916 918
918 919
919 921
921 922
922
929 930
930 932
932 934
934 936
936 937 938
937 938
938 939 940
939 940
940 942
942 943 944
943 944 945
944 945 946
945 946 947
946 947
947 949
949
953 954 955
954 955 956
955 956 957
956 957
957
960 961 962
961 962
962 964
964 965 966
965 966
966
969 970 971
970 971 972
971 972 973
972 973 974
973 974
974
977 979
979 980
980
984 985 986
985 986 987
986 987
987
991 992 993
992 993
993 995
995 996
996
