#naive2.0.py
# GMT Fri Feb 14 13:34:33 2020
# 
6
10
13
16
19 20 21
20 21
21
27 29
29
32 34
34 36
36 37
37
40
44
48
51 53
53 55
55 56
56
61 63
63 64
64
68 70
70
73
81 83
83
87 89
89 90 91
90 91 92
91 92
92
97 98 99
98 99
99
102
106 107
107
110
113
118
122
125 127
127 128
128 130
130
133
136 137 138
137 138 139
138 139 140
139 140
140 142
142 144
144 145 146
145 146 147
146 147 148
147 148
148 150
150 152
152
157 158
158
161
164 166
166 168
168 169 170
169 170
170 172
172
176 177
177 179
179
182
185 186
186 188
188 190
190
193
196 197 198
197 198 199
198 199
199
203 205
205 207
207
211 212
212
215 216 217
216 217
217
220 222
222 224
224 226
226 228
228 229 230
229 230 231
230 231 232
231 232 233
232 233
233 235
235 237
236 237 238
237 238
238
243 244 245
244 245 246
245 246
246
249
252 254
254
257 259
259 260
260
264 265 266
265 266
266 268 621
268
271 272 273
272 273
273
276
280 282
282 283 284
283 284
284 286
286 287
287
290
294 295
295
298
302 304
304
307 308
308
313 314 315
314 315 316
315 316 317
316 317 318
317 318 319
318 319
319
324 325 326
325 326
326 328
328
332 333
333
339 341
341 342 343
342 343 344
343 344 345
344 345
345
355 356
356
359 361
361 362
362
372 374
374 375 376
375 376 377
376 377
377
380 381 382
381 382
382
392 393
393
397 399
399 400
400 402
402 404
404 405
405 407
407
410 412
412 413
413 415
415
420 421
421
424 425
425
429 430
430
434 436
436 437
437
441 443
443
446 447
447 449
449 450
450
454 456
456 458
458
461
464
472 474
474 475
475
479
482 483
483
488
492 494
494 495
495
498 499 500
499 500
500
503 504
504
508 509 510
509 510 511
510 511 512
511 512 513
512 513 514
513 514
514
517
520 521
521 523 552
523 524
524 526
526 528
528
531 532
532
538
544
548 549
549
552 554
554 556
556 557 558
557 558 559
558 559 560
559 560 561
560 561
561 563
563
568 570
570 572
572
575 576 577
576 577
577 579
579
584 585
585
588 589
589
593 595
595 596
596
599 600 601
600 601
601
604 605 606
605 606
606
609 610
610 612
612 613
613
617 618 619
618 619
619 621
621
627
630 631 632
631 632
632
636 637
637 638 639
638 639
639
643
646
649 651
651 652
652
655 657
657
660
663 665
665 666 667
666 667
667 669
669 671
671 672
672
676
679
684 685
685
690
694
698 699
699
702 703 704
703 704
704 706
706 707
707
709 710
710 712
712
715 717
717 718 719
718 719
719 721
721 723
723 724
724 726
726
731
734 735 736
735 736
736
739 740 741
740 741
741
745 746
746 748
748 750
750
753 754 755
754 755 756
755 756
756 758
758 759
759 761
761 763
763 764
764
768 770
770 771 772
771 772 773
772 773
773
778
785 786 787
786 787
787
793
797 798 799
798 799
799 801
801
805
808
812 813
813 815
815 816
816 818
818 819
819 821
821 822 823
822 823 824
823 824
824
829 831
831 833
833 834 835
834 835 836
835 836
836
841 842 843
842 843 844
843 844
844
847 848
848 850
850
854 855
855 857
857
862 864
864 865 866
865 866
866 868
868 870
870 871
871 873
873 874 875
874 875 876
875 876
876 878
878
885 886 887
886 887
887
890 891 892
891 892
892
895
899 901
901
908 909 910
909 910
910 912
912
917
920 922
922 924
924 925
925
929 931
931 933
933 935
935 937
937
943 945
945 946 947
946 947
947
953 954
954 956
956 957
957
960 961
961
968 970
970
977
981 983
983 984
984 986
986
989 990 991
990 991
991 993
993 995
995
