#naive2.0.py
# GMT Fri Feb 14 13:34:34 2020
# 
1 3
3 5
5
8 9
9 11
11 13
13 14
14
20 21
21 23
23 25
25 27
27 29
29 30 31
30 31 32
31 32
32 34
34 36
36
39 40
40
44
51 52 53
52 53
53 55
55 56
56 58
58 59
59
62
66 67
67 69
69 70 71
70 71
71
75 76
76 78
78 79
79
84 85 86
85 86
86 88
88 89
89
93
97 99
99 101
101 102 103
102 103 104
103 104 105
104 105
105 107
107 109
109 111
111 113
113 114
114
117
120 121 122
121 122 123
122 123
123 125 707 887
125 126 127
126 127 128
127 128 129
128 129
129
133
136 138
138 139 140
139 140 141
140 141 142
141 142
142 144
144 145 146
145 146 147
146 147
147 149
149 151
151 152 153
152 153
153 155
155 156 157
156 157 158
157 158
158
161 162
162
166 167 168
167 168 169
168 169
169
173 174
174 176
176 178
178 179
179
183 811
186
190 191 192
191 192
192
195 197
197 199
199
202 203
203
209 211
211 212
212 214
214
217 218 219
218 219 220
219 220
220
223
224 226
226 228
228
232
237 238 239
238 239
239 241
241 242 243
242 243
243
247 248 249
248 249
249 251
251 252
252
256 258
258 260
260 261
261
264 266
266 267
267 269
269 270 271
270 271 272
271 272 273
272 273
273
277
280
287
290 292
292 293
293 295
295 296
296 298
298 300
300 301
301
305 307
307 308 309
308 309 310
309 310
310 312
312
315 316 317
316 317 318
317 318
318
322 323
323 325
325 326
326 328
328 329
329 331
331 332
332 334
334 336
336 337
337 339
339 340
340
344
348 349
349
353 354
354
360
365 366
366 368
368
374 375
375 377
377 378 379
378 379
379
384 386
386 388
388
393
398
401 403
403 405
405 406 407
406 407
407
410 411
411
418 419 420
419 420 421
420 421 422
421 422 423
422 423
423
432
437 439
439
446
451 453
453 455
455
458 459
459 461
461 462 463
462 463 464
463 464 465
464 465
465
472
475 476
476 478
478 480
480 481 482
481 482
482
487 488
488
492
496
500 502
502 503
503
507
510
513 515
515 516
516 518
518
525 526 527
526 527
527
531
537 538 539
538 539
539
543 544
544
549 550
550
558 559
559
562 564
564 565
565 567
567
570 572
572 574
574
580 581 582
581 582 583
582 583
583
587 588
588
592 594
594 595
595
598 599
599 601
601 602
602
605 606
606
611 612 613
612 613
613 615
615
618 619
619
623 624
624
628 630
630 632
632 633 634
633 634
634
639 641
641 642
642
647 649
649 650
650
653 654 655
654 655
655 657
657 658
658
663 665
665 667
667 668
668 670
670 671 672
671 672 673
672 673 674
673 674
674
681 682 683
682 683
683
687 688
688
692 694
694 695
695
699
702 703
703 705
705 706 707
706 707
707
709 711
711 712
712
715
720 721
721
724 726
726 727
727 729
729 730
730
733 735
735
739
742 743
743
745
748 749 750
749 750 751
750 751 752
751 752
752
758
764 765
765 767
767 768
768 770
770 771 772
771 772
772
775 777
777 778 779
778 779
779 781
781
785 786
786
789
794 795 796
795 796
796 798
798 799 800
799 800 801
800 801 802
801 802 803
802 803 804
803 804
804
808
811 813
813
817 818 819
818 819
819
823
827
830 832
832
835 918
838 839 840
839 840
840 842
842 844
844
850 851 852
851 852
852 854
854
860 861
861
864 866
866 867
867 937
871
875 876
876
880
883 884
884
887
890 891 892
891 892 893
892 893 894
893 894
894
901 902
902 904
904
907 909
909
912
915 916
916 918
918 919
919 921
921 922 923
922 923 924
923 924 925
924 925 926
925 926
926
929
932 933
933
937
941 942 943
942 943
943
947
953 955
955 956
956 958
958
961 962 963
962 963 964
963 964 965
964 965
965
971 972
972 974
974 975 976
975 976
976
983 984
984
988 989
989 991
991 993
993 994
994
997
