#naive2.0.py
# GMT Fri Feb 14 13:34:31 2020
# 
1 2 3 999
2 3
3
6 7 8
7 8
8 10
10
13 15
15 16 17
16 17
17
20
23
27
31 32
32 34
34 35 36
35 36 37
36 37
37 39
39 41
41
44 46
46 47 48
47 48
48 50
50 52
52 53 54
53 54 55
54 55
55
60 61
61
69 70 71
70 71
71 73
73 75
75 76 77
76 77 78
77 78 79
78 79
79
82 636
85 86
86 88
88
91 92
92 94
94 96
96 97
97
100
103 104
104 106
106 107
107 109
109 110 111
110 111
111
114
117 119
119 121
121
124 125 126
125 126 127
126 127
127
136
140 141
141
144
147 149
149 150
150
153 154 155
154 155 156
155 156 157
156 157 158
157 158
158 160
160 161
161 163
163 164
164 166
166 167
167
170 171 172
171 172
172
175 176 177
176 177
177 179
179
182 183 184
183
184 186
186 187
187
191 192
192
195 197
197 199
199 200
200 202
202
206 207
207
210
217 219
219 221
221 735
222
227 228 229
228 229 230
229 230 231
230 231 232
231 232
232
235
238 239 240
239 240
240
243 245
245 247
247 248
248 250
250 252
252
256 257
257
262 263 264
263 264 265
264 265
265
271
274 275
275 277
277 279
279 281
281 283
283 285
285
288
292
295 296 297
296 297
297
301 303
303
306 307 308
307 308 309
308 309
309
315
319 320 321
320 321 322
321 322 323
322 323 324
323 324 325
324 325
325 327
327
331 332
332 334
334
337 339
339
343 344
344 346
346 347 348
347 348 349
348 349
349
353
356
360 361 362
361 362
362 364
364 365 366
365 366
366 368
368 436
371 372 373
372 373 374
373 374 375
374 375 376
375 376
376
380 381 382
381 382 383
382 383
383
387
390
396 398
398 399
399
403 404 405
404 405
405 407
407 408
408
412 413
413
418 419 420
419 420
420 422
422 423
423
426
430 431 432
431 432
432 434
434 436
436
438
442
445
449 451
451
454 455
455 457
457
460
464
467
470 471 472
471 472
472
475
480 481 482
481 482
482 484
484 486
486
489 490 491
490 491
491
494 495
495 497
497
500 501 502
501 502 503
502 503
503
506
509 510
510
514 516
516 517
517
522 523
523
528
531
535
538
545 547
547 548
548 550
550 551
551 553
553 554
554 556
556 558
558 559 560
559 560
560 562
562 564
564
567
570 572
572
575 577
577 578 579
578 579
579 581 972
581
586 588
588 590
590 591
591
596 598
598 599
599
602
605 606 607
606 607
607 609
609 610 611
610 611
611
615 617
617 618
618
621 622
622
625
628
632 633
633
636 637
637 639
639 640
640 642
642
645 646
646 648
648 649
649
652 653
653 655
655 656
656 658
658
661
664 665
665
671
674 676
676 677
677 679
679 681
681
685
689
692 694
694
701 702 703
702 703
703 705
705 706
706
709 710
710
714
717 718
718
722 724
724 726
726
729 731
731 732 733
732 733
733 735
735
738
741 742
742 744
744 746
746
749
755
758 759
759 761
761
765
768
771
775
778 779
779
782
785
790 792
792
795
799 800
800
804 806
806 808
808 809 810
809 810
810 812
812
815
818
821 822
822 824
824 825
825
828
831 832
832 834
834
839 840 841
840 841 842
841 842 843
842 843
843 845
845 847
847
851
857
862 863 864
863 864 865
864 865 866
865 866 867
866 867
867 869 937
869
873 874
874 876
876 877
877
880 881
881 883
883
886 888
888 889
889 891
891
894
897
901
905 906
906 908
908
911
915
918 919 920
919 920
920
923 924
924
928
934 935 936
935 936 937
936 937
937
939 940
940
943 944
944
950
954
957 958
958 960
960
964 965 966
965 966 967
966 967
967
970 972
972 974
974 976
976
984 986
986 987
987 989
989 991
991 992
992 994
994 995 996
995 996
996 998
998 999
999
