#naive2.0.py
# GMT Fri Feb 14 13:34:32 2020
# 
0 999 2 998
2 3
3 5
5 6 7
6 7
7
13 14 15
14 15
15 17
17 19
19 21
21 22 23
22 23
23
26
29 30
30 32
32 34
34 36
36
39 40 41
40 41
41
45 47
47 48
48
51 53
53
56 58
58 59
59 61
61 62
62
65 66 67
66 67 68
67 68 69
68 69
69
72
76
79 80
80 82
82 84
84 85
85
90 91
91 93
93
96 97 98
97 98 99
98 99
99
108 109 110
109 110 111
110 111 112
111 112 113
112 113
113
116 117 118
117 118 119
118 119 120
119 120
120 122
122 124
124
136
139
142 143
143
146
149 150 151
150 151 152
151 152
152
157
160 162
162
166
172 173
173 175
175 177
177 179
179 180
180
184 185
185
188 189
189
192 193
193 195
195 196
196
199
203 205
205 206
206 208
208 209
209
213
216 218
218
221
224 225
225 227
227 228
228
231 233
233 235
235
238
243
246 247 248
247 248 249
248 249 250
249 250 251
250 251
251
257 258 259
258 259
259
264 265 266
265 266
266
271 272 273
272 273 274
273 274 275
274 275 276
275 276
276 278
278 279 280
279 280
280
284 285 286
285 286
286 288
288
292 293 294
293 294
294
299
302 303
303 305
305
310 312
312 314
314 316
316 318
318 319
319
327
331 332 333
332 333
333
336
339
342 343 344
343 344
344
349
355 356
356
361 362
362 364
364 366
366
369 371
371 372 373
372 373
373
382 383
383 385
385 386 387
386 387
387
390 391 392
391 392
392
395 396
396 398
398 399 400
399 400
400
406 408
408 409 410
409 410
410 412
412 414
414 415 416
415 416
416
419
422 423
423
429 431
431
434
437 439
439 441
441 442 443
442 443
443
446 448
448 450
450
453
458
461
465 466 467
466 467 468
467 468
468
471
475
478 479
479
482 483
483 485
485 486 487
486 487
487 489
489 491
491 493
493 495
495 496
496 498
498
502
506
509
512 514
514 515 516
515 516 517
516 517 518
517 518
518 520
520 521
521 523 552
523 524 525
524 525
525
528 530
530
533 534
534 536
536 537
537
540 541
541
544 545 546
545 546 547
546 547 548
547 548 549
548 549 550
549 550 551
550 551 552
551 552
552
556
559
564 566
566 568
568 569
569 571
571
574
577 579
579
583 585
585 587
587 588 589
588 589
589
592 594
594
598
602 604
604 605 606
605 606 607
606 607 608
607 608
608
611 612 613
612 613
613 615
615 617
617 618 619
618 619
619
624
629 630
630 632
632
635 637
637
641 642
642 644
644 646
646 647
647
651
654
658
662
665
673
679 680
680
684 685
685 687
687 688
688
691 693
693 694
694
697 699
699 700 701
700 701 702
701 702 703
702 703 704
703 704
704
708 709 710
709 710
710 712
712 713
713 715
715 716 717
716 717 718
717 718
718 720
720 722
722 724
724
727 728 729
728 729
729
736 737 738
737 738 739
738 739
739
745 747
747 749
749
752 753 754
753 754 755
754 755 756
755 756
756
760 761 762
761 762 763
762 763
763
767 768 769
768 769
769 771
771
774 775
775 777
777 778
778 780
780 781 782
781 782
782
785 786 787
786 787
787 789
789 791
791
794 796
796
800 801 802
801 802
802 804
804 805
805
808 810
810
813
816 818
818 819
819
822 823 824
823 824
824 826
826 827 828
827 828
828
832 833 834
833 834
834 836
836 838
838
841 843
843 844
844
849 850 851
850 851 852
851 852 853
852 853 854
853 854 855
854 855
855 857
857 858
858 860
860 861
861
864 865 866
865 866 867
866 867
867
872 874
874 875
875 877
877 878 879
878 879
879 881
881 882 883
882 883 884
883 884
884
890 891 892
891 892
892 894
894 895
895
903 904 905
904 905
905 907
907 908 909
908 909 910
909 910
910 912
912 913 914
913 914 915
914 915
915 917
917 919
919 920
920 922
922 923
923
927 928 929
928 929
929 931
931
934 935 936
935 936
936 938
938 939 940
939 940 941
940 941
941
944
950 951 952
951 952 953
952 953 954
953 954
954
957
962 963
963 965
965
968 969 970
969 970
970
973 975
975 977
977 979
979 980 981
980 981
981
984 985
985 987
987 989
989
993 994 995
994 995
995
998 999
999
