#naive2.0.py
# GMT Fri Feb 14 13:34:31 2020
# 
1 3 999
3 4
4 868
10
15 16
16
21
24
28 30
30 31
31 33
33 34
34 36
36
40
43
47
52
56 57
57 59
59
63 64 65
64 65
65
68 69
69
72
77 79
79 80
80
85
88 89
89 91
91
95 96
96 97
97
101 102
102
105 106 107
106 107
107
113 115
115 116 117
116 117
117
121 123
123 124
124
128 129
129 131
131 132
132 134
134 135
135
140
143 145
145
149 150
150 152
152 154
154
158 160
160 162
162
165
169 170
170
173 174
174 176
176 178
178 179 180
179 180 181
180 181 182
181 182 183
182 183 184
183 185
184 185
185
190 192
192 193
193 195
195
199 200 201
200 201 202
201 202 203
202 203
203
209 211
211 212 213
212 213 214
213 214
214
218 219
219
223 225 429
225 226 227
226 227 228
227 228 229
228 229 230
229 230 231
230 231 232
231 232
232 234
234 236
236 237
237
240 241 242
241 242 243
242 243 244
243 244
244
248 249
249
253 255
255 256
256
262
267 268
268 270
270 272
272 274
274 276
276 278
278 280
280 281
281 283
283 284
284 286
286 287 288
287 288 289
288 289
289 291
291 292 293
292 293 294
293 294 295
294 295 296
295 296 297
296 297
297 299
299
302 304
304 305 306
305 306
306
309
312 313
313
317 319
319 321
321
327
333 335
335 336 337
336 337
337
340 342
342 343
343
348 349
349
352 354
354
357 358
358 360
360 362
362
365
369 370
370 372
372 373 374
373 374
374 376
376 377
377
385 387
387 388 389
388 389
389 391
391 393
393 394 395
394 395
395 397
397 398
398 400
400 401
401
407 408
408 410
410 412
412 414
414
417
421 423
423 424
424
427 428 429
428 429 430
429 430 431
430 431 432
431 432
432 434
434 435 436
435 436 437
436 437
437 438
438 440
440 441 442
441 442 443
442 443
443 445
445
454 455 456
455 456 457
456 457 458
457 458
458 460
460 462
462 463 464
463 464
464 466
466
469 470
470 472
472 474
474 475
475
478
482 483
483 485
485
488 489
489 491
491
494 495
495 497
497 499
499
502
505
508 509 510
509 510
510
514 515 516
515 516 517
516 517
517
520 521
521
525
530
536 537
537 539
539
542
551
554
558 560
560
563 564
564
567 568 569
568 569 570
569 570
570
574
577 578
578
581 582
582
586 587
587
590 592
592
596 598
598 600
600 602
602
605 607
607
618 619
619 621
621
623 625
625 626 627
626 627
627 629
629 630 631
630 631
631 633
633
638
647 648 649
648 649 650
649 650
650 652
652
661 663
663
666 668
668
671
674 675
675
678 679
679 681
681 682
682
686
692 694
694 695
695 697
697 699
699 700
700
710 711 712
711 712
712
715 716
716 718
718 720
720
724 726
726 727 728
727 728
728 730
730
734 735 736
735 736 737
736 737 738
737 738 739
738 739 740
739 740
740
744
748 749
749 751
751 752 753
752 753 754
753 754
754
764
772
781
785
788
792
795 796
796
802 803
803
808 810
810
813 815
815 816 817
816 817
817 819
819 820
820 822
822
826 827
827 829
829 831
831 833
833 834
834
837
840 841
841
844 846
846 848
848 850
850 851
851
854 856
856 857 858
857 858
858 860
860
864
868 869
869
874 875 876
875 876
876 878
878 879
879
883 884
884 886
886
893 894 895
894 895 896
895 896 897
896 897
897
900
905 906
906
911
914
918 920
920
923 925
925
930
935
938 940
940
943 944
944
949 950 951
950 951 952
951 952
952
956
962 964
964 966
966 968
968
972 973 974
973 974 975
974 975
975 977
977
980 981
981
984 986
986 987
987
991 992
992
996
999
