#naive2.0.py
# GMT Fri Feb 14 13:34:36 2020
# 
1 3
3 5
5 7
7 9
9
14 16
16 17
17
20
23
26 28
28
35
38 40
40 42
42
46 47
47
50 52
52 53
53
56 57
57 59
59 60 61
60 61 62
61 62
62
66 67
67
70 71 72
71 72
72
75 76 77
76 77
77 79
79 80
80
83
86 88
88
92 94
94 95
95
99 100 101
100 101
101 103
103 104
104 106
106 107 108
107 108
108
113 114 115
114 115
115 117
117 119
119 120
120
123 887
127
130 131 132
131 132 133
132 133 134
133 134
134
137 138 139
138 139
139 141
141 143
143 144
144 146
146
149 150
150 152
152 153
153 155
155 156 157
156 157 158
157 158
158
161 162 163
162 163 164
163 164 165
164 165
165 167
167
171 172 173
172 173 174
173 174 175
174 175
175 177
177 178 179
178 179 180
179 180
180 182
182 183 184
183 811
184
188 190
190 192
192
195 196 197
196 197
197 199
199 200
200 202
202
210
214 215 216
215 216
216
219 220
220
223
226
229
232
235
239 240
240 242
242 243 244
243 244 245
244 245 246
245 246 247
246 247
247
253 254
254 256
256 258
258
261 262
262
265
269
273
279
285
293
299
302 303
303
308 309
309 311
311 312 313
312 313 314
313 314 315
314 315
315 317
317
320
323 324
324 326
326
330 332
332 333
333
336 337 338
337 338
338 340
340 342
342 343 344
343 344
344
351
354 355 356
355 356 357
356 357
357 359
359 360
360
363 364
364
367
376 378
378 380
380 381 382
381 382 383
382 383 384
383 384
384 386
386 388
388 390
390
393 395
395 397
397 398
398 400
400
406 407
407
411 412 413
412 413
413
417 419
419 420
420 422
422 424
424 425 426
425 426 427
426 427 428
427 428
428
432 433 434
433 434
434
441 442 443
442 443
443 445
445 446 447
446 447 448
447 448
448
454 456
456 457
457
462
466 467
467 469
469 470
470 472
472
478
481 483
483 484
484 486
486 487
487 489
489
492 493
493
496 497
497 499
499 501
501 502 503
502 503
503 505
505
508 509 510
509 510
510 512
512 513
513 515
515 516
516 518
518
523 524
524
528 530
530 531 532
531 532
532
537 538 539
538 539
539
544
547
550 551
551
555 556
556
559
562 563 564
563 564
564 566
566
569 571
571 572
572 574
574 576
576 577 578
577 578
578
581 583
583
587 588 589
588 589 590
589 590
590
595 597
597 598 599
598 599 600
599 600
600
604 605
605 607
607 609
609 610
610 612
612
616
619 620 621
620 621 622
621 622
622 624
624 625 626
625 626
626
630 631
631
637 639
639 640
640
644
647 648
648
653 654
654
657 658
658 660
660
665 666
666 668
668 669
669
672
677
680 681
681
685 686
686 688
688
691 693
693 695
695 696 697
696 697 698
697 698
698
701 702
702
705 706
706 708
708 710
710 711
711
714 716
716
720 721
721
724
730 731
731
734 735
735
740
744 745 746
745 746 747
746 747
747
752
756 757 758
757 758
758 760
760 761
761
766
769 770
770
773
776 777 778
777 778 779
778 779
779 781
781 783
783 785
785 786
786 788
788 790
790 791
791
794 795 796
795 796 797
796 797
797
800 801 802
801 802
802 804
804 805
805
811 812 813
812 813 814
813 814 815
814 815 816
815 816
816
820 821
821
824 825 826
825 826 827
826 827 828
827 828 829
828 829 830
829 830
830 832
832 834
834 836
836 838
838
841 842
842
847 849
849 850
850
855
864 866
866 868
868 869 870
869 870
870
873 874
874
877 878 879
878 879
879 881
881 883
883 884
884
887 888
888 889
889
894 896
896 897 898
897 898
898
901 902 903
902 903 904
903 904
904
907 908 909
908 909 910
909 910 911
910 911
911
918
921 923
923 924 925
924 925 926
925 926
926
930
933
936
939 940
940 942
942 944
944
947
951
956 957 958
957 958
958
961
964 965 966
965 966
966
971
974 975 976
975 976 977
976 977 978
977 978 979
978 979
979
982 983 984
983 984
984 986
986
990 991
991 993
993
998
