#naive2.0.py
# GMT Fri Feb 14 13:34:28 2020
# 
1 3 999
3 5
5 6
6 8
8 9 10
9 10
10 12
12 13 14
13 14
14
21
24 25
25
28 30
30 32
32
36 37
37 39
39
45
48 49
49
52 53 54
53 54
54 56
56 58
58 59
59 61
61 62
62 64
64 66
66
69 70
70
78 79
79
83 85
85
89 91
91 93
93
96 97 98
97 98
98
101
105
108 109
109
112 113
113
116 117 118
117 118
118 120
120
124 125
125
128 130
130 131
131 133
133
139
150
154 155
155 157
157 158
158
162 164
164 165
165 167
167 168 169
168 169 170
169 170
170
173 175
175 176
176 178
178 179 180
179 180
180 182
182 183 184
183
184 186
186
193 194 195
194 195 196
195 196
196
202
206
209 210 211
210 211 212
211 212 213
212 213 214
213 214 215
214 215
215 217
217 219
219
223 225 429
225 226 227
226 227 228
227 228 229
228 229 230
229 230 231
230 231
231
234 236
236 237 238
237 238
238 240
240 242
242 243
243 245
245 246 247
246 247 248
247 248
248 250
250 252
252 253 254
253 254
254
257 258
258
262 264
264 266
266 268 621
268 269
269
273 275
275 276
276 278
278 280
280 281
281
287
290 292
292 294
294 295 296
295 296 297
296 297
297
301 303
303
306 307
307
311 312
312
315 316 317
316 317 318
317 318 319
318 319
319
325 326
326 328
328
333 335
335 336
336 338
338
342 344
344 345 346
345 346
346
349
352 354
354 356
356 358
358 359
359 361
361
364 366
366 367
367
371 373
373
378
381
385
389
394 396
396 398
398 400
400 401 402
401 402 403
402 403 404
403 404
404 406
406
409
412
415 416 417
416 417
417
421 422
422
425 426 427
426 427
427 429
429 431
431 433
433 434
434 436
436 437
437 439
439 441
441 443
443 444
444
447 448 449
448 449 450
449 450
450
456
462 463 464
463 464 465
464 465
465 467
467 468 469
468 469 470
469 470 471
470 471 472
471 472 473
472 473
473
480 481 482
481 482
482 484
484
487 488
488
492 494
494 495 496
495 496 497
496 497
497
502 504
504 505
505
508 510
510 511 512
511 512 513
512 513 514
513 514
514
517
520 522
522 524
524 525
525 527
527 528 529
528 529
529
531 533
533
536 537
537
540 541
541 543
543 544 545
544 545
545 547
547
556 558
558 560
560
563 564 565
564 565 566
565 566 567
566 567
567 569
569
572 573
573 575
575 576
576
579 581 972
581
585
588
596
599 601
601 603
603
610 611
611 613
613 614
614
621 622
622 623 624
623 624 625
624 625
625
629
632 633 634
633 634 635
634 635
635 637
637 638 639
638 639
639 641
641
646 648
648 649 650
649 650 651
650 651 652
651 652
652 654
654 655
655
660
665
669 671
671 673
673 675
675 676
676
680
684 685
685 687
687 689
689 691
691 693
693 694 695
694 695
695
699 700 701
700 701
701
704
707
709
712 713
713 715
715 717
717 719
719 720
720 722
722 723
723
726
729 730 731
730 731
731
734 735
735 737
737
743
745 746 747
746 747
747
750 752
752
758 759
759
762 763 764
763 764 765
764 765 766
765 766
766 768
768 770
770 771
771 773
773 774 775
774 775
775 777
777 778
778 780
780 782
782
785
788
791 792 793
792 793 794
793 794
794
797
801 802 803
802 803 804
803 804 805
804 805 806
805 806 807
806 807 808
807 808 809
808 809
809
813 814 815
814 815
815 817
817 818 819
818 819 820
819 820 821
820 821 822
821 822
822 824
824 825 826
825 826 827
826 827 828
827 828
828 830
830 831 832
831 832
832
837 838 839
838 839
839 841
841 843
843 844 845
844 845
845 847
847
853 854
854
858 859 860
859 860
860 862
862
865 867
867 869 937
869 870
870 872
872 873
873
877 878 879
878 879 880
879 880
880
883
886 887 888
887 888
888 889 890
889 890 891
890 891
891 893
893
896
901 903
903 904 905
904 905 906
905 906 907
906 907
907
910
915 916 917
916 917
917 919
919 920
920 922
922 923 924
923 924
924
928
934 935
935 937
937 938
938 939
939 941
941 942
942
946
949 950
950 952
952
958 959 960
959 960
960 962
962 963
963
967 968
968
971 972
972
975 976
976 978
978 979 980
979 980
980 982
982 984
984 985
985
989 991
991
994 996
996 997
997 999
999
