#naive2.0.py
# GMT Fri Feb 14 13:34:33 2020
# 
0 1 999
1 3 999
3 5
5 7
7
11 13
13 14
14
17
20 21 22
21 22 23
22 23 24
23 24 25
24 25
25 27
27 28 29
28 29
29 31
31
35
44 46
46
49
52 53 54
53 54
54
57 58
58
62 63 64
63 64 65
64 65 66
65 66
66
72
76 78
78 79
79
82 84
84
87
90
93
96 98
98 100
100
103
106 107
107 109 529
109 110
110
113
116 118
118
122 123
123 125
125 127
127
130 131
131 133
133 134 135
134 135 136
135 136 137
136 137 138
137 138 139
138 139 140
139 140
140 142
142 143
143 145
145 147
147
157 159
159 161
161 163
163 164
164
171
174
179
183 185
184 185
185
188 189
189 191
191 193
193 195
195 196
196 198
198 200
200
204 206
206 208
208 210
210 211
211 213
213 214
214 216
216 217
217
222 223
223 225 429
225
234 236
236
244 245
245
248
254
259
263 264 265
264 265
265 267
267
270 272
272 273
273
277 278 279
278 279
279 281
281
284 286
286
293 294 295
294 295 296
295 296
296
299
304
307 309
309
313 315
315 316
316 318
318 319
319 321
321 322 323
322 323
323
326
329
332 334
334
345 346 347
346 347
347
352
358 359
359
363
366
369 370 371
370 371 372
371 372
372 374
374 375 376
375 376 377
376 377
377 379
379 380 381
380 381
381 383
383 384
384
391 392
392
396
400 401
401 403
403 404 405
404 405 406
405 406 407
406 407
407
410 412
412 413
413 415
415 416
416
419
424 425
425
428 429 430
429 430 431
430 431
431
436
438 440
440
443 445
445 447
447 448 449
448 449 450
449 450
450
453 454
454
457
460 461
461 463
463 464
464
467
470
482
485 486
486
489 491
491 492 493
492 493
493
496 497
497 499
499 500
500
503 504
504 506
506 508
508 509
509 511
511 513
513
516 518
518 520
520 521 522
521 523 552
522 523
523 525
525
528 529
529
534 535 536
535 536
536
541 542
542 544
544
547 548 549
548 549 550
549 550 551
550 551 552
551 552 553
552 553
553
560
563
566 567 568
567 568 569
568 569
569
579 581
580 581
581 583
583 584 585
584 585 586
585 586 587
586 587
587 589
589 591
591 592 593
592 593
593
597 598 599
598 599
599 601
601 603
603 605
605 606 607
606 607 608
607 608 609
608 609
609
614
618 620
620
623
626
629 630
630
633 635
635
638 640
640 641
641
646 648
648
652 653
653 655
655
659 661
661 663
663
666 667 668
667 668
668 670
670
673 675
675 677
677 679
679 681
681 683
683 684
684 685 686
685 686
686 688
688 689 690
689 690
690
693 694
694
697 698
698 700
700
704 705 706
705 706
706 708
708 709
709 711
711 712
712 714
714
718
721
725 727
727
730
740 741 742
741 742
742 744
744 746
746
750
756
760
764
769 771
771
777 779
779 780
780
783 785
785
788 789
789
794
799 800
800
805 806 807
806 807 808
807 808
808
814
817
822 823
823 825
825 826
826
829 830 831
830 831 832
831 832 833
832 833 834
833 834 835
834 835 836
835 836
836 837
837 839
839 841
841
846
852 853 854
853 854 855
854 855
855
860
864 865 866
865 866
866 868
868 870
870
875
880 881
881
884
888 890
890
899 901
901
904 905
905 907
907 908 909
908 909 910
909 910 911
910 911 912
911 912 913
912 913 914
913 914
914
917 919
919 920
920
926 927
927 929
929
932 933 934
933 934 935
934 935 936
935 936
936 938
938 940
940
944 946
946
951
955 957
957
961 962 963
962 963
963
966
970
973 975
975 977
977 978
978 980
980
983 984
984 986
986
992 993 994
993 994
994 996
996
999
