#naive2.0.py
# GMT Fri Feb 14 13:34:34 2020
# 
2
7
11 12
12
21
25 26
26
29 30 31
30 31
31
35 36
36 38
38 40
40
46 47
47 49
49 51
51 53
53
56
60 61
61 63
63
71 73
73 75
75
78 80
80 81 82
81 82 83
82 83
83
86
91
97 98 99
98 99 100
99 100
100
105 106 107
106 107
107
110 111
111 113
113 114
114 116
116
121 122 123
122 123 124
123 124 707 887
124
129
133 135
135 137
137
140
145 146
146 148
148 149
149 151
151 153
153 155
155 156
156
159 160 161
160 161
161
166 167
167 169
169 171
171 173
173 174 175
174 175
175
178 179 180
179 180 181
180 181
181
184 185 186
185 186 187
186 187 188
187 188 189
188 189 190
189 190
190 192
192
196 198
198 199
199
202 203
203
206 208
208 210
210 211 212
211 212 213
212 213
213
216
221 223 735
222 223 224
223 225
224 225 226
225 226
226
229
235 582
236
239 240
240
248 249
249
253 254 255
254 255
255
259 261
261 263
263
267 268
268
274 275 276
275 276 277
276 277 278
277 278
278
281 282
282 284
284
287 289
289 290
290
297 298
298 300
300 301
301
305
309 311
311 313
313 314
314 316
316
322 323 324
323 324
324
327 329
329 330
330 332
332 333
333
343 344
344
348 349
349 351
351 352 353
352 353 354
353 354 355
354 355
355
358 360
360
364 366
366
369 371
371 372
372
377 378
378 380
380
384
387 389
389
392 393
393 395
395 396
396
399 400
400 402
402 403 404
403 404 405
404 405 406
405 406 407
406 407 408
407 408
408
413 414
414
418 419 420
419 420
420 422
422 424
424 426
426
430 432
432
441 443
443 444 445
444 445 446
445 446
446 448
448 450
450
455 456 457
456 457
457 459
459
463 464
464
467 468
468
471
474
477 478
478
481 483
483 485
485
492 493 494
493 494
494
498 499 500
499 500 501
500 501
501
504 505 506
505 506 507
506 507
507
510 512
512 513 514
513 514
514 516
516
520 521
521
524 525 526
525 526 527
526 527 528
527 528
528
533
536
540 541 542
541 542 543
542 543 544
543 544
544 546
546 548
548 549 550
549 550
550
554 556
556
560 562
562
569 570
570 572
572 573
573
580 582
582 583 584
583 584 585
584 585 586
585 586
586
591 593
593 594
594
598 599
599 601
601 602 603
602 603
603 605
605
608
611 612
612 614
614 616
616 617
617
622 623
623
629 631
631 632
632 634
634
638
644 646
646 647 648
647 648
648 650
650 651 652
651 652
652 654
654 656
656 657 683
657 659
659 660
660
666 667
667
671 673
673 674
674
679 681
681 682 683
682 683
683
685
688
695 696
696 698
698 699 700
699 700 701
700 701
701
704 705 706
705 706 707
706 707
707
710
713
717
723 724 725
724 725
725 727
727 729
729 730 731
730 731 732
731 732
732 734
734 735 736
735 736 737
736 737 738
737 738
738
741 743
743 744 951
744
749
754 756
756 757 758
757 758
758 760
760 762
762 764
764 765 766
765 766
766 768
768
774 775
775 777
777 778
778
781 782 783
782 783
783 785
785
789
792
795 796 797
796 797
797
802
809 810 811
810 811 812
811 812 813
812 813
813
818 820
820 822
822 824
824
827 828
828
831 833
833 835
835
840
846 848
848
851
854 855 856
855 856
856
859 860
860
863 865
865 866 867
866 867 868
867 868 869 937
868 869 870
869 870 871
870 871
871 873
873
876 877
877 879
879
883 884
884
887
889
892
895
899 900 901
900 901 902
901 902
902
905 906 907
906 907 908
907 908
908
911 913
913 914
914
920
925 926 927
926 927
927 929
929 930
930 932
932 934
934
937
940
944
947 948 949
948 949
949 951
951 952
952 954
954 955 956
955 956 957
956 957
957 959
959
962 963 964
963 964
964
969 970
970 972
972 974
974 975
975
978 979
979
983 984
984 986
986 987 988
987 988
988 990
990
994 995 996
995 996
996 998
998 999
999
