#naive2.0.py
# GMT Fri Feb 14 13:34:33 2020
# 
1
4
7
10 12
12
15 16
16
24 26
26 27 28
27 28 29
28 29
29 31
31
35 36
36
40 42
42 43
43 45
45 46
46
54 56
56
59
64
68 69
69
75 76 77
76 77 78
77 78 79
78 79 80
79 80 81
80 81
81
84 86
86 88
88 89 90
89 90 91
90 91 92
91 92 93
92 93 94
93 94
94
98
101 102 103
102 103
103 105
105 106
106 108
108
114 116
116 117 118
117 118
118 120
120 122
122 123
123 887
126 128
128 129
129
132
137 139
139
151 152
152 154
154
158
161 162
162 164
164 166
166
170 171
171 173
173
176 177 178
177 178
178
182 183
183 185
185
195 197
197 198 199
198 199
199 201
201 202 203
202 203 204
203 204 205
204 205
205
210 212
212 213 214
213 214
214 216
216
219
223
224 226
226 228
228
233 234
234
237
240 242
242 244
244 245 246
245 246 247
246 247
247 249
249 251
251 252 253
252 253 254
253 254
254 256
256 258
258
261 262
262
265 266 267
266 267
267 269
269
272 274
274 275
275
278 280
280 281 282
281 282
282
287 288
288
291 292
292 294
294 295 296
295 296 297
296 297 298
297 298
298
303
307
310 312
312 314
314
317 318
318
324 326
326 328
328 330
330
337 338 339
338 339 340
339 340 341
340 341
341
344
347 349
349
353 354 355
354 355
355
360
366 367
367
373 374 375
374 375
375
380 381 382
381 382 383
382 383 384
383 384
384 386
386 387
387 389
389 390 391
390 391 392
391 392 393
392 393
393 395
395 397
397
404
409
412
415 416
416 418
418
421
424
427 428
428
433
440 442
442 443
443
447 449
449 450
450 452
452 453 454
453 454 455
454 455
455 457
457 459
459 460 461
460 461
461
464
469 470
470 472
472
475 477
477 478 479
478 479
479
484 485 486
485 486 487
486 487
487
490 491 492
491 492
492
496 498
498 499
499 501
501 502
502 504
504 505 506
505 506
506
513 515
515 516
516 518
518 519 520
519 520 521
520 521
521
524 525
525
528 529 530
529 530
530
533 535
535 536 537
536 537
537 539
539 540
540 542
542 543
543
546 548
548 549
549 551
551 553
553 554
554
557 558
558
561 563
563 565
565 566
566
571
574 576
576 578
578 579 580
579 972
580 582
582 583
583
586 587
587 589
589 591
591 593
593 595
595
600 601 602
601 602
602 604
604
607
612
625 626 627
626 627
627 629
629 631
631 633
633 634 635
634 635
635 637
637
645
648 649 650
649 650 651
650 651
651
655
658
661
664 666
666 667 668
667 668
668
671 672
672
680 681
681
686 687 688
687 688 689
688 689
689 691
691 692
692
696 697 698
697 698 699
698 699
699 701
701
710 712
712 713
713
717
721 723
723
726
729 730
730
734 735 736
735 736
736 738
738
741 742
742
745 747
747 748 749
748 749 750
749 750 751
750 751
751
757
760
763 764
764 766
766 768
768
771 772 773
772 773 774
773 774
774
778 779
779
782 783
783 785
785
788 789
789 791
791 792
792
797 798
798
802 804
804 806
806 807
807
810 812
812 814
814 815
815 817
817
821 823
823 824
824
829
834 836
836
842 844
844 846
846 847
847 849
849 850
850
854 855
855 857
857 858
858
861 862
862
870
873 874
874
878 880
880 881
881 883
883 884
884 886
886 887
887
889 891
891 892
892
897
902 903 904
903 904
904
907 909
909 911
911
917 918
918 920
920 921
921
930
937
941 942
942 944
944 946
946
950
954 956
956
959 960 961
960 961 962
961 962 963
962 963 964
963 964 965
964 965 966
965 966
966 968
968
972
975 977
977 978 979
978 979
979
982
989 990 991
990 991
991
995
998
