#naive2.0.py
# GMT Fri Feb 14 13:34:30 2020
# 
0 1 999 998
1 999
5 6
6
9 11
11 12
12 14
14
18 19
19 21
21
24
27 28 29
28 29
29
32 33 34
33 34 35
34 35 36
35 36
36 38
38 39 40
39 40
40
44 46
46
49
52 53
53
57 58
58
66 67 68
67 68
68
71 72 73
72 73
73 75
75 77
77
80 81 82
81 82 83
82 83 84
83 84
84
90 92
92 94
94
98
102
105 107
107 108 109
108 109 110
109 110
110 112
112 114
114 115 116
115 116
116
122
129
136 138
138
142
147 148
148
153 155
155 157
157 158
158 160
160 161
161
164 165 166
165 166
166 168
168 169
169
172 174
174 175
175 177
177 179
179 181
181 183
183
184 186
186
189 190
190
194
200 201 202
201 202
202 204
204 206
206
209
215 216
216 218
218 219 220
219 220 221
220 221 222
221 223
222 223 224
223
224 226
226 228
228 229 230
229 230
230 232
232 233 234
233 234
234
238
241 242
242 244
244 245 246
245 246 247
246 247
247
251 252
252 254
254
258 259 260
259 260 261
260 261 262
261 262 263
262 263
263 265
265 267
267
274 276
276 277 278
277 278 279
278 279 280
279 280 281
280 281
281 283
283 284 285
284 285 286
285 286 287
286 287
287 289
289
297
304 305 306
305 306
306 308
308 309
309
313 314 315
314 315
315 317
317
325 326
326
329
333 334 335
334 335 336
335 336
336 338
338 339
339
342
345
348
353 354 355
354 355 356
355 356
356
361
368 370
370
375
380 382
382
388 390
390
395
398 399 400
399 400 401
400 401
401
404 405
405
408 409 410
409 410
410 412
412
415 416 417
416 417 418
417 418
418 420
420
425
428
434
443 445
445 446
446 448
448
459
467
470
474
479
482 483
483 485
485 486 487
486 487 488
487 488 489
488 489 490
489 490 491
490 491 492
491 492 493
492 493 494
493 494
494 496
496 497
497
500
508
511 512
512 514
514 516
516 518
518 520
520 521
521 552
524 525
525
530 531
531 533
533 534 535
534 535
535 537
537 539
539 540
540
544
548
552 554
554 556
556 557 558
557 558 559
558 559
559 561
561 563
563
567 569
569 570
570 572
572 573 574
573 574
574 576
576 577 578
577 578 579
578 579
579 972
582 584
584 585
585
588 590
590
596 597
597
600 601
601 603
603
606 607 608
607 608 609
608 609 610
609 610 611
610 611
611
617 618
618 620
620 622
622
625 626
626
630 631
631
637 639
639
642
645 646 647
646 647
647
650 651
651
656 657 658 683
657 658
658 660
660 661
661
668 669
669 671
671 672
672
676 678
678 679 680
679 680 681
680 681
681 683
683
685 686
686
693
696 697 698
697 698
698
702
705 707
707 708
708 710
710
720
725 726 727
726 727
727 729
729
732 734
734 736
736 737 738
737 738 739
738 739
739 741
741 742
742
746
750
755
758 759
759
765 767
767 768
768 770
770 772
772
775 776
776
783 785
785 786 787
786 787 788
787 788
788
792 793 794
793 794 795
794 795 796
795 796 797
796 797 798
797 798 799
798 799 800
799 800 801
800 801 802
801 802 803
802 803
803
806 807
807
810
813
817 819
819 820 821
820 821 822
821 822
822
829 830 831
830 831
831
834 836
836 837 838
837 838
838
843 844
844 846
846 848
848
852 853 854
853 854 855
854 855
855
859 860
860
864
867 868
868
874 875
875
879 881
881
885
889 890 891
890 891
891
895 896
896
899 900
900
903 905
905 906 907
906 907
907 909
909 911
911
915
918 919 920
919 920
920
927 928
928 930
930
938 939 940
939 940
940 942
942
946 947 948
947 948
948
954
957 958
958 960
960
963 964
964
969 970
970 972
972
975
978 980
980 982
982
985 987
987
990 991 992
991 992 993
992 993 994
993 994 995
994 995
995
998 999
999
