#naive2.0.py
# GMT Fri Feb 14 13:34:34 2020
# 
6 7 8
7 8
8 10
10 11
11 13
13
17 18
18
21 23
23
26 27 28
27 28
28 30
30 31
31 33
33 35
35 37
37
40
51 52
52
55 57
57
60 62
62
65 66
66
78 79
79 81
81 82
82 84
84 85
85 87
87
90 91 92
91 92 93
92 93
93 95
95 96 585
96 98
98
101 102
102
106 108
108 109
109
113
117 118 119
118 119 120
119 120 121
120 121
121 123
123
127
131 133
133
137 139
139
144 146
146 147 148
147 148 149
148 149 150
149 150 151
150 151 152
151 152 153
152 153 154
153 154
154 156
156 157 158
157 158
158
161 162 163
162 163
163
167 168 169
168 169 170
169 170 171
170 171
171 173
173 174 175
174 175 176
175 176
176 178
178 179
179 181
181 183
183 811
184
187
190 192
192
200 201
201
204 206
206 208
208 210
210
213
217 218
218 220
220 221 222
221 735
222
225 227
227
231 232
232
237
241 242 243
242 243 244
243 244 245
244 245 246
245 246 247
246 247 248
247 248 249
248 249
249
254
257 258
258 260
260 262
262 264
264
267 268 269
268 269 270
269 270
270
276 277 278
277 278
278
281 283
283 284
284
293
296
302 303
303
306 307
307
310 312
312
315
318 320
320 321
321 323
323 325
325 326
326 328
328 330
330 332
332 333 334
333 334
334
341
345 347
347
353 354 355
354 355 356
355 356 357
356 357
357
362
365
369
372 373
373
378 379
379
384 386
386 387
387
391
394 395 396
395 396
396
401 402 403
402 403
403 405
405
410
413 414
414 416
416 418
418 420
420 421 422
421 422 423
422 423 424
423 424 425
424 425 426
425 426
426
429 430 431
430 431
431 433
433 435
435 437
437 439
439 441
441 443
443
446 447 448
447 448 449
448 449
449
453 454 455
454 455 456
455 456
456
461
465 466
466
469 470
470
475 476 477
476 477
477
482
490 491 492
491 492 493
492 493
493 495
495 496
496
499 500
500
504 506
506 507 508
507 508 509
508 509
509
512
516 518
518 520
520
523 525
525 526 527
526 527
527
531 532
532
536 537
537 539
539 540
540 542
542
548 549 550
549 550 551
550 551 552
551 552
552 554
554 555
555 557
557 559
559 561
561
564 566
566 567
567 569
569
573 574
574 576
576 577 578
577 578 579
578 579 580
579 972
580
583 584 585
584 585 586
585 586
586
589 590 591
590 591 592
591 592
592 594
594
597 598
598 600
600 602
602 603
603
606 607 608
607 608
608
611 612 613
612 613
613
616
619 620
620 622
622 623 624
623 624 625
624 625 626
625 626 627
626 627 628
627 628
628
631 633
633 634 635
634 635
635
638
641 643
643
646 647 648
647 648
648
654 655 656
655 656
656 683
659 661
661 663
663 664
664
667 668
668
676 677
677
681 682 683
682 683 684
683 684
684 685
685
690 692
692 694
694 695 696
695 696 697
696 697
697 699
699 700
700
703 704
704
708 709 710
709 710 711
710 711
711 713
713
716 717 718
717 718 719
718 719 720
719 720
720 722
722 724
724 725
725 727
727
730
734 735 736
735 736 737
736 737
737
740 742
742 744
744
747 748 749
748 749
749 751
751 752 753
752 753
753
756 758
758 759
759 761
761 762
762
766 768
768 770
770
775 776
776
780 781 782
781 782
782 784
784 785
785 787
787 788 789
788 789 790
789 790 791
790 791 792
791 792 793
792 793
793 795
795
804 806
806
811 813
813 814 815
814 815
815 817
817 819
819 820
820 822
822
826
830
835
840 841
841
844 846
846
850 851
851
856 858
858
864 866
866 867
867 869 937
869 870
870 872
872
877
882
885
898 899 900
899 900 901
900 901
901
904
908
913 914 915
914 915 916
915 916
916
921
924
928
936 937 938
937 938
938
943 944 945
944 945
945
949
952 953
953 955
955 956
956 958
958
962 963
963
968 969
969
972 974
974 975 976
975 976
976
979 980
980
988 990
990 991 992
991 992
992 994
994 995 996
995 996
996
999
