#naive2.0.py
# GMT Fri Feb 14 13:34:34 2020
# 
1 2
2
5 6
6 8
8
11 13
13 14
14
19 20 21
20 21
21 23
23 24
24 26
26 28
28 29 30
29 30
30
36 38
38
41 43
43 45
45 46 47
46 47 48
47 48
48 50
50 51
51 53
53
58
70
73
77 78
78
82 84 636
84 85
85
95 96
96 97 98
97 98 99
98 99 100
99 100
100
103 105
105 106
106 108
108 110
110 111
111 113
113
116 118
118 119 120
119 120
120
123 125
125
128
133 134 135
134 135 136
135 136 137
136 137
137
140 141 142
141 142
142 144
144 145 146
145 146
146
149
152 154
154
158
161
164 165
165
169 170 171
170 171
171 173
173 174 175
174 175 176
175 176
176
180 181
181
184 185 186
185 186 187
186 187
187
192
195 196 197
196 197
197
204 205 206
205 206
206 208
208 209
209 211
211 213
213 214
214
220 222
222 223 224
223
224
228
237 238
238
242 244
244 245 246
245 246 247
246 247
247
250 251 252
251 252 253
252 253
253
256 257 258
257 258
258
261 262 263
262 263
263
268
272 273 274
273 274
274
278 279
279
282 284
284 285
285 287
287 288 289
288 289
289 291
291
294 296
296 297 298
297 298
298
301 302 303
302 303
303 305
305 306 307
306 307
307
312 314
314 315
315
318
321 323
323 324
324 326
326
330 332
332
335
338 340
340 342
342
346
349 350
350
353
356
361 362
362
366 367 368
367 368 369
368 369 370 436
369 370 371
370 371
371
374 376
376 378
378 379 380
379 380 381
380 381
381 383
383
386
389
392 393
393
396 397 398
397 398
398
401 402 403
402 403 404
403 404 405
404 405
405
409 411
411 413
413
417 418 419
418 419 420
419 420 421
420 421
421
426
432 433 434
433 434
434 436
436
438
443
447 448
448
451 453
453
457 459
459 460
460 462
462 463
463
466
469
474 475 476
475 476
476
480 481
481 483
483 485
485
488 490
490
493
496 498
498 499 500
499 500 501
500 501 502
501 502
502
509 511
511 513
513 514
514
525 527
527 528 529
528 529
529
531
535 536 537
536 537
537
542 544
544 546
546 548
548 549 550
549 550
550 552
552
555 557
557
561 563
563
568 569
569
574 576
576
580 582
582 584
584 586
586
592 594
594
598 600
600
603 605
605 606
606
610
615 616 617
616 617 618
617 618 619
618 619
619 621
621
624 625
625
629
633
636
641
644 645
645 647
647 648
648
654 656
656 657 658
657 658
658 660
660
663 665
665 667
667
671 673
673 674 675
674 675 676
675 676 677
676 677
677 679
679
685 686
686
690
693 694 695
694 695
695
698
701 702
702
710 712
712 714
714 716
716
719
724
727
732
735 736
736
739 741
741 742 743
742 743 744
743 744 951
744
748 749 750
749 750
750 752
752
757 758 759
758 759
759 761
761 762 763
762 763 764
763 764
764
767 769
769 770
770
773
776 777
777
780
783
791 793
793 795
795 796
796
799 800
800
804 805
805
809
812 813 814
813 814
814 816
816
820
823 824 825
824 825 826
825 826
826 828
828 829 830
829 830
830 832
832 834
834 835 836
835 836
836 837
837 839
839 840 841
840 841
841 843
843
847
853 855
855 856 857
856 857
857 859
859 861
861 862 863
862 863
863
868
872
879 880
880
884
888 889 890
889 890 891
890 891
891 893
893 895
895
899
902 904
904 905
905
908
911 912
912
916 917
917 919
919
922
925
929
932 933
933 935
935 936 937
936 937
937
940 942
942 943
943 945
945 947
947
950 951
951 953
953 954
954 956
956 958
958 959 960
959 960 961
960 961
961
964 965
965 967
967 968
968 970
970 971 972
971 972 973
972 973 974
973 974
974 976
976 977 978
977 978 979
978 979
979 981
981
985 986
986
990 991
991 993
993 995
995 997
997
