#naive2.0.py
# GMT Fri Feb 14 13:34:32 2020
# 
1 3 999
3 5
5 7
7 9
9
13 14
14 16
16 17
17 19
19 20
20
24 26
26 27 28
27 28 29
28 29 30
29 30 31
30 31
31
34 36
36
39
44 45
45
50 51 52
51 52 53
52 53
53 55
55 56 57
56 57
57 59
59
64 65
65 67
67 69
69 70 71
70 71
71 73
73 74
74
77 78 79
78 79 80
79 80 81
80 81 82
81 82
82 84 636
84
87
91 92
92
97
100 102
102 103
103
106 107
107 109 529
109 110
110
115 116 117
116 117 118
117 118 119
118 119
119
122
127 128 129
128 129 130
129 130
130 132
132
135 137
137 138 139
138 139
139
143 145
145 147
147 148
148
151 152
152
156
160 162
162 164
164 166
166 168
168 169
169 171
171 173
173 175
175 177
177 179
179 181
181 182
182
187 188 189
188 189 190
189 190
190
194 196
196
200
203 205
205 206
206
211
214 215 216
215 216
216
220
224
227 228 229
228 229
229
233 234 235
234 235 236
235 237 582
236 237 238
237 238
238 240
240 241 242
241 242 243
242 243
243 245
245 247
247 249
249
252 254
254
262
266 267 268 621
267 268
268 270
270 272
272 274
274 275 276
275 276 277
276 277 278
277 278 279
278 279
279 281
281 282
282
286
289 290
290 292
292 293
293
298 299
299
303
307 309
309 311
311 313
313 315
315 316 317
316 317 318
317 318
318
327 329
329
333 334
334 336
336 337 338
337 338 339
338 339 340
339 340
340
343
348 349
349 351
351 353
353 355
355 356 357
356 357
357
361 362 363
362 363
363
367 369
369 370
370
373 374
374 376
376 378
378 379
379 381
381
384
387 388
388
395 396
396 398
398 399
399 401
401
408 409
409 411
411 413
413 415
415 417
417 418 419
418 419
419 421
421
425 426 427
426 427 428
427 428
428
432
436
438 440
440
443
449 451
451 452
452 454
454 455
455
458
461 462
462 464
464 466
466 467 468
467 468
468
473 475
475
481
484
491 492
492 494
494 495
495 497
497
500 502
502 503
503
506 507
507 509
509
512
518 519
519
522 523
523
526
529
532 533
533 535
535
538 540
540 541 542
541 542
542 544
544
549 550 551
550 551
551 553
553
558 559 560
559 560
560 562
562 563 564
563 564 565
564 565
565
570
576
582
585
588
591 592
592 594
594 596
596 598
598 599
599 601
601 602
602 604
604 605
605 607
607 608 609
608 609 610
609 610
610 612
612
615 617
617 618
618
621 622
622 624
624 625 626
625 626
626 628
628 629
629 631
631 632 633
632 633
633
636
640
647 649
649 651
651 652 653
652 653
653 655
655
659 660 661
660 661
661
664 666
666 667
667 669
669
672 673
673
677 678
678 680
680
685
688 689
689 691
691 692
692
695 697
697 698
698 700
700 701 702
701 702
702 704
704 706
706 707 708
707 708
708
711
714 715 716
715 716
716
719
723 724 725
724 725 726
725 726
726 728
728 729 730
729 730 731
730 731 732
731 732
732
736 737 738
737 738 739
738 739
739
742
747 749
749
753
756 758
758 759 760
759 760
760 762
762 763 764
763 764
764 766
766 767
767 769
769
774 775
775 777
777
780
784
787
792
795 797
797 799
799 801
801
805 807
807
810
814 816
816 818
818 819
819 821
821
824 826
826 827 828
827 828
828
833 834
834 836
836
840 842
842 843
843
849
852
861 863
863 864 865
864 865
865
872 873 874
873 874 875
874 875 876
875 876
876 878
878 879 880
879 880
880
884 886
886 887
887
892
897
900
904 905 906
905 906 907
906 907 908
907 908
908 910
910 911 912
911 912
912 914
914
920 922
922 923
923
929
933
936
940 941
941
944 945
945
949
952 954
954 955
955 957
957 958 959
958 959
959 961
961 962 963
962 963 964
963 964
964 966
966 967
967
971
975
979 981
981 982 983
982 983
983 985
985 986 987
986 987
987 989
989
992 994
994 995
995 997
997 998 999
998 999
999
