#naive2.0.py
# GMT Fri Feb 14 13:34:29 2020
# 
0 999 2
2 4
4
7 9
9 10 11
10 11
11 13
13 15
15
19 20
20 22
22 24
24
28 29
29
36
40 41
41
44
47 48
48 50
50
53 54
54 56
56 57
57
60 62
62 63 64
63 64 65
64 65
65 67
67
72 74
74
77 78 79
78 79 80
79 80
80
83 84
84 86
86
89 90
90
99
103 104 105
104 105
105 107
107
110 112
112 113 114
113 114
114 116
116 117
117
126 127 128
127 128 129
128 129
129 131
131 133
133 135
135 136 137
136 137 138
137 138
138 140
140
143
146 147
147 149
149 151
151 152
152 154
154 155
155 157
157 158
158
161
164 165
165
169 170 171
170 171
171 173
173 174
174 176
176 177 178
177 178 179
178 179
179
186 188
188 190
190 191
191 193
193 194 195
194 195
195
200 201
201 203
203
207 208 209
208 209
209
212 214
214 216
216
219 220
220 222
222 223 224
223
224
227 228
228
232 233 234
233 234 235
234 235 236
235 237
236 237
237
240 242
242
245 246 247
246 247 248
247 248
248
253 254 255
254 255
255
260 261
261 263
263 264
264
268 270
270 271
271 273
273
276 278
278
285
288 290
290
301 302
302 304
304 306
306 307
307 309
309 311
311 312
312 314
314 315 316
315 316 317
316 317
317
321 322 323
322 323
323
329
334 335 336
335 336 337
336 337 338
337 338 339
338 339 340
339 340
340 342
342
348 349 350
349 350
350 352
352
356 357 358
357 358
358
363 364 365
364 365 366
365 366
366 368
368 369
369
373 375
375
378 379
379
382
389 390 391
390 391
391 393
393 394
394 396
396 398
398
401 402
402
408 409
409
413 415
415 416
416 418
418 419 420
419 420 421
420 421 422
421 422
422
426 427 428
427 428
428 430
430
433 434 435
434 435
435
438 439
439
443 444
444
447 449
449 450
450
453 455
455
461 462
462
467
471 473
473
477 478 479
478 479
479 481
481 482 483
482 483
483
486
489 490 491
490 491
491
494 495 496
495 496
496
500
503 504
504
509 510 511
510 511
511 513
513 514
514 516
516
519 520 521
520 521 522
521
522 524
524 525 526
525 526 527
526 527 528
527 528
528
535 537
537
542 543 544
543 544
544 546
546 548
548 549 550
549 550
550
554 555 556
555 556
556 558
558 559
559
562
565 566
566
569 570
570 572
572 574
574 575 576
575 576 577
576 577 578
577 578 579
578 579
579 581
581 583
583
588
592 593 594
593 594
594
597 599
599
602
605 606
606 608
608
611 612 613
612 613 614
613 614 615
614 615 616
615 616
616
620
623
626 627 628
627 628 629
628 629 630
629 630
630
633
636
642 643 644
643 644 645
644 645 646
645 646
646 648
648 649 650
649 650 651
650 651 652
651 652 653
652 653
653
656 657
657
663
670 672
672 674
674 675 676
675 676
676 678
678
681 682
682 684
684 685 686
685 686 687
686 687 688
687 688
688 690
690
696 697 698
697 698
698 700
700 702
702 704
704 705
705 707
707
711 712
712
715 717
717 718
718
721
729 730
730
733 734
734
739 741
741 742
742 744
744 745 746
745 746 747
746 747
747
750
753
756 757
757
762 764
764
769
776 778
778
781 782 783
782 783 784
783 784 785
784 785
785
788 790
790 792
792 793 794
793 794
794
799 800
800
803 805
805
808 809 810
809 810
810
814
818
821 822 823
822 823 824
823 824
824
827 828
828 830
830
833 834
834
837 839
839 840
840 842
842
845 847
847
850
853 855
855
862 864
864
867 869 937
869
873 874
874 876
876 878
878 879
879
882 884
884 886
886
890
893 894
894
897 898
898
902
908 909
909
913 915
915
920 921
921 923
923 925
925 927
927 928
928
936 937
937
944
947 949
949 950
950
953 954
954
957
961
964
967 968 969
968 969
969
976 978
978 980
980 981
981
984 986
986 987 988
987 988
988 990
990 991 992
991 992
992
996 997
997 999
999
