#naive2.0.py
# GMT Fri Feb 14 13:34:30 2020
# 
1 2
2
7 8 9
8 9
9
13 14
14
17 19
19 20
20
23 25
25
31 32 33
32 33
33
37 38 39
38 39 40
39 40
40 42
42 43
43
48 49
49
53 54 55
54 55
55 57
57 58
58 60
60
63 64 65
64 65
65
70
76 78
78
81 82 83
82 83 84
83 84 85
84 85 86
85 86
86 88
88 90
90 92
92 93 94
93 94
94 96
96 97
97
100 101
101
104 105 106
105 106
106 108
108 109
109
114
117 119
119 120
120 122
122 123 124
123 124 887
124
129 131
131
136
139
145
148 150
150 152
152
155
159 161
161
164 165
165
168 170
170 172
172
175 176
176 178
178
185
189 190
190 192
192 193 194
193 194
194 196
196 197 198
197 198
198 200
200
204 205
205
208
211 213
213 214 215
214 215
215
218
221 223
223 225
225 227
227 228
228 230
230
235 237
236 237
237
240 242
242 243
243
246
249 250 251
250 251
251
260 261
261
265 266
266
271 272
272
280 281 282
281 282
282 284
284 286
286
289
294 295 296
295 296
296
299
302 303
303
307 309
309 311
311 313
313
318 319 320
319 320 321
320 321
321 323
323 325
325 327
327 328 329
328 329
329 331
331 332 333
332 333 334
333 334
334
337 338 339
338 339
339 341
341 343
343 344 345
344 345
345
348 349
349
352
355 356 357
356 357
357
363 364
364 366
366 368
368 369
369
372 373 374
373 374 375
374 375 376
375 376 377
376 377
377
381
385 386 387
386 387
387
390
397 399
399 400 401
400 401 402
401 402
402 404
404
408 409
409
412
415
420 422
422 423
423 425
425
428
431 432
432 434
434 435
435 437
437 438 439
438 439
439
443 444 445
444 445
445
449 450
450
453 455
455 456
456
459 461
461
465
471 472 473
472 473 474
473 474 475
474 475
475
479 480
480 482
482
488 490
490 492
492 493
493
506 507 508
507 508
508
514
518 519
519
525 527
527 528 529
528 529
529
534 535
535 537
537 538 539
538 539
539
551 553
553 554 555
554 555
555 557
557 558
558 560
560 561 562
561 562
562 564
564 566
566 568
568 569
569 571
571 572 573
572 573
573
576 578
578
581
586 587
587
591 593
593 595
595 597
597
600 601
601
605
608 610
610
613 615
615 616 617
616 617 618
617 618
618
623 624
624 626
626 628
628 629
629 631
631 632
632
638 639 640
639 640 641
640 641 642
641 642 643
642 643 644
643 644 645
644 645 646
645 646
646 648
648 649 650
649 650
650 652
652 653
653
656 657 658 683
657 658 659
658 659
659 661
661 662 663
662 663
663 665
665 667
667
671
674 676
676
679 680
680
683 684
684 685
685 687
687 688
688
691
694 696
696 698
698 699
699 701
701 702
702
708 709
709
712 713 714
713 714
714
718 720
720
723 724 725
724 725
725 727
727
730 731 732
731 732 733
732 733 734
733 734
734 736
736
739 740
740 742
742 744
744 745
745 747
747 749
749 751
751 753
753 754
754
758 759 760
759 760 761
760 761
761 763
763
767
772 773 774
773 774
774
779 781
781 783
783 784 785
784 785
785
788 789 790
789 790
790
793
796 797
797
802 804
804 805
805 807
807 808 809
808 809 810
809 810 811
810 811 812
811 812
812
816 817
817
820 821
821
829 830
830
833 834 835
834 835
835
837
843 844
844 846
846
851 853
853 854 855
854 855
855 857
857
864
868 869
869
872 873
873
876 878
878 880
880 882
882 883 884
883 884 885
884 885
885 887
887 888
888 889
889
893
897 899
899 900
900 902
902
905 907
907 908 909
908 909 910
909 910
910
913
917 919
919 920
920
925 926
926 928
928 929
929 931
931 932 933
932 933 934
933 934
934
945 947
947 948
948 950
950 951 952
951 952
952 954
954 955 956
955 956 957
956 957
957 959
959 961
961 962
962 964
964 966
966 967
967 969
969 971
971 972
972
975 977
977
982 984
984 985
985 987
987
990 991
991 993
993 994 995
994 995
995
998
