#naive2.0.py
# GMT Fri Feb 14 13:34:29 2020
# 
1 2 3
2 3 4
3 4 5
4 5
5
9 10 11
10 11
11
14 15 16
15 16
16 18
18
24 25
25 27
27
30 32
32 33
33
36 38
38 40
40
43 44 45
44 45 46
45 46
46 48
48 49 50
49 50
50
53 54 55
54 55 56
55 56
56
60
63 64
64
68
75 76
76 78
78
81
84 86
86 87 88
87 88
88 90
90 91 92
91 92
92
97 98
98
102 103
103
107 529
112 113 114
113 114 115
114 115
115 117
117 119
119 120
120
123 125 887
125 126
126 128
128
131 132
132
137 138
138
143 144 145
144 145
145 147
147
150 152
152 153
153
165
170 172
172 173
173
176
179 180
180 182
182
187
190
194 195 196
195 196 197
196 197
197
200 201
201
204
208 209
209 211
211
219 220
220
226
233
236 237
237
242 243 244
243 244
244
247
254 256
256 257
257 259
259
267
277 278 279
278 279
279
282 283 284
283 284 285
284 285
285
289 290
290
297
305 306
306
313 314
314 316
316
319
322 324
324 326
326 328
328
331 333
333 334 335
334 335
335
338 339 340
339 340 341
340 341
341
344 346
346 347
347
350 352
352 354
354
357
360
363 365
365
369 370 371
370 371 372
371 372
372
378
381
387 388
388
393 395
395
400
403
406 408
408 409
409 411
411 413
413 414
414 416
416 418
418
422 423
423 425
425
428 430
430
433
443
449 451
451
455
459
462 463
463
466 467 468
467 468
468
471 472
472
475 476
476 478
478 479 480
479 480
480
484
487 488 489
488 489 490
489 490 491
490 491
491
495 496
496 498
498 499
499
502 503
503
506
510 511
511
524 526
526 527
527 529
529
532 533
533
536
539 541
541 542 543
542 543
543 545
545
548 549
549 551
551 552 553
552 553 554
553 554
554 556
556 558
558 559
559
563 565
565
573 575
575
579 972
580
585
588
593
599 601
601
605 607
607 609
609 610 611
610 611 612
611 612 613
612 613 614
613 614
614
618 620
620 621
621
625
628 630
630 631 632
631 632 633
632 633 634
633 634
634
640 642
642 644
644 646
646 647 648
647 648 649
648 649 650
649 650
650 652
652
657 658
658
661 663
663 665
665 666
666 668
668 669 670
669 670 671
670 671
671 673
673 674
674
677 679
679
683
687 689
689 691
691 692 693
692 693
693
696 697
697
700 701 702
701 702
702
709 710 711
710 711 712
711 712
712 714
714 715 716
715 716 717
716 717
717 719
719 720
720 722
722 724
724 726
726 727 728
727 728
728
733 735
735
738 740
740 742
742
750 751
751 753
753 754
754
758 760
760
763 764
764 766
766 767 768
767 768 769
768 769 770
769 770 771
770 771 772
771 772 773
772 773
773 775
775
779
782 783
783
788 789 790
789 790
790 792
792
796 798
798 799 800
799 800
800
803
808
814 815
815 817
817 819
819
826
830 832
832 833
833
837 839
839 841
841 842
842
845
850
853 855
855 856
856
859 860
860 862
862
865 866 867
866 867
867 869 937
869 870 871
870 871 872
871 872
872 874
874 876
876 878
878 879
879
883 885
885 887
887 888
888 890
890
896
900 901
901
909 910 911
910 911
911 913
913 914
914
918
924
928 929 930
929 930
930
933 934
934 936
936 937
937
940 942
942 943
943
946 947
947
952 954
954 955 956
955 956
956
959 960
960
963 965
965 967
967 968 969
968 969
969
972 973
973
977 979
979 980 981
980 981
981
984 985
985
988 989 990
989 990 991
990 991
991
995 996
996 998
998
