#naive2.0.py
# GMT Fri Feb 14 13:34:30 2020
# 
0 2 998
2 3
3
6
9 11
11 12
12
22 24
24
28
34
43 44 45
44 45 46
45 46
46 48
48
51 52 53
52 53 54
53 54
54
57 58 59
58 59 60
59 60 61
60 61
61
67 68
68
71 72 73
72 73
73
76
81 83
83 84 85
84 85 86
85 86 87
86 87 88
87 88
88 90
90 91 92
91 92
92
95
98
104 105 106
105 106 107
106 107
107 109
109 110
110
115 116 117
116 117 118
117 118
118 120
120 122
122 124
124 125
125 127
127 129
129 130
130
135 137
137 139
139 141
141 142 143
142 143 144
143 144
144
147 148 149
148 149
149
154
158 160
160 161
161 163
163 164 165
164 165 166
165 166 167
166 167 168
167 168 169
168 169 170
169 170 171
170 171
171 173
173
180
184 186
186 188
188 190
190 191 192
191 192
192
199 200 201
200 201 202
201 202 203
202 203
203
208 209 210
209 210
210 212
212 213 214
213 214 215
214 215 216
215 216
216
219 221
221 223
222 223 224
223 429
224
232 234
234 236
236 237
237 239
239
242
245
249 250 251
250 251
251
254 255
255 257
257 258
258
262 263
263
267 268 269
268 269
269 271
271 272
272 274
274 275
275
278 280
280 282
282 284
284 286
286 287 288
287 288 289
288 289 290
289 290
290
293 294 295
294 295 296
295 296 297
296 297
297 299
299 300
300
306 307 308
307 308 309
308 309
309
312 314
314 315
315 317
317
320 321 322
321 322
322
325 327
327 328
328
333
336
342 344
344 345 346
345 346
346
350 351
351 353
353 354 355
354 355 356
355 356 357
356 357
357 359
359 360 361
360 361 362
361 362 363
362 363
363
366 367
367
371
374 375
375
378 380
380 381
381
387
390 391 392
391 392
392 394
394
398
401 403
403 405
405
409 410
410
415 417
417
420 422
422 423
423
429 430
430
434 435
435 437
437 438 439
438 439 440
439 440
440 442
442 444
444 445
445
449
453 454 455
454 455
455
458 460
460 462
462
465 466
466 468
468 470
470
476 477
477
485
488
492 493
493
496
501 502 503
502 503 504
503 504
504
507 508
508 510
510 511
511
514 515
515
520 522
522 523 524
523 524
524
528
533 535
535 536
536 538
538
543
547 548 549
548 549
549
552 553 554
553 554
554 556
556 557 558
557 558
558 560
560 561
561
564
567
570 571
571 573
573
576 577
577
581 582
582 584
584
588
591 593
593 594 595
594 595
595 597
597 599
599 600 601
600 601
601
604 605 606
605 606 607
606 607
607
610
613
617 618
618
623
627 629
629 631
631 632 633
632 633
633
637 638
638 640
640 641 642
641 642
642
645 647
647 648
648
652 653 654
653 654 655
654 655
655
661 663
663 664
664
668 670
670 671
671 673
673
678
681
684 686
686
689 690
690
697 698
698 700
700
705
708
711
715 716
716 718
718 719 720
719 720 721
720 721
721
724 725 726
725 726
726
730 731
731
734
739
743 951
746
750
754
759 760 761
760 761 762
761 762 763
762 763 764
763 764
764
768
771 772
772 774
774
777 778
778
781 782
782 784
784 785
785
793 795
795
799 800 801
800 801
801
806 807
807 809
809 810
810
814
820 822
822
826 827 828
827 828 829
828 829 830
829 830
830 832
832 833
833 835
835
839
842 843 844
843 844 845
844 845 846
845 846
846 848
848 849
849
853
856 857 858
857 858
858
865 866 867
866 867
867 869
869 870 871
870 871
871
874 875 876
875 876 877
876 877
877
885 886
886 888
888 890
890
894
903
906
909
913
916 917
917
922
925 926
926 928
928 929
929 931
931 933
933 934 935
934 935 936
935 936
936 938
938 940
940 941
941
945 946
946 948
948
951
955 957
957 958
958 960
960 962
962
965 966
966 968
968 969 970
969 970 971
970 971
971 973
973 974
974 976
976 977
977 979
979 981
981 982 983
982 983
983
986 988
988
991 992 993
992 993 994
993 994 995
994 995
995
998
