#naive2.0.py
# GMT Fri Feb 14 13:34:34 2020
# 
0 999 998
11 12
12
15
24 25 26
25 26 27
26 27
27
32 33
33
36 37
37 39
39 40
40
43
46 48
48 49
49 51
51
54 55
55 57
57 58
58
63 64
64 66
66
69 70
70
81 83
83 84
84 86
86 87 88
87 88
88
91 92 93
92 93 94
93 94
94 96
96
99 101
101
104 105
105
108
111 112
112
118 120
120 122
122 123
123
127 128
128
131
135
141
144 146
146 147 148
147 148
148
153 155
155 156 157
156 157 158
157 158 159
158 159
159
168
173
177
180
183
184
187 188
188
191 192 193
192 193
193
197
200 201 202
201 202
202
205
208 209
209 211
211 212
212 214
214
217 218
218
221 223 735
223
226 227
227
232
235
238 240
240
244 245
245
249
254 255
255
260 261 262
261 262 263
262 263
263 265
265 267
267 269
269 270
270 272
272 274
274 276
276 277 278
277 278
278
283
289
292 293
293 295
295 296
296 298
298 299
299 301
301 303
303 304
304 306
306 307
307
310
315 316 317
316 317
317 319
319 320 321
320 321
321 323
323 325
325
333 335
335
339 341
341 342
342 344
344 345
345 347
347
357
361 362
362
366
369 371
371 372 373
372 373
373
380 381
381 383
383 384 385
384 385 386
385 386
386
391 392
392
397
404
408 410
410 411
411 413
413
418
421 423
423 425
425
431
434
437 438 439
438 439 440
439 440
440 442
442
449 450 451
450 451 452
451 452
452
456 458
458 459 460
459 460
460
464
468 470
470
475 477
477 478
478
483 485
485
488 490
490 491
491 493
493 494
494
497 499
499 500
500
505 507
507 508 509
508 509
509
516
521 552
524 525 526
525 526
526
529
531 532
532 534
534
537 538 539
538 539 540
539 540 541
540 541
541
545 546 547
546 547 548
547 548
548 550
550 552
552 553
553 555
555
560 562
562 563 564
563 564 565
564 565
565
569 570
570
573 575
575 576
576 578
578 579
579 581
581
584
588
592
597 598
598 600
600 601
601
604 605
605 607
607 608 609
608 609
609
615 616 617
616 617 618
617 618 619
618 619
619 621
621
623 624 625
624 625 626
625 626
626
633
636
638 639 640
639 640 641
640 641 642
641 642
642
646 647
647
653 655
655
658 659
659 661
661
671
676 677 678
677 678
678
681 682 683
682 683
683
687
690
694
697 698 699
698 699
699
703 704 705
704 705 706
705 706
706 708
708 709
709 711
711 713
713 714
714 716
716 717
717
720 721
721
725 726
726
730
734 735 736
735 736
736
742
746 747 748
747 748 749
748 749 750
749 750
750
753 755
755 757
757
760 761
761
764 766
766 767 768
767 768 769
768 769 770
769 770
770
773
776
779
783
787 789
789 791
791
795
799 801
801
806
809 810
810 812
812
816 817
817
820 821 822
821 822 823
822 823 824
823 824 825
824 825 826
825 826
826 828
828 829
829
833 834
834 836
836 837
837 839
839 841
841 842 843
842 843 844
843 844
844 846
846
850 852
852
855 856
856 858
858 859
859
863 864
864 866
866 867
867
870 871 872
871 872 873
872 873 874
873 874
874
884
888 889
889 891
891 892 893
892 893 894
893 894 895
894 895
895 897
897 899
899
902 903 904
903 904 905
904 905 906
905 906
906 908
908 909 910
909 910
910 912
912 914
914
917 919
919
922 923
923
928
935 936
936
939 940 941
940 941 942
941 942 943
942 943
943
947
951 952 953
952 953
953
961
965 966 967
966 967 968
967 968 969
968 969 970
969 970 971
970 971
971
975
978 980
980
983 984
984
987 988 989
988 989 990
989 990
990
993 995
995 996
996 998
998 999
999
