#naive2.0.py
# GMT Fri Feb 14 13:34:30 2020
# 
3 5
5
8
11
14 16
16 17
17
21 22
22
25 27
27
30 31 32
31 32
32
37 39
39
44 45
45
48 49 50
49 50 51
50 51
51 53
53 54
54 56
56 57 58
57 58
58
61
64 65
65
68 70
70 71 72
71 72
72
76
82 84 636
84 85 86
85 86
86 88
88 89
89
92 93 94
93 94
94 96
96 97
97
100 101
101
104 106
106 107 108
107 108
108
111 112
112
116 117
117 119
119
122
126 128
128
132 133
133
138 139
139 141
141
144 146
146 147 148
147 148
148
151 152
152
156 157
157 159
159 160 161
160 161
161 163
163
166
169
172 174
174 176
176
179 180 181
180 181
181
184
189 190 191
190 191
191 193
193 195
195 196
196
201 203
203
206
209 210
210 212
212 214
214
217 218
218 220
220 221 222
221
222 224
224 226
226 227
227 229
229
232 233 234
233 234 235
234 235 236
235 237
236 237 238
237 238 239
238 239 240
239 240 241
240 241 242
241 242
242 244
244
249 250
250 252
252 253 254
253 254 255
254 255
255 257
257 258 259
258 259
259 261
261 262
262 264
264
268
271 273
273
276 278
278 279 280
279 280
280
283 285
285 286
286
289
292
295 296 297
296 297 298
297 298 299
298 299
299 301
301
304
307 309
309
313 315
315
318 319 320
319 320
320 322
322 324
324 325 326
325 326 327
326 327
327 329
329 330
330
334 336
336 338
338 340
340
343 344 345
344 345 346
345 346 347
346 347
347
352 354
354 356
356 357
357
365 366
366
369 371
371 372
372
375
379 380 381
380 381
381 383
383 384 385
384 385 386
385 386 387
386 387 388
387 388
388 390
390 391 392
391 392 393
392 393
393 395
395 397
397 399
399 400 401
400 401 402
401 402
402
406 407
407 409
409 410 411
410 411 412
411 412
412 414
414 416
416 417 418
417 418 419
418 419 420
419 420 421
420 421
421 423
423 424
424
427 428
428 430
430
433
439 440
440
443 444
444 446
446 447 448
447 448 449
448 449
449 451
451 452
452 454
454
457 458 459
458 459 460
459 460
460
463 464
464
467 469
469 470 471
470 471
471 473
473 474 475
474 475
475
478 479
479
483
488 489
489 491
491 492
492 494
494
499
503
511 512
512
515
519 520 521
520 521
521
528
531 532 533
532 533 534
533 534 535
534 535
535
539 541
541 542
542 544
544 545 546
545 546
546 548
548 549
549
554 556
556 557
557 559
559 560 561
560 561
561 563
563 565
565 567
567
571 572 573
572 573 574
573 574
574
577 578
578 580
580 581
581 583
583
586 588
588 590
590 592
592 593
593
597
602
607 608
608
612
618
624
631 632
632 634
634 636
636
639
644 645 646
645 646 647
646 647
647
650 651 652
651 652
652 654
654
665 667
667 668
668 670
670
674 675
675 677
677 679
679 681
681
685 686 687
686 687
687
691 692 693
692 693 694
693 694 695
694 695 696
695 696 697
696 697
697
703
706 707 708
707 708
708 710
710
714
717 718 719
718 719 720
719 720
720 722
722
725 727
727 728
728 730
730 732
732
736 738
738 739
739
742 744
744 746
746
752
755 756 757
756 757
757
760 761
761
764 766
766 767 768
767 768
768
772 773 774
773 774
774 776
776 777
777
783 784 785
784 785 786
785 786
786
791 793
793 794 795
794 795 796
795 796
796 798
798 799
799
802
806 807 808
807 808
808
815 817
817 819
819 820 821
820 821 822
821 822
822
826 827 828
827 828 829
828 829 830
829 830
830
837 838 839
838 839 840
839 840
840
845 847
847
851 853
853 854
854
860 862
862 863
863 865
865
869
874
880 881
881
886 888
888
891 892
892
897
900 902
902
905 907
907
910 912
912 914
914
917 918
918
922 923 924
923 924 925
924 925 926
925 926 927
926 927 928
927 928 929
928 929 930
929 930 931
930 931
931
934
938
942 944
944 945
945 947
947
950 951
951
954
958
961 962 963
962 963 964
963 964 965
964 965
965
968 969
969 971
971 972 973
972 973
973
978 979 980
979 980 981
980 981 982
981 982
982
986 988
988
991 993
993
999
