#naive2.0.py
# GMT Fri Feb 14 13:34:30 2020
# 
1 2 3
2 3
3 5
5 6 7
6 7 8
7 8
8
11 12
12
16 17 18
17 18
18 20
20 22
22
26 27
27
32
35
39 41
41 42 43
42 43 44
43 44 45
44 45 46
45 46
46
50
54 55
55
58 60
60 61 62
61 62 63
62 63 64
63 64
64
67 68
68 70
70 71 72
71 72 73
72 73 74
73 74 75
74 75 76
75 76 77
76 77 78
77 78 79
78 79
79
85 86
86 88
88 89 90
89 90 91
90 91
91
94 96
96 97
97
100
103
107
115 117
117 119
119
122 123
123 125 707 887
125 126
126
130 131
131
135 137
137 139
139 141
141 143
143 145
145
148
151
155
158 159
159 161
161 162 163
162 163 164
163 164 165
164 165 166
165 166
166
175 176
176
182 183 184
183 811
184 186
186
193
203 204
204 206
206 208
208 210
210 212
212 213
213
217
221 223
223
226
229 230 231
230 231
231 233
233
236 238
238
242 244
244 245
245 247
247 248
248
254
257 259
259 260
260 262
262 263 264
263 264 265
264 265
265
275 277
277 278
278 280
280
284 285 286
285 286
286
289
292 293 294
293 294 295
294 295
295 297
297
300 302
302 303 304
303 304
304 306
306 307
307
310 312
312
315 317
317 318 319
318 319
319 321
321 323
323 324 325
324 325
325 327
327 328
328
332 334
334 335
335 337
337 338
338
343
347 348
348 350
350 351 352
351 352
352 354
354 355
355 357
357 359
359 360 361
360 361 362
361 362
362
365 366
366
372
375 377
377
380
383 384 385
384 385 386
385 386 387
386 387 388
387 388
388
391
396
402
405 406
406 408
408 409
409
413
416 418
418 419 420
419 420 421
420 421 422
421 422 423
422 423 424
423 424
424 426
426
431
434 436
436 437
437 438
438
441 443
443
446 447
447 449
449
452 453
453 455
455 456
456 458
458 459
459
462
469 470
470
473 475
475 477
477
482 484
484 485
485
488 490
490
498 500
500 502
502
506
510 511
511
516 517
517 519
519 520 521
520 521
521 523
523 525
525
528 530
530
533
536 537 538
537 538
538
541
545 547
547
551 553
553 555
555 557
557 558
558
561 562
562
565 566 567
566 567 568
567 568 569
568 569 570
569 570
570 572
572 573
573 575
575 577
577 578 579
578 579
579
582 583 584
583 584 585
584 585 586
585 586
586
591 593
593 594
594
598
604 605 606
605 606 607
606 607 608
607 608
608 610
610 611 612
611 612
612 614
614 615 616
615 616 617
616 617
617 619
619
622 624
624 625
625
628
633 634
634 636
636
638 640
640 641
641
644 645
645
648
654 656
656 658
658 659
659 661
661
665 666
666
669
675
679 681
681 682
682
686 687 688
687 688
688
691 692 693
692 693 694
693 694 695
694 695 696
695 696 697
696 697 698
697 698
698 700
700
703 704
704
707 708
708 710
710 711
711
714 715
715
723 725
725
729 730 731
730 731 732
731 732
732 734
734 736
736
739 741
741 742 743
742 743
743 951
745
749 750
750
753 755
755
759
763
767
771 772 773
772 773 774
773 774 775
774 775
775 777
777
781
784 785 786
785 786
786 788
788 789 790
789 790
790
793 794
794
797 798
798 800
800 801 802
801 802 803
802 803 804
803 804
804 806
806 808
808
811
814 815
815 817
817 818 819
818 819
819 821
821 822
822
825
828 830
830 832
832 834
834 835 836
835 836 918
836 837 838
837 838
838 840
840 842
842
849
852 853
853
857 859
859 860 861
860 861 862
861 862 863
862 863
863 865
865
868 870
870
874
877 879
879 881
881 882 883
882 883 884
883 884
884
887 888
888 889 890
889 890
890
893 895
895 896
896
900 902
902 904
904
910 911
911
914
917 918 919
918 919 920
919 920
920
923
926 927
927 929
929 930 931
930 931 932
931 932 933
932 933 934
933 934
934 936
936
943
948 950
950 951 952
951 952 953
952 953
953 955
955 956
956 958
958
968 969 970
969 970 971
970 971
971
974 976
976
979 981
981 982 983
982 983
983 985
985 987
987
990
995 996 997
996 997 998
997 998
998
