#naive2.0.py
# GMT Fri Feb 14 13:34:33 2020
# 
3 4 5
4 5 868
5 6 7
6 7 8
7 8 9
8 9
9 11
11 12
12 14
14 15 16
15 16 17
16 17
17 19
19 20
20
27
30
34 35 36
35 36 37
36 37
37
40 42
42 44
44 45
45 47
47 49
49 51
51 53
53 54
54
63 65
65 66
66 68
68 70
70 71 72
71 72
72 74
74 76
76 77
77
82 83 84 636
83 84
84
87 88 89
88 89
89
93 95
95
98
103 104
104
108
111 113
113 115
115 116
116 118
118 120
120 122
122 123
123 887
131 132 133
132 133
133
137
144 145 146
145 146 147
146 147
147
150 151 152
151 152
152 154
154 155 156
155 156
156 158
158 159
159
163
168
171
178
183 185 811
184 185 186
185 186 187
186 187
187
190 192
192
195 196 197
196 197
197
201 202
202 204
204 206
206 207 208
207 208 209
208 209 210
209 210 211
210 211
211 213
213
216 218
218 220
220 221
221 735
226 228
228 229 230
229 230 231
230 231 232
231 232
232
237
240
244 245
245
250 251 252
251 252
252 254
254 255 256
255 256
256 258
258
263 265
265
268
272
278 280
280 282
282 284
284 285
285
288 289
289
292 293
293
297 298
298
303
306
319 320
320 322
322 324
324 326
326 328
328 330
330 331 332
331 332 333
332 333 334
333 334 335
334 335
335
338 339 340
339 340
340
345 347
347 348 349
348 349 350
349 350
350 352
352
358 359 360
359 360
360 362
362
365 366 367
366 367 368
367 368 369
368 369 436
369
372 373 374
373 374 375
374 375
375
379 380 381
380 381
381
385 386 387
386 387 388
387 388
388
397 398
398 400
400 401
401
407 408 409
408 409
409 411
411 412
412
415 416 417
416 417 418
417 418
418
422
425 426 427
426 427
427 429
429 430 431
430 431 432
431 432 433
432 433
433
436 437
437 438
438
446 447 448
447 448 449
448 449
449
453 454
454
458 460
460 462
462
465 467
467 469
469 470
470
474
478 479
479
482
485 486 487
486 487
487 489
489 491
491 492 493
492 493
493
496 498
498
505 507
507 508 509
508 509 510
509 510
510
514
518 519
519
524 525 526
525 526 527
526 527 528
527 528 529
528 529 530
529 530
530 531
531
541
545 547
547 548
548 550
550 551 552
551 552 553
552 553
553
556 557 558
557 558
558
566
569 570 571
570 571
571 573
573
577
583 584
584
587 589
589 590 591
590 591
591 593
593 594 595
594 595
595
598 599
599 601
601
605 606 607
606 607 608
607 608
608
614
617
626
631 633
633 635
635 636
636
638
642 643 644
643 644
644
647
650 652
652
657 658 659
658 659 660
659 660
660
663 665
665
668 670
670 672
672
678 679 680
679 680 681
680 681 682
681 682 683
682 683
683
685 687
687 688
688 690
690 691
691
704 705 706
705 706
706 708
708 709 710
709 710
710 712
712 713 714
713 714 715
714 715
715
718
732
735 737
737
745 747
747 749
749 751
751
757 758
758
761 762
762 764
764 765
765 767
767 768
768
772 774
774
778
784 786
786 787 788
787 788 789
788 789 790
789 790 791
790 791
791
795 796
796
799 800
800 802
802 804
804 805
805
811
818 819
819 821
821 822
822 824
824 825 826
825 826 827
826 827 828
827 828
828
831
835 836 918
836 837
837 839
839 841
841
844
848 849
849
852 853 854
853 854 855
854 855 856
855 856
856 858
858 860
860
863 864 865
864 865 866
865 866 867
866 867 868
867 868 869 937
868 869 870
869 870 871
870 871 872
871 872
872 874
874 875 876
875 876
876 878
878
881 883
883 884 885
884 885
885 887
887 888
888
892 893
893
898 899
899
904 905 906
905 906
906
910 912
912 913
913
918
921
924 926
926
931 932 933
932 933
933 935
935 936 937
936 937
937
940 941 942
941 942
942
947 948 949
948 949
949 951
951 952 953
952 953
953 955
955 956
956
960 961 962
961 962 963
962 963
963 965
965 967
967 969
969
973 974 975
974 975
975
981 983
983 984
984
989 990
990
994 996
996
999
