#naive2.0.py
# GMT Fri Feb 14 13:34:34 2020
# 
2
5 6 7
6 7
7 9
9 11
11 13
13 14
14
18
26
30 31
31 33
33
42 44
44 46
46
50
53 54
54
57 59
59 61
61 63
63 64 65
64 65 66
65 66 67
66 67 68
67 68
68
71
74 76
76 78
78 79
79
82 636
86
91 92 93
92 93
93 95
95 585
100
105 106 107
106 107 108
107 108 529
108
111 112
112 114
114 115 116
115 116 117
116 117
117
122 123
123 125 887
125 126 127
126 127
127
130
133 134
134 136
136
139 140
140 142
142 143
143 145
145 146
146 148
148 150
150
154 156
156 158
158
162
166 168
168 169 170
169 170 171
170 171 172
171 172
172 174
174 175
175 177
177 179
179
182
186 187 188
187 188 189
188 189
189
192 193
193 195
195 196
196
199 201
201 202 203
202 203 204
203 204
204 206
206
210
214
219 220 221
220 221 222
221 223 735
222 223
223 225
225
228 229 230
229 230 231
230 231 232
231 232 233
232 233 234
233 234
234
238
241
245 246
246 248
248 249 250
249 250
250 252
252 253
253
256 257
257 259
259 260
260
263 265
265 267
267
271 272 273
272 273
273 275
275 276 277
276 277
277 279
279 280 281
280 281 282
281 282
282
285 286
286 288
288 289
289 291
291 293
293 294
294
298 299
299 301
301
306 308
308 309 310
309 310 311
310 311 312
311 312
312
315
319 320
320
323 324
324 326
326 327 328
327 328 329
328 329 330
329 330 331
330 331
331
334 336
336 337
337 339
339
346 347 348
347 348
348 350
350
355
358
361
366 368
368 369
369
375
378
382
387 389
389 390 391
390 391
391
396 397
397
401 403
403 404
404 406
406 407
407
412 413 414
413 414 415
414 415
415 417
417 418
418
421
426 428
428 430
430 431
431
434
441 443
443 445
445
449 451
451 453
453 454 455
454 455
455 457
457
460 461
461 463
463
466
474
479 481
481 483
483
486 487 488
487 488 489
488 489
489 491
491 493
493 494
494
498
503 504 505
504 505
505
509 510
510
513 514 515
514 515 516
515 516
516 518
518 519 520
519 520
520 522
522 524
524 526
526 527
527 529
529 530
530
536
540 542
542 543
543 545
545 546
546
549
553
559 560 561
560 561 562
561 562
562 564
564 566
566 568
568
571 572
572 574
574 576
576 578
578
585 586 587
586 587 588
587 588
588 590
590 591 592
591 592 593
592 593
593
600
603 604
604 606
606 608
608
612
615 617
617 618 619
618 619 620
619 620 621
620 621 622
621 622
622 623
623
626 628
628 629
629
633 634
634 636
636
640
643 645
645
648 649
649
654 656
656 657 683
657 659
659 660
660 662
662 663 664
663 664 665
664 665 666
665 666
666 668
668 669
669
676
682 683 684
683 684
684
687 688
688 690
690 691 692
691 692
692
698
702 704
704
713 714 715
714 715 716
715 716 717
716 717
717 719
719 720 721
720 721 722
721 722
722
727
731 732 733
732 733 734
733 734 735
734 735
735
738 739
739
742 744
744 745
745 747
747
750
753 754 755
754 755
755 757
757 759
759
769 770 771
770 771
771
776 777
777
781
784 785
785 787
787
792
795 797
797 798
798 800
800 802
802
805
808 810
810 811
811 813
813
816 817 818
817 818
818 820
820
823 824
824
829 831
831 833
833 834 835
834 835 836
835 836 918
836 837
837 839
839 840
840
844
848 849 850
849 850 851
850 851 852
851 852 853
852 853
853 855
855 856
856 858
858 860
860 861 862
861 862
862
868 870
870
874 876
876
879 880 881
880 881
881
885 886 887
886 887
887
889 890
890
893 894 895
894 895
895
899 901
901 902
902
905 906 907
906 907 908
907 908
908
911 912
912 914
914
918 919 920
919 920 921
920 921
921 923
923
929
932 934
934 935
935 937
937 938
938 939
939
943
947 948
948 950
950
954 955
955
961 962
962
965 967
967
972 973
973 975
975
978
982
986 987 988
987 988
988 990
990 992
992
995
