#naive2.0.py
# GMT Fri Feb 14 13:34:31 2020
# 
0
3 4
4
6 8
8
14 15 16
15 16 17
16 17
17
20 21 22
21 22 23
22 23 24
23 24 25
24 25 26
25 26 27
26 27 28
27 28 29
28 29
29 31
31 33
33 34 35
34 35
35
39 40 41
40 41
41 43
43
48
54 55 56
55 56 57
56 57 58
57 58 59
58 59 60
59 60
60
64 65 66
65 66
66
69 71
71 73
73 74 75
74 75 76
75 76 77
76 77 78
77 78
78
81 83
83 84
84
88 89
89
95
97
100 101 102
101 102
102
105
108 110
110
116 117 118
117 118 119
118 119 120
119 120 121
120 121
121 123
123 887
128
132 134
134 135
135
140
148
154
157 158 159
158 159 160
159 160 161
160 161
161
164 166
166 167
167
170 171
171
174 175 176
175 176
176 178
178 180
180 182
182 183 184
183 185 811
184 185
185
188 189
189
197 198
198
202 203 204
203 204 205
204 205
205 207
207
212
215 217
217
220 221
221 223 735
223 429
227
230 232
232 234
234 236
236 237 238
237 238 239
238 239 240
239 240
240
244 245 246
245 246
246
249 250 251
250 251 252
251 252 253
252 253
253
257 258
258
261 262 263
262 263
263
269
272 273 274
273 274 275
274 275
275
278 280
280
283 284
284 286
286 287
287 289
289
294 295
295
298
301 303
303 304 305
304 305
305 307
307 308
308
311 312 313
312 313
313
318
321 322
322
325 327
327 329
329
334 336
336 338
338 339 340
339 340 341
340 341 342
341 342
342
345
349 350
350
355
360
364 365
365 367
367 368 369
368 369 436
369
376 377
377
380
384 386
386 387 388
387 388
388 390
390 391
391
394 395
395 397
397 399
399 400
400 402
402
405 406 407
406 407 408
407 408
408 410
410
417
426
429 431
431 433
433
436
439 440 441
440 441 442
441 442 443
442 443 444
443 444
444 446
446 447
447
451 453
453 454 455
454 455 456
455 456
456 458
458 459 460
459 460 461
460 461 462
461 462
462 464
464 466
466 467
467
471 472
472
479 480
480
485 487
487
490 491
491
495 497
497
502 503
503
510 512
512 513 514
513 514 515
514 515 516
515 516 517
516 517
517 519
519
522 524
524
527 528
528 530
530
535 536
536 538
538
541
544
547 549
549 551
551
554 556
556 558
558
561 562
562 564
564 565
565
568 570
570
573 574
574
577 578
578
583
586
589 590
590 592
592 593 594
593 594 595
594 595
595
598
603 604
604 606
606 607
607
610
618
621
623
628
631
636 637
637
640 641 642
641 642 643
642 643
643
646
649
652 653 654
653 654
654 656
656 657 658
657 658
658
661 663
663
667
670
673 674
674
678
681
684
688
693 695
695 697
697 699
699 701
701 702 703
702 703
703
709 710 711
710 711 712
711 712
712
716 717
717
722 723
723
727
730 731
731
734 735 736
735 736
736 738
738 740
740 741 742
741 742
742
745
750 751
751
759
763 765
765 766
766 768
768 769
769 771
771
774 776
776 778
778 780
780
783 784
784
788 790
790
793
796 797 798
797 798
798
803 804 805
804 805
805 807
807
811 812
812
818 819
819
822
827
830 831 832
831 832 833
832 833
833
842 843
843
849 851
851
855 857
857
861
865 866
866
872 873
873 875
875
879 880
880
883
887 888
888 889 890
889 890
890
893 894 895
894 895 896
895 896 897
896 897
897
905 906
906
912 914
914 916
916 917
917 919
919
922 924
924 925 926
925 926 927
926 927
927 929
929
932
937 938
938 940
940 941
941 943
943 944 945
944 945 946
945 946
946 948
948 949 950
949 950 951
950 951
951
955 957
957 959
959 961
961 962 963
962 963 964
963 964 965
964 965 966
965 966
966
973 975
975 976 977
976 977 978
977 978 979
978 979
979
982
986 988
988 989
989
