#naive2.0.py
# GMT Fri Feb 14 13:34:36 2020
# 
0
4 5 868
5 6 7
6 7 8
7 8
8 10
10 11
11
15 16 17
16 17 18
17 18 19
18 19
19 21
21
24 26
26 28
28 30
30 31 32
31 32 33
32 33
33 35
35
40 41
41 43
43 44 45
44 45
45 47
47
50 51 52
51 52 53
52 53
53
58 59 60
59 60
60
66 67 68
67 68
68
71 73
73 74
74
86 87
87 89
89 90
90
94 96
96 98
98 99 100
99 100 101
100 101 102
101 102 103
102 103 104
103 104
104 106
106 108
108
112 114
114
118 120
120 121
121
124
128 129
129
132 133
133
137 138 139
138 139
139 141
141 142
142
146 147
147 149
149
152 154
154 156
156 158
158 160
160 162
162 163
163
167
174
177 179
179 180
180
183
184
187 188
188
193 195
195 196
196 198
198 200
200 201
201
205 206 207
206 207
207
212 213
213
219 220 221
220 221
221 735
224 226
226 227
227
235
236
240 242
242 244
244 245 246
245 246 247
246 247
247
250
255
258 260
260 261 262
261 262
262
265
271 272 273
272 273 274
273 274
274 276
276 277 278
277 278 279
278 279 280
279 280
280 282
282 283 284
283 284
284 286
286 288
288 289 290
289 290
290
294 295 296
295 296 297
296 297 298
297 298 299
298 299
299 301
301 303
303 304 305
304 305 306
305 306 307
306 307
307 309
309 310 311
310 311 312
311 312
312
316 318
318
322 324
324
327 328
328
332 333 334
333 334 335
334 335
335
340
343 345
345 347
347 348 349
348 349 350
349 350 351
350 351
351
360 362
362
369 370 371
370 371 372
371 372
372
382 384
384 385
385
388 389
389 391
391 392
392
397
401 402
402
405 407
407 409
409 411
411
415 416 417
416 417
417
420
424 426
426 427
427 429
429
432 434
434 435
435
438
441
444 446
446 447 448
447 448
448 450
450 452
452
455 456 457
456 457
457
460 462
462 464
464 465 466
465 466
466
471 472
472
477
482 484
484 485
485
488 489
489 491
491 493
493
496 497 498
497 498 499
498 499
499
502
506 508
508 510
510 511
511
514
519 520 521
520 521 522
521 523 552
522 523
523 525
525 526 527
526 527 528
527 528
528 530
530
533 534
534
537 539
539 540
540 542
542 543
543
550 552
552 554
554 556
556 558
558 560
560 561
561 563
563 565
565
568
573
576 578
578 579
579 972
583 585
585 586 587
586 587
587
590 591
591 593
593 594 595
594 595
595 597
597 598 599
598 599
599
604 605
605 607
607 609
609 610
610 612
612 613 614
613 614 615
614 615
615
620 621 622
621 622
622
625 627
627 628 629
628 629
629 631
631 632
632
635 637
637 638
638
643 644
644 646
646
649
655
658
664
667
670 671
671
674 676
676
679
684
689 690 691
690 691 692
691 692 693
692 693
693 695
695 696
696 698
698 699 700
699 700 701
700 701 702
701 702
702 704
704
707
709 710
710
715 716
716
719 721
721 722
722
725 727
727
730 732
732
735 736 737
736 737
737
743 744 951
744 745
745 747
747 749
749 750
750 752
752 754
754
757 758
758
763 764 765
764 765 766
765 766 767
766 767
767
770 772
772 773
773 775
775 776 777
776 777 778
777 778
778
781 783
783 784 785
784 785
785
788 789 790
789 790
790
794 795 796
795 796
796 798
798
801 802
802 804
804 805
805
810 812
812
815 816
816
822
827
830 831
831 833
833 834 835
834 835 836
835 836 918
836 837 838
837 838
838
843 845
845 846
846
850 851 852
851 852 853
852 853
853
857 858
858
862
865 866 867
866 867 868
867 868 869
868 869
869
872 874
874 876
876 877 878
877 878
878
881
884
890 891 892
891 892
892 894
894
897
900 901
901
905
912 913 914
913 914 915
914 915
915 917
917 918
918 920
920
924
929
932 934
934 935
935
938 939
939 941
941 942 943
942 943 944
943 944
944 946
946
949 950 951
950 951
951
956 957
957 959
959 961
961 962 963
962 963 964
963 964
964
967 968
968 970
970 971 972
971 972 973
972 973 974
973 974
974
977 979
979
984 986
986
989 990 991
990 991 992
991 992 993
992 993 994
993 994 995
994 995
995 997
997
