#naive2.0.py
# GMT Fri Feb 14 13:34:31 2020
# 
0 1 999
1 999
7 9
9
13 14 15
14 15
15
20 22
22 23 24
23 24 25
24 25
25
28 29
29
33 34
34 36
36 38
38
41 42
42 44
44 45 46
45 46 47
46 47
47 49
49 50
50
53 55
55 56 57
56 57 58
57 58
58
63
67 68 69
68 69
69
73 74
74 76
76 78
78
83 84 85
84 85
85 87
87 88 89
88 89
89
94 95
95 585
101 102
102
105
108
112 113 114
113 114 115
114 115 116
115 116
116 118
118
121
133 134
134 136
136 137 138
137 138
138 140
140 141
141 143
143
149 150 151
150 151 152
151 152
152
155
158 160
160
163 165
165 167
167 168
168 170
170 172
172 173
173
179 180 181
180 181 182
181 182
182 184
184 186
186
189 191
191
194
201
209 210 211
210 211 212
211 212
212
215
218
224 226
226 228
228
231
234 235
235
243 245
245 247
247
250 251
251 253
253 254 255
254 255
255
258 259
259 261
261
264 265 266
265 266
266 268 621
268 269 270
269 270 271
270 271 272
271 272
272 274
274
277 278 279
278 279
279 281
281 283
283
286
291
297 299
299
305
312 313
313 315
315 316
316
319
323 325
325 326 327
326 327
327 329
329 330 331
330 331
331
334 335 336
335 336
336 338
338
343 344 345
344 345 346
345 346
346 348
348 349
349 351
351 353
353
365
368 370 436
370 371 372
371 372 373
372 373
373
376
382 383
383 385
385
389 391
391 392
392
400 401
401
415 417
417 419
419
426
430 432
432 434
434 435 436
435 436
436
440
443
450
454 455 456
455 456 457
456 457 458
457 458 459
458 459 460
459 460
460
463 464 465
464 465
465 467
467 469
469 470 471
470 471 472
471 472
472 474
474 475 476
475 476 477
476 477 478
477 478
478 480
480 481
481 483
483 484
484
487 488
488 490
490
500 502
502 503
503
510
514 516
516 517 518
517 518 519
518 519
519
525
529
532 533
533
536 537
537
541
545
549
552 554
554
558
563 564 565
564 565
565
568 570
570 572
572 574
574 575 576
575 576
576 578
578 579 580
579
580
585 586 587
586 587
587
590 592
592 594
594
598
602 603 604
603 604
604 606
606 608
608 609
609
612
615
620 621
621
626 627
627
631
634 635 636
635 636
636
640 642
642 644
644 646
646 648
648
651 652 653
652 653 654
653 654 655
654 655 656
655 656
656 658 683
658 660
660 662
662
665 666
666
670 671
671
674
679 680 681
680 681 682
681 682 683
682 683
683
686 687
687 689
689 691
691
694 695
695
701 703
703 704 705
704 705
705
709 710
710 712
712 713 714
713 714 715
714 715
715
718 720
720 721
721 723
723 724
724 726
726 727 728
727 728
728 730
730 732
732 733 734
733 734
734 736
736 737 738
737 738 739
738 739
739
745
750 751
751
757 758 759
758 759 760
759 760
760 762
762 763 764
763 764
764 766
766 767
767
774
779
783
786 787
787 789
789 791
791
796 797
797
803 805
805 806
806
811
814
822 823
823
826 827 828
827 828 829
828 829
829
833
839 841
841
844 845
845
848
852 854
854 856
856 857 858
857 858
858
861
864
868
873 874 875
874 875
875
881
884
887 888
888 890
890
893 895
895 897
897 898 899
898 899 900
899 900
900
903 905
905 907
907 909
909 910 911
910 911
911
914 916
916 917 918
917 918 919
918 919 920
919 920 921
920 921 922
921 922 923
922 923 924
923 924 925
924 925
925
928
933 935
935 936
936
941
945 947
947
950 952
952 954
954
957 958
958
961 962 963
962 963
963
968 969
969
975
980 981
981
984
987
990
993
997 999
999
