#naive2.0.py
# GMT Fri Feb 14 13:34:32 2020
# 
4 5
5
10 11
11 13
13 14 15
14 15
15
18 19
19
24 25
25
28 30
30 31 32
31 32
32 34
34 35 36
35 36 37
36 37
37
41
44 45 46
45 46 47
46 47 48
47 48
48
55 56 57
56 57
57
61
64
67
70 71
71 73
73
76
80
83 84
84 86
86
89
94 95
95
97 98 99
98 99 100
99 100
100 102
102 104
104
107 109 529
109 110
110 112
112
116 118
118
121 122
122
126 128
128 129 130
129 130
130
133
138 140
140
144
149 150
150
155 156
156
159
165
170
177 179
179 180
180
183 185
184 185 186
185 186 187
186 187
187
192 193 194
193 194 195
194 195
195
204
207 208 209
208 209 210
209 210 211
210 211 212
211 212 213
212 213
213
218
222 224
224 225
225 227
227
233 235
235 582
236
239
243 245
245 246
246
249 250 251
250 251 252
251 252
252
257
261 262
262 264
264
267 268
268 270
270
273 274
274 276
276 277
277 279
279 281
281 282 283
282 283 284
283 284 285
284 285
285
294 296
296 297 298
297 298
298
301
305 307
307 308 309
308 309
309 311
311
314 315
315
319 321
321
324 325
325 327
327
332
337 338
338
341
346
353
362 363
363
366
369 370
370
376
380 381 382
381 382
382
385 387
387 388 389
388 389
389 391
391
394
397 398 399
398 399 400
399 400 401
400 401
401
404 406
406 408
408 409
409
413 414 415
414 415
415
419
423 424 425
424 425
425
428
433
437 438 439
438 439
439 441
441
445 446 447
446 447 448
447 448
448
451 453
453 455
455 457
457 459
459 460 461
460 461
461 463
463 464
464
467 469
469
472 474
474
478 479 480
479 480 481
480 481 482
481 482
482 484
484 485
485 487
487 488 489
488 489
489
493 495
495 497
497 498 499
498 499 500
499 500
500
503 505
505
510 512
512 513
513 515
515
518 520
520
523 524 525
524 525 526
525 526 527
526 527 528
527 528 529
528 529 530
529 530
530 531
531 533
533
536 537
537 539
539 540
540 542
542 544
544
547 548 549
548 549
549
558
562
566 568
568 569 570
569 570 571
570 571
571
575
578
582 583
583
586 588
588
591
598
602
605
608
611 612
612 614
614
617 618
618
622 623 624
623 624
624
627 628
628 630
630 631 632
631 632 633
632 633 634
633 634 635
634 635 636
635 636
636
642
645
648
653
656 657 658
657 658
658
663
667 668
668
672 673
673 675
675 677
677 678
678 680
680 681 682
681 682
682
686 688
688
692
696 698
698
702 703 704
703 704 705
704 705 706
705 706 707
706 707
707
715 716 717
716 717 718
717 718
718 720
720 721
721
726 728
728 729
729
732 733
733 735
735 736 737
736 737 738
737 738 739
738 739
739
742 743 744
743 744 951
744 745 746
745 746
746 748
748
751 753
753
760 761 762
761 762 763
762 763 764
763 764 765
764 765 766
765 766 767
766 767
767 769
769 770 771
770 771
771
775
778 779
779 781
781
784 785 786
785 786
786
789 791
791 793
793 795
795 796
796
800 802
802 803
803 805
805
813 814 815
814 815
815 817
817
823
830 832
832 833
833
836 837 838
837 838 839
838 839 840
839 840
840 842
842 843
843 845
845 847
847 849
849 850
850
855 857
857
866
870
874
877 878 879
878 879 880
879 880 881
880 881 882
881 882
882 884
884 885
885
889 890
890 892
892 893 894
893 894
894 896
896 898
898
908 909 910
909 910 911
910 911 912
911 912
912
915 917
917
920
926 927 928
927 928 929
928 929
929
933 934 935
934 935
935 937
937
941 943
943 944 945
944 945 946
945 946 947
946 947
947 949
949 951
951 952
952 954
954 955
955 957
957
962 963 964
963 964
964 966
966 967 968
967 968 969
968 969 970
969 970 971
970 971 972
971 972
972
975 976
976 978
978 980
980
985
989
994
