#naive2.0.py
# GMT Fri Feb 14 13:34:32 2020
# 
0 1 2 998
1 2
2
7
10 11 12
11 12 13
12 13
13 15
15 16 17
16 17 18
17 18 19
18 19 20
19 20
20
23 24
24 26
26 27
27
33 35
35 37
37
40
43 44
44
47 48 49
48 49
49 51
51 53
53 54
54
61
66
69 70
70
73 75
75 76
76 78
78
81 82
82 84
84 85 86
85 86 87
86 87
87 89
89 90 91
90 91
91
94 95
95
97
100 101
101
106 107
107
110
113 114
114
117 118 119
118 119
119 121
121
124
127 128 129
128 129 130
129 130
130
134 135 136
135 136 137
136 137
137 139
139 140 141
140 141 142
141 142 143
142 143
143
146
149 151
151 152 153
152 153 154
153 154
154
160 162
162
166 167 168
167 168 169
168 169
169 171
171 172
172
175
179 180 181
180 181 182
181 182 183
182 183
183 185
185 187
187
194 195 196
195 196
196 198
198 199
199 201
201 202
202
205
210 212
212 213
213 215
215
220
223 225 429
224 225 226
225 226 227
226 227 228
227 228
228 230
230 231
231
235 237
237 239
239 240 241
240 241
241
245 246
246 248
248 250
250
253
256 257
257
261 262 263
262 263
263
266 267 621
267
271
274 275 276
275 276
276 278
278 279
279 281
281 282
282
285 287
287 289
289
293 294
294 296
296
300 301 302
301 302 303
302 303 304
303 304 305
304 305
305
308 309
309
312 314
314
317 318 319
318 319
319
324 326
326 327
327 329
329 330 331
330 331
331
335 336 337
336 337 338
337 338
338
341
348
351
354 355
355
361 362 363
362 363
363
367
371 372 373
372 373
373 375
375 376 377
376 377
377 379
379 381
381 383
383 385
385 387
387 388 389
388 389 390
389 390
390
393 394 395
394 395 396
395 396
396
399 401
401 403
403
413 414 415
414 415
415 417
417 418
418
423 424
424
427 429
429
432
437
440
445
456 457
457 459
459 460 461
460 461 462
461 462 463
462 463
463
466 467
467 469
469 470 471
470 471 472
471 472 473
472 473
473
478
486
489
493 495
495 496 497
496 497
497
506 507 508
507 508 509
508 509
509
512
515 516 517
516 517
517
525 527
527 528
528
532 533
533
538 539 540
539 540
540 542
542
545
548 550
550 551
551
557 558 559
558 559
559 561
561 563
563
566 568
568
572
575
578 579 580
579 581 972
580 581
581 583
583
586 588
588 590
590
593 594 595
594 595 596
595 596 597
596 597 598
597 598
598
601 603
603
607 608
608
612 614
614 615
615
619 620 621
620 621 622
621 622
622 623
623
630 631
631
637 638
638
641 642 643
642 643
643
646
649 650 651
650 651 652
651 652
652
656 657
657 659
659 660 661
660 661 662
661 662 663
662 663
663
667 669
669
673 674
674
677 678
678 680
680 681 682
681 682
682
685 687
687 688 689
688 689 690
689 690
690
693
696 698
698 700
700 702
702 703
703 705
705 706 707
706 707
707
710 711 712
711 712
712
721 723
723
731 732
732 734
734 735
735
738 739 740
739 740 741
740 741
741
744 746
746
750 751
751
754
757 758 759
758 759
759
762
766 768
768 769
769 771
771 772
772
775
778 780
780
785 786
786
789 791
791 792
792
797 798 799
798 799
799 801
801
804
809 810
810
814 815
815
826 827
827
835 836
836 837
837
840
843 845
845
849 851
851 853
853 854 855
854 855
855
858 859
859
862
868 870
870 871
871 873
873
876
880 881
881
888 889 890
889 890
890 892
892 893 894
893 894
894
897 899
899 900 901
900 901 902
901 902
902 904
904
907 909
909
913 914
914 916
916 917
917
920 922
922
926
929 930 931
930 931 932
931 932
932 934
934 935
935
938 939
939
943 944 945
944 945 946
945 946 947
946 947
947 949
949 951
951 953
953 954
954
957 958 959
958 959 960
959 960 961
960 961
961
964 965
965 967
967 969
969 971
971 972 973
972 973
973 975
975 976
976 978
978
986 988
988
996 997 998
997 998
998
