#naive2.0.py
# GMT Fri Feb 14 13:34:28 2020
# 
0 999 2 998
2 3 4
3 4 5
4 5 868
5 6
6 8
8
12 14
14 15
15
18 19
19 21
21 22 23
22 23
23
26 27 28
27 28 29
28 29
29
32 33
33 35
35 36
36
40
43
47
52 54
54 56
56 57 58
57 58
58 60
60 61 62
61 62
62 64
64 66
66 68
68 70
70 71 72
71 72
72 74
74 75 76
75 76
76
79 80
80 82
82 636
85 86
86 88
88 90
90 91
91 93
93 94
94 96
96 98
98 99
99 101
101
106
109 111
111 112
112
115 116 117
116 117 118
117 118
118
122 124
124 125
125
128 130
130 132
132 134
134 135
135 137
137 138
138 140
140 142
142 143
143 145
145 146 147
146 147
147
151 152
152
156
160 161 162
161 162
162 164
164 166
166 167 168
167 168
168
175
178 179
179 181
181 183
183 185 811
185 186
186 188
188 189
189 191
191 192 193
192 193
193 195
195 196
196
200 201
201 203
203 204
204 206
206 208
208
211 212 213
212 213 214
213 214 215
214 215 216
215 216
216 218
218 219
219
222
227 229
229 230 231
230 231 232
231 232
232 234
234 235
235
238 239
239 241
241
248 249 250
249 250 251
250 251 252
251 252 253
252 253
253
256 258
258 259
259
263 264
264
267 268
268
271 272 273
272 273
273
276 277
277 279
279 281
281
285 287
287 288
288
292 294
294 296
296
302
305
308
311 312
312
315 316
316 318
318 319
319
322 323
323 325
325
329
333
338 339
339
342 343 344
343 344 345
344 345 346
345 346
346 348
348
351 353
353
358 359
359 361
361
364
368
371 372
372 374
374
377 379
379 380 381
380 381
381
384 386
386 388
388 390
390
393 395
395 397
397 398
398 400
400
405 406
406
409 411
411 413
413 415
415 417
417 418
418 420
420 422
422
426 427
427
431 432
432 434
434
445 447
447
451 452 453
452 453 454
453 454 455
454 455 456
455 456 457
456 457
457
460 461
461 463
463
470
480 481
481 483
483 484
484
487 489
489 491
491 493
493 494 495
494 495 496
495 496 497
496 497
497
501 502
502 504
504
509 510
510
513 514
514 516
516 518
518
521
525 527
527 528 529
528 529
529
531 532 533
532 533 534
533 534
534 536
536 538
538 539 540
539 540 541
540 541 542
541 542
542
549 551
551 553
553
556 558
558 559 560
559 560 561
560 561
561 563
563 564 565
564 565 566
565 566
566
571 573
573 574 575
574 575
575 577
577 578
578
585 586
586 588
588 590
590 592
592
597
601 602
602
608 609 610
609 610
610 612
612 613
613
617 618 619
618 619 620
619 620 621
620 621
621
623
626 627
627
632
635 636 637
636 637
637 638 639
638 639 640
639 640
640
643 645
645 647
647 648
648
651 652 653
652 653 654
653 654 655
654 655
655
659 660 661
660 661
661
666
670 672
672 674
674 675 676
675 676 677
676 677 678
677 678 679
678 679
679 681
681 683
683
685
688
691 693
693 695
695
699 700
700 702
702 703 704
703 704
704
709
716 718
718
721 722 723
722 723
723 725
725
728
733
736 737 738
737 738 739
738 739
739 741
741 742
742 744
744
748 749 750
749 750
750 752
752
755 757
757
760
765
769
772 773
773 775
775 777
777 778 779
778 779
779
784 786
786
789
792
797 799
799 800 801
800 801 802
801 802 803
802 803 804
803 804 805
804 805
805
808
811 812 813
812 813
813 815
815 816 817
816 817
817
820
823
827 828
828 830
830 832
832 834
834 835 836
835 836
836 837
837
840 842
842 843 844
843 844 845
844 845 846
845 846 847
846 847 848
847 848
848
852 854
854 856
856
860 861
861
864 866
866 867 868
867 868 937
868 870
870 871
871
874 875
875 877
877
882 883 884
883 884
884 886
886 887
887
891 892 893
892 893
893
897
900
903 904 905
904 905
905
910
914 915 916
915 916
916
919 920
920
923 924
924 926
926
929 930 931
930 931 932
931 932 933
932 933 934
933 934 935
934 935
935 937
937
939
942 944
944 945
945
949 950
950 952
952 954
954 955 956
955 956
956
959 960
960
963 964
964
968 970
970 972
972
977
980 982
982
986 987 988
987 988
988
991 992
992
995
998 999
999
