#naive2.0.py
# GMT Fri Feb 14 13:34:36 2020
# 
0 1 999 2
1 2 999
2 4
4
6
10
14 15 16
15 16 17
16 17 18
17 18 19
18 19
19
22 24
24 26
26 27
27 29
29
33 34 35
34 35
35 37
37
45 46
46 48
48
51 52 53
52 53
53 55
55
58 59
59
68 69
69
77 78 79
78 79 80
79 80
80
85 86
86 88
88 89
89
92 94
94 95
95
100
104 106
106 108
108 109
109 111
111 113
113 114 115
114 115
115
118 120
120
123 124 707
124
127 129
129
132 133
133 135
135 136 137
136 137
137 139
139 141
141 142
142 144
144 146
146 147 148
147 148 149
148 149
149
152
156 157
157
164 165 166
165 166
166
171 173
173 175
175 176 177
176 177
177
180 182
182 183
183 185
185
188
191 192
192
196
199 201
201 203
203 205
205 206 207
206 207
207 209
209 211
211
214 215
215
218 219 220
219 220 221
220 221
221 735
230
233 234
234 236
236 238
238 239 240
239 240 241
240 241
241 243
243 244
244 246
246 248
248
252 253 254
253 254
254
257
263 265
265 267
267
270
273
276 278
278
281 282 283
282 283 284
283 284
284
292
295
301
305
308
311
314 315 316
315 316 317
316 317 318
317 318
318 320
320
325
330 331
331
334
337 338
338 340
340
343 344 345
344 345
345 347
347 349
349
353 354 355
354 355
355
362 363
363 365
365 366 367
366 367 368
367 368
368 370
370 371
371
376 377 378
377 378
378
381 383
383 385
385 386 387
386 387
387 389
389 390
390
395 397
397 398 399
398 399 400
399 400
400
404 405
405 407
407 409
409 411
411 412 413
412 413 414
413 414 415
414 415 416
415 416
416
419 420 421
420 421
421
425
430 431 432
431 432 433
432 433 434
433 434
434
438 439
439 441
441
445
448 449 450
449 450
450
455 457
457 459
459
462 463
463 465
465
468 469
469
472
477 479
479 480
480
486
489 490 491
490 491 492
491 492
492
496
499 501
501 502
502
509
512 513
513 515
515
520
523 525
525 526 527
526 527
527 529
529 530
530 531
531 533
533 535
535 537
537
540 541 542
541 542
542
545 546
546
549 550 551
550 551
551
554 555
555
558
566 568
568 569
569
574 576
576 577
577
581 583
583
587 588 589
588 589 590
589 590
590
593
596
599 600 601
600 601
601 603
603 604 605
604 605
605 607
607 608
608
611 612
612 614
614 615
615 617
617
621
623 624
624
627 629
629
632 634
634 636
636
638 640
640
643 644
644 646
646
659
667
670
673
680 681 682
681 682
682
686
689 690 691
690 691 692
691 692
692 694
694
700 702
702 703
703
706 707
707
709 710 711
710 711
711
717
720
724 725 726
725 726 727
726 727 728
727 728
728 730
730 731 732
731 732
732 734
734 735
735
738 740
740 741
741 743
743 744
744 745 746
745 746
746
749
752 754
754
760 761
761
764
768
772 774
774
777 778
778
784 786
786 787
787 789
789
792 793 794
793 794
794
800
806 808
808
812 814
814 816
816 818
818 819
819 821
821
827
831 833
833 835
835 836
836
839
843 844 845
844 845
845 847
847
854 855
855
859 860 861
860 861
861 863
863 864
864
869
873 874
874 876
876
879 880
880
884 885
885
888 889 890
889 890
890 892
892 893 894
893 894
894
899
902 904
904 906
906 908
908
912
924 926
926
929 930 931
930 931 932
931 932
932 934
934 935
935 937
937 938
938
941 943
943 945
945 947
947
952
957 959
959 960 961
960 961
961
964 965 966
965 966
966 968
968 969 970
969 970 971
970 971 972
971 972 973
972 973 974
973 974
974
981
984 985 986
985 986
986
989 990
990
993 994
994
999
