#naive2.0.py
# GMT Fri Feb 14 13:34:29 2020
# 
0 1 998
1
4 5
5 6
6 8
8
13
19 20
20 22
22 24
24 25
25 27
27
30
33 34
34
37 38
38 40
40 41 42
41 42
42
45 46 47
46 47 48
47 48
48 50
50 51
51
54
58 59 60
59 60 61
60 61
61
64 65 66
65 66
66 68
68 69
69 71
71
75 77
77 79
79
82 83 84
83 84
84
88
91
95
97 98 99
98 99
99
103 105
105 107
107 108 109
108 109
109
112 114
114 115
115 117
117 119
119
122 124
124
127 128
128 130
130 132
132
137 139
139 140 141
140 141
141
147
150 152
152 154
154
158
161 162 163
162 163 164
163 164 165
164 165 166
165 166 167
166 167
167
170 171 172
171 172 173
172 173 174
173 174 175
174 175
175
179 180 181
180 181 182
181 182 183
182 183
183 185 811
185 186 187
186 187 188
187 188
188
195 196
196
199 200
200 202
202 204
204 205
205
210 211 212
211 212 213
212 213 214
213 214 215
214 215 216
215 216 217
216 217
217 219
219
223 429
224
227 228 229
228 229 230
229 230 231
230 231 232
231 232
232 234
234 235
235 237 582
237 238 239
238 239
239
242 243 244
243 244
244 246
246 247 248
247 248
248
251 253
253 254 255
254 255
255 257
257 258 259
258 259
259
268
271 272
272
277 278 279
278 279 280
279 280 281
280 281 282
281 282
282
285 286 287
286 287 288
287 288
288 290
290 292
292
296 297 298
297 298 299
298 299 300
299 300
300
303 304 305
304 305 306
305 306
306
311
315 316 317
316 317
317
321 322 323
322 323 324
323 324 325
324 325
325
328 330
330
333 334 335
334 335
335
338 340
340 341
341
346 347
347
351 352
352
357
361 362 363
362 363 364
363 364
364 366
366 367
367 369
369
373 374
374 376
376 377
377 379
379 381
381
385
388 390
390 391
391
396 397
397 399
399 400
400
405
408 410
410 411
411 413
413 415
415
420
426 427
427 429
429 430 431
430 431 432
431 432
432
437 439
439 440
440
443
449 451
451
454 456
456 457
457
463 464
464
467
470
474
477 478 479
478 479 480
479 480
480
484 485
485
488 489
489 491
491 492
492
498
502 504
504 506
506 508
508
513 514 515
514 515
515 517
517 518
518
526 528
528 530
530
535
540 541 542
541 542 543
542 543
543
547 549
549 550 551
550 551 552
551 552
552 554
554 555 556
555 556 557
556 557 558
557 558 559
558 559
559
569 570 571
570 571
571 573
573 574
574 576
576 578
578 580
580 582
582 584
584 586
586 587 588
587 588 589
588 589
589
597 598
598
603 605
605 606 607
606 607
607 609
609
614 615 616
615 616 617
616 617 618
617 618
618
621
623 624
624
629
632 633
633
638 639 640
639 640
640
643 644
644 646
646 648
648 649
649
652 654
654 656
656 683
659
662
665 666
666
669 671
671 672 673
672 673
673 675
675
678 680
680 682
682 683 684
683 684
684 685 686
685 686 687
686 687 688
687 688 689
688 689 690
689 690
690
693 694
694
698
701 702
702
705 706
706 708
708 709 710
709 710 711
710 711 712
711 712
712
715
721 722 723
722 723 724
723 724 725
724 725 726
725 726
726 728
728 729 730
729 730
730 732
732 734
734 736
736 737 738
737 738 739
738 739 740
739 740 741
740 741
741
745 747
747 749
749 750 751
750 751 752
751 752
752
755
758 759
759 761
761 763
763 765
765 766 767
766 767 768
767 768
768
771 772
772 774
774 776
776 778
778
782
787 788 789
788 789
789
793 794 795
794 795 796
795 796 797
796 797
797
801 803
803
807 808 809
808 809
809 811
811 813
813 814
814 816
816 818
818 819
819 821
821 822 823
822 823 824
823 824 825
824 825 826
825 826
826
831 833
833
836 837
837 839
839
842 843 844
843 844
844
848
852 854
854
861
865 866
866
869 870 871
870 871 872
871 872
872
875
878 879
879
882 884
884 885 886
885 886 887
886 887
887
889
892 893 894
893 894 895
894 895 896
895 896 897
896 897
897 899
899 900 901
900 901 902
901 902 903
902 903 904
903 904
904
910 911
911
915 917
917
923 924 925
924 925
925
928 929
929
932 933
933 935
935
939 940
940
945 946 947
946 947
947
952 953 954
953 954 955
954 955 956
955 956
956
959
962
965
968 969
969 971
971 972
972
975
978 979
979
986 988
988 990
990 991
991 993
993 994
994
997 998
998
