#naive2.0.py
# GMT Fri Feb 14 13:34:31 2020
# 
2 3
3
6
9 10 11
10 11
11 13
13
16 17
17
22 23 24
23 24
24 26
26
31 32 33
32 33 34
33 34
34
37 38
38 40
40 41
41
46 48
48
51
54 55 56
55 56
56 58
58
61 62 63
62 63
63
71 73
73 75
75
78
83 85
85 86 87
86 87
87
91 92 93
92 93 94
93 94
94 96
96
99
105 106
106 108
108 109
109 111
111 113
113
120
123 707
126 127 128
127 128
128 130
130 132
132 133
133 135
135 136 137
136 137
137 139
139 141
141 143
143 144 145
144 145 146
145 146
146
150 151 152
151 152
152 154
154 155 156
155 156
156 158
158 159
159 161
161 162
162 164
164 165 166
165 166 167
166 167
167
180
183 185
184 185 186
185 186 187
186 187 188
187 188
188 190
190 191 192
191 192
192 194
194 196
196 197 198
197 198
198 200
200 201
201
204 205 206
205 206
206
209
212 213
213
218 220
220
226
229 230
230
234 235 236
235 237 582
236 237
237 239
239
248 249 250
249 250 251
250 251
251 253
253
256 257 258
257 258
258
266 267 621
267 269
269
274 275
275
279 281
281 283
283 285
285 287
287 289
289
292
295 296
296 298
298 299 300
299 300
300 302
302 304
304 306
306 307
307 309
309 310
310 312
312
316 317 318
317 318 319
318 319
319 321
321
324 325
325
329 331
331 332 333
332 333 334
333 334
334
337
340 341 342
341 342 343
342 343
343
347
352 354
354 355 356
355 356
356
361 363
363 364
364 366
366
369 370
370
373 374
374
379 380
380 382
382
385 386
386 388
388 389 390
389 390
390
394 395
395
399 400
400
403 405
405 406
406 408
408 409 410
409 410
410 412
412
415 417
417 419
419
422 424
424 425 426
425 426
426 428
428 430
430 431 432
431 432
432 434
434 435 436
435 436
436
439 440
440 442
442
448
454
457 458
458
461 463
463
466
473 474
474
479
486 487
487
491 492
492 494
494 495
495
501 502 503
502 503 504
503 504
504 506
506 508
508
512 514
514 515
515
524 525
525
528 529 530
529 530
530 531 532
531 532
532
537 539
539
542
545
549
552
555 556
556 558
558 560
560
563 564 565
564 565
565
571
576
579 581 972
580 581 582
581 582 583
582 583 584
583 584
584
589
595 597
597 598
598
601 602
602 604
604
609
612 613 614
613 614
614 616
616
619 621
621
624 625
625
631 632
632
635 637
637 639
639 641
641 642 643
642 643 644
643 644
644
647 648 649
648 649
649 651
651
661 663
663 664
664 666
666 668
668
671
675
678
681 682
682 684
684 686
686 687 688
687 688 689
688 689
689 691
691 693
693 694
694
697 699
699 700
700 702
702 704
704 705
705 707
707
709 710 711
710 711 712
711 712 713
712 713 714
713 714 715
714 715 716
715 716
716 718
718 720
720 721
721 723
723
726
731 733
733
736
739
745 746 747
746 747 748
747 748
748
751 752 753
752 753
753
756 757
757 759
759 760
760 762
762
765 767
767 768
768 770
770
774 775 776
775 776 777
776 777 778
777 778 779
778 779 780
779 780
780
784
789 791
791 792
792
797
800 802
802
805 806
806 808
808 809
809
813
816 817
817
820 821
821
824 825
825
830 831
831
834 836
836 838
838 839 840
839 840
840
843
846 847
847 849
849 850
850
855 857
857
861 862
862 864
864 865 866
865 866
866
871 872
872
875
881 883
883 884
884
890
893
898 899 900
899 900
900
904 905 906
905 906
906
909 911
911 913
913 914
914 916
916 918
918 919
919
923
929 930
930
933 935
935 937
937
940 942
942
945 946 947
946 947
947
952 953
953
956 958
958 959
959 961
961 963
963 965
965 967
967
970 971 972
971 972
972 974
974 976
976 977
977
981
985 986
986
989 990
990 992
992 993
993 995
995 997
997
