#naive2.0.py
# GMT Fri Feb 14 13:34:35 2020
# 
1 999
5 7
7
12 13
13
18 19
19 21
21
24 25 26
25 26 27
26 27
27
32 33 34
33 34 35
34 35 36
35 36 37
36 37 38
37 38 39
38 39
39 41
41 42 43
42 43
43 45
45 47
47
54
58
63 64 65
64 65
65
68 69 70
69 70
70
74 75
75 77
77 78
78
83 84
84
87 89
89 91
91 92
92
96
101 102
102
105 106 107
106 107
107
110 111
111 113
113 114
114
120 122
122 123
123 887
127 128
128
132
136 137 138
137 138
138
142 143 144
143 144 145
144 145 146
145 146
146
150 151
151 153
153
157 158
158
162
166
171 173
173 174
174
179 180
180
183 811
191
194 195 196
195 196
196
201 203
203 205
205 207
207 208
208 210
210 211
211
214
217 218 219
218 219 220
219 220
220
224 226
226 227
227
230 231 232
231 232 233
232 233 234
233 234
234
239
242 244
244 245
245
248 249
249
255 256 257
256 257 258
257 258
258 260
260 261 262
261 262
262
265
268 269 270
269 270 271
270 271
271 273
273
279 280
280 282
282
285
291 293
293 294
294
298 299
299
302 304
304 306
306 308
308 310
310
313 315
315 316 317
316 317 318
317 318
318 320
320
325 326
326
331 332 333
332 333 334
333 334 335
334 335 336
335 336
336
340
345 346
346
349 350
350
354
358
362
366
371 372 373
372 373
373 375
375 376
376 378
378 379
379
387 389
389 391
391 393
393 394
394 396
396 397
397
400
403 404
404
407 408 409
408 409 410
409 410
410
414 415
415 417
417 418 419
418 419 420
419 420 421
420 421
421
429 431
431 432 433
432 433
433
436 437
437 439
439
444
447
450 451 452
451 452
452
455 457
457
462 464
464
467 468
468 470
470
474
477 478 479
478 479 480
479 480
480 482
482
485 487
487 488 489
488 489 490
489 490 491
490 491
491
494 495 496
495 496
496
503 504
504
507
513
516 518
518 519 520
519 520 521
520 521 522
521
522
525 527
527
534 535 536
535 536
536 538
538 540
540
543 545
545
551
554 556
556 557
557 559
559 561
561
564 565
565
569 571
571 573
573 575
575 576 577
576 577 578
577 578 579
578 579
579 581 972
581 582 583
582 583 584
583 584 585
584 585 586
585 586 587
586 587
587
590 592
592 594
594 595
595 597
597 599
599 600
600
608
615 617
617 619
619 620 621
620 621 622
621 622
622 623 624
623 624 625
624 625
625
629 631
631 632
632
635
638 639
639
642
645
649
652 654
654 655 656
655 656
656
665 667
667
671
675
681 682
682 684
684 685
685
688 689
689 691
691 693
693
697 698 699
698 699
699 701
701
705
708 709 710
709 710
710 712
712
715 717
717
720 722
722 724
724
727 728
728
731 733
733
737 738 739
738 739 740
739 740 741
740 741
741 743
743 951
745 746 747
746 747 748
747 748 749
748 749
749
757 758
758
767 768 769
768 769 770
769 770
770
773 774
774
778 779 780
779 780
780
783
786
789
792
795
803 804 805
804 805
805 807
807 808
808
811 812 813
812 813 814
813 814 815
814 815 816
815 816 817
816 817 818
817 818 819
818 819
819 821
821 822
822 824
824 825
825 827
827
830 831
831
835 836 918
836 837 838
837 838
838 840
840 841
841
844
847 849
849 850
850
854
857 858 859
858 859
859 861
861
865
868 869 870
869 870
870
878 879
879
885 886 887
886 887
887
890 891
891 893
893
896
899 901
901 902
902 904
904 906
906
909 910 911
910 911 912
911 912
912
918 920
920 922
922 923
923 925
925 926
926
930
933 934 935
934 935 936
935 936
936
940 941
941 943
943 944
944
948 950
950 951
951
955
962
965 967
967
970 972
972 974
974 975 976
975 976 977
976 977 978
977 978 979
978 979 980
979 980
980 982
982 983 984
983 984 985
984 985
985
988
991 993
993
996 998
998 999
999
