#naive2.0.py
# GMT Fri Feb 14 13:34:34 2020
# 
0 999 2
2 4
4 868
6
9
13
16
21 23
23
27 29
29 31
31 32 33
32 33
33
36 38
38 39
39
42 44
44 46
46 48
48 49
49
59 61
61
67 68
68 70
70 71
71
74 75 76
75 76 77
76 77
77 79
79 80 81
80 81 82
81 82 83
82 83 636
83 85
85 86
86
90
93 94 95
94 95 96
95 96
96 98
98
102 103 104
103 104
104 106
106 108
108 109
109 111
111 113
113 114
114
117 118 119
118 119 120
119 120
120
123
128 129 130
129 130
130 132
132 133
133 135
135
138
142 144
144 145
145 147
147 148 149
148 149 150
149 150
150 152
152 153
153 155
155 156 157
156 157
157 159
159 160 161
160 161 162
161 162 163
162 163 164
163 164
164 166
166 167
167
171 173
173 174
174
177 178 179
178 179 180
179 180 181
180 181 182
181 182
182
187 188
188 190
190 191
191
194 196
196
199 200 201
200 201 202
201 202
202 204
204 205 206
205 206 207
206 207
207
210 211
211 213
213 214
214
217 218
218 220
220 221 222
221
222
225
228 230
230 231
231 233
233 234 235
234 235
235 237
237 238
238 240
240
244 246
246 248
248
253 255
255 256
256 258
258
261 262 263
262 263
263 265
265 266 267
266 267
267
270 272
272
276 277
277 279
279
285 286 287
286 287 288
287 288
288
292
295
299 300
300
303
312
317 319
319
322 323 324
323 324
324
327 328 329
328 329 330
329 330
330
333 334 335
334 335 336
335 336 337
336 337 338
337 338
338 340
340
343 345
345 347
347
350 352
352
355
363 365
365 366 367
366 367 368
367 368
368
371
374 375
375 377
377
380 381
381
384 386
386 387
387 389
389 391
391 393
393
396
400 401
401
405 406
406
409 410
410
413 414 415
414 415 416
415 416
416 418
418 419 420
419 420 421
420 421
421 423
423 425
425
429
432
435
439 441
441 442
442 444
444 446
446
449 451
451 453
453
456
461 462 463
462 463 464
463 464
464
467 468
468
471 472
472
475 476
476
479
486 487
487
490 492
492 493 494
493 494
494
499 500
500
503
512
515 516
516 518
518 519
519 521
521 523
523
527 529
529
532 533 534
533 534
534
538 540
540 541
541
544 545 546
545 546
546
549
556 557
557
560 561
561 563
563 564
564
569 571
571
574 575 576
575 576
576 578
578 579
579
583
587 589
589 590 591
590 591
591 593
593
596 598
598
602 603
603 605
605
612 613
613 615
615
618 620
620 622
622 624
624 626
626 627
627 629
629 630
630
636
638 639
639
643 644 645
644 645 646
645 646 647
646 647
647 649
649 651
651 652
652 654
654
658
662
665 667
667 669
669 671
671 672
672 674
674 675 676
675 676
676
679 680 681
680 681
681
685
688 689
689
692 694
694 696
696 697
697 699
699 700
700
704 705 706
705 706
706 708
708 709
709
712
715
719 720
720 722
722
728
732
736 737 738
737 738
738 740
740 741
741 743
743 951
752 753 754
753 754 755
754 755
755
758 759
759
762 763
763 765
765 766 767
766 767 768
767 768
768 770
770 772
772 773
773
779
786
790
793 794 795
794 795
795 797
797 798 799
798 799
799
802 803 804
803 804 805
804 805 806
805 806
806 808
808 809
809 811
811 812 813
812 813 814
813 814
814 816
816 818
818 819
819
823
827 829
829 830
830 832
832 833
833 835
835 918
839 840
840
844 846
846 847 848
847 848 849
848 849
849
857
861 863
863 864 865
864 865
865
868
872
878 879
879 881
881
884 886
886 888
888 890
890
893 895
895
898 900
900
904 905
905
909 910 911
910 911
911 913
913 914
914 916
916 918
918 919 920
919 920
920 922
922 924
924 926
926 927 928
927 928 929
928 929
929
932 934
934 936
936 937 938
937 938
938 940
940
943
946 947 948
947 948
948 950
950 951 952
951 952
952 954
954 955
955 957
957 958 959
958 959
959
962 964
964 965 966
965 966
966 968
968 969
969 971
971 973
973 975
975 976 977
976 977
977 979
979
983 984
984
991
996 997
997 999
999
