#naive2.0.py
# GMT Fri Feb 14 13:34:28 2020
# 
1 3 999
3 4
4 868
7 8
8
11
14 16
16
19 20 21
20 21
21 23
23
26 27 28
27 28 29
28 29 30
29 30 31
30 31 32
31 32
32 34
34 35
35 37
37 38
38 40
40
47 48
48
53 55
55 57
57 59
59
62
65 66
66 68
68 69
69 71
71 73
73 74
74
81
84
88 89 90
89 90
90 92
92 93 94
93 94
94
100 101
101 103
103
110
113 115
115
120 121
121 123
123 125
125
128
132
136 137
137 139
139
142
145 146
146
149 150
150 152
152 153
153 155
155 157
157 159
159 160 161
160 161
161
172 174
174
179 181
181
190 191
191
195 197
197 199
199
202 203
203 205
205 206
206
210 211
211
215 216
216
219 220
220
225 226
226 228
228 229
229
233
237 238 239
238 239
239
244 245 246
245 246 247
246 247 248
247 248
248 250
250 251
251
254 255
255
258 259
259
262 264
264 265
265 267
267 268
268
271
274 275 276
275 276 277
276 277
277
282 284
284
287
291 293
293
298
301 302
302
309
314 315 316
315 316 317
316 317
317
320 321 322
321 322 323
322 323 324
323 324
324
327 328
328
332 334
334
337 339
339 340 341
340 341 342
341 342 343
342 343
343
347
351
354
362 363
363
366 367 368
367 368 369
368 369 370
369 370 371
370 371
371
376 378
378 379
379 381
381 382
382
387 389
389
394 395
395
401 403
403 404
404 406
406 407 408
407 408
408 410
410 411 412
411 412
412
416 417 418
417 418 419
418 419
419 421
421 423
423 424
424 426
426 427 428
427 428
428
432 433 434
433 434 435
434 435
435
441 442
442 444
444
447
453 454 455
454 455
455 457
457 458
458
461
467
470
473 474 475
474 475 476
475 476
476
479 480 481
480 481
481
484
489 490 491
490 491 492
491 492 493
492 493
493
496 497
497
500 502
502 504
504
507 508
508
511 513
513 514
514 516
516 517
517 519
519
525
531 533
533 534 535
534 535 536
535 536
536
541
546
551
554 555 556
555 556 557
556 557
557 559
559 561
561 562 563
562 563
563 565
565 567
567
578 579 580
579 581
580 581 582
581 582 583
582 583 584
583 584 585
584 585
585 587
587 588 589
588 589 590
589 590
590
596 597 598
597 598
598 600
600 601 602
601 602 603
602 603
603 605
605 606 607
606 607
607
614 615
615
619 621
621 622
622 623
623 625
625 626 627
626 627
627
630 632
632 634
634 635 636
635 636
636
641 643
643
648 649
649
659
662 663 664
663 664
664 666
666 667 668
667 668
668 670
670 671
671
675 676
676 678
678 679 680
679 680 681
680 681
681 683
683 684
684 685 686
685 686 687
686 687
687
693 695
695 697
697 698
698 700
700 701
701
704
712
721
727 729
729 730 731
730 731 732
731 732 733
732 733 734
733 734
734 736
736
739 740
740
747 748 749
748 749
749 751
751 753
753
757
762 763
763 765
765
770 771
771
774
777 778
778 780
780
783 784
784
787 788
788 790
790 791
791
794 795
795 797
797 798 799
798 799 800
799 800 801
800 801
801
804 806
806 807
807
815 817
817 819
819 821
821 822 823
822 823
823
826 827 828
827 828 829
828 829 830
829 830
830 832
832
835 836 918
836 837
837 839
839 841
841 843
843 844
844
848 850
850 851
851 853
853 855
855 857
857 858
858 860
860 862
862 864
864 866
866 867 868
867 868
868
874 876
876 878
878 880
880 881 882
881 882
882 884
884 885
885
889 890
890
893
896
899 900
900
904 906
906 907
907
910 912
912
918 919 920
919 920
920
924 925
925 927
927 928 929
928 929 930
929 930 931
930 931
931
943 945
945 947
947
950 951
951 953
953
960 961 962
961 962 963
962 963
963
966 967
967 969
969 970
970
973
976 977 978
977 978 979
978 979 980
979 980
980 982
982 984
984 985 986
985 986 987
986 987
987 989
989 990
990
995
998 999
999
