#naive2.0.py
# GMT Fri Feb 14 13:34:31 2020
# 
3 5
5 7
7
10 11 12
11 12 13
12 13 14
13 14 15
14 15 16
15 16 17
16 17 18
17 18
18
21 22 23
22 23 24
23 24
24 26
26 27 28
27 28 29
28 29
29
33 35
35
50 52
52 53
53
57
62 63
63
66 68
68
71
76
79 81
81 82
82
87
91
95
99 100
100
104 106
106
110 112
112 113
113
118 119
119 121
121 123
123 124 887
124
127 129
129
135
138 139
139
143 145
145 146 147
146 147 148
147 148
148 150
150
153 154
154
157 159
159
162 164
164 166
166 167 168
167 168
168
174
177
181
184 185
185 187
187
190 192
192 193
193
196 197 198
197 198
198
201 202 203
202 203
203 205
205 206
206
209 210 211
210 211
211 213
213 215
215 217
217 218
218
223
224 226
226 228
228 230
230
233
237
249 250
250
258 259 260
259 260
260
264 265
265 267
267
274 275
275 277
277
281 282
282
285 287
287
291
295
298 300
300
306 307 308
307 308
308 310
310 312
312
318
321 322
322
325 326
326
329
332 334
334
341
344
348 350
350 351
351
356 358
358 359 360
359 360
360 362
362
365 366
366
369 371
371
374 375
375
378
381 382 383
382 383 384
383 384 385
384 385 386
385 386
386
389 391
391 393
393 394 395
394 395
395
399 400 401
400 401 402
401 402 403
402 403
403
406
409 411
411 413
413
416
419 420
420
424 425 426
425 426
426 428
428 430
430 431 432
431 432 433
432 433
433 435
435 437
437
440
444 445
445 447
447 448
448 450
450 451 452
451 452 453
452 453 454
453 454 455
454 455
455
459 460 461
460 461
461 463
463 464
464 466
466
473 474
474 476
476
485 486
486
492 494
494 496
496
503 505
505 506 507
506 507
507 509
509 510 511
510 511 512
511 512 513
512 513 514
513 514 515
514 515 516
515 516 517
516 517
517
520 521 522
521 552
522 524
524
527
531 532 533
532 533
533 535
535 536 537
536 537
537 539
539 541
541
546 547 548
547 548
548 550
550 551 552
551 552
552 554
554
559 561
561
566
569 570
570
573
576 578
578 579 580
579
580
583 584
584
588
591 592 593
592 593 594
593 594
594 596
596 598
598
602 604
604 605
605 607
607
612 614
614 615 616
615 616 617
616 617
617 619
619 620 621
620 621 622
621 622
622 623 624
623 624
624
628 629 630
629 630
630 632
632 634
634
638
641
648 649
649
653 654 655
654 655
655
658 660
660
664
669 670
670 672
672
676
685 686
686 688
688 690
690 691 692
691 692
692 694
694
697 699
699 700 701
700 701
701 703
703 704 705
704 705
705
708 710
710
717
721 722 723
722 723 724
723 724 725
724 725 726
725 726
726
731 732 733
732 733
733
736 737 738
737 738 739
738 739 740
739 740
740 742
742 744
744 745
745 747
747 748 749
748 749
749 751
751 753
753 754 755
754 755 756
755 756
756
763 765
765 767
767 769
769
772 773
773 775
775 776 777
776 777
777 779
779
782
785
790 791
791
794
800
803
806 807
807
811 812
812
815
818 819
819
822
826 828
828 829 830
829 830
830
839
847 849
849 850
850
854
859 861
861 862
862 864
864 865 866
865 866
866 868
868 869
869 871
871 872 873
872 873 874
873 874 875
874 875
875
879 881
881 882 883
882 883
883 885
885 887
887
889 890 891
890 891 892
891 892
892
896 897
897 899
899 901
901
904 906
906
910
914 916
916
922 924
924
930 932
932 934
934 936
936
939
942 943
943
947 948
948 950
950 952
952 953
953 955
955 957
957 958 959
958 959 960
959 960
960
967
970
974 975
975
980 982
982 984
984 986
986
991
994 995
995
998 999
999
