#naive2.0.py
# GMT Fri Feb 14 13:34:36 2020
# 
4
6 7
7 9
9 11
11 13
13 14
14
20 21 22
21 22 23
22 23 24
23 24 25
24 25 26
25 26
26
29
33 35
35 36 37
36 37
37 39
39
42 43
43
47
50
65 66 67
66 67 68
67 68
68
71
75
79 80
80
83 84
84
87 89
89 90
90
95 585
97
100 102
102 103
103
107 529
110 111 112
111 112
112
116 117
117
120
123 124 125 707 887
124 125 126
125 126
126 128
128
134 135 136
135 136
136
142 143
143 145
145 146
146
149 151
151
154 155 156
155 156
156
159
162 164
164 165
165
168 170
170 171
171
175
182 184
184 185
185 187
187
194
199 200 201
200 201
201 203
203 205
205
209 210
210 212
212 214
214
217 218
218 220
220 222
222 223
223
227 229
229
235
236
241 242
242
245 247
247 248
248
254 255
255 257
257 259
259
262
265 266 267
266 267
267
271 273
273 275
275 277
277 278
278
282 283
283 285
285 287
287
290
296 297
297
305
308 309
309 311
311 313
313 315
315 317
317 319
319 321
321
325 326 327
326 327 328
327 328 329
328 329
329
335 337
337 339
339 340
340 342
342 343
343
346 347 348
347 348
348
351 352
352 354
354 355
355 357
357 359
359 361
361 363
363
367 369
369
374 375
375
378
383 385
385 387
387
391 393
393 394 395
394 395
395 397
397 398
398 400
400 401
401
404 406
406
410 411 412
411 412 413
412 413
413
416
423 425
425
430 431
431 433
433
437 439
439 441
441
444 446
446 447
447 449
449
452
458 459
459
462
465
468
473
476
479 481
481 483
483 485
485 486 487
486 487
487
491
494 495 496
495 496
496
500 501
501
504
509 510
510
514
520 521 522
521
522 524
524 526
526
529
533 535
535 536
536
542 543
543
547
559
564 566
566
570 571
571 573
573 575
575 576 577
576 577 578
577 578
578
584 585 586
585 586
586
594 595 596
595 596
596 598
598 599 600
599 600
600
606 608
608
612 614
614 616
616 617 618
617 618
618
622 623 624
623 624
624 626
626 627
627
631 633
633
643
648
651 653
653 654 655
654 655 656
655 656 657
656 657 658
657 658
658 660
660
663
667 669
669
674
678
681
684
688 689
689
692 694
694 695 696
695 696 697
696 697
697 699
699
702
705 706 707
706 707
707
709 710 711
710 711
711 713
713
716
720 721 722
721 722 723
722 723
723 725
725
728 730
730 732
732 733
733 735
735
738 740
740 741
741 743
743
745
749 751
751 753
753
758 759 760
759 760
760
766
769
773
778 780
780
783 785
785 786
786
791 792 793
792 793
793
800
806 807
807
810 811
811
814
818
823
826 827
827 829
829 831
831 832
832
835 918
837 839
839 841
841 842
842
847 849
849 850 851
850 851
851
855 857
857 858 859
858 859 860
859 860 861
860 861 862
861 862 863
862 863 864
863 864
864 866
866
869 871
871
874
877 878
878 880
880 882
882 883
883
887
890 891 892
891 892
892
895 896
896 898
898 900
900
904
908 910
910
914 915
915
918 920
920
924 925
925 927
927 928
928 930
930
933 934
934
938 940
940 941
941 943
943
946 947
947 949
949
954
959 961
961 962 963
962 963
963
967 969
969 970
970
977
980 982
982 983 984
983 984
984
987 988 989
988 989
989 991
991 993
993 994
994
998
