#naive2.0.py
# GMT Fri Feb 14 13:34:31 2020
# 
5
9
13 15
15 16
16 18
18
23 25
25
28
34 35 36
35 36 37
36 37 38
37 38
38
41
45
50 51 52
51 52
52
58 60
60 61
61
65 67
67 68 69
68 69 70
69 70
70
73 74
74 76
76 77 78
77 78
78 80
80 81
81
84
92
96 98
98
102 103
103
107 529
111 113
113 115
115
119
123 125
125
128 129
129
132
135
140
144
147 149
149
153
156 158
158 160
160
163 164
164
168
173 175
175
178
181 182 183
182 183 184
183 811
184
188
193 194 195
194 195 196
195 196
196
200
204 205 206
205 206
206 208
208 209
209
218 220
220 222
222 223
223 225
225 226 227
226 227
227
231 232 233
232 233 234
233 234
234 236
236 237
237 239
239
242 243
243
247 248
248
252 253 254
253 254
254
258 260
260 261
261 263
263 264
264
270
276 277 278
277 278
278
283 285
285 287
287 288
288
296
300 301
301
305 306 307
306 307 308
307 308 309
308 309 310
309 310
310 312
312
316 317 318
317 318
318 320
320 321 322
321 322
322 324
324 325 326
325 326 327
326 327 328
327 328
328
331 333
333 334
334 336
336 337
337 339
339 341
341 342 343
342 343
343 345
345
349 350 351
350 351
351
354
357 358
358 360
360 361 362
361 362
362
367 369
369
374
377
384 386
386 387 388
387 388
388
391 393
393 395
395 396
396
399 400 401
400 401 402
401 402
402 404
404 405
405
408
411 412
412
418
424 425
425
428
431 432 433
432 433 434
433 434
434 436
436
441
444
449 450 451
450 451 452
451 452 453
452 453 454
453 454
454 456
456 457
457
460 462
462 463
463 465
465
471 472
472
475 477
477 478 479
478 479 480
479 480
480
484 486
486
491
494
499 501
501 502 503
502 503
503
509 510
510
513
516
519 520 521
520 521 522
521
522
525
528 529
529
531
534 535 536
535 536 537
536 537 538
537 538
538
549 551
551
555
559
562
571 572 573
572 573 574
573 574 575
574 575 576
575 576
576 578
578
581 583
583 584
584
590
595 596
596
599
602 603
603
607
610 611
611 613
613 615
615 616 617
616 617
617
620 622
622 623
623
632
635
638 640
640 641
641
644 646
646
651 652
652 654
654 656
656 657 658
657 658
658
661 663
663 664 665
664 665 666
665 666
666
669 671
671 673
673 675
675 676
676
679 681
681 682
682
685
689
693 695
695 697
697 699
699
706
711
714 715 716
715 716 717
716 717 718
717 718
718 720
720
730
736
743
745 747
747 749
749 750
750 752
752 753
753 755
755 757
757 758 759
758 759 760
759 760 761
760 761 762
761 762 763
762 763
763 765
765 766 767
766 767 768
767 768
768 770
770 771 772
771 772
772 774
774 775
775
778 780
780 781 782
781 782
782
785
788 790
790 791 792
791 792 793
792 793
793 795
795 796 797
796 797 798
797 798 799
798 799 800
799 800 801
800 801 802
801 802
802
806
809 811
811 813
813 814
814 816
816 818
818
821
825 826
826
829 830
830
833 834
834
839
842 843
843
846 847
847 849
849 850 851
850 851
851 853
853 855
855
858
863 864
864 866
866 868
868 870
870 871
871
874 875
875
882
886
891 892 893
892 893
893
896 898
898 899
899
903 904 905
904 905
905 907
907 909
909 910
910
913
917 918
918 920
920 921
921
927 928
928
931 932
932
939
945 946
946 948
948
952 953 954
953 954 955
954 955 956
955 956
956
959
964
969 970
970
973 974 975
974 975
975
979 980 981
980 981
981 983
983 984
984
991
999
