#naive2.0.py
# GMT Fri Feb 14 13:34:36 2020
# 
1
4
8
14 15 16
15 16 17
16 17 18
17 18 19
18 19
19
26
29 30 31
30 31 32
31 32 33
32 33 34
33 34
34 36
36 38
38 39
39
42 43
43
46 48
48 50
50 51
51 53
53
57 58 59
58 59 60
59 60 61
60 61
61 63
63 65
65 67
67 68
68 70
70 71
71
75 77
77
80 81 82
81 82
82 84 636
84 85
85 87
87 88 89
88 89 90
89 90
90 92
92
95 585
104 105
105
110
113 115
115 117
117 118 119
118 119
119 121
121 123
123 707
126 127 128
127 128 129
128 129
129 131
131
134 135 136
135 136
136
139 140
140
143
146 148
148 150
150 152
152 153 154
153 154
154
157 158
158 160
160 161
161
165 167
167 168 169
168 169 170
169 170
170 172
172 173 174
173 174 175
174 175
175 177
177
182 183 184
183
184
187 188 189
188 189
189 191
191 192 193
192 193 194
193 194
194 196
196
202 204
204 206
206 207
207
218
221 223
222 223 224
223 225
224 225
225
230 231 232
231 232 233
232 233
233 235
235 237
237
240
243 245
245 246
246 248
248
251
262 263 264
263 264 265
264 265
265
270 271
271 273
273
276 277 278
277 278 279
278 279 280
279 280 281
280 281
281 283
283 284
284
288 289
289
292
295 296
296
300
303 305
305 307
307 308 309
308 309
309 311
311 313
313 314
314 316
316 318
318
321 322
322
326
329 331
331
338 339 340
339 340 341
340 341 342
341 342 343
342 343 344
343 344 345
344 345 346
345 346
346
351 352
352 354
354 356
356 357
357 359
359
362 363 364
363 364 365
364 365 366
365 366
366
371 372
372
375 377
377
380 381
381 383
383
387 388
388 390
390 392
392 393 394
393 394
394 396
396 398
398 400
400 401 402
401 402 403
402 403 404
403 404 405
404 405
405
408
411 413
413 414
414 416
416
419 421
421 422
422
425 427
427 428
428 430
430 431 432
431 432
432 434
434 435 436
435 436 437
436 437
437 438 439
438 439
439 441
441 442
442 444
444
447 448
448 450
450 451 452
451 452 453
452 453 454
453 454
454
457 458 459
458 459
459
463 464
464 466
466 467 468
467 468
468 470
470 472
472 473
473
478
483
487 488 489
488 489 490
489 490 491
490 491
491
494 496
496
499 500
500
503 504
504
507
510 511 512
511 512
512
515 516 517
516 517 518
517 518
518
521 552
525
533 534
534 536
536
539 541
541 542
542 544
544 545
545 547
547
550 552
552 554
554 556
556 557 558
557 558
558 560
560 562
562
569 570
570
573 574
574
578
581
585 586
586 588
588 590
590 592
592
595 596
596
599
602 603 604
603 604
604
607 609
609 610
610
613
618 619 620
619 620 621
620 621 622
621 622
622 624
624 625 626
625 626 627
626 627
627 629
629 630 631
630 631
631
636
641 642 643
642 643
643 645
645 647
647 649
649 650 651
650 651
651
654
662 663
663 665
665 667
667 669
669 671
671 672
672
676 677
677
680
683
687
690 692
692 693
693 695
695 697
697 699
699 700 701
700 701
701
706 707
707
710 712
712 713
713 715
715
719
723 724 725
724 725
725
728 729
729
732 733 734
733 734
734
737 739
739 740
740 742
742
746 747 748
747 748
748
753
757 758
758
761 763
763
767
771 772
772 774
774 776
776
779
783 785
785
788
791 792 793
792 793
793
798 799
799 801
801
810 812
812
815 817
817 819
819 821
821 822 823
822 823
823
827
830 831
831 833
833 835
835 836
836 837
837 839
839 840
840 842
842
845 846
846
849 850 851
850 851
851 853
853 854 855
854 855
855 857
857 858
858 860
860
867 869
869
877
880
883 884 885
884 885
885
889
892 893
893
897
900 902
902 903 904
903 904 905
904 905 906
905 906 907
906 907
907
912
915 916
916
919 920 921
920 921 922
921 922
922
926 927 928
927 928
928
931 933
933 935
935 936
936 938
938 939
939
942 943
943 945
945 947
947
953 954
954 956
956 957
957 959
959 961
961 962
962
966 967
967 969
969 971
971 973
973
978 979
979 981
981 982
982 984
984
988 989
989
995
998
