#naive2.0.py
# GMT Fri Feb 14 13:34:33 2020
# 
1
4 5 868
5 6
6
11 12
12 14
14 15
15 17
17
20 21
21
28
33 35
35 36 37
36 37
37 39
39
42 44
44 45 46
45 46
46 48
48 49
49 51
51 53
53 54 55
54 55 56
55 56
56 58
58 59
59
63 64 65
64 65 66
65 66
66
69
73
76 78
78
82 83 84
83 84 85
84 85 86
85 86 87
86 87 88
87 88 89
88 89
89 91
91 93
93 94 95
94 95
95 585
98 100
100 101
101
105 107
107
112 113
113 115
115 116
116 118
118 120
120 122
122 123 124
123 124 707 887
124 126
126
129 130
130
133 134 135
134 135 136
135 136
136
140
143 144 145
144 145
145
148 150
150
154
157
160 161
161
165 166 167
166 167
167 169
169 170
170 172
172 173
173 175
175 176 177
176 177
177
180
189 190 191
190 191
191 193
193 194 195
194 195 196
195 196
196 198
198 199
199
202 203 204
203 204
204
208 209 210
209 210 211
210 211
211
218
222 224
224 226
226
229 231
231 232
232
235 237
236 237
237
242 244
244 246
246 248
248 249 250
249 250
250 252
252 253 254
253 254 255
254 255 256
255 256 257
256 257
257 259
259 261
261
265 266
266
270 271 272
271 272 273
272 273
273 275
275 276 277
276 277
277 279
279 281
281 282
282 284
284 285 286
285 286 287
286 287
287
290 292
292
295 296 297
296 297
297
300 301
301
305 307
307
313 315
315
319
324 325 326
325 326
326 328
328 330
330 331
331 333
333 334 335
334 335 336
335 336 337
336 337
337 339
339 340
340
343 345
345
348 349 350
349 350
350 352
352 353
353
361 362
362
365 367
367 369
369 370
370
373
377 378
378
391 393
393 395
395 396
396 398
398 399
399
403
406 408
408 409 410
409 410 411
410 411 412
411 412
412 414
414 416
416 417 418
417 418
418 420
420 421
421
424 425 426
425 426
426 428
428
433 434
434
438 439
439
442 444
444 445
445
448 449
449 451
451 453
453 455
455
458 460
460 461 462
461 462 463
462 463
463 465
465 466
466 468
468
472 473
473
476 477
477
483
486 487 488
487 488 489
488 489
489 491
491
494 496
496
501
507
511 512
512
516 518
518 520
520
525 527
527
532
538 539
539
545
550 552
552
555 556
556
559 561
561
570
573
576
579 581 972
580 581
581 583
583 585
585
589 590
590
593 595
595 596
596 598
598 599 600
599 600 601
600 601
601
606
609
615 616
616 618
618 620
620
625 626
626 628
628
631
638 639
639
642 644
644 646
646 648
648 649
649 651
651 653
653 654
654 656
656 657 683
657 659
659 660
660 662
662 664
664 665
665
669 670
670 672
672 673 674
673 674 675
674 675 676
675 676 677
676 677 678
677 678
678
683 684
684 686
686 688
688 690
690 692
692
696 698
698 699
699
702 703
703 705
705 706 707
706 707 708
707 708
708 709 710
709 710
710
713 714
714 716
716
719 720
720
724
727 729
729
732 733 734
733 734 735
734 735 736
735 736 737
736 737 738
737 738
738
746
749
752 753 754
753 754
754
758 759 760
759 760
760 762
762
767 769
769
772 773
773 775
775
780 782
782
785
788 789 790
789 790
790 792
792 793
793
796 798
798 799
799 801
801 802
802 804
804 805 806
805 806
806
810 811
811 813
813 814 815
814 815 816
815 816 817
816 817 818
817 818 819
818 819 820
819 820 821
820 821
821 823
823 825
825 826 827
826 827
827
833 835
835
843
846 847 848
847 848
848
852 853 854
853 854
854
864 865
865
868 869 870
869 870
870 872
872
875 876
876
880 882
882 883
883
886 887
887
889
893 894
894
897 899
899 901
901 902 903
902 903 904
903 904 905
904 905
905
909
914 916
916 917
917 919
919 920
920
923 924 925
924 925 926
925 926
926
930 932
932 933
933 935
935 936
936 938
938 940
940
946 948
948 949 950
949 950 951
950 951 952
951 952
952
956 957
957
961 962 963
962 963
963
966 968
968 969 970
969 970 971
970 971 972
971 972 973
972 973
973
976 978
978 979
979 981
981 982 983
982 983
983 985
985
989
994 996
996 997 998
997 998
998
