#naive2.0.py
# GMT Fri Feb 14 13:34:33 2020
# 
0
4
6 7
7 9
9 10
10
19 20
20 22
22 24
24 25 26
25 26
26 28
28
31
34 36
36 38
38
43 44 45
44 45 46
45 46 47
46 47
47 49
49 51
51 52 53
52 53 54
53 54 55
54 55
55
58 60
60
63 64
64
67 69
69 70
70
74 75 76
75 76
76 78
78 79
79 81
81 83
83 84 85
84 85 86
85 86 87
86 87
87
92 94
94 95
95
97
100
103 104 105
104 105
105 107
107 108 109 529
108 109 110
109 110 111
110 111
111
115 116
116
120 121 122
121 122 123
122 123
123 125 707
125 126 127
126 127 128
127 128
128 130
130 132
132 134
134 135
135
139 141
141
147 148 149
148 149
149 151
151 152 153
152 153
153
158 159 160
159 160
160
163 164
164 166
166
169 170 171
170 171
171 173
173 174
174
178 179 180
179 180 181
180 181 182
181 182
182 184
184 186
186
192
195 196 197
196 197 198
197 198
198
201
210 212
212
215 216
216
220 222
222
227
231 232
232 234
234 236
236 238
238 239
239
246
253 254
254
258 259
259 261
261 262
262 264
264
267 269
269
275 276
276 278
278 279
279 281
281 282 283
282 283
283
287 288 289
288 289 290
289 290 291
290 291 292
291 292
292 294
294 296
296 298
298
301
306 308
308
312 313 314
313 314
314
318
321
324 325
325 327
327
331
336 338
338
341 342
342
345
348 350
350 351
351 353
353 354 355
354 355
355 357
357 359
359 361
361 362
362 364
364 365 366
365 366 367
366 367
367 369
369 371
371
374 375 376
375 376 377
376 377
377
382 384
384
387 389
389
392
395
404 405
405
408
411 412 413
412 413
413 415
415 416
416 418
418 419 420
419 420
420
423
428 430
430 431 432
431 432
432
438
441 442 443
442 443 444
443 444
444
447 448
448 450
450
454 456
456
459 460
460 462
462
470
475
480 482
482 483
483
489
494
498 499
499 501
501 502 503
502 503 504
503 504 505
504 505 506
505 506 507
506 507
507
510 511
511
521
522 524
524
528 529
529
531 532 533
532 533
533
537 538 539
538 539
539
542 544
544
548
551
556 557 558
557 558
558
561 562
562
567 569
569 570 571
570 571 572
571 572 573
572 573
573
578
582 583 584
583 584
584
589 590
590
598 600
600 601 602
601 602
602 604
604 605 606
605 606
606
609
612
617
623
628 630
630 631 632
631 632 633
632 633 634
633 634 635
634 635 636
635 636
636
641
644 645 646
645 646
646 648
648 649 650
649 650
650
659 660 661
660 661
661
667 669
669 670 671
670 671 672
671 672 673
672 673
673
676 677
677
680 681 682
681 682
682
688
692
698 699
699 701
701 702
702
705 706 707
706 707 708
707 708
708
711
714
718 720
720 722
722 724
724 725 726
725 726 727
726 727
727
730
734 736
736 737
737 739
739 740
740
745
750 752
752 754
754 756
756 757
757
762
766 767 768
767 768 769
768 769 770
769 770
770 772
772
775
778 780
780 781 782
781 782 783
782 783 784
783 784
784
789
795 796
796 798
798 800
800 801
801 803
803 804 805
804 805
805 807
807 809
809 810 811
810 811
811
816 817
817 819
819 820 821
820 821
821 823
823 825
825
828
833 835
835 918
838 839 840
839 840 841
840 841 842
841 842 843
842 843 844
843 844 845
844 845
845 847
847
859 860
860
863 864 865
864 865 866
865 866 867
866 867
867 869
869 871
871
878 879 880
879 880 881
880 881
881 883
883
888 889 890
889 890
890 892
892 894
894 896
896 898
898 899
899
902
905
908
911 912 913
912 913
913 915
915
918 919
919 921
921 922
922 924
924
927
930
935
943 944
944
947 949
949
952 954
954
958 960
960 962
962 963
963 965
965 967
967
972 973
973 975
975 977
977 978
978 980
980 982
982
991
994 995 996
995 996
996
