#naive2.0.py
# GMT Fri Feb 14 13:34:35 2020
# 
1 3
3
10
17 19
19 20
20 22
22 23 24
23 24
24
28
31
34 35 36
35 36
36
41 43
43
48 50
50
54 55 56
55 56 57
56 57
57 59
59 60 61
60 61
61
64 66
66
70
75 76
76 78
78 80
80
85 86
86
89 91
91
94 96
96 97
97
100 101 102
101 102
102
105 106
106
110 111
111 113
113 114 115
114 115
115
119
122
126 127 128
127 128 129
128 129
129 131
131 133
133
136 138
138 139 140
139 140
140
144 145
145 147
147 149
149 150
150 152
152 153
153
158
162 164
164
168 170
170
180
183
187
193
197
202 204
204 205 206
205 206
206 208
208 209
209 211
211 213
213 214
214
218 219 220
219 220 221
220 221 222
221
222
226 228
228
233 234 235
234 235 236
235
236
239 240
240
243 244 245
244 245 246
245 246
246 248
248 249 250
249 250 251
250 251
251 253
253 254
254
259
262 263
263 265
265 267
267 268
268 270
270
274
282 284
284
292 294
294 296
296 297
297 299
299 300
300 302
302 303 304
303 304
304 306
306 307
307
311 313
313 314 315
314 315 316
315 316
316
320 321 322
321 322 323
322 323
323
328
332
338
342
347 348 349
348 349
349 351
351 353
353 355
355 356 357
356 357
357
360
363
366 368
368 436
371
375 376 377
376 377 378
377 378 379
378 379
379
382 384
384 385
385
389 390
390
394 396
396
400 401 402
401 402 403
402 403 404
403 404 405
404 405 406
405 406 407
406 407
407
411 413
413 414
414 416
416 418
418
422 424
424 425 426
425 426
426 428
428 429
429 431
431 433
433 435
435 436
436
440 441 442
441 442
442
446 447
447
452 453
453 455
455 456
456
459
466 467
467
471 472
472 474
474 476
476 477
477
480 481
481
484 485
485
489 490 491
490 491 492
491 492 493
492 493
493
499 500
500 502
502 503 504
503 504 505
504 505
505 507
507 508 509
508 509 510
509 510
510 512
512
518 520
520
523 524
524 526
526 527
527
531 533
533
538 539
539 541
541 542
542 544
544 545
545 547
547 549
549
552 553
553 555
555 557
557
566 567
567
570
573
576 577
577 579
579
580
584 585 586
585 586 587
586 587 588
587 588
588
593 595
595 596
596 598
598
601 602 603
602 603
603
606
612 613
613 615
615 616
616
619 621
621
623 624
624
627 628 629
628 629
629
633 634
634 636
636 637
637 639
639
642
645
649 651
651 652 653
652 653 654
653 654
654 656
656 658 683
658 659
659 661
661
665
678 680
680 682
682 683
683
691 693
693 694 695
694 695 696
695 696 697
696 697
697
703 704
704
708 709 710
709 710
710
713 714 715
714 715 716
715 716 717
716 717 718
717 718 719
718 719 720
719 720 721
720 721
721 723
723 724
724
727 729
729 731
731 732
732
738 739
739 741
741 742
742
745
749 750
750
756
760
763 764
764
769
772 774
774 775
775 777
777
780 781
781 783
783 785
785 787
787 789
789 790
790 792
792 793 794
793 794
794 796
796 797 798
797 798
798 800
800 802
802 803 804
803 804 805
804 805 806
805 806 807
806 807
807 809
809
812 813 814
813 814
814 816
816 818
818 819
819
822 824
824 825 826
825 826
826 828
828 829 830
829 830
830 832
832
837
840
843
847 849
849 851
851 852 853
852 853
853
857 858
858
864
868 869
869 871
871 872
872 874
874 876
876
880
884 885
885
889 891
891
894 895
895
899 900 901
900 901 902
901 902
902
905
908 910
910
913 914 915
914 915
915
920 922
922 923
923
926 928
928 929 930
929 930 931
930 931 932
931 932
932 934
934 935
935 937
937
939
947 948
948
953 954
954
957
960
963 965
965
969
973
976
980 981
981
989 990
990 992
992
996 997 998
997 998
998
