#naive2.0.py
# GMT Fri Feb 14 13:34:31 2020
# 
3 4 5
4 5 868
5 7
7
12
17 18 19
18 19 20
19 20
20 22
22 23
23
26
30 32
32
36 38
38 40
40 42
42 43
43
46 47 48
47 48
48
53 55
55 56 57
56 57 58
57 58
58 60
60
68 69
69 71
71 72
72
75 76
76 78
78 79
79
82 83 636
83
89 90
90 92
92 93 94
93 94
94 96
96
100 101 102
101 102
102
106 107 108
107 108
108 110
110
114
119 121
121 122
122 124
124 125 126
125 126 127
126 127
127 129
129
133 134
134 136
136 137 138
137 138
138
141 143
143
147 148 149
148 149
149 151
151 152
152 154
154 155
155 157
157 159
159 160
160
163 164 165
164 165
165
170 172
172 174
174
180
183 185
185
189 190 191
190 191 192
191 192 193
192 193
193 195
195 197
197
204 205
205
208 209 210
209 210 211
210 211 212
211 212
212
217
222 224
224 226
226 227 228
227 228
228
231 233
233 235
235 237
237 238 239
238 239
239
242 243 244
243 244 245
244 245
245 247
247
253 254
254
258
262
265
268
271
274 276
276 278
278
284 285 286
285 286
286 288
288
291
300 301
301
305 306
306
312 313
313
326 328
328 329 330
329 330
330 332
332 333
333 335
335
342 343
343
348 349 350
349 350 351
350 351
351 353
353
357 358
358
361 362 363
362 363 364
363 364 365
364 365
365
368 369 370
369 370
370 372
372
376 377 378
377 378 379
378 379
379 381
381 382
382
386
391 392
392
396 397
397 399
399 401
401 402
402
407 409
409 411
411 413
413 415
415 416 417
416 417
417 419
419 420
420 422
422 424
424 425
425
428 429
429
433 435
435 437
437 438
438
451 452
452
456 457 458
457 458 459
458 459
459
468
473 475
475 477
477 479
479 480 481
480 481 482
481 482 483
482 483
483 485
485
488 489 490
489 490
490 492
492
495 496
496 498
498
501 503
503
506 507 508
507 508 509
508 509 510
509 510 511
510 511
511 513
513 514
514 516
516
521 523
523 524 525
524 525
525 527
527 528
528 530
530 531 532
531 532 533
532 533
533
537 539
539 540
540 542
542 543 544
543 544
544
547 548
548 550
550 551
551 553
553
559 561
561 562
562 564
564
569 570 571
570 571 572
571 572 573
572 573
573
579
583
586
590 591
591 593
593
596 597 598
597 598
598
602 603
603
610 611
611
614
617 619
619 620
620 622
622 624
624
628 629
629 631
631 633
633 634
634 636
636 637
637 638 639
638 639
639
643 645
645
649
652
656 658 683
658 660
660 661 662
661 662 663
662 663
663 665
665 666 667
666 667
667 669
669 670
670
673 674 675
674 675 676
675 676
676
680 682
682 683
683
688
693
696
699
702
707 708
708
711
714 716
716
719 721
721
725 726 727
726 727 728
727 728 729
728 729 730
729 730 731
730 731
731 733
733
736
739 740
740 742
742 743
743
746
756 758
758 760
760 761
761 763
763 764
764 766
766 767
767
770 772
772 774
774 775
775
778 780
780 782
782 783
783
788 789 790
789 790
790 792
792
795 797
797 798 799
798 799
799 801
801 803
803 805
805
809 810
810
813 814 815
814 815 816
815 816 817
816 817
817 819
819
822 824
824 826
826
833
837
840 842
842
848 849 850
849 850
850
857 858
858
864 866
866 867 868
867 868 937
868 870
870
875 876 877
876 877
877
883
887
890 892
892
895 897
897 898
898 900
900 901
901
907 909
909 911
911 912 913
912 913 914
913 914 915
914 915 916
915 916 917
916 917
917
924 925
925 927
927
930 931 932
931 932
932
936 937
937
939 940 941
940 941
941
944 945 946
945 946 947
946 947 948
947 948 949
948 949 950
949 950
950 952
952 953 954
953 954 955
954 955
955
965 966
966
969 970
970
973 975
975 976
976 978
978 980
980 981
981
986 988
988
993 995
995 997
997 999
999
