#naive2.0.py
# GMT Fri Feb 14 13:34:30 2020
# 
6 8
8
17
21
27 29
29
37 39
39 41
41 42
42 44
44 46
46 47
47 49
49 50
50 52
52 53
53 55
55 56
56
60
63 64
64 66
66
71 72
72 74
74
79 80 81
80 81
81
84 85
85 87
87 89
89 90
90
94
98
103 105
105 107
107
112
116 118
118 119 120
119 120
120
124 126
126 127
127 129
129
134 135
135
138 139
139
144 145 146
145 146 147
146 147 148
147 148
148 150
150 151
151
155 156
156
159 161
161
164 165
165
168
171 173
173 174 175
174 175
175
178 179 180
179 180 181
180 181
181
184 185
185 187
187
192
202
205 206
206
210
214
218 219
219 221
221 223
222 223 224
223 429
224 226
226 228
228 230
230 231
231
237 238
238
242
245
248 249
249 251
251
254 255 256
255 256
256 258
258
261
264 265
265
268
272 273
273
276
279
283
287
290 292
292 293
293 295
295 296
296 298
298 299 300
299 300
300 302
302 304
304 305 306
305 306
306
309 310
310 312
312 313
313
316 317
317
322
325
329 330
330
333 334 335
334 335
335
338 339 340
339 340
340
344
348 349 350
349 350 351
350 351 352
351 352 353
352 353
353
357 358 359
358 359 360
359 360 361
360 361 362
361 362
362 364
364
367 368
368
371 373
373
379 381
381 382
382 384
384 385
385 387
387
390 391
391
394
399 400
400
403 404 405
404 405 406
405 406 407
406 407 408
407 408 409
408 409 410
409 410
410
413
416 418
418 420
420 422
422 423 424
423 424 425
424 425 426
425 426 427
426 427
427 429
429
441 442 443
442 443 444
443 444 445
444 445
445
449
452 454
454 456
456
459
462 463
463 465
465
468
472 473 474
473 474
474
477
481 482
482
485 486
486 488
488 489
489 491
491 492 493
492 493 494
493 494
494
497 498
498
503
506
510 512
512
516 517
517 519
519 520 521
520 521
521 523
523 524
524
527 528
528
532 534
534
537
541
544
547
550 551
551
558
561 562 563
562 563 564
563 564 565
564 565 566
565 566
566
569 571
571
574 575 576
575 576
576
579 972
580 582
582 584
584 585
585 587
587 589
589 590
590 592
592
599 601
601 603
603 604
604
607 609
609
612 614
614
617
620
623
628 629
629
634 635 636
635 636 637
636 637
637 639
639 640 641
640 641
641
644
649 651
651 653
653 655
655 656 657
656 657
657
662 663
663
670 671
671 673
673
676 678
678 679 680
679 680 681
680 681
681
684
688 689
689 691
691 693
693 694 695
694 695 696
695 696 697
696 697
697 699
699 700
700
703
708
711
715
719 720
720
723 724 725
724 725 726
725 726 727
726 727
727
731 732
732
741
745
749 751
751 753
753 755
755 756
756 758
758 760
760 762
762 764
764 766
766
769 770
770
773
776 777
777
782 783
783
786 787
787
790 792
792 793 794
793 794
794
797
801 802 803
802 803 804
803 804
804 806
806 808
808 809 810
809 810 811
810 811 812
811 812 813
812 813
813 815
815 816
816 818
818 819
819 821
821
824 825
825
828 830
830 831 832
831 832 833
832 833 834
833 834
834 836
836
839 840
840
846
849
853
858 859
859
863 864
864
867 868 869
868 869
869
872 873
873 875
875 876 877
876 877 878
877 878
878 880
880 881
881 883
883
887
889 891
891
896 897
897 899
899
903 904 905
904 905 906
905 906
906
909
912 913 914
913 914 915
914 915
915 917
917 918 919
918 919 920
919 920 921
920 921 922
921 922 923
922 923 924
923 924
924
929 931
931 932
932
935 936
936 938
938
942 944
944 945 946
945 946
946
957
960
963
967
970 971 972
971 972
972
980 981
981
986 987 988
987 988 989
988 989 990
989 990
990 992
992
996 998
998 999
999
