#naive2.0.py
# GMT Fri Feb 14 13:34:34 2020
# 
0 1 999 2 998
1 2 3 999
2 3 4
3 4 5
4 5
5
9 10
10 12
12 14
14 15
15 17
17 19
19
22
25
28
31
36 38
38
43 44
44 46
46
50 51 52
51 52
52
55 56 57
56 57 58
57 58 59
58 59 60
59 60 61
60 61 62
61 62
62 64
64 65
65 67
67 68 69
68 69 70
69 70 71
70 71
71
74 76
76
82 83
83 85
85
88 90
90 91
91 93
93 95
95 585
97 99
99 101
101 103
103 104
104
107 109
109 111
111 112
112 114
114 115
115 117
117 118 119
118 119 120
119 120
120 122
122 124
124
129 130 131
130 131
131
135 136
136
142
147
153 155
155 157
157 158
158
163 165
165 166
166 168
168
171 173
173 174
174
178
181 182
182 184
184 186
186 188
188
191
194 195
195
200
204 205
205
209 210
210
214 215
215
218
221
224 225
225 227
227 229
229 230
230 232
232
235 237
237 239
239
248 250
250 251 252
251 252 253
252 253 254
253 254
254
257
261
268
271
274 276
276
279
283
287 289
289
295
301 302
302 304
304 305
305
314
320
323
330 331
331 333
333 335
335 336
336 338
338 340
340 341 342
341 342
342 344
344 345 346
345 346
346
351 353
353 355
355
363 365
365 366 367
366 367 368
367 368
368 436
374
378
388 389
389
394 396
396 397
397 399
399
402 403
403
406 407 408
407 408 409
408 409 410
409 410 411
410 411 412
411 412 413
412 413
413 415
415
420
424 426
426
429 430
430
433 434
434 436
436
441 442 443
442 443
443
447 448
448
451 452
452 454
454
457
465 467
467 469
469 470
470
473 474 475
474 475
475 477
477 478 479
478 479
479 481
481 482
482 484
484 485
485
488 490
490 492
492
496 497 498
497 498 499
498 499
499
505 506
506
509 510
510
514 515 516
515 516 517
516 517 518
517 518
518 520
520 522
522
527 528
528
533 534
534 536
536 537 538
537 538
538
541 542
542 544
544 546
546 547
547
550 551
551 553
553 554
554
557 558
558
561 563
563 564 565
564 565 566
565 566 567
566 567 568
567 568
568
571 572
572
576
579
583 584 585
584 585 586
585 586 587
586 587
587
593
596
599 600
600
604 606
606 607
607
610 611 612
611 612 613
612 613 614
613 614 615
614 615
615 617
617 619
619 620
620 622
622
625 626 627
626 627
627
630
634 635
635 637
637
641 642
642 644
644 645 646
645 646
646
650 651
651 653
653 654
654
657
662 664
664
670
673 674
674
678 679
679
683
686 687 688
687 688
688
691 693
693 694 695
694 695
695
701 702
702 704
704 705
705 707
707
709
712 713
713
716 718
718 719 720
719 720
720
725 726
726 728
728 729 730
729 730 731
730 731
731
734
742 743 744
743 744
744 745
745
748 749
749 751
751 753
753
756
761 762
762
765 766 767
766 767 768
767 768 769
768 769 770
769 770
770
773
777
782 784
784 785
785
793 794
794
799 800 801
800 801 802
801 802 803
802 803 804
803 804 805
804 805
805 807
807 808 809
808 809 810
809 810 811
810 811
811
814 815 816
815 816 817
816 817
817
821
825 826
826
832 834
834 836
836 837 838
837 838
838
843 845
845 847
847 849
849 850 851
850 851
851 853
853 854
854 856
856 858
858 859
859 861
861 862
862
867 869 937
869 870 871
870 871
871 873
873 875
875 877
877
880 881 882
881 882
882
887 888
888 890
890
893 894
894 896
896 897
897 899
899
902 904
904 905
905
911 912 913
912 913
913 915
915 916 917
916 917
917 919
919 920 921
920 921 922
921 922 923
922 923 924
923 924
924
927 928 929
928 929
929
933
937
939 940 941
940 941
941
949
955 956
956
959 960 961
960 961
961
966 968
968 970
970 971
971
975 976 977
976 977
977
980 981
981
984 985
985
989 991
991 992 993
992 993
993 995
995 997
997 998 999
998 999
999
