#naive2.0.py
# GMT Fri Feb 14 13:34:35 2020
# 
0 999 2 998
2 4
4
6
9 10 11
10 11 12
11 12 13
12 13
13
16
19 20
20
23 25
25
29 31
31 32 33
32 33
33 35
35 37
37 39
39
45 46
46
49
52 53 54
53 54
54
58 59
59
62 64
64 66
66
70 72
72 74
74 75
75
79 81
81 83
83 84
84
89
97 98 99
98 99
99
104 106
106 107
107
110 112
112
115 116
116
122 123 124
123 124 707
124
128
132 134
134 135
135 137
137 138
138 140
140 142
142
147 148
148
151
154 155 156
155 156
156 158
158
162 163
163
167 168
168 170
170 171
171 173
173 175
175 176
176 178
178 179
179 181
181 183
183 811
184
189
192 193
193
196
201 202 203
202 203
203
208
211 212 213
212 213 214
213 214 215
214 215
215 217
217 218
218
226 228
228 230
230 231 232
231 232
232
242 243
243 245
245 247
247 249
249
254 255
255
260 261 262
261 262
262 264
264
267
270 271 272
271 272
272 274
274 275
275
280 281 282
281 282 283
282 283
283 285
285 286
286 288
288 289
289
292 294
294 295
295
299 300
300
306 307
307 309
309
314 315
315
321 323
323 324
324 326
326 327
327
330 331
331 333
333 334 335
334 335 336
335 336
336 338
338
341
344
348
351 352 353
352 353 354
353 354
354 356
356
359 361
361 363
363 364 365
364 365
365 367
367 368
368 436
371 372 373
372 373
373 375
375 377
377
382 383
383
386 387
387
390 392
392 393
393 395
395 396
396 398
398
401 402
402 404
404 406
406 407 408
407 408
408
411 412
412 414
414 415
415 417
417 419
419 420
420
423 424 425
424 425 426
425 426 427
426 427 428
427 428
428 430
430
433 434
434 436
436 437
437
440 441
441
450 451
451
455
460 461
461
465 466 467
466 467
467
470 472
472 473
473
476 477
477
483 485
485 486
486 488
488 489
489 491
491
496 497
497 499
499
505 506
506 508
508
512 513 514
513 514 515
514 515
515
521 552
522 524
524 525 526
525 526 527
526 527 528
527 528
528 530
530 531 532
531 532 533
532 533
533
541 542
542
546 547
547
550 552
552
555 557
557 558
558 560
560
563 565
565
568 570
570 572
572 573 574
573 574 575
574 575
575 577
577
580 581
581
586
591 592 593
592 593
593
596 597
597
601 602 603
602 603
603 605
605 606 607
606 607 608
607 608 609
608 609 610
609 610 611
610 611
611
616 617
617
621 622
622
625
628 630
630 631
631
635 636
636
639 641
641 642 643
642 643 644
643 644
644
648 649 650
649 650
650
653
657 658
658 660
660
664
670 671 672
671 672
672 674
674 676
676 677
677 679
679 680 681
680 681
681
685 687
687
693
697 699
699
703 704
704
707
709 710 711
710 711 712
711 712
712
715 717
717 718
718
721
725
729 731
731 732 733
732 733 734
733 734
734 736
736 737
737
740 742
742 743
743
749
754
763 764 765
764 765 766
765 766
766
770 772
772 774
774
777
780
784 786
786
791 792
792 794
794 795 796
795 796 797
796 797
797
800 801 802
801 802 803
802 803 804
803 804
804
808 809
809 811
811 813
813
816
820 821 822
821 822
822 824
824
827
833 834
834 836
836 838
838 839 840
839 840
840
847
850 851 852
851 852
852
856
859 861
861
871 872 873
872 873
873
877 878 879
878 879
879
883 884
884
888
891 892
892 894
894
898 899 900
899 900
900 902
902
909 911
911
917
921 923
923 924
924
928 929
929
933
937
942
946
953 954 955
954 955
955
961
964 965 966
965 966
966
969 970
970
973 975
975 976 977
976 977 978
977 978
978
983
987
990
993 995
995 996
996 998
998 999
999
