#naive2.0.py
# GMT Fri Feb 14 13:34:31 2020
# 
0 2 998
2 3
3 5
5 6 7
6 7 8
7 8
8 10
10 11 12
11 12
12 14
14 15
15 17
17 19
19
23
26 27 28
27 28
28 30
30 32
32 33
33
39
47
50
53 54 55
54 55 56
55 56
56
59 60
60
63
66
70
75 76
76
79 81
81 82
82
87 88 89
88 89 90
89 90 91
90 91
91 93
93
98
106 107
107 109
109 110 111
110 111
111 113
113 114 115
114 115
115 117
117 118 119
118 119 120
119 120
120 122
122 123
123
126 127 128
127 128
128
131 132
132 134
134 136
136
139 141
141
146 148
148 149 150
149 150 151
150 151
151
156
162 163 164
163 164
164
168 169 170
169 170
170 172
172 174
174 175
175 177
177
181 182
182 184
184 186
186 187 188
187 188
188
196 198
198
202 203 204
203 204
204 206
206
209 210 211
210 211
211
215
218
223 225 429
224 225 226
225 226
226
230 231 232
231 232 233
232 233 234
233 234
234
237 238
238 240
240
246 248
248
251 252
252
255 257
257 258 259
258 259 260
259 260
260 262
262 264
264 265
265 267
267 269
269 271
271 273
273 274 275
274 275
275
283 285
285 287
287 288 289
288 289
289
294 296
296 297 298
297 298
298
301 303
303 304 305
304 305
305
308
311
314 316
316 317 318
317 318 319
318 319 320
319 320 321
320 321
321 323
323 325
325
329
332 334
334
338 339
339 341
341 343
343 344 345
344 345
345 347
347 348
348
352
359
365 367
367
370 372
372 373
373
377 379
379 380 381
380 381
381
384 385
385
390 391 392
391 392 393
392 393
393
397
400
408 410
410 412
412 414
414 415
415
419 420 421
420 421
421
424 426
426
429
437 438
438 440
440 441
441 443
443 444
444 446
446 448
448
451
457 458
458
462 464
464 465
465
470
481 482
482 484
484 485
485 487
487 489
489 490
490
495 497
497 499
499 501
501 502
502
506
509
513
517 518 519
518 519 520
519 520
520
523 525
525 526 527
526 527
527
530 531 532
531 532 533
532 533 534
533 534
534
538
541 542
542 544
544 545
545 547
547 549
549 551
551 552 553
552 553 554
553 554
554
557
561 563
563
569 571
571 573
573 574 575
574 575
575 577
577
581 582
582
585 586 587
586 587 588
587 588 589
588 589
589
592
597 599
599 601
601
604 605 606
605 606
606
609
612
618 620
620
624 625 626
625 626
626 628
628 630
630 632
632 633 634
633 634
634
643 644 645
644 645
645 647
647 648 649
648 649 650
649 650 651
650 651
651
654 655
655 657
657 658 659
658 659
659 661
661 662
662 664
664
670 671 672
671 672
672 674
674
677
682 684
684
687 688
688 690
690
693 694
694
697
702 703 704
703 704 705
704 705
705
710 711
711 713
713 714
714
717
722 723 724
723 724
724 726
726 728
728
732 733 734
733 734 735
734 735
735 737
737 738 739
738 739
739 741
741 743
743 744 951
744
747 749
749 750 751
750 751
751
756 757 758
757 758
758
762 763 764
763 764 765
764 765 766
765 766
766 768
768 769 770
769 770
770 772
772 774
774 775
775
779 780
780
783 784
784
789 790 791
790 791 792
791 792 793
792 793
793 795
795 796 797
796 797 798
797 798
798 800
800 801
801
804 805 806
805 806
806 808
808 810
810
813 815
815 817
817
820 821
821
824
827 828 829
828 829
829
835 836 918
836 837 838
837 838 839
838 839 840
839 840
840 842
842 844
844
848 849
849
853
858 859
859
862
867 869 937
869 870
870 872
872 874
874
877 878 879
878 879 880
879 880
880
883 884
884
889 890
890
894
898
902 903
903 905
905 907
907
910 911
911
915 916
916 918
918 920
920
924 925
925
928
931 933
933 934
934
937
940 941 942
941 942 943
942 943 944
943 944
944
947 949
949 951
951 952 953
952 953
953
956 957
957
960
963 965
965 966
966
969
972 974
974 975 976
975 976
976
979
982 983 984
983 984
984
987 989
989
992 993 994
993 994
994
997 998
998
