#naive2.0.py
# GMT Fri Feb 14 13:34:29 2020
# 
0 1 999 2
1 2 999
2
9 10 11
10 11
11 13
13 15
15
19 20
20 22
22 23 24
23 24 25
24 25
25
28
32 33 34
33 34
34 36
36
44 45 46
45 46
46 48
48 49
49 51
51 52
52 54
54
59
66 67
67 69
69 71
71 72 73
72 73
73
78
82 84 636
84
88 89
89 91
91
94
97 98
98
101
104 105 106
105 106
106 108
108 109
109
113 115
115 117
117
120 121 122
121 122 123
122 123 124
123 124 125
124 125
125 127
127
133 134 135
134 135
135 137
137 138 139
138 139 140
139 140
140
143 144
144 146
146
153
156
159
163
166 168
168
171 173
173 175
175 176 177
176 177 178
177 178
178 180
180 181 182
181 182 183
182 183
183
186 187
187
191
194 195 196
195 196
196
200 201
201
210
213 214 215
214 215 216
215 216
216
219 220
220
228 230
230 232
232 233
233 235
235
242 244
244
247 248
248
251 252
252 254
254 255
255 257
257 259
259 261
261 262
262 264
264 266
266 267
267 269
269 271
271
276 277
277
283 284
284 286
286
291 293
293 295
295 297
297
301 302 303
302 303 304
303 304 305
304 305
305 307
307
310 311
311
314
318 319
319
323
326 328
328 329
329 331
331 332 333
332 333
333
340 342
342 343
343
346 347
347
351 353
353
357 358
358 360
360
363 364
364 366
366 367
367 369
369 370
370 372
372 374
374 376
376
380 382
382 383
383 385
385 386 387
386 387 388
387 388 389
388 389
389
393 394 395
394 395 396
395 396
396 398
398 399 400
399 400
400 402
402 403
403 405
405
408 410
410 412
412 414
414
418 419 420
419 420
420 422
422
426 428
428 430
430
435 436 437
436 437
437 438 439
438 439 440
439 440
440 442
442
445
448
453 454 455
454 455
455
460 461 462
461 462 463
462 463 464
463 464 465
464 465
465 467
467 468
468 470
470 471
471 473
473 475
475 476 477
476 477
477
481 482
482 484
484 485 486
485 486
486 488
488
494 496
496
499
502 503 504
503 504 505
504 505
505 507
507 509
509
512 513 514
513 514 515
514 515
515 517
517 518 519
518 519 520
519 520
520
523 525
525 526 527
526 527 528
527 528
528 530
530 531 532
531 532
532
536
539
544 545
545
548 549 550
549 550 551
550 551 552
551 552 553
552 553
553 555
555 556 557
556 557
557
564 565
565
569
574 576
576
579
580
587 588
588 590
590
598 600
600
603
609 610 611
610 611
611 613
613 614 615
614 615 616
615 616
616
619 620
620 622
622 623
623 625
625 627
627 629
629 630
630 632
632 633
633
636 637
637
640 641 642
641 642 643
642 643 644
643 644
644 646
646 648
648
652
656 657 658
657 658
658 660
660 661
661 663
663
670 671
671
674
677 678
678
681 682
682 684
684
687 688
688
692
695
698
701
706
712
716 717
717 719
719 720 721
720 721 722
721 722
722 724
724 725
725 727
727
731 732
732
735
739 741
741 743
743 744
744 745 746
745 746
746
751
754
757
761 762 763
762 763
763 765
765
772 773 774
773 774
774
777 778
778
782
786 788
788 789
789 791
791 793
793 794
794 796
796 797
797 799
799
802
807 808 809
808 809
809
812 813
813 815
815 816 817
816 817 818
817 818
818 820
820 821
821
824 826
826 827
827
834 836
836 837
837
840
843 845
845
849
852 853
853
856 858
858 860
860 861 862
861 862
862 864
864 866
866
870 871
871 873
873 875
875
878
882 884
884 885 886
885 886
886 888
888 890
890 891
891
896 898
898
901
906
917 919
919
922 923 924
923 924
924 926
926 927 928
927 928 929
928 929 930
929 930
930 932
932
935
941 942 943
942 943
943
949
952 954
954
958 959
959
963 964
964 966
966 968
968
981 982
982
985
988 989
989 991
991 992
992 994
994 995
995 997
997 999
999
