#naive2.0.py
# GMT Fri Feb 14 13:34:31 2020
# 
5 6 7
6 7
7
10 11
11 13
13 15
15 16
16 18
18 19 20
19 20
20 22
22 23
23 25
25 26
26
30
39 40
40 42
42 43
43 45
45 46
46 48
48
51
57
63 64
64
67 69
69 71
71
77 78
78 80
80 82
82 84 636
84 85
85 87
87
90 91 92
91 92
92
95
98 99 100
99 100 101
100 101 102
101 102 103
102 103
103
106
109
112 114
114 115
115 117
117 118 119
118 119
119 121
121
124 125
125
131
134
138 140
140 141
141
148 149 150
149 150
150
154 155
155 157
157
160 161 162
161 162 163
162 163 164
163 164
164
171
174 175 176
175 176 177
176 177
177 179
179
185 187
187
190 191 192
191 192 193
192 193
193 195
195 197
197 199
199 201
201
205 206 207
206 207
207 209
209 210 211
210 211 212
211 212
212 214
214 216
216 217
217
220
224 225 226
225 226
226
230 232
232
235 237
236 237
237
241 242
242 244
244 245
245 247
247 248
248
255
258
261 263
263
270 271 272
271 272
272 274
274 275
275
278 279
279
282
285
288 289
289 291
291 292
292
295
298 300
300
304 305 306
305 306
306
311
314 316
316
322 323 324
323 324
324
332
336
339
342 344
344 346
346 347
347
350 351
351
356 357 358
357 358
358 360
360 362
362 363
363 365
365 366 367
366 367
367
372 374
374
379 380
380 382
382
387 389
389
394
399 401
401 402 403
402 403 404
403 404 405
404 405
405
410 411 412
411 412
412 414
414
418
423 425
425 426
426
430
433
437 438
438
441 442 443
442 443
443 445
445
449
453
456 457
457
463 465
465 467
467
470 471
471 473
473 474
474 476
476 478
478 479
479
482 483 484
483 484 485
484 485
485 487
487 489
489
492 493
493 495
495 497
497 498
498
501 502
502
505
508 510
510 511
511
515 517
517 519
519 520 521
520 521
521 552
524 526
526
529 530
530 532
532 534
534 535
535
539 541
541 543
543 544
544 546
546 547
547 549
549 551
551 552 553
552 553 554
553 554
554
559 560 561
560 561 562
561 562
562 564
564 565
565 567
567 568
568 570
570
574 576
576 578
578 579
579
586 587
587 589
589
592 593 594
593 594 595
594 595
595 597
597
601 603
603
607 608 609
608 609 610
609 610
610 612
612 613
613 615
615 616 617
616 617 618
617 618
618
621
624
628 630
630
634 636
636 637
637 638
638
645 647
647
651 652 653
652 653 654
653 654 655
654 655
655
658 659 660
659 660 661
660 661
661 663
663 664
664
667 669
669
672 674
674 675
675
679 681
681 682
682 684
684 686
686
691
699 700 701
700 701 702
701 702
702 704
704 705 706
705 706
706 708
708 709 710
709 710 711
710 711
711 713
713
720 722
722
726 727
727
730
734 735 736
735 736 737
736 737 738
737 738 739
738 739
739
743 951
746 747
747
753
757 758
758
762
766
769 770
770
776
780 782
782 783
783 785
785 786 787
786 787 788
787 788 789
788 789
789 791
791
794
798
803
806 807
807
813
820 821 822
821 822 823
822 823 824
823 824
824 826
826
829 831
831 833
833
837
843
846
853 854
854
857 859
859
863 864 865
864 865
865
869 871
871 872 873
872 873 874
873 874 875
874 875 876
875 876 877
876 877 878
877 878 879
878 879
879 881
881 882
882 884
884 886
886 887
887
889 891
891 892 893
892 893
893 895
895 897
897 899
899 901
901 902
902
908
911 912
912 914
914 915
915
920 921
921
925 927
927 929
929 930
930
933 934
934
937 938
938
942 943 944
943 944 945
944 945 946
945 946
946
949 951
951 953
953 954
954 956
956 957 958
957 958 959
958 959
959 961
961
964 966
966
971
976
979
982 983
983 985
985 986 987
986 987 988
987 988
988 990
990 992
992 993 994
993 994
994 996
996 997 998
997 998
998
