#naive2.0.py
# GMT Fri Feb 14 13:34:32 2020
# 
1 2
2 4
4 868
7
14 16
16 17 18
17 18 19
18 19 20
19 20
20
23 24
24
28 29
29 31
31 32
32 34
34 36
36 38
38 40
40 41 42
41 42 43
42 43 44
43 44
44 46
46 48
48 49
49
57 58 59
58 59
59 61
61
64
67 69
69
72
81
84 85
85
88
97 99
99 100 101
100 101
101
105 106 107
106 107
107 109 529
109 111
111 112
112
116 117
117
121 122
122
126 127
127 129
129 130 131
130 131 132
131 132
132 134
134
142 144
144
147
150 152
152 154
154 155 156
155 156
156 158
158
162
165 167
167 169
169 170 171
170 171 172
171 172 173
172 173
173
176
182 183 184
183 811
184
187
191
194 195
195 197
197 198
198
201 203
203 205
205
210 211
211
215 216
216
220
223 225 429
225 227
227 228 229
228 229
229
232 233
233
239 240 241
240 241 242
241 242
242 244
244 245 246
245 246 247
246 247
247 249
249
256
260 261 262
261 262
262
272 273 274
273 274
274
277 279
279 280
280 282
282 283 284
283 284 285
284 285
285
289 290 291
290 291
291
295 297
297 299
299 301
301 302
302 304
304 305
305
309 310
310
314
317
322 324
324
328 329
329 331
331 332 333
332 333
333 335
335 336 337
336 337 338
337 338 339
338 339
339
342 343
343
346 347 348
347 348 349
348 349 350
349 350 351
350 351 352
351 352 353
352 353 354
353 354
354 356
356
360 362
362
365 366
366 368
368 369 370
369 370
370 372
372 373
373
378 380
380 381
381 383
383 384
384
390 391
391 393
393 394 395
394 395
395 397
397 399
399 400 401
400 401
401
404 406
406 407 408
407 408 409
408 409
409
412 413 414
413 414 415
414 415 416
415 416
416 418
418 419
419 421
421
424
429 430 431
430 431
431 433
433
438
444
447
451 453
453 454
454 456
456
460 461 462
461 462 463
462 463
463 465
465 466 467
466 467
467
471 472
472 474
474 475
475
478
484 485 486
485 486
486
493 494
494
497 498 499
498 499
499
502
505
509
512 513
513
524 525
525 527
527 529
529
532 534
534 535 536
535 536
536 538
538 540
540
544
557 558
558
561 562 563
562 563
563 565
565 566
566 568
568 570
570
574
577 578
578
581
584 585
585
589
594 595 596
595 596 597
596 597
597
601 602
602 604
604
607
610 611
611 613
613 614 615
614 615
615 617
617
621 622
622 624
624 626
626 627
627 629
629 630
630
635 636 637
636 637
637
640 641
641 643
643 644 645
644 645 646
645 646
646
650
657 659
659 661
661
667 669
669 670 671
670 671 672
671 672
672
683 684
684 685
685
689
697 698 699
698 699 700
699 700
700 702
702
705 706
706
709 711
711 712
712
716 717
717
722 723 724
723 724
724 726
726
729 730
730
736 737
737
740 741
741 743
743 951
745 746 747
746 747 748
747 748
748 750
750
755 756 757
756 757 758
757 758 759
758 759 760
759 760
760 762
762
766
769 770 771
770 771
771
774 776
776 777 778
777 778
778
781 782
782
792 793
793
797
800 802
802 803 804
803 804
804 806
806
810 811
811 813
813 814
814
817 818
818
822
826 828
828
834 835
835
837 838
838
841
844 845
845
848
852 854
854
858 859 860
859 860 861
860 861
861 863
863 864
864
867 868 869
868 869 870
869 870
870
873
876
881
887 888
888 889 890
889 890
890
895 897
897
902
905 907
907 908
908
911 912
912
920 922
922 924
924
928
932 933
933 935
935
940
943
947
950 951
951
957 958
958
961 963
963 964 965
964 965 966
965 966
966 968
968 969
969
974 975 976
975 976
976 978
978 980
980
983 985
985 986
986 988
988 989 990
989 990
990
993 995
995 996 997
996 997
997
