#naive2.0.py
# GMT Fri Feb 14 13:34:29 2020
# 
0
5
8 9
9
12 13 14
13 14 15
14 15
15 17
17 18
18
23 24 25
24 25 26
25 26 27
26 27
27 29
29
33 35
35 37
37 39
39
42 43 44
43 44
44 46
46
49 51
51 53
53 54
54 56
56
61 62 63
62 63
63 65
65 66 67
66 67 68
67 68
68 70
70 71 72
71 72
72
75 76
76 78
78
84
87
90 91
91
94 95
95 585
101 102
102
106 108
108 109 110
109 110 111
110 111
111
115 116 117
116 117
117
121 122
122
125 127
127
132 133 134
133 134
134 136
136
139 141
141
144 146
146 148
148
156 157 158
157 158 159
158 159 160
159 160 161
160 161
161
164
167 169
169 170 171
170 171 172
171 172
172 174
174 175 176
175 176
176 178
178 180
180 182
182
185 187
187 188
188 190
190
195 196 197
196 197
197
200
203 204 205
204 205 206
205 206 207
206 207
207 209
209 210 211
210 211 212
211 212 213
212 213
213
218 220
220 222
222 223
223 225 429
225 227
227 229
229 230
230 232
232
236 238
238 239 240
239 240
240
243
246 247 248
247 248
248 250
250 251
251
259 260
260
264 265
265 267
267
270 271
271 273
273 275
275 277
277 278
278
281 283
283 284
284
288 290
290 291
291 293
293 294
294
297
302
307
310
313 315
315
318 320
320
323 324
324 326
326 327
327
330
333 335
335 336
336
339
345 347
347 349
349
352 353 354
353 354
354
357 358
358 360
360 361 362
361 362 363
362 363 364
363 364
364
367
370 372
372 373 374
373 374
374
377 379
379
384 386
386
390 392
392 393
393
400 402
402 403
403 405
405
411 412 413
412 413
413
416
419
429
436
439 440
440 442
442 444
444 446
446
449 450
450
453 455
455 456
456
463 465
465 467
467 468 469
468 469 470
469 470
470 472
472 474
474
477 478 479
478 479
479
482
489 490
490 492
492 494
494 495
495
498 500
500 501
501
504
512 514
514 516
516
519 520
520
523 524
524
528 529
529
531
536 538
538 539 540
539 540
540 542
542 543 544
543 544
544 546
546
551 552
552
555 557
557 558 559
558 559 560
559 560
560 562
562 563
563 565
565
570 571
571
576 577
577
581
585 587
587
592 593 594
593 594 595
594 595 596
595 596
596 598
598
602 603 604
603 604 605
604 605
605
609 610 611
610 611
611
615
619
623 624 625
624 625
625
628
632 633 634
633 634
634
638 639
639
646 648
648 649 650
649 650
650 652
652 653
653 655
655 656
656 683
661 662
662
665 666
666
669 670 671
670 671
671 673
673 674 675
674 675
675
678 679 680
679 680 681
680 681
681 683
683 684
684 685
685
688
691 692 693
692 693
693
697 698 699
698 699
699 701
701 702 703
702 703 704
703 704
704 706
706 707 708
707 708
708 709
709
713 714 715
714 715
715
719 721
721 722 723
722 723 724
723 724
724 726
726 727 728
727 728 729
728 729
729 731
731 732
732
736 737
737
742
749 750 751
750 751 752
751 752
752
756 758
758 759 760
759 760 761
760 761 762
761 762 763
762 763
763 765
765
768 769 770
769 770 771
770 771
771
774 775 776
775 776
776
780 781
781
784 785 786
785 786
786 788
788
791 792 793
792 793
793
799
805 806 807
806 807
807
812 814
814 815
815
818 820
820 822
822
825
828 830
830
833 834 835
834 835 836
835 836
836 837
837 839
839
843 844 845
844 845 846
845 846
846
849 851
851 852 853
852 853
853 855
855 857
857 858
858
861 862
862 864
864 865 866
865 866 867
866 867
867
873
876
879 880
880
886 888
888 890
890 891 892
891 892
892
896 897
897
900 902
902 903
903 905
905
909
913
920 921 922
921 922
922
929
933
936
940
946 947 948
947 948 949
948 949 950
949 950 951
950 951 952
951 952 953
952 953
953
958 959
959
965
969 970
970 972
972 973
973
978 980
980 982
982 983
983
986 987
987
992 994
994 996
996
