#naive2.0.py
# GMT Fri Feb 14 13:34:36 2020
# 
0 1
1
7
10
13 14
14
19
22 23 24
23 24 25
24 25
25
29
32
35 37
37 38
38 40
40 42
42 43 44
43 44
44
51 53
53 55
55 56
56 58
58 60
60 61
61
64
67 68
68
71
74 75
75
78 79 80
79 80
80
83
86 88
88 89 90
89 90 91
90 91
91 93
93 94 95
94 95
95 585
97 98 99
98 99
99
102
107 108 109
108 109 110
109 110
110 112
112
118 119
119 121
121 122
122 124
124 125
125 127
127
132 133
133
140 141
141 143
143 144
144 146
146
150 152
152
155 157
157 158 159
158 159
159
165 166 167
166 167
167 169
169
173 174
174 176
176
179 181
181
184 186
186 188
188 189
189
192
196 198
198 199
199 201
201
208 210
210 212
212 213 214
213 214 215
214 215
215 217
217
220 221 222
221
222
226 227
227 229
229 230
230 232
232
235 582
236
239
245 246 247
246 247
247 249
249
253
256 257
257
260
264 265 266
265 266 267
266 267
267
271 273
273 275
275 277
277 278 279
278 279
279 281
281 282
282 284
284 285
285 287
287
294 295 296
295 296
296
299 300
300 302
302 303 304
303 304 305
304 305 306
305 306
306
315 316
316
319 320 321
320 321
321
327 328
328 330
330
333 334
334 336
336 338
338
342 344
344 345 346
345 346 347
346 347 348
347 348
348
352 354
354
357 358
358
361 363
363
368
374 375
375 377
377 378 379
378 379
379
382
389
392 394
394 396
396
402 403
403
407
412
415 416
416
423 424
424
428 429
429
437 438
438
441 443
443 444 445
444 445
445 447
447 449
449 450
450
453 455
455 456
456
461 462 463
462 463
463 465
465
469 471
471 472 473
472 473
473 475
475 476
476
480
484
487
491
495
499
503
506 507 508
507 508
508
511 512 513
512 513
513 515
515 516
516
520 521
521 523
523 525
525 527
527 528
528 530
530 531 532
531 532 533
532 533 534
533 534 535
534 535
535 537
537 538
538 540
540
543 544
544
547
550 551
551 553
553 555
555
558
566 568
568
574 575 576
575 576
576 578
578 579 580
579
580 582
582 583 584
583 584 585
584 585
585 587
587 589
589 590
590 592
592 594
594 595
595
599
603 604 605
604 605
605
608 609 610
609 610
610 612
612 613 614
613 614 615
614 615 616
615 616 617
616 617 618
617 618 619
618 619 620
619 620
620
627 628 629
628 629 630
629 630 631
630 631
631
635 636
636
639 640 641
640 641
641 643
643 644 645
644 645
645
648 650
650 651 652
651 652 653
652 653
653 655
655 656
656 658 683
658 659 660
659 660
660
663
667 668 669
668 669 670
669 670
670
677 679
679
683
685
692
696 698
698 699
699 701
701 702
702
705 707
707
710 712
712 713 714
713 714 715
714 715 716
715 716
716 718
718 720
720
723 724
724 726
726 727
727
731 733
733
736
744 745 746
745 746 747
746 747
747 749
749 751
751 752 753
752 753
753
757
762
767 768 769
768 769 770
769 770 771
770 771
771 773
773 774
774 776
776 777
777 779
779 780 781
780 781
781
785 786 787
786 787
787
793
797
800 801
801 803
803 804 805
804 805 806
805 806
806
810
813 814
814 816
816 818
818 820
820
823 824
824
829 830
830 832
832 833
833
837 838 839
838 839 840
839 840
840 842
842 843 844
843 844
844 846
846 848
848
851 852
852
855
858 859
859 861
861 862 863
862 863
863 865
865 867
867
872
875 876
876
881
887 888
888 889
889
892 893 894
893 894 895
894 895
895
898 899
899
902 903 904
903 904
904
907
914 915 916
915 916 917
916 917
917 919
919
923
926 927
927
930 931
931 933
933 935
935
938
941 942
942
946
949 951
951 952
952
956 957
957
965 966
966
969 971
971 973
973 974
974 976
976 978
978 980
980 981 982
981 982
982
985 986 987
986 987
987 989
989 990
990 992
992
995 996
996
