#naive2.0.py
# GMT Fri Feb 14 13:34:33 2020
# 
0 999
3 4 5
4 5
5
8 9 10
9 10
10
13 14 15
14 15
15
20 22
22
25 26
26
29
37 39
39 41
41
45
50 51
51
56 57
57
61 63
63 64
64
67 68
68
71 72
72 74
74 75
75 77
77 78
78
81 82 83
82 83
83 85
85 86
86 88
88
92 94
94
99 100
100 102
102 103 104
103 104
104
114
120 121 122
121 122
122 124
124
129 130
130
137 139
139
146
151 152
152 154
154 155
155 157
157 158 159
158 159 160
159 160 161
160 161 162
161 162 163
162 163 164
163 164
164 166
166 168
168 170
170 171 172
171 172
172
175
180 182
182 183
183
187 188
188 190
190 191
191
194 195
195 197
197 198 199
198 199
199
203
206 207 208
207 208 209
208 209 210
209 210
210
213
221 223 735
223
224
232 233
233 235
235 582
236
240
243 244
244 246
246 247 248
247 248 249
248 249
249 251
251 252
252
255 256 257
256 257
257
262 263
263 265
265 267
267 268 269
268 269 270
269 270 271
270 271 272
271 272 273
272 273
273
276
279 280
280 282
282 283
283 285
285 287
287
291 292 293
292 293 294
293 294
294 296
296 297
297
302 303 304
303 304
304
307 309
309
314 316
316 318
318 319 320
319 320
320
325 326 327
326 327
327 329
329
333 334 335
334 335 336
335 336 337
336 337 338
337 338 339
338 339 340
339 340
340 342
342 343
343
349 350 351
350 351 352
351 352 353
352 353
353 355
355 356
356 358
358 359 360
359 360 361
360 361
361
367 368 369
368 369 370
369 370
370
374
380 382
382
385 387
387
392 393
393
397
400 401 402
401 402
402
406 407 408
407 408
408
414 415 416
415 416
416
419 420 421
420 421 422
421 422 423
422 423 424
423 424
424
427 428
428
434 435
435
438 439
439
442
445 447
447 449
449
456
460 461 462
461 462 463
462 463
463 465
465 466 467
466 467 468
467 468 469
468 469 470
469 470 471
470 471 472
471 472
472
476 478
478
482 483 484
483 484
484
488 489 490
489 490
490 492
492 493
493
497
500
503 504
504
509 510 511
510 511 512
511 512 513
512 513 514
513 514
514 516
516 517 518
517 518 519
518 519
519
524 526
526 527
527
530
535 536 537
536 537 538
537 538 539
538 539
539
543
547 548
548 550
550 552
552 554
554 555 556
555 556 557
556 557
557 559
559
562 563 564
563 564
564 566
566
569
575 576 577
576 577 578
577 578 579
578 579
579
582 584
584 586
586 587
587 589
589 590 591
590 591
591 593
593 595
595 596 597
596 597 598
597 598 599
598 599
599
603
612
617
620 622
622
632 633 634
633 634 635
634 635
635
638 640
640 642
642 643
643
646 648
648
651 652 653
652 653 654
653 654
654
657 658
658
662
665 667
667 668
668
671 672
672
678
682 683
683
686 687
687 689
689
692 694
694 696
696
699 700
700 702
702
711 712
712
716 717
717
720 722
722 723 724
723 724
724 726
726
731
735 736 737
736 737 738
737 738
738
742
747
751 753
753 754 755
754 755
755
758 760
760
766 767
767
770 771
771
776 777 778
777 778
778
782 783
783
786
789 790 791
790 791
791
795 796
796
799 800 801
800 801
801 803
803 805
805 806
806 808
808 809
809
813 814
814
819 820 821
820 821
821 823
823
827 829
829
834 836
836 837
837 839
839 840 841
840 841
841
846 847
847 849
849
854
857 858
858 860
860
864 865
865
870 871
871 873
873
876 878
878
882
886
890 891
891 893
893 894
894 896
896 898
898 899
899 901
901 903
903 905
905 906 907
906 907 908
907 908 909
908 909
909 911
911
914 915 916
915 916
916
919
923 925
925 926 927
926 927
927
930 931
931 933
933 934
934 936
936 938
938 939 940
939 940 941
940 941 942
941 942 943
942 943
943
946
949 951
951 953
953 954
954
958 959 960
959 960
960
963
966 967
967 969
969 970
970
974
979 980 981
980 981
981 983
983 985
985 987
987 988
988 990
990 991
991 993
993
997 999
999
