#naive2.0.py
# GMT Fri Feb 14 13:34:35 2020
# 
0 1 999
1 999
10 12
12
22
25
28
34
38 39
39
42 43 44
43 44 45
44 45
45
53 54 55
54 55
55
58 59
59
63 64
64 66
66
73 75
75 77
77 78 79
78 79 80
79 80 81
80 81
81 83
83
89
93
96 98
98
103
110 111 112
111 112 113
112 113 114
113 114
114
119
125
129 130 131
130 131
131
134 135
135
139 141
141 143
143
149
152 153
153 155
155 157
157 159
159 161
161 162
162
173
177 178
178 180
180
184 185 186
185 186 187
186 187
187 189
189
192
197 198
198 200
200
205 206
206 208
208
214 216
216 218
218
227 229
229 230 231
230 231 232
231 232
232 234
234 235
235 237 582
237 239
239 240 241
240 241
241
248
251 253
253 255
255 256 257
256 257 258
257 258 259
258 259 260
259 260
260 262
262 263
263
267 269
269 270 271
270 271
271 273
273 274 275
274 275
275
278 280
280 282
282 284
284 286
286 288
288
292 294
294 295
295 297
297 298
298
306 307
307
314 315
315
318 319
319
323 324
324 326
326 327
327 329
329 331
331 332
332
335 336
336
341 342
342
345
353
356 357 358
357 358 359
358 359 360
359 360
360
363
368 369 436
369
374
378 379
379
383 385
385 386 387
386 387 388
387 388
388 390
390 391
391 393
393 394
394 396
396 397 398
397 398 399
398 399 400
399 400
400
405
408 409
409
417 418 419
418 419 420
419 420 421
420 421
421
424
428 430
430 432
432 433 434
433 434
434 436
436
439 440 441
440 441 442
441 442
442 444
444 446
446
450 451
451
454 456
456
459 460 461
460 461
461
464 465
465
469 470 471
470 471
471
477
484
488
491 492 493
492 493
493 495
495 496
496
500 502
502
507 509
509
512 513 514
513 514
514
518 520
520 522
522 524
524 526
526 527
527 529
529
531 532 533
532 533
533
536 537
537
540
544 546
546
550 551 552
551 552
552
555 557
557 558 559
558 559 560
559 560
560 562
562 564
564 565 566
565 566 567
566 567 568
567 568
568
571
574
580 582
582
585
588 589
589 591
591
594 595
595
600 602
602
606
609 611
611 612 613
612 613 614
613 614
614
617
621
624
627
630 632
632 633
633 635
635 636
636
638 640
640 641
641 643
643
646 648
648
651
654
658 659
659
662 664
664 666
666 668
668 669
669
674
677 678
678
683 684
684 685
685 687
687
690
696 698
698
701 703
703
706
709 710
710
716 718
718 719 720
719 720
720
725
729 730 731
730 731
731
734
737 739
739
742
745 746 747
746 747 748
747 748 749
748 749
749
753 754 755
754 755
755
760 761 762
761 762
762 764
764 766
766
770 772
772
776
779 781
781 782 783
782 783
783 785
785 787
787 789
789 790
790 792
792 793
793
796 798
798
801 803
803 804
804
808 810
810 812
812 814
814 816
816 818
818 820
820 822
822
825 827
827
834 835 836
835 836 918
836 837 838
837 838
838
841 842 843
842 843
843
846 847 848
847 848 849
848 849
849
853 855
855 856
856 858
858 859
859
862 863
863
866
869 870
870
873 875
875 876 877
876 877
877
882 884
884
888 890
890
900
905 906
906 908
908 909 910
909 910
910 912
912 914
914 915
915 917
917 918
918
922 923
923
932
935 936
936 938
938 939
939
942
947 948
948 950
950
955 957
957 959
959 961
961 963
963 964
964 966
966 967
967 969
969
974
979 981
981 982
982 984
984 985 986
985 986
986
989 991
991 992
992
996 997
997 999
999
