#naive2.0.py
# GMT Fri Feb 14 13:34:28 2020
# 
2 3
3
6
9 11
11 13
13
20 22
22 23
23 25
25 27
27 28
28
33 34
34
44
51 53
53 54
54 56
56
59
63 64
64
70
74
77 78
78 80
80 82
82 83 84 636
83 84 85
84 85
85
89 90 91
90 91
91
94 96
96 98
98
104 105
105 107
107 108 529
108
113
117 119
119
122
125 127
127 128
128 130
130
142 143
143
146
150
153 154
154 156
156 158
158 159
159 161
161
166 168
168 170
170 171 172
171 172
172 174
174 175 176
175 176 177
176 177
177
181 182 183
182 183
183 185
185 186
186 188
188 189 190
189 190
190 192
192 193
193
197 198
198 200
200
203
209 210
210
215
218 219
219
222 223
223 225 429
225 226
226 228
228
231 233
233
243 244 245
244 245 246
245 246
246 248
248 250
250 252
252 253 254
253 254
254
258 259 260
259 260
260 262
262
265
268
272 274
274
280
284 286
286 287
287 289
289 291
291
297 298
298
301 302
302
309
312 313
313
318 319 320
319 320
320 322
322 323
323 325
325
330 331
331 333
333 334
334
342
345 346
346 348
348 349 350
349 350 351
350 351 352
351 352
352
355
358 359 360
359 360
360 362
362
366 367
367 369
369 371
371 373
373 374
374 376
376 377
377
380
386 387 388
387 388
388
391 393
393 394 395
394 395
395
399 400 401
400 401 402
401 402
402
406
409 411
411
418 419 420
419 420
420
423 424 425
424 425
425
428 429 430
429 430 431
430 431
431
434
437 438 439
438 439 440
439 440 441
440 441
441
444 446
446
449
455 456 457
456 457 458
457 458 459
458 459 460
459 460
460
463
466
469
473 474 475
474 475 476
475 476
476
482 484
484
487
491 493
493
496
499
504
507 509
509 510 511
510 511
511
519 520 521
520 521 522
521 523
522 523 524
523 524 525
524 525
525
529 530
530
534 535 536
535 536
536
541 542 543
542 543
543
546
551
554
559
562 563 564
563 564
564
567
570
573
579 581 972
581
584 586
586
589 590
590
593 594
594
599 600 601
600 601 602
601 602
602
607 609
609 610
610 612
612
616 618
618 620
620 621
621
627 628
628
631
636
639
644
647 649
649 650
650 652
652
655 657
657 659
659
668
671
674
677 678
678
687 688 689
688 689
689
692 693 694
693 694 695
694 695 696
695 696
696 698
698
701 702
702
705 707
707
710 711
711
714 715 716
715 716
716 718
718
721 723
723 725
725 726 727
726 727 728
727 728 729
728 729 730
729 730
730
734 735
735 737
737 739
739
742
746
750
753 754
754 756
756 758
758 760
760 761
761
766 767 768
767 768
768
771
776 777 778
777 778 779
778 779 780
779 780 781
780 781
781 783
783
787
792 794
794 795 796
795 796
796
800 801 802
801 802 803
802 803
803
806 807
807
813 814
814
818
821 823
823 824
824 826
826 827 828
827 828 829
828 829 830
829 830 831
830 831 832
831 832
832 834
834 835
835
838 839
839 841
841
846 847 848
847 848
848 850
850 851
851 853
853 855
855
863 865
865 866 867
866 867 868
867 868 869
868 869 870
869 870 871
870 871 872
871 872
872
876
880 881 882
881 882 883
882 883 884
883 884
884 886
886
889 891
891 892 893
892 893 894
893 894
894
898
902 903 904
903 904 905
904 905
905
916
920 922
922
925 926 927
926 927
927 929
929
932 933 934
933 934
934 936
936 938
938 939
939 941
941
948 950
950 951
951
954 956
956
961
965
969
972 973 974
973 974
974
978 980
980 981 982
981 982
982
987 988
988
991
997
