#naive2.0.py
# GMT Fri Feb 14 13:34:35 2020
# 
0 999 2 998
2
5
20 22
22 23 24
23 24 25
24 25 26
25 26
26
29 30
30 32
32
36 38
38 40
40 41 42
41 42 43
42 43
43
49
53 54 55
54 55 56
55 56
56
59
62 63
63
66 68
68
71
74 76
76 77 78
77 78
78 80
80 82
82 83 636
83
87 89
89 91
91 93
93 94
94
97
102 103
103 105
105 106
106 108
108 109 110
109 110
110
113 114
114
122
125
128 129 130
129 130
130
134 135
135 137
137 139
139 141
141 142
142
145 147
147
152 154
154 155
155 157
157 159
159
162 163
163
169 170 171
170 171
171 173
173 175
175
183
188 190
190 192
192
195
198 199
199
203 205
205 206 207
206 207 208
207 208
208
212 214
214 215 216
215 216
216 218
218
224
229
238
242 243 244
243 244 245
244 245 246
245 246
246
249 250
250
253 255
255
258 260
260 261 262
261 262 263
262 263 264
263 264 265
264 265 266
265 266
266 268
268 269
269 271
271 272
272 274
274 275 276
275 276
276
284
290 292
292 293 294
293 294 295
294 295
295
300
303 305
305
308 309 310
309 310 311
310 311
311 313
313 315
315 316
316
319 320
320
328 329
329
332
338
342
345 346
346 348
348
357 359
359
368 436
372 373
373 375
375 376 377
376 377
377
380 382
382 384
384 385
385
391 392 393
392 393 394
393 394 395
394 395 396
395 396
396
399 400
400
403
406 407
407 409
409 411
411 413
413 415
415 417
417 418
418
422 423 424
423 424
424 426
426 428
428
431 432
432
436
438 439 440
439 440
440
445
449 450 451
450 451
451
458
462 463 464
463 464 465
464 465 466
465 466
466
470 471 472
471 472
472 474
474 475 476
475 476 477
476 477
477
480
483 485
485 487
487 489
489 491
491 492
492 494
494 495
495
498 499 500
499 500 501
500 501
501
504
510
517
527
530
538
541 543
543 545
545 546
546 548
548
552 554
554
562 564
564 565 566
565 566
566 568
568 569 570
569 570 571
570 571
571 573
573 575
575
578 580
580 581
581
584 585 586
585 586
586 588
588 589
589
592 594
594 596
596 598
598 599
599 601
601
605 606 607
606 607 608
607 608
608
611 613
613 615
615 616
616 618
618 620
620
624
627 628 629
628 629
629
632 633 634
633 634
634 636
636
640 641 642
641 642 643
642 643
643 645
645 646
646 648
648 649 650
649 650 651
650 651
651 653
653 655
655 656
656
659 661
661 662 663
662 663 664
663 664 665
664 665
665 667
667 668
668
676 677 678
677 678
678
682 684
684
690 692
692 693
693
699 700
700
704 705 706
705 706
706
709 710
710 712
712 713 714
713 714
714
717
722 724
724
728 730
730 731 732
731 732
732 734
734
737 739
739 740
740 742
742 743 744
743 744 951
744 745 746
745 746
746
750
757 758
758
761 762
762
767 768 769
768 769 770
769 770
770
774
778
781 782
782 784
784 786
786 788
788 789
789
793 794
794
798
806
812 814
814 815
815 817
817
821 822
822
825 826 827
826 827
827
831
836 838
838 840
840 842
842 843
843
846 847 848
847 848 849
848 849 850
849 850
850
856
859 860
860
869
872
876 878
878 880
880 881
881 883
883 884
884 886
886 887 888
887 888
888 890
890 891
891 893
893 894
894 896
896 897 898
897 898 899
898 899
899 901
901 902
902 904
904
909 910
910
914 915
915
921
924
929
932 934
934
938 939
939
947
950 951
951 953
953 955
955 956 957
956 957 958
957 958 959
958 959
959 961
961 962 963
962 963 964
963 964 965
964 965 966
965 966
966
970
974 975
975 977
977
981 982 983
982 983
983
988 990
990 992
992 993 994
993 994
994 996
996 998
998 999
999
