#naive2.0.py
# GMT Fri Feb 14 13:34:30 2020
# 
0 1 999 998
1 999
6 7
7
11 13
13
17 18
18
21 22 23
22 23
23
27
30 31
31
34 36
36
39
44 45
45 47
47
50 51
51 53
53 54 55
54 55 56
55 56
56
59 61
61 62
62
66 67 68
67 68
68 70
70 71 72
71 72
72 74
74 75
75 77
77 78
78
84 85
85 87
87 89
89 91
91
96 97 98
97 98
98 100
100 101
101 103
103
106
109
118 119 120
119 120
120 122
122 124
124
127
131 133
133 134 135
134 135
135
138
145 147
147 149
149 151
151
154 155
155
160 162
162 164
164
168
171 172 173
172 173 174
173 174 175
174 175 176
175 176 177
176 177 178
177 178
178
185 186 187
186 187 188
187 188
188 190
190 191
191
194
197 199
199 200 201
200 201
201
205
208
214 215
215
218 219
219
225 227
227
231
234 235 236
235 582
236
239 240 241
240 241
241 243
243 245
245
251 252
252
265
268 269
269
272 273 274
273 274 275
274 275 276
275 276 277
276 277
277 279
279 280
280
285
288 289
289 291
291 292
292
297 298
298 300
300
304 305 306
305 306 307
306 307 308
307 308
308 310
310 311 312
311 312 313
312 313 314
313 314
314 316
316 318
318 319
319 321
321
324 325
325
328
331 332 333
332 333
333
337 339
339
342 343 344
343 344
344
347 348 349
348 349
349 351
351 352 353
352 353 354
353 354 355
354 355 356
355 356
356
360
363 364
364 366
366 367
367
370 372
372
376 378
378 380
380 382
382 383
383 385
385 386
386 388
388
393 394 395
394 395
395 397
397
400 402
402 403
403 405
405
408 410
410 412
412 413 414
413 414 415
414 415
415
418 419
419
423 424 425
424 425 426
425 426
426
430 432
432 434
434 435 436
435 436 437
436 437
437 438
438 440
440 442
442 443 444
443 444 445
444 445 446
445 446
446 448
448 449
449
453 455
455 457
457 459
459 460 461
460 461 462
461 462 463
462 463
463 465
465 467
467
470
476 478
478
486 488
488 490
490 491
491 493
493
496 497
497 499
499 500
500 502
502 503
503
506 508
508 509
509 511
511 513
513 514
514 516
516
523 524
524
527 528 529
528 529
529
531 532 533
532 533
533
539
542 543 544
543 544
544
550 551
551 553
553 554
554
559 561
561 563
563 564
564 566
566 567
567 569
569 571
571
574 576
576 577
577 579
579
582 583
583
586 587 588
587 588
588
591 593
593
596
599 601
601 602
602 604
604 605
605
611
616 617
617 619
619
622
625 627
627
630
633
638
645
652 653 654
653 654 655
654 655
655
661 663
663
668
671
674 675
675 677
677 679
679 680
680 682
682
685 686 687
686 687 688
687 688 689
688 689 690
689 690
690
695 696 697
696 697
697
706 707
707
709 711
711
715
718
721 723
723
726
729
732 733 734
733 734
734 736
736
741 742 743
742 743 744
743 744 951
744 745
745
748 750
750 751 752
751 752
752
759 760
760 762
762 763 764
763 764
764
767 768
768
771
774
778 779 780
779 780
780 782
782 783 784
783 784 785
784 785
785
788 790
790 791
791 793
793 795
795 796 797
796 797
797 799
799 800 801
800 801 802
801 802 803
802 803 804
803 804 805
804 805 806
805 806
806 808
808 809 810
809 810 811
810 811 812
811 812
812 814
814
819 821
821 823
823 824 825
824 825 826
825 826 827
826 827 828
827 828
828 830
830 831
831 833
833
840
844 845
845
852 854
854
857 858 859
858 859
859
862
866 867
867 937
871 873
873 874
874
883 884 885
884 885
885
892
895 897
897 899
899
905 906 907
906 907
907
913 914 915
914 915 916
915 916 917
916 917
917
923
932
935 937
937
941 942
942
947
950 951 952
951 952
952
960 961
961
964 965
965
970
973 975
975 977
977 979
979
992
996 997 998
997 998 999
998 999
999
