#naive2.0.py
# GMT Fri Feb 14 13:34:31 2020
# 
1 3
3 4
4 868
7
15
19 21
21 22 23
22 23
23 25
25 26 27
26 27
27 29
29
33 35
35 37
37 38
38
41 42 43
42 43
43 45
45
49
52 53 54
53 54 55
54 55 56
55 56 57
56 57
57 59
59 60
60
64 66
66 67 68
67 68
68
72 73
73 75
75 76
76 78
78 80
80 81
81 83
83 84 85
84 85
85
90 91 92
91 92 93
92 93
93
96 97
97 99
99 101
101 102
102
106 108
108 110
110 112
112
118
125 127
127
139 140 141
140 141
141 143
143
147 148
148
153 155
155
158 159
159
162
167 168
168
171 173
173 174
174
178 180
180 182
182 184
184 185 186
185 186 187
186 187
187 189
189
193
196 197 198
197 198 199
198 199
199 201
201
206
210 212
212 213 214
213 214
214 216
216
219
222 223
223 429
226 228
228 230
230 231 232
231 232
232
238 239 240
239 240 241
240 241 242
241 242 243
242 243 244
243 244
244 246
246 247
247 249
249
252 254
254 255 256
255 256
256 258
258 260
260 261
261
265
268
272
275 276 277
276 277
277
280 282
282 283
283 285
285 286 287
286 287
287 289
289
296 297 298
297 298 299
298 299
299
304 305
305 307
307 308
308 310
310 312
312 313 314
313 314
314 316
316 317
317
324 325
325 327
327 329
329 330
330 332
332 334
334
338 340
340 341
341
345 346 347
346 347
347
353 354
354
358
364 365 366
365 366 367
366 367 368
367 368
368 370 436
370
374
377
382 384
384 385 386
385 386 387
386 387
387
390 391 392
391 392 393
392 393
393 395
395
398 399 400
399 400
400
403 405
405 407
407
410
417 419
419 421
421 423
423 424
424
428 429
429 431
431 432 433
432 433
433 435
435 436
436
441 443
443
448 450
450
454
458
461 462
462
471
474 476
476
479 481
481 482 483
482 483 484
483 484
484
491 493
493
499 500
500 502
502 504
504 505
505 507
507 508
508 510
510 511
511 513
513 514 515
514 515
515
519 520
520
526 528
528 530
530 532
532 533
533
542 543
543 545
545 547
547
550 552
552 553
553
559 561
561 563
563 564
564 566
566 568
568
573 574 575
574 575
575 577
577 578
578 580
580
583
587
592 594
594 595
595
598
601 602
602 604
604 606
606 607
607
610 611 612
611 612
612 614
614 616
616 618
618
623
627 628
628 630
630 632
632 633 634
633 634 635
634 635
635
639
642 643
643
646 647
647 649
649 651
651 652
652 654
654
657
662 664
664
669 671
671
675 676 677
676 677 678
677 678
678 680
680
686 687 688
687 688
688
692
695 696
696
700 701
701
705 706 707
706 707
707
709 710
710
713 714
714
719 720 721
720 721 722
721 722
722
725 726
726 728
728 729
729
732 734
734 736
736
744
747 748 749
748 749 750
749 750
750
754
757 758
758 760
760 762
762
766 767 768
767 768 769
768 769
769 771
771 772 773
772 773
773
776
781 783
783 784 785
784 785
785
790 791 792
791 792 793
792 793 794
793 794
794 796
796 797
797 799
799 800
800
803 805
805
808
812 814
814 815 816
815 816
816
819 820 821
820 821 822
821 822
822
825
828
832 834
834 836
836 837
837 839
839
842 844
844
847 848
848
853 854 855
854 855 856
855 856
856
861 862
862
866 867 868
867 868 869 937
868 869
869 871
871 872 873
872 873
873 875
875 877
877 878 879
878 879
879
883
886
890 891
891
895 896
896
899
903
908
912 913
913
918 919
919
929 930 931
930 931
931
937
939 940
940 942
942 943 944
943 944
944 946
946 948
948
953 955
955
962 963
963
966
971 972 973
972 973
973 975
975 976
976 978
978
981 983
983 985
985 986
986
991 992
992
995 997
997 998
998
