#naive2.0.py
# GMT Fri Feb 14 13:34:29 2020
# 
1 2 999
2 4
4 868
6 7
7
10
13
16 17
17
23 24
24
27 29
29
37
40 41 42
41 42 43
42 43
43
52
57 58
58 60
60 61
61 63
63 64 65
64 65
65 67
67 68
68
71
75
78 80
80 82
82
91
94 95
95
98
103 105
105 107
107 108
108 110
110
116 117 118
117 118
118
122 123
123
126
133 135
135 136
136 138
138 139 140
139 140 141
140 141
141 143
143 144
144 146
146 147 148
147 148 149
148 149 150
149 150
150
153
156 157 158
157 158
158
164
167 169
169 170
170
175
179 181
181 182 183
182 183
183 185 811
185 187
187 188 189
188 189 190
189 190
190
193 194
194 196
196
199 201
201 202
202 204
204 205 206
205 206 207
206 207
207
210 211 212
211 212 213
212 213
213 215
215 216
216 218
218 220
220
226
229 230 231
230 231 232
231 232 233
232 233
233 235
235 237
237 238 239
238 239 240
239 240 241
240 241
241
248 249
249
252 253
253
258
261 262
262
266 267 268
267 268 269
268 269 270
269 270 271
270 271
271 273
273 274
274
277
280 281
281
284 285
285 287
287 288 289
288 289 290
289 290 291
290 291
291 293
293 295
295
299 300
300
303 304
304
310 312
312
315 316 317
316 317
317 319
319 321
321
324 326
326 327 328
327 328 329
328 329 330
329 330
330
333
338
341
347 348 349
348 349
349
352 353
353 355
355 357
357 359
359 361
361 363
363 364
364 366
366 367
367
374 375 376
375 376 377
376 377
377
380 382
382 384
384 386
386 388
388
393 395
395 396
396
402 403 404
403 404
404
409
412
415 417
417 419
419 420
420 422
422 423
423 425
425 427
427
434
439 440
440 442
442
445
451 452
452
455 456
456 458
458 459
459
462 464
464 465 466
465 466 467
466 467
467 469
469
472
477
480
484
488 489
489
492
496
503 505
505 507
507 508 509
508 509 510
509 510
510
514 515
515 517
517 519
519
522 524
524 525 526
525 526 527
526 527 528
527 528
528
531 532
532 534
534 535
535 537
537 539
539 541
541 542
542
546 547 548
547 548 549
548 549
549
552 553
553 555
555
558
563
566
570 572
572 574
574 575
575 577
577
583
591
594
599 600
600
603 605
605 606 607
606 607
607
612 613 614
613 614
614
622 623
623
628
634 635
635 637
637 638
638 640
640
644 645 646
645 646 647
646 647 648
647 648
648
652 653
653
659 661
661 663
663 665
665 667
667 669
669 670 671
670 671 672
671 672
672 674
674 675
675 677
677 679
679 680 681
680 681 682
681 682 683
682 683
683
689 691
691
694
698 699 700
699 700 701
700 701
701
705 706
706
711
714 715 716
715 716
716 718
718 719 720
719 720 721
720 721 722
721 722
722 724
724
730
734 735
735 737
737 738
738
744
751
754 756
756
761 762 763
762 763
763
770 771
771 773
773 774
774
777 779
779 780 781
780 781
781
785 786
786 788
788 789 790
789 790 791
790 791
791 793
793
796 798
798
803 805
805 807
807 808
808
811 812 813
812 813
813
818
821
825 826
826
829
833 834 835
834 835
835
837
841 842 843
842 843 844
843 844 845
844 845
845 847
847
851 852
852 854
854
857 859
859 861
861 862
862
865
868 870
870 872
872 873 874
873 874 875
874 875
875 877
877
880 882
882 883
883 885
885 886
886
890 892
892
896
900
905 906 907
906 907 908
907 908
908
911
914 915
915
919 921
921 922
922 924
924 926
926 928
928 929 930
929 930
930 932
932
937 938
938 939
939 941
941 942
942
945 946 947
946 947
947
952 953
953 955
955
960
963
966 967 968
967 968
968 970
970 972
972 973
973
976 977 978
977 978
978 980
980
985 986
986
989 990 991
990 991 992
991 992
992 994
994
999
