#naive2.0.py
# GMT Fri Feb 14 13:34:29 2020
# 
0 1 2 998
1 2
2
7
14 15
15 17
17
21 22
22 24
24 25
25
31
34 36
36
39
44
48 50
50 51
51
54
58 60
60
63
68 69 70
69 70 71
70 71
71 73
73 75
75 76 77
76 77
77
80 81 82
81 82
82
87 88
88 90
90 91 92
91 92
92 94
94 95 96
95 96 585
96 97
97
100
104 105
105 107
107 529
113
117 119
119 120 121
120 121
121
129 131
131 132
132
135 136
136
140 141 142
141 142
142
148 149 150
149 150 151
150 151
151
155 157
157
160
163
166 168
168
174 176
176 177 178
177 178
178 180
180 181
181
186
189 191
191 192
192
196 198
198
202 204
204 206
206 208
208 209
209
213 215
215 216 217
216 217 218
217 218 219
218 219
219
228 229
229
232 233 234
233 234
234
240
243 244
244
247 248
248 250
250
253 254 255
254 255
255 257
257 258 259
258 259
259 261
261
264
268 269 270
269 270 271
270 271
271
275 276 277
276 277 278
277 278
278 280
280 281
281
284
288 289 290
289 290
290 292
292 294
294
298
301 303
303
307 309
309 310 311
310 311
311
316
319 321
321 322
322 324
324 326
326 328
328
331 333
333 335
335
338
343
348 349
349
356 357
357 359
359 361
361 362
362 364
364 365 366
365 366
366
369
375
378
385 386
386 388
388 389
389
392
403
407 408 409
408 409 410
409 410 411
410 411 412
411 412 413
412 413
413 415
415
418 419 420
419 420 421
420 421 422
421 422
422
425 427
427 429
429 430
430 432
432 434
434
437 439
439 440
440
444
456 458
458 459
459
462
465
472 473 474
473 474 475
474 475 476
475 476 477
476 477
477 479
479 480
480
484 485
485 487
487 489
489 491
491
495 497
497 499
499 500
500 502
502 503 504
503 504
504 506
506 508
508 510
510 512
512
515 516 517
516 517 518
517 518
518
522 523
523 525
525 526 527
526 527
527 529
529
531
535
539 540 541
540 541
541
546 547
547
550
553 555
555 556
556
565
568 570
570 571 572
571 572
572
582 583 584
583 584 585
584 585
585
589
592 593 594
593 594 595
594 595 596
595 596 597
596 597
597 599
599 600 601
600 601
601 603
603
606 607
607 609
609
615 616
616 618
618 620
620 622
622 624
624
627
631 632 633
632 633
633
637
640 641
641
645 647
647 648 649
648 649 650
649 650
650
656 658 683
658
663
666 668
668 669 670
669 670
670
676 678
678 679 680
679 680 681
680 681
681 683
683 684
684 686
686 687 688
687 688
688
692
695 697
697 699
699
705 706
706 708
708
712
716 718
718 719
719 721
721 722 723
722 723 724
723 724
724
727 729
729 730
730 732
732 733 734
733 734 735
734 735
735 737
737
741 742
742
745 746 747
746 747 748
747 748
748 750
750
754 755
755
759
766 767 768
767 768 769
768 769 770
769 770
770
776 777
777 779
779 781
781 782 783
782 783
783
789
793 795
795 797
797
802 803 804
803 804 805
804 805
805
808 809 810
809 810 811
810 811
811
814 815
815 817
817
820 821
821
827 828
828
836 837
837
841 843
843 845
845 846 847
846 847
847 849
849 850
850 852
852
855 857
857 859
859
862
865
868 870
870 871
871
877 878 879
878 879
879
883 884 885
884 885 886
885 886
886
890 891
891 893
893 894 895
894 895
895
898 900
900 901 902
901 902 903
902 903
903
907 908 909
908 909 910
909 910
910
913 915
915 916 917
916 917 918
917 918
918 920
920 922
922 923
923 925
925 927
927 929
929
933 935
935
938 939
939
942 944
944
956 957 958
957 958 959
958 959 960
959 960
960
963
967 968
968
971 972
972 974
974 975
975 977
977 978
978
981
988
991 993
993 995
995 996 997
996 997 998
997 998
998
