#naive2.0.py
# GMT Fri Feb 14 13:34:33 2020
# 
1 2
2 4
4
6
11
16 17
17 19
19
22
26 28
28 29 30
29 30
30
34 35
35
39 40 41
40 41
41
49 50 51
50 51 52
51 52 53
52 53
53
59 60
60 62
62 63
63 65
65 67
67 68 69
68 69 70
69 70 71
70 71 72
71 72 73
72 73
73 75
75 76
76 78
78
81
85
88 89
89 91
91
94
97 98 99
98 99 100
99 100 101
100 101 102
101 102 103
102 103
103 105
105 106 107
106 107 108
107 108
108 110
110
113 114
114 116
116
121 123
123 124 125 887
124 125
125
129 131
131
134 135
135
140 141
141 143
143 144 145
144 145 146
145 146
146 148
148 149 150
149 150 151
150 151 152
151 152 153
152 153 154
153 154
154 156
156 157 158
157 158 159
158 159 160
159 160
160 162
162 163 164
163 164
164
170 171 172
171 172
172
177
180 182
182 183
183 185 811
185 186
186
190 191 192
191 192
192
196 197 198
197 198
198 200
200 202
202 203 204
203 204
204
207 208 209
208 209 210
209 210
210
219 221
221 223 735
223 429
227 228
228 230
230 232
232 233
233 235
235 237
236 237
237
241
246 247 248
247 248
248
251
256 257
257
263
266 268 621
268 269
269
275
284 285 286
285 286
286
289 290 291
290 291 292
291 292 293
292 293
293 295
295 296 297
296 297 298
297 298
298 300
300 302
302 303
303 305
305 306 307
306 307
307 309
309 311
311 312
312 314
314 315
315
320 321
321
324 326
326
329 331
331 333
333 334
334
338 340
340 341
341
345
348 349
349
352 354
354 356
356 357 358
357 358
358
361 362 363
362 363 364
363 364
364
367 368
368 436
371 372 373
372 373
373
379 380 381
380 381
381 383
383 385
385 386
386 388
388 390
390 391 392
391 392
392 394
394
397 398
398
403 404
404 406
406 407
407
410 411
411
415 416 417
416 417
417 419
419
425 426
426
429 430
430 432
432 433 434
433 434 435
434 435 436
435 436 437
436 437
437
441
444 446
446 447 448
447 448
448 450
450
453 454 455
454 455
455
458 459 460
459 460
460
463
468 470
470 471
471
475 476 477
476 477
477
482 483
483 485
485
488 489 490
489 490 491
490 491
491
494 496
496 497
497
501 503
503
508
515 516
516
519 520
520
523 524 525
524 525
525 527
527 528
528
531
536 537
537
540 541
541
545
548 550
550 551
551
554 556
556 557 558
557 558 559
558 559 560
559 560 561
560 561 562
561 562
562
567
571 572
572 574
574
579
580
583 584
584 586
586 588
588 589 590
589 590 591
590 591
591 593
593 594
594 596
596
599 601
601 602
602 604
604 606
606 607
607
611
615 616
616 618
618 620
620 621
621
624 626
626 627
627 629
629 630
630
633
636
641 642 643
642 643 644
643 644 645
644 645
645 647
647 648
648
653 654 655
654 655
655 657
657 658
658
664 665 666
665 666
666
669
673
676 677
677 679
679
682 684
684 685 686
685 686
686 688
688 689 690
689 690
690
693 694
694
700
703 705
705
708 710
710 711 712
711 712
712 714
714 715
715
719 720
720 722
722
726
732 733 734
733 734 735
734 735
735 737
737 739
739 740 741
740 741
741
745 746
746 748
748
751
755
759 761
761 763
763 764
764
771 772
772
781 783
783 784 785
784 785
785
788 790
790 791
791
795 796
796
802 803
803 805
805 807
807 809
809 811
811
821 822
822
832 833 834
833 834 835
834 835
835 918
837
840 841
841 843
843 844 845
844 845
845
849
852 854
854 856
856 857
857 859
859 860 861
860 861 862
861 862
862
869 871
871
876 878
878 879
879
882 884
884 886
886 887
887
891 893
893 894
894
897 898 899
898 899 900
899 900 901
900 901 902
901 902 903
902 903 904
903 904
904 906
906 908
908
913 915
915 916 917
916 917 918
917 918 919
918 919 920
919 920
920
927
930 931
931
934
937 938
938 939
939 941
941
946 947
947
954
961 962 963
962 963
963
966
969 970
970
974 975
975 977
977 978
978 980
980
983 985
985
992
998
