#naive2.0.py
# GMT Fri Feb 14 13:34:29 2020
# 
4 5 868
5 7
7
10
15
21
25 27
27
31 32
32
35 37
37 38
38 40
40
43
47 48 49
48 49
49 51
51 53
53 54
54 56
56 58
58
61 62 63
62 63
63 65
65 66 67
66 67
67
70
79 81
81 82 83
82 83 84 636
83 84
84
89 90
90 92
92
95
98 99
99
102 104
104
110 111 112
111 112 113
112 113
113
118 119
119
122 123 124
123 124 125
124 125 126
125 126 127
126 127 128
127 128 129
128 129
129 131
131
134
138
141
145 147
147 148 149
148 149
149
152 153
153
158
164 165 166
165 166 167
166 167 168
167 168
168
172 173 174
173 174
174 176
176
180 181 182
181 182
182
185 187
187 188 189
188 189
189
194 195
195
198 200
200 201 202
201 202
202
206 208
208 209 210
209 210 211
210 211
211
214
222 223
223 429
226 228
228
231 232 233
232 233
233
236
239
242 244
244 245
245
251
254 255
255 257
257 258
258
265
272 273
273 275
275 276 277
276 277 278
277 278 279
278 279
279 281
281
285 286
286 288
288
291
295 296
296
299
302 304
304 305 306
305 306
306 308
308
315 317
317 318
318 320
320 321 322
321 322 323
322 323
323 325
325
330 331 332
331 332 333
332 333
333
336 337
337 339
339
343 344 345
344 345 346
345 346
346 348
348
353 354 355
354 355 356
355 356 357
356 357
357
360
365 367
367
371
378 380
380 381
381
387 389
389 391
391 392 393
392 393
393
396 397 398
397 398 399
398 399 400
399 400 401
400 401 402
401 402
402 404
404
407 408 409
408 409
409
413 414
414
417 418 419
418 419
419
422 424
424 426
426 427
427 429
429 430 431
430 431
431
435 436
436
439 441
441
444 445
445
448 449
449
452
456 458
458 460
460 461 462
461 462 463
462 463
463
469 470
470
474 475 476
475 476
476 478
478 480
480 482
482 483
483 485
485 486
486 488
488 489 490
489 490
490
498 500
500 501 502
501 502
502 504
504 505 506
505 506 507
506 507
507 509
509 511
511
516
519
523 524
524
528 530
530 531 532
531 532 533
532 533
533 535
535 536 537
536 537
537 539
539 541
541
545 547
547 549
549 550 551
550 551 552
551 552 553
552 553
553
557
561 562
562
565
572 573
573 575
575 576
576 578
578
582
587 588 589
588 589
589
593 594 595
594 595 596
595 596
596 598
598 599 600
599 600 601
600 601
601
605
608 609
609 611
611
614
618 619
619
622 624
624
627 628
628
633
636
638 640
640 641 642
641 642 643
642 643 644
643 644
644 646
646 647
647
651 652 653
652 653 654
653 654 655
654 655
655
658
661
665 666 667
666 667 668
667 668 669
668 669 670
669 670 671
670 671
671
674 676
676 677
677 679
679 681
681 682 683
682 683
683
685
689 691
691
695 696
696
699 701
701 703
703 705
705
709 710 711
710 711 712
711 712 713
712 713
713
716 717 718
717 718
718 720
720 722
722 723 724
723 724 725
724 725 726
725 726
726
734
739
742 743 744
743 744 951
744
749 751
751 753
753
756 757
757 759
759
763
770 771
771
774 776
776
781 782
782
785 787
787 788 789
788 789
789
794 796
796 798
798 799 800
799 800
800
804 805
805
808 809 810
809 810
810
813 814 815
814 815 816
815 816
816
819 820 821
820 821
821
825
828 830
830
833
836 837
837
840 841 842
841 842
842
846
849
853 854
854 856
856 858
858 860
860
865 867
867 868 869
868 869 870
869 870
870
875
878 879 880
879 880
880
884 885
885
888 890
890
894
897
903 904
904
908 910
910
914 915 916
915 916 917
916 917 918
917 918
918 920
920 922
922 923 924
923 924
924
928 930
930 932
932 933 934
933 934
934 936
936
939 940
940
943 944
944 946
946 948
948
951
959
963 965
965
968 969
969
972 973
973 975
975 976
976 978
978
984 986
986
990 991 992
991 992
992
995 997
997 998
998
