#naive2.0.py
# GMT Fri Feb 14 13:34:36 2020
# 
0
3 5
5 6 7
6 7 8
7 8 9
8 9
9 11
11 13
13 14
14
17
20 21 22
21 22
22 24
24 25 26
25 26
26 28
28
31 33
33
37
42 43 44
43 44
44
48 49
49 51
51 53
53 55
55 57
57 59
59 61
61 62 63
62 63
63 65
65 67
67 68
68 70
70
73 75
75
79 80
80
83
86 88
88 90
90
95
98
101 102
102 104
104
108
111 112
112 114
114 115
115 117
117
120 122
122 123
123 707 887
127
132 133
133
136
140 142
142
145
152
155 156 157
156 157 158
157 158
158
162 163 164
163 164
164
169
173 174 175
174 175 176
175 176
176 178
178 180
180 182
182 184
184 185
185 187
187 188
188 190
190 192
192 193
193
197 198 199
198 199
199 201
201 203
203 204 205
204 205
205 207
207 209
209
212 213
213
219 220
220
223
226 227 228
227 228 229
228 229 230
229 230
230
234 235
235 237
237
242 244
244 245 246
245 246 247
246 247
247
250 251
251 253
253 254 255
254 255 256
255 256
256
260
266 268
268 270
270 271
271 273
273 274
274 276
276
280 281 282
281 282 283
282 283
283
289
292
295
299 300 301
300 301
301 303
303 305
305 306
306 308
308
312
319 320 321
320 321
321
325 326
326
331
336 338
338 339 340
339 340
340 342
342 344
344
352
356 358
358 359
359 361
361
368 369 370
369 370 371
370 371
371
374
381
385 387
387 389
389 390
390 392
392
395 396
396
399 400
400 402
402 404
404
409
413
419 421
421 422 423
422 423
423
426 427 428
427 428
428
434
438 440
440 441 442
441 442
442
445 446
446 448
448 449 450
449 450
450 452
452
455 456
456 458
458 460
460 461
461 463
463 465
465
468 470
470 471 472
471 472
472
475 476 477
476 477
477
480 481 482
481 482 483
482 483
483 485
485 486
486
491 492
492 494
494 495
495 497
497 498 499
498 499
499
502 504
504 505
505
508
513 514 515
514 515
515
518 519
519 521
521
522
525 526 527
526 527 528
527 528 529
528 529
529
534 535
535 537
537 538 539
538 539 540
539 540
540
544 545 546
545 546
546 548
548 549 550
549 550
550
553 555
555
558 559 560
559 560
560 562
562
565 567
567 568 569
568 569
569
574
578 579
579
584 586
586 587
587
591
594
598 599
599
602 603
603
606 608
608
612 613
613 615
615 617
617 618
618
622 624
624
631 632 633
632 633
633
638 639
639
643 645
645
648 649
649
653
656 657 658
657 658
658
661
665
668 669
669 671
671
677
682 684
684
688 689 690
689 690
690 692
692 693 694
693 694
694
698 700
700 701
701
704 706
706 707
707
710 711 712
711 712
712 714
714
719
722 723 724
723 724 725
724 725
725
728 730
730 731 732
731 732 733
732 733
733
736
739 740 741
740 741 742
741 742
742
745 746 747
746 747
747
751
755
758
762
765
771 772 773
772 773 774
773 774
774
777 779
779 780
780 782
782 783 784
783 784
784 786
786 787
787
790
800 802
802 803 804
803 804 805
804 805
805 807
807 808 809
808 809 810
809 810
810 812
812 814
814 815
815
818 820
820 821
821 823
823 824
824 826
826 827 828
827 828
828 830
830 832
832 834
834 836
836 838
838 840
840 841 842
841 842 843
842 843
843
847 849
849 851
851
855
863
866 867
867
870 871 872
871 872
872
876 878
878 879 880
879 880 881
880 881
881
884 886
886 887
887
892 894
894
900 901
901
905 906
906 908
908 909 910
909 910
910
914
921
926 928
928 929 930
929 930 931
930 931
931
938 939
939 941
941 942
942 944
944
948 949
949
952
955 956 957
956 957
957
960 961
961
965
968 969 970
969 970
970
977 978 979
978 979 980
979 980 981
980 981 982
981 982
982
985 986
986 988
988 990
990 991
991
994
997
