#naive2.0.py
# GMT Fri Feb 14 13:34:36 2020
# 
0 1 999 2
1 2 3 999
2 3 4
3 4
4 868
6 7
7
10 12
12 13 14
13 14
14
17
21 23
23 24 25
24 25
25
28 30
30 31 32
31 32
32
35 36
36 38
38 39
39 41
41 42
42
45 46 47
46 47
47
51 52
52
55 57
57 58 59
58 59 60
59 60 61
60 61
61
64 65 66
65 66
66 68
68
73
80
83 85
85 86 87
86 87 88
87 88
88 90
90 91
91 93
93 94 95
94 95
95 585
100 102
102 103 104
103 104
104 106
106 107 108
107 108 109 529
108 109
109 111
111 113
113
116 117
117
120 122
122 123 124
123 124 125 707 887
124 125
125 127
127 129
129
133
136
141
145 147
147
150 151 152
151 152 153
152 153 154
153 154
154 156
156 157 158
157 158 159
158 159
159 161
161 162
162
167 169
169 170 171
170 171
171 173
173 174
174 176
176 177
177
181
186 187
187
190 191 192
191 192 193
192 193
193
196 197 198
197 198
198
205
208 209 210
209 210 211
210 211
211 213
213 214
214 216
216 217 218
217 218 219
218 219 220
219 220
220 222
222
226
229 230
230 232
232 234
234 236
236 238
238
241 243
243 245
245
248 250
250 251
251
255 257
257 259
259 261
261 263
263 264 265
264 265
265
268
273 275
275 276
276 278
278
282
285
288 290
290 291 292
291 292
292
295 297
297 299
299 300 301
300 301
301
304 306
306 307
307 309
309 310 311
310 311 312
311 312
312 314
314 315 316
315 316
316
319 320
320 322
322 323
323
326
329 330 331
330 331
331 333
333 334 335
334 335
335 337
337 339
339
342 343 344
343 344 345
344 345 346
345 346 347
346 347
347
350 351 352
351 352 353
352 353
353 355
355 356
356 358
358 359
359
363 364 365
364 365
365
368
372 373
373 375
375 376
376
379
384 385 386
385 386 387
386 387
387 389
389 390
390 392
392 393 394
393 394 395
394 395 396
395 396
396
402 404
404 405 406
405 406
406 408
408 409 410
409 410
410 412
412 414
414 416
416 417
417
421 422
422 424
424 425
425 427
427
431
434
438 440
440
446
449
452 453
453 455
455 456
456
460
467 469
469 470 471
470 471 472
471 472
472 474
474 475 476
475 476
476
480
483 485
485 487
487 488 489
488 489 490
489 490
490
493 495
495 497
497 499
499 501
501
505 506
506
509 510 511
510 511
511
519 520
520
524 526
526 527
527 529
529
531 532 533
532 533 534
533 534
534 536
536
539
543 544
544
549 551
551
554
557
561 562 563
562 563 564
563 564 565
564 565
565 567
567 569
569 570
570
573 574
574
577
582 583 584
583 584 585
584 585
585 587
587 588 589
588 589
589 591
591 593
593 594
594 596
596 598
598 599
599
602
605 606 607
606 607 608
607 608 609
608 609 610
609 610
610
616 617 618
617 618
618
622
626 628
628 629 630
629 630
630 632
632
636 637
637
640
643 645
645 646 647
646 647
647
652
659
662
666
671
678 680
680 681 682
681 682
682 684
684 685 686
685 686 687
686 687 688
687 688 689
688 689
689 691
691
695 697
697
700
704
707
711 713
713
716
719
722 723
723 725
725 726 727
726 727
727
733 734
734
738
741 743
743 951
749
755 756
756 758
758 760
760 761
761 763
763 764
764
767 768
768 770
770 771 772
771 772
772
786 787 788
787 788
788 790
790
793 794
794
799 801
801 802 803
802 803
803 805
805 806
806
811
817 819
819 820
820 822
822
825
828
831 832 833
832 833
833 835
835 918
841 843
843 845
845
851 852 853
852 853 854
853 854
854 856
856
860
866 868
868 869 870
869 870 871
870 871 872
871 872 873
872 873 874
873 874
874 876
876 878
878 880
880
883
886 887 888
887 888
888 890
890 891
891
895
900
906 907 908
907 908
908 910
910 911 912
911 912
912
915 917
917 918 919
918 919
919 921
921 922
922 924
924 926
926
929
933 934
934
938 940
940
944 945
945
948 950
950 951
951
955
959 961
961 962
962
965 966
966 968
968 970
970
975 976 977
976 977
977
982
985 986
986
990
993 994 995
994 995
995
999
