#naive2.0.py
# GMT Fri Feb 14 13:34:30 2020
# 
1 2
2
7
10 12
12 13 14
13 14
14
19 21
21 22
22 24
24 26
26
29 31
31 32 33
32 33
33
36 37
37
43
46 47 48
47 48
48 50
50 52
52 54
54
57
62
66 67
67 69
69 71
71
74 76
76 78
78 79 80
79 80 81
80 81 82
81 82 83
82 83 636
83
86
90 92
92
97
103
106 107
107 529
110 111 112
111 112
112
116 117 118
117 118
118 120
120 121 122
121 122 123
122 123 124
123 124 707
124 126
126
134 136
136
139 141
141
144 145
145
150 152
152 153 154
153 154
154
160 161 162
161 162 163
162 163 164
163 164
164 166
166 167
167 169
169
173
177
181
187 188
188 190
190 192
192 193 194
193 194
194
198 200
200 201
201
204
207 208 209
208 209 210
209 210 211
210 211
211
215 216 217
216 217
217
220 221 222
221
222 224
224
229 230
230
235 237
237
240 242
242
247 248
248 250
250
256 257 258
257 258 259
258 259 260
259 260
260
263 265
265
268
274
277 278 279
278 279 280
279 280 281
280 281 282
281 282 283
282 283
283 285
285 286 287
286 287 288
287 288
288 290
290
293 294
294 296
296 297 298
297 298
298
301 303
303
306 307 308
307 308 309
308 309
309 311
311
314 316
316 318
318 320
320 321
321
324 325
325 327
327 328
328 330
330 331 332
331 332
332
335 336
336
339 341
341 343
343
347 348 349
348 349
349
353 354
354
357
364
368
374 376
376
380 382
382
385 386
386 388
388 389
389
392 393
393
397 399
399
402 403 404
403 404
404 406
406
410 411
411 413
413
416 417
417 419
419 421
421 422 423
422 423 424
423 424 425
424 425
425 427
427 428 429
428 429 430
429 430 431
430 431
431 433
433 434
434
437 438 439
438 439
439
444
449 450
450
454 455 456
455 456
456
460 461 462
461 462
462
467 469
469 471
471 472 473
472 473
473
476 477 478
477 478
478 480
480 482
482
490 491
491 493
493 495
495 497
497
500 501 502
501 502 503
502 503
503 505
505 506 507
506 507
507
510 511
511 513
513
518 519 520
519 520
520
526 527
527 529
529 530
530 531
531 533
533
536 538
538 539
539 541
541
545 547
547
551
556 558
558 559 560
559 560 561
560 561
561
565 566 567
566 567
567
570
573 575
575 577
577 579
579 581
581 583
583 584 585
584 585 586
585 586
586 588
588 590
590 592
592 594
594 596
596 597
597 599
599
602 604
604 605
605 607
607 608
608
611 612
612
615 616
616 618
618 619
619
623 624
624 626
626 628
628
631 632
632
636
638 640
640 641
641
644
647 649
649 651
651
654 656
656 657 658 683
657 658 659
658 659 660
659 660 661
660 661
661 663
663 664
664
668
672
677 678 679
678 679
679 681
681 683
683
685 687
687 688 689
688 689 690
689 690
690
695
700 701 702
701 702 703
702 703 704
703 704
704 706
706 707 708
707 708
708 710
710 712
712 713 714
713 714
714 716
716 717 718
717 718
718 720
720 721
721 723
723 725
725
729 731
731 733
733 734
734
738 739 740
739 740
740
747
752
757
764 765
765
772 773
773
779 781
781
784 785
785 787
787 789
789
792
795
799 800 801
800 801
801 803
803 804
804
808 809
809 811
811 813
813 814
814 816
816 818
818 819
819 821
821 822
822
825 826
826 828
828 829
829 831
831 832
832 834
834 835
835 918
838 839
839
847
851 853
853 854
854
857 858 859
858 859
859
862
868 870
870 871
871 873
873 874
874
877 878 879
878 879 880
879 880 881
880 881 882
881 882
882 884
884 886
886 888
888 889 890
889 890
890 892
892 893
893
898
901
907 909
909
914
918 920
920
923 925
925 926
926 928
928
931 932 933
932 933
933 935
935 937
937
939
942 943 944
943 944 945
944 945 946
945 946
946
949 951
951 952
952
960 961 962
961 962
962
969 970
970
974 975 976
975 976 977
976 977
977
980 982
982
985 986 987
986 987
987
991
994 995
995
