#naive2.0.py
# GMT Fri Feb 14 13:34:36 2020
# 
1
4 868
6 7 8
7 8 9
8 9
9
12 14
14 16
16 17 18
17 18
18
21 22
22 24
24
27 28
28
32
35 37
37 38 39
38 39
39 41
41 42
42 44
44 46
46 47 48
47 48
48
52 54
54 55 56
55 56 57
56 57 58
57 58
58 60
60 61
61 63
63
67 68
68 70
70
73 74
74
80
84
91
94 95 96
95 96 585
96 97 98
97 98 99
98 99
99 101
101 102
102 104
104 105 106
105 106
106 108
108 110
110 111
111
116
123 707
126 127
127
135
139 140 141
140 141 142
141 142
142 144
144 145
145
148 149 150
149 150 151
150 151
151
155
163 164
164
167 169
169 170
170
174
180
190 191 192
191 192
192
196 197 198
197 198
198
203 204
204
207 208 209
208 209
209 211
211 213
213 214
214
217
220 222
222 223
223
226 227
227
230
233 235
235 582
241 243
243
246 248
248 249 250
249 250 251
250 251 252
251 252
252 254
254
260 261
261 263
263 264
264 266
266 267 621
267
270 271 272
271 272 273
272 273 274
273 274 275
274 275
275 277
277 278
278 280
280
284
288 289
289
292 293
293
296
304 306
306
309 311
311
315
319
322
325 327
327 328
328 330
330 332
332 334
334 335
335
338
341 342 343
342 343 344
343 344
344 346
346 347 348
347 348 349
348 349 350
349 350
350 352
352
355
360 362
362
368 369 370 436
369 370 371
370 371
371
374 376
376 378
378
381 383
383 385
385 386 387
386 387
387 389
389 390
390 392
392 393
393 395
395 396
396
399 401
401
406 408
408 409 410
409 410
410
413 414
414
417 419
419 421
421 422
422
425 426
426
433 435
435 436
436
438
442
446 448
448 450
450 451
451
455 456
456 458
458 459 460
459 460
460
464 465
465 467
467
471 472 473
472 473
473 475
475
478 480
480
486 487
487
490 492
492 493
493
496 497 498
497 498
498
501 502 503
502 503 504
503 504
504
508 510
510 511 512
511 512
512
517 518 519
518 519 520
519 520 521
520 521 522
521
522 524
524 525 526
525 526
526
530 532
532 533 534
533 534 535
534 535
535 537
537
541 543
543 544
544 546
546
549 550
550
553 554 555
554 555
555 557
557 559
559 561
561
564 566
566 567 568
567 568 569
568 569
569
574
577 578 579
578 579
579 581 972
581 582
582 584
584 585 586
585 586 587
586 587
587 589
589 590 591
590 591 592
591 592 593
592 593
593
597
602 603
603
608 609
609
613 615
615 616
616
620 621
621
626 627 628
627 628
628 630
630 632
632 633 634
633 634 635
634 635 636
635 636
636
638 639
639
643
649
653 654 655
654 655
655 657
657 659
659 661
661 662
662
668 669 670
669 670 671
670 671 672
671 672 673
672 673 674
673 674
674
677 678
678 680
680 681
681
684 686
686 688
688
695
704
707
710 712
712
716 717 718
717 718
718
725 726
726 728
728 729 730
729 730
730
734 735
735 737
737 739
739 741
741 743
743 951
745 746
746
750 752
752
761 762 763
762 763 764
763 764 765
764 765
765
773
776
779 780
780
783 784 785
784 785 786
785 786
786 788
788 790
790 792
792 793 794
793 794 795
794 795 796
795 796
796 798
798 799
799 801
801 803
803 804
804 806
806 808
808 810
810 811 812
811 812
812 814
814
817 818
818
821 823
823 825
825 826
826
829
833 834
834
837 838 839
838 839
839
842 844
844
847 848
848 850
850 852
852 853 854
853 854
854 856
856
859 861
861 862
862 864
864 865
865
868 870
870 872
872 874
874 875 876
875 876
876
879
882 883 884
883 884
884
888 889 890
889 890 891
890 891 892
891 892 893
892 893
893
896
899 900 901
900 901 902
901 902
902
909 910 911
910 911
911 913
913 914
914 916
916
920 921
921 923
923 924
924 926
926
930 932
932 933 934
933 934
934 936
936
939 940
940 942
942
945 946
946 948
948 949
949 951
951 952 953
952 953
953
956 957 958
957 958
958 960
960 962
962
966 968
968 969
969 971
971 972
972
976 977
977 979
979 980
980 982
982
985
988 990
990 991
991 993
993
996 997 998
997 998
998
