#naive2.0.py
# GMT Fri Feb 14 13:34:34 2020
# 
0 999
4
10 12
12 14
14 15
15 17
17 18
18
22 23 24
23 24
24 26
26 27
27 29
29 31
31 32 33
32 33 34
33 34
34 36
36 37 38
37 38 39
38 39 40
39 40 41
40 41
41 43
43 44 45
44 45 46
45 46
46
55 56 57
56 57 58
57 58
58
62 64
64 65 66
65 66
66 68
68
72 73 74
73 74 75
74 75
75
78 79 80
79 80 81
80 81
81
86 87 88
87 88 89
88 89 90
89 90 91
90 91 92
91 92
92 94
94
97 99
99 101
101 103
103 104 105
104 105
105
111 112 113
112 113 114
113 114
114 116
116 117
117
123 124 125 887
124 125
125
128
131 132
132 134
134 136
136 137
137 139
139 140 141
140 141 142
141 142 143
142 143 144
143 144
144 146
146
150 152
152 153 154
153 154 155
154 155
155
160 162
162 163
163 165
165
168
171 172
172 174
174 175 176
175 176
176
181 182 183
182 183
183 811
187 188 189
188 189 190
189 190 191
190 191 192
191 192
192 194
194 195
195
202
208 209 210
209 210 211
210 211
211 213
213 215
215
223
228 229
229
232 233 234
233 234
234
238 239 240
239 240 241
240 241 242
241 242
242
247 249
249 250 251
250 251
251
258 260
260 262
262 263 264
263 264
264 266
266 268 621
268 270
270 271
271
276 277
277
281
284
287
293
301 302
302
305 307
307
311 312
312 314
314 316
316 317
317 319
319 321
321 322
322
325 326
326 328
328 329
329
335 337
337
340 341 342
341 342 343
342 343 344
343 344 345
344 345
345 347
347
350
360
363 364
364
367 368
368
371 372 373
372 373 374
373 374 375
374 375
375
379 380
380 382
382
386
390 391 392
391 392 393
392 393 394
393 394 395
394 395 396
395 396
396
400
406 407
407
411 412 413
412 413
413 415
415 416
416
419 420 421
420 421
421 423
423
426 427
427
430 431
431 433
433 435
435
438 439 440
439 440 441
440 441 442
441 442
442 444
444 445 446
445 446 447
446 447
447 449
449 450
450
454 456
456 457 458
457 458
458 460
460
463 464
464 466
466 467 468
467 468
468
472
475 476
476
483 484
484
487
490 492
492 494
494 495 496
495 496
496 498
498
501 502 503
502 503 504
503 504
504
507
512 514
514 515
515 517
517
523
526 527 528
527 528 529
528 529
529
534 535
535
538 540
540 541 542
541 542
542 544
544 545 546
545 546 547
546 547
547 549
549 551
551 552 553
552 553
553 555
555 557
557
561 563
563 565
565
570
575 577
577 578
578
583 584 585
584 585 586
585 586
586 588
588 589 590
589 590 591
590 591
591
595 597
597 599
599 601
601 602 603
602 603 604
603 604
604 606
606
609
612 613
613 615
615
620 621
621
627 629
629 631
631 632 633
632 633 634
633 634
634 636
636
642 644
644 645 646
645 646 647
646 647 648
647 648
648 650
650 651 652
651 652
652 654
654 655 656
655 656 657
656 657 658 683
657 658
658
661 662 663
662 663
663 665
665
669 670
670 672
672 673
673
676
681 683
683
688
700 701 702
701 702
702
709 710 711
710 711
711
715 716 717
716 717 718
717 718
718 720
720 721 722
721 722
722 724
724 725
725 727
727 729
729 730
730
739
745 746 747
746 747 748
747 748
748 750
750 752
752 753 754
753 754
754 756
756 757 758
757 758 759
758 759 760
759 760 761
760 761 762
761 762
762 764
764
767 769
769 770
770
773
779 781
781 783
783 785
785
790
794 796
796 797 798
797 798
798
804 805 806
805 806 807
806 807
807
811
814 815 816
815 816 817
816 817
817 819
819
823 824 825
824 825
825
828 829
829 831
831 832
832 834
834
840
843 845
845 847
847 849
849 850 851
850 851
851
854 855 856
855 856
856
859 860
860
863 864 865
864 865 866
865 866 867
866 867
867 869 937
869 871
871 872 873
872 873
873
876 877 878
877 878 879
878 879
879 881
881
884 885
885 887
887 888
888 889 890
889 890
890
893 894 895
894 895 896
895 896
896
903 904 905
904 905
905 907
907 908
908 910
910 912
912 914
914 915 916
915 916
916 918
918 919
919
922 923
923
926 927
927 929
929 930 931
930 931 932
931 932
932 934
934 936
936 937 938
937 938
938 939 940
939 940 941
940 941 942
941 942
942
947 948
948
957 959
959 961
961
965 967
967 968 969
968 969
969
976 978
978
982 983
983 985
985
988 989
989
993
999
