#naive2.0.py
# GMT Fri Feb 14 13:34:36 2020
# 
0 999 998
4 5
5 7
7 8
8
11 12 13
12 13
13 15
15 16
16
19
22 23
23 25
25 27
27 28
28
37 39
39 40
40
43 44 45
44 45 46
45 46
46 48
48 50
50 51
51
54
57 58
58 60
60
64
67
72 73
73 75
75 77
77
83 84
84
87 88
88 90
90
94
101 103
103
109 110
110
114
117 118
118 120
120
123 124 125 887
124 125 126
125 126
126
133 135
135 137
137 139
139 141
141
144 145 146
145 146 147
146 147 148
147 148 149
148 149
149
158 160
160 162
162 163 164
163 164 165
164 165
165 167
167 168
168 170
170 171 172
171 172
172
176 178
178 179
179 181
181
185 186 187
186 187 188
187 188
188
193 195
195
200 201
201
206 208
208 210
210 212
212 213 214
213 214
214 216
216 217
217 219
219 221
221
222
226 228
228 229 230
229 230 231
230 231
231 233
233
236 237 238
237 238
238 240
240 242
242 244
244 245 246
245 246
246 248
248 249 250
249 250
250 252
252 253
253 255
255 256
256
259
262 263 264
263 264
264
274 275 276
275 276
276
279 281
281
285 287
287 288
288 290
290 291 292
291 292
292 294
294 295
295 297
297 299
299 300
300
303
306
310 311 312
311 312
312
318 320
320 322
322 323 324
323 324 325
324 325
325 327
327 328
328
331 333
333
337 338
338
341 342 343
342 343 344
343 344 345
344 345 346
345 346
346
350 352
352 353
353 355
355 356
356 358
358 360
360 361
361 363
363 364
364
367 368
368
373 375
375 376 377
376 377 378
377 378 379
378 379 380
379 380
380
386 388
388 390
390 391
391 393
393 394 395
394 395 396
395 396
396 398
398
401
404 405 406
405 406
406
409 410 411
410 411
411 413
413 414 415
414 415 416
415 416 417
416 417 418
417 418 419
418 419
419
423 425
425 426
426
429
432 434
434 435
435 437
437 438 439
438 439 440
439 440
440
443 445
445 447
447 448 449
448 449
449 451
451 452
452 454
454 455 456
455 456
456
459 460 461
460 461 462
461 462
462 464
464
467 468 469
468 469
469 471
471 472 473
472 473
473 475
475
482 483 484
483 484
484 486
486 487 488
487 488 489
488 489
489 491
491 493
493
496 498
498 500
500
504
507 508 509
508 509 510
509 510
510
515
520
523 525
525 526 527
526 527
527 529
529 530
530 531 532
531 532
532
536
540 542
542 543 544
543 544
544
548 550
550 552
552 553
553 555
555
563
566 567 568
567 568 569
568 569
569
574 575 576
575 576
576
580 581
581 583
583
589 590 591
590 591
591
594 595 596
595 596 597
596 597
597
600 602
602
605 606 607
606 607
607 609
609 610
610 612
612
618
623 624
624 626
626 627 628
627 628
628
631
635 637
637
640
649
652
656 657 658
657 658
658 660
660
666
669
672 673 674
673 674 675
674 675 676
675 676 677
676 677 678
677 678 679
678 679
679
685 687
687 688 689
688 689
689
692 694
694
699
703 704
704
715 717
717
721
724 725 726
725 726 727
726 727
727 729
729 730 731
730 731
731 733
733 734
734 736
736
739 740
740
744 745
745
748 749 750
749 750
750
753
758 760
760 761 762
761 762
762 764
764
768 769 770
769 770
770 772
772 773
773
780 782
782 783
783
787 789
789 790 791
790 791
791
796
799
803
809
814 816
816 817
817 819
819
826 828
828 829 830
829 830
830
836 837 838
837 838
838
841 842 843
842 843 844
843 844 845
844 845
845 847
847 848
848 850
850 852
852
855
858 860
860 861 862
861 862
862 864
864 865 866
865 866
866
873 874 875
874 875 876
875 876 877
876 877 878
877 878 879
878 879
879
882
885 886 887
886 887 888
887 888
888 889
889
892
895 896 897
896 897 898
897 898 899
898 899
899
903 904
904
907 908
908 910
910 912
912 913 914
913 914
914 916
916 918
918 919
919
922
926 927 928
927 928
928 930
930 931
931 933
933
937
940 941 942
941 942
942 944
944 945
945
948 950
950
955 956 957
956 957 958
957 958 959
958 959 960
959 960 961
960 961 962
961 962
962 964
964
967
971 972 973
972 973
973
977 978
978 980
980 982
982 984
984
987 989
989
992
995
998 999
999
