#naive2.0.py
# GMT Fri Feb 14 13:34:32 2020
# 
0 1 998
1 3
3
7
10 11
11 13
13 14
14
18 19 20
19 20 21
20 21
21 23
23
31 32 33
32 33 34
33 34 35
34 35 36
35 36 37
36 37
37
40 42
42 44
44 45
45 47
47
52 54
54 56
56 57
57
60
71 73
73
76 77 78
77 78
78 80
80 81
81
84 85
85
89
92
97 99
99
102 103 104
103 104 105
104 105
105 107
107 108 529
108 110
110 111
111 113
113
116
119 120
120 122
122
129 130
130 132
132
137
141
144 145
145 147
147 149
149 151
151 152 153
152 153 154
153 154 155
154 155
155
161
164 165
165
168
174 175 176
175 176 177
176 177 178
177 178 179
178 179
179
185
192 194
194
201
204
207 208 209
208 209 210
209 210 211
210 211
211
215 216
216
219
226
232 233
233
238 239 240
239 240
240 242
242 243
243
246 248
248 249 250
249 250 251
250 251 252
251 252 253
252 253
253
257 259
259
262 264
264 265 266
265 266
266 268 621
268 269 270
269 270 271
270 271
271 273
273 275
275
279 281
281
284
287 288 289
288 289
289
293 294 295
294 295 296
295 296 297
296 297
297
301
307 308
308
312 313
313 315
315 316
316 318
318 320
320 321 322
321 322 323
322 323
323
326 327 328
327 328 329
328 329
329 331
331 332
332
336 337
337 339
339 340 341
340 341 342
341 342
342 344
344 345 346
345 346
346 348
348
351 352 353
352 353 354
353 354
354 356
356 357
357
360 361 362
361 362 363
362 363
363 365
365 366 367
366 367 368
367 368
368 370 436
370 371
371 373
373 374
374 376
376 377
377
381
384 386
386 388
388 389
389
392 394
394 396
396 397
397 399
399 400
400 402
402 403 404
403 404 405
404 405
405 407
407 408
408
411
414
418
421 422
422
425 427
427 429
429 430 431
430 431
431 433
433 434
434 436
436 437
437
442 444
444 446
446 448
448
451
454 455
455 457
457 458 459
458 459 460
459 460 461
460 461 462
461 462 463
462 463 464
463 464 465
464 465 466
465 466 467
466 467
467
473 474
474 476
476
479 480 481
480 481 482
481 482
482 484
484 485
485
488 489
489 491
491 493
493 495
495 496
496 498
498 499 500
499 500
500
503 505
505 507
507 508 509
508 509 510
509 510
510
513 514 515
514 515 516
515 516
516
520 521
521 523
523
526 528
528 529
529
531
534
537
543 545
545
548 549
549
556 558
558 559 560
559 560
560 562
562 564
564 566
566 568
568
572
579
580 582
582
588 590
590 592
592 594
594 595 596
595 596
596
601 602
602 604
604 605
605
611
614 615
615
620 621
621
624
631
634 635
635
639
642 643 644
643 644
644 646
646 648
648 649
649
658 660
660 661 662
661 662
662
666 667 668
667 668
668 670
670 672
672 673
673
677
680 682
682 683
683
685 686 687
686 687 688
687 688 689
688 689
689 691
691 693
693 694 695
694 695 696
695 696
696 698
698 699
699
705
708 709
709
715 716 717
716 717
717
720 722
722 723 724
723 724
724
728 729 730
729 730
730
733 735
735 736
736 738
738
744 745
745
748 749
749
752 753
753
756 758
758 759 760
759 760 761
760 761 762
761 762 763
762 763
763
768 770
770 771
771 773
773 774 775
774 775 776
775 776 777
776 777 778
777 778
778 780
780 781
781 783
783 784
784
788 789 790
789 790
790
793
796 798
798 800
800 802
802 803 804
803 804 805
804 805 806
805 806 807
806 807 808
807 808 809
808 809
809 811
811 813
813
816 817 818
817 818 819
818 819
819 821
821 822 823
822 823 824
823 824
824 826
826 828
828
833
836
839 840 841
840 841 842
841 842
842 844
844 845
845 847
847 848 849
848 849
849 851
851 852 853
852 853 854
853 854
854
859 861
861
866 868
868
872
876 877 878
877 878 879
878 879
879
887
890 891 892
891 892
892
896
901 903
903 904
904 906
906 907 908
907 908
908
911 912
912 914
914
920 922
922
926 928
928
932 934
934 935 936
935 936 937
936 937
937
939 940
940 942
942 943
943 945
945 946
946
949 950
950 952
952 954
954 955 956
955 956
956 958
958 959
959
963 965
965
970
973 975
975 976 977
976 977
977
980 982
982 983
983
986 987 988
987 988 989
988 989 990
989 990
990
993
997 998
998
