#naive2.0.py
# GMT Fri Feb 14 13:34:35 2020
# 
2 3
3
6 7
7
10 12
12 13
13
18 19
19 21
21 22
22 24
24 26
26
32 33 34
33 34
34
37
42
46 48
48
51 52
52 54
54 55 56
55 56 57
56 57 58
57 58 59
58 59
59 61
61
64 66
66 67 68
67 68 69
68 69
69
73 74 75
74 75 76
75 76
76
81 83
83
88 89
89
94 96
96 98
98
101 102 103
102 103 104
103 104
104
107 108 109 529
108 109
109
112 114
114
119 121
121 122 123
122 123
123
126
129
136
141 143
143 144
144
147 148
148 150
150
153 154 155
154 155
155 157
157
161 162
162 164
164 165
165
169 170
170 172
172
176 177 178
177 178
178
181 182
182
185
189 190 191
190 191 192
191 192 193
192 193
193
197 198
198
204 206
206 207
207 209
209 211
211
215 216 217
216 217
217 219
219 220 221
220 221
221 735
225 226 227
226 227
227
233 234 235
234 235
235 237
237 238
238
241 243
243 244
244 246
246 247 248
247 248 249
248 249
249
253
256 257
257
261
264 265
265
268 270
270 271
271
274 275
275
280 281 282
281 282 283
282 283
283
286 287 288
287 288 289
288 289
289
292
295 296
296 298
298 299
299 301
301 303
303 304 305
304 305
305
308 310
310
313 314
314
318
324 325 326
325 326
326
329 330
330 332
332 334
334
337
340 341
341 343
343 344
344
347 349
349
352 353
353 355
355 356
356
359 360 361
360 361
361 363
363 365
365 367
367 368
368 370
370 371
371 373
373 375
375 376 377
376 377 378
377 378
378 380
380 382
382 383 384
383 384
384 386
386 387
387 389
389 390
390
401
405 406
406
410 411 412
411 412 413
412 413
413 415
415 416 417
416 417 418
417 418 419
418 419
419
424 425
425
430 431 432
431 432 433
432 433
433
439 440
440 442
442 444
444 446
446
451
454 455
455
458
462 464
464 465 466
465 466 467
466 467
467 469
469 470 471
470 471
471
474 475
475 477
477
480
484 485 486
485 486 487
486 487
487
492
497
500 501 502
501 502
502
507 509
509 510 511
510 511
511
514 515 516
515 516 517
516 517
517
523 524 525
524 525
525 527
527 529
529 530
530 531
531
534 535 536
535 536
536
542
547 549
549 550 551
550 551
551
557 559
559 560
560 562
562 563
563 565
565 567
567
570 572
572 573
573 575
575 576
576
579
588 590
590 591 592
591 592 593
592 593
593 595
595 597
597 598
598
601 603
603 604
604 606
606 608
608 609
609
614 615
615
621
623 624
624 626
626 627 628
627 628
628
632 634
634 636
636
641
644 646
646
651
656 657 658
657 658 659
658 659 660
659 660
660 662
662
665 667
667 668 669
668 669
669
678
682 684
684 686
686 687 688
687 688
688 690
690 692
692
700 702
702 703 704
703 704
704
714 715 716
715 716 717
716 717 718
717 718 719
718 719
719
722 723
723
726
732
735 736 737
736 737 738
737 738
738 740
740
744 746
746
752 753 754
753 754
754 756
756 758
758 759 760
759 760
760
763 764
764 766
766
769
776 778
778 780
780
785 786
786 788
788 789
789
797 798 799
798 799
799 801
801 802
802
805 806
806 808
808 810
810
814 816
816 817 818
817 818 819
818 819
819
822 823
823
826
830 831
831
837 838 839
838 839 840
839 840
840 842
842 843
843 845
845 846
846
849 850
850
857 859
859 860
860
865 866 867
866 867
867 869 937
869 871
871 872
872
877 878
878 880
880
884 885 886
885 886
886 888
888 889 890
889 890 891
890 891 892
891 892
892
895
898 899 900
899 900
900
904 905
905
908 909
909
912 913
913 915
915 917
917
920
923 924 925
924 925
925
931
934
937
939
942 943 944
943 944 945
944 945 946
945 946 947
946 947 948
947 948
948
952 954
954 955
955 957
957 959
959 960 961
960 961
961
965
969 971
971 973
973
976 977 978
977 978
978
981 982 983
982 983
983
988
991 992
992
995 997
997 999
999
