#naive2.0.py
# GMT Fri Feb 14 13:34:31 2020
# 
2 3 4
3 4
4 868
11
20 21
21
24 25 26
25 26
26
31 32
32 34
34 35 36
35 36 37
36 37 38
37 38 39
38 39
39
43 44 45
44 45
45
48
55 57
57 59
59 60
60
67 68
68 70
70 71
71 73
73
76
79 80
80
85 87
87 89
89
92 94
94
97 98 99
98 99 100
99 100
100 102
102 103
103 105
105
110 112
112 114
114 116
116
119
122 123
123 125
125 126
126 128
128 130
130 132
132 133 134
133 134
134
137 138
138
142 143
143 145
145 147
147
150
154 155
155
158 160
160 161 162
161 162 163
162 163 164
163 164 165
164 165
165
169
172 173
173 175
175 176
176
180
183 185
185
190 192
192 193
193
196 197
197
200
204 205 206
205 206 207
206 207
207
211 213
213
219 220
220 222
222 223
223
226 228
228 229
229 231
231 232
232
237 239
239 241
241 242
242 244
244 245
245 247
247 248
248 250
250 251
251
256 257
257 259
259 260
260 262
262 263
263
267 268
268 270
270
277 278 279
278 279
279 281
281
287 288
288 290
290 291
291 293
293
296 297 298
297 298
298
302 303 304
303 304
304 306
306
310 311 312
311 312
312 314
314 316
316 317 318
317 318
318
322
328
331
335 337
337 339
339 340 341
340 341
341
345 347
347 348 349
348 349 350
349 350
350
357
361 363
363 364 365
364 365 366
365 366
366 368
368 436
376 378
378
381 382 383
382 383 384
383 384 385
384 385
385 387
387
390 391
391 393
393 394
394
398
401 402 403
402 403
403
408 409
409
413 414 415
414 415 416
415 416
416
424
427 428
428 430
430 432
432 433 434
433 434 435
434 435 436
435 436
436
439 440
440
445 446 447
446 447
447 449
449 450 451
450 451
451 453
453 455
455 457
457
460 461
461
466
473
477
480 482
482 483 484
483 484
484
488 489
489
495 496
496
499 501
501 503
503 504
504 506
506 507
507 509
509 510
510
518
521
529 530
530 531 532
531 532
532
535
539
542
545 546 547
546 547 548
547 548 549
548 549 550
549 550
550
558 559 560
559 560 561
560 561 562
561 562
562
569 571
571
576 578
578 579
579 972
582 583
583 585
585 587
587 588
588 590
590
593 594 595
594 595 596
595 596
596
599
602
605 606 607
606 607
607 609
609 611
611
615 616
616
620 622
622 623 624
623 624
624
627 628
628 630
630
634
637 638
638
642
645 646
646
649 651
651 652 653
652 653
653
658 659
659
665 667
667 668
668 670
670
677 679
679 680
680 682
682
686 687
687
691
695
698
708 710
710 711
711 713
713 714
714
717 718 719
718 719
719
725 726
726 728
728 729 730
729 730
730
734 735 736
735 736
736 738
738 739 740
739 740
740
743 951
751
755 757
757 758
758 760
760
770
773
776 777
777
781 783
783 784 785
784 785
785 787
787
792 793 794
793 794
794
798
801 803
803 805
805 806
806
809
813
817
821
825 826 827
826 827
827 829
829 830
830 832
832 833 834
833 834 835
834 835
835
838 840
840 841
841
846
849 850
850
853 854
854
858
864 865
865 867
867 868
868
874 875
875
882 883
883
890 891 892
891 892 893
892 893
893
897 899
899 900 901
900 901
901
904
911 912
912
916 917
917
924
927
931
934 935
935
941 943
943 945
945 947
947 949
949 951
951
956
959 960 961
960 961
961 963
963 965
965 966
966 968
968 969 970
969 970
970 972
972 974
974
980 981 982
981 982 983
982 983
983
988
991 992 993
992 993
993
996 997
997
