#naive2.0.py
# GMT Fri Feb 14 13:34:28 2020
# 
0 1 999
1 999
4 5
5 7
7
12 13
13
19
22 23 24
23 24 25
24 25 26
25 26
26 28
28 29
29
35 37
37 38
38 40
40 41
41
50 51 52
51 52
52
56 58
58
61
64
67 68 69
68 69 70
69 70 71
70 71 72
71 72 73
72 73
73 75
75 77
77
82 83 84
83 84
84 86
86 87 88
87 88 89
88 89 90
89 90 91
90 91 92
91 92
92 94
94
98
101 103
103 105
105 106
106
113 114
114
121
125
128 130
130 132
132 133
133 135
135
138
142
145 146
146 148
148
152 153 154
153 154
154 156
156 157 158
157 158
158
168
171 173
173 174
174
177 178
178 180
180
185 187
187 188
188
191 192 193
192 193 194
193 194
194 196
196 197 198
197 198 199
198 199
199 201
201
205 206
206
209 211
211 213
213 215
215 216 217
216 217
217 219
219 221
221
222 224
224
229 230 231
230 231
231 233
233 235
235 237 582
237 238
238
241
244 245
245
249
252 253
253
256
259 260
260 262
262
271
274
278 280
280 281
281
285 286
286 288
288
293 294
294 296
296 298
298 300
300 301 302
301 302
302
307 309
309 310
310 312
312 313
313
316 317 318
317 318 319
318 319 320
319 320 321
320 321
321
324 326
326 327
327 329
329
332 334
334 335
335
338
342 343
343 345
345
348
353
364 365 366
365 366
366 368
368
371 372 373
372 373
373
380 381 382
381 382 383
382 383
383
386 387 388
387 388 389
388 389 390
389 390
390 392
392 393 394
393 394
394
397
401 403
403
406 407 408
407 408 409
408 409
409
413
416 417 418
417 418
418
423
427
431
434 435
435
439 441
441 443
443 444 445
444 445
445 447
447 449
449 450 451
450 451 452
451 452
452 454
454 456
456 458
458 459 460
459 460
460
465 466
466 468
468 469 470
469 470
470 472
472 474
474 475
475 477
477 478 479
478 479 480
479 480
480 482
482 483 484
483 484
484
489 491
491 493
493 494 495
494 495 496
495 496
496
499 501
501
504 505 506
505 506
506
511 512
512 514
514
517
520 522
522 523 524
523 524 525
524 525
525 527
527 528
528
533
538 539
539
542 543 544
543 544
544 546
546 547 548
547 548 549
548 549
549
552 553
553
558
561 563
563 565
565 567
567 569
569 571
571 572 573
572 573
573
579 972
580 582
582 584
584 585
585
588
592
595
600 601 602
601 602
602 604
604 605
605 607
607 609
609 610 611
610 611
611 613
613 614
614
618 619 620
619 620
620 622
622
625 627
627
630 631
631
637
640 641
641 643
643 644 645
644 645
645 647
647 649
649
652 654
654 655
655 657
657
661 662
662 664
664 666
666 667
667 669
669 670
670
675 677
677 678
678 680
680 681
681 683
683
685 687
687
690 692
692 694
694
698 699
699
702
705
708 709 710
709 710
710 712
712
715 716 717
716 717
717 719
719 721
721
725 726 727
726 727 728
727 728
728 730
730 731
731 733
733
738 739 740
739 740
740
744 746
746 747 748
747 748
748
751 752 753
752 753 754
753 754
754 756
756
759
762
766 768
768 769 770
769 770 771
770 771 772
771 772
772
776 778
778
781 783
783 784
784 786
786
793 794
794
798
801 802 803
802 803
803 805
805 806
806
812 813 814
813 814
814 816
816
821
825 826
826
831 832
832 834
834 835 836
835 836 918
836 837
837
841
845 846
846
849 850
850
853 854
854
860 861
861
865 867
867 869 937
869 871
871 873
873
876 878
878 879 880
879 880
880 882
882 884
884 886
886 887
887
889
892 893
893
898 900
900 901
901 903
903
908 909
909
912 914
914
917 918
918 920
920 922
922
926 928
928
932 933 934
933 934 935
934 935
935 937
937
940
944 946
946 947 948
947 948
948
953 955
955 957
957
960 961
961 963
963 964
964 966
966
970 971 972
971 972
972
975
978 979
979
983
992 994
994
997 999
999
