#naive2.0.py
# GMT Fri Feb 14 13:34:31 2020
# 
1
6
13 15
15
21 22 23
22 23
23 25
25
28
33 34
34 36
36
40 41 42
41 42 43
42 43
43
46
51 52
52
55 56
56
62
66
70 71 72
71 72 73
72 73
73
79 80
80 82
82 83 636
83 85
85 87
87 89
89 90 91
90 91 92
91 92 93
92 93
93
96
101
104
109
112
115 117
117 118 119
118 119
119 121
121
124 125
125
129 130
130
134 135 136
135 136
136 138
138
141 142
142
146 147
147
151
157 159
159 161
161 163
163 165
165 166 167
166 167 168
167 168
168 170
170 172
172 173
173 175
175
178
181 183
183 185
184 185
185
188 190
190
194 195
195 197
197 198
198
201
205 206
206 208
208 209 210
209 210
210
214 216
216 217 218
217 218
218
221
222 224
224 225 226
225 226 227
226 227
227
230 231 232
231 232
232 234
234 236
236 237
237 239
239 240 241
240 241
241 243
243 245
245 246
246
249 250
250 252
252 253
253 255
255 256
256
260 261 262
261 262
262
265
269 270
270
274 275
275
279 280 281
280 281
281 283
283
289 290
290
293 294 295
294 295
295 297
297 299
299 301
301 302 303
302 303 304
303 304 305
304 305 306
305 306 307
306 307 308
307 308
308
311 313
313 314
314
320 321
321
326
329
332 333 334
333 334
334
340
343 345
345 346
346 348
348 349 350
349 350
350
353 354 355
354 355 356
355 356
356 358
358 360
360 361
361 363
363 364
364
370 371 372
371 372
372 374
374 376
376 377 378
377 378 379
378 379 380
379 380
380
383 384 385
384 385 386
385 386
386
393 395
395 396 397
396 397 398
397 398 399
398 399 400
399 400
400
403
407 409
409 411
411 412 413
412 413 414
413 414
414
417 418
418
423
426 427
427
431
440
447 448
448
452 453 454
453 454
454
458
462
466
469 470 471
470 471
471 473
473 474 475
474 475 476
475 476
476 478
478 480
480 481
481 483
483 485
485 487
487 489
489
493 495
495 496 497
496 497 498
497 498
498 500
500 501 502
501 502
502 504
504 506
506 508
508 510
510 512
512 514
514
517 519
519
522 524
524 525 526
525 526
526 528
528 530
530
534
537
540 541 542
541 542
542
546
549 550
550
553 554
554
557 559
559 560 561
560 561 562
561 562 563
562 563 564
563 564
564 566
566
571
576 577 578
577 578 579
578 579
579 581 972
581 582 583
582 583 584
583 584
584
591 592
592
596 597
597 599
599
602 604
604 605
605 607
607 608
608 610
610 611 612
611 612
612 614
614 615
615
619
628 629 630
629 630
630
633 634 635
634 635 636
635 636 637
636 637
637 638
638
645 646 647
646 647
647
652 653 654
653 654
654 656
656 657 658
657 658
658
661 662
662 664
664 665
665 667
667 668
668
671
674 675 676
675 676
676
681 682
682 684
684 686
686 687
687 689
689 691
691
698 700
700
704 705 706
705 706
706 708
708 709 710
709 710 711
710 711 712
711 712
712
715
718 719
719
724 726
726 728
728
732 734
734
738
744
754 755 756
755 756
756
761 763
763 765
765 766 767
766 767 768
767 768 769
768 769
769 771
771 773
773 774
774 776
776 777
777
780 782
782 784
784 785
785
789 790
790 792
792 794
794 796
796 798
798
801 803
803 805
805 807
807 808
808 810
810
816 818
818 819
819
826 828
828 830
830 832
832 833
833 835
835 836 918
836
839 840
840
843 844
844
849 850
850 852
852
858
862 863
863 865
865 866
866 868
868 869
869
872
877
881
885
888
894 895
895
898 899 900
899 900 901
900 901 902
901 902 903
902 903 904
903 904
904 906
906 908
908 909
909 911
911
914 915
915
918 919 920
919 920 921
920 921
921 923
923 924 925
924 925 926
925 926
926
931 933
933 934
934 936
936
940 941
941 943
943 945
945
948 949
949
954 956
956
959 960 961
960 961
961 963
963 965
965 966 967
966 967
967
972
979 980
980 982
982 983
983 985
985
988 989
989
994
