#naive2.0.py
# GMT Fri Feb 14 13:34:35 2020
# 
0
4 5 868
5
8 10
10 12
12 13 14
13 14
14
21
24 25 26
25 26 27
26 27 28
27 28
28 30
30
34
37 38
38 40
40 42
42 43
43 45
45 47
47 49
49
52 54
54
58 59 60
59 60 61
60 61
61
66 67 68
67 68 69
68 69 70
69 70 71
70 71
71 73
73 74 75
74 75
75
78 79 80
79 80
80
83
86 87
87
90
93
96 98
98
102 103
103
107 109
109 111
111 112 113
112 113 114
113 114
114
117 118
118
121 123
123 707
130
135
139 140
140
143 144 145
144 145
145
152 153 154
153 154
154 156
156
162 164
164 165
165
168
174 176
176 177
177 179
179 180 181
180 181 182
181 182 183
182 183
183 185 811
185 186
186 188
188 189 190
189 190
190 192
192 194
194
197 199
199
203 205
205 206 207
206 207
207 209
209 210
210 212
212 213
213 215
215
218 220
220 221 222
221 223
222 223 224
223 225
224 225
225 227
227 228 229
228 229 230
229 230 231
230 231
231
236 238
238
241
244
251 252 253
252 253 254
253 254 255
254 255
255 257
257 258
258 260
260
263 265
265 266
266 621
269 270 271
270 271
271
276 277
277 279
279 281
281 282
282 284
284 286
286 287
287
290
293 294 295
294 295 296
295 296 297
296 297
297
301 302
302 304
304 305 306
305 306 307
306 307
307
311 312 313
312 313
313 315
315 316 317
316 317
317
321 323
323 324 325
324 325
325
331 333
333 334 335
334 335
335
340 341 342
341 342
342 344
344 346
346 347 348
347 348
348
355 356 357
356 357 358
357 358 359
358 359
359 361
361 363
363 365
365 367
367
370 371 372
371 372 373
372 373 374
373 374 375
374 375
375 377
377 379
379
382 383 384
383 384 385
384 385 386
385 386
386 388
388 389 390
389 390 391
390 391
391 393
393 394
394
397 398
398
401 402 403
402 403
403
407 408 409
408 409
409
415 417
417
420 421
421 423
423 424
424
428
431 433
433 434
434
437 439
439
442
445 447
447
450 451 452
451 452
452 454
454 456
456
459 460 461
460 461 462
461 462
462
466 468
468
472 473
473 475
475 477
477 478 479
478 479 480
479 480
480 482
482 483
483 485
485
488 490
490
493 494
494
497
502 503 504
503 504 505
504 505
505
512
518 519 520
519 520 521
520 521 522
521 552
522 524
524 525 526
525 526 527
526 527 528
527 528
528
534 535
535 537
537 538 539
538 539
539
542 543 544
543 544 545
544 545 546
545 546 547
546 547
547
551 552 553
552 553 554
553 554
554 556
556
561 562 563
562 563
563
567
570 572
572 573
573
578 579
579
584 585
585 587
587 588 589
588 589
589 591
591 592 593
592 593
593 595
595 597
597
602 603
603 605
605
609 611
611
614 615 616
615 616
616
621
624 625 626
625 626 627
626 627
627 629
629 630 631
630 631
631
634
638
642 644
644 646
646 647
647 649
649 651
651 653
653 655
655 657
657
660
665 667
667 669
669
678 679
679 681
681 682 683
682 683
683
687 688
688
693
696 697 698
697 698
698
702 703 704
703 704 705
704 705
705 707
707 708
708
711
714 715 716
715 716 717
716 717 718
717 718
718 720
720 721
721
726
731 733
733
739
742 743
743 951
750
758
762 763
763 765
765 767
767 768
768
772 773 774
773 774 775
774 775
775 777
777 778 779
778 779 780
779 780
780
784 785 786
785 786
786
789 791
791 792
792
796 798
798
805 806
806 808
808 810
810 811
811
814 815 816
815 816 817
816 817 818
817 818
818
821
824 826
826 827
827
833 834
834 836
836 837 838
837 838
838
843 844
844
848 849 850
849 850 851
850 851 852
851 852 853
852 853 854
853 854 855
854 855
855 857
857 858 859
858 859
859 861
861 862 863
862 863
863 865
865 866 867
866 867 868
867 868
868 870
870 872
872
876 877
877
880 882
882
889 890 891
890 891 892
891 892 893
892 893
893
897 898 899
898 899
899
902 903
903 905
905 907
907 909
909 910
910 912
912 914
914
921 923
923 924
924
927 928 929
928 929
929 931
931 933
933 935
935
939 940
940
943 945
945 946
946
950 951 952
951 952 953
952 953
953
956 957 958
957 958 959
958 959
959
963 964
964
970
973 975
975 976
976 978
978
987 989
989 990 991
990 991
991
995
