#naive2.0.py
# GMT Fri Feb 14 13:34:29 2020
# 
0 2
2
6 7
7
12
16
19 21
21 22
22 24
24 25 26
25 26 27
26 27 28
27 28 29
28 29
29
36 37 38
37 38 39
38 39 40
39 40 41
40 41 42
41 42
42
45 46 47
46 47
47
51
55 57
57 58 59
58 59
59 61
61 63
63 64
64 66
66 68
68 70
70 71 72
71 72
72
75
82 83 84
83 84 85
84 85
85 87
87
90 91 92
91 92 93
92 93
93 95
95
97 99
99
104 106
106 107
107 529
111
115 117
117 118 119
118 119
119 121
121 122
122
128 130
130
133
137 138
138
142 144
144 145 146
145 146
146
152 153 154
153 154 155
154 155 156
155 156
156
159 160
160
166 168
168 170
170 171
171
176 178
178 179 180
179 180
180
185 186 187
186 187 188
187 188
188 190
190 191
191
197 198
198
201
204 205
205
210 211 212
211 212 213
212 213 214
213 214
214
217 218
218
225 226 227
226 227
227 229
229 230 231
230 231
231
234 236
236
240 242
242 244
244 245
245 247
247 249
249 250 251
250 251
251
256 257
257
260 262
262
267
270 271
271
275 276 277
276 277
277 279
279 280 281
280 281 282
281 282 283
282 283 284
283 284
284 286
286
289
292 293 294
293 294
294
298
303 304
304
308 309 310
309 310
310
313
316 318
318 319 320
319 320 321
320 321 322
321 322 323
322 323 324
323 324
324
333
336 337
337 339
339 340 341
340 341
341 343
343
350 351 352
351 352
352
356 358
358 359
359
363 365
365 367
367 369
369 370
370 372
372
378 379
379 381
381 383
383 385
385 387
387 389
389 390
390
395
400 401
401
404 406
406 407 408
407 408 409
408 409 410
409 410 411
410 411
411 413
413 414 415
414 415
415
418 419 420
419 420 421
420 421
421
424
427 428 429
428 429
429
434 436
436
438 440
440
444 445
445
450
454
458 460
460 461
461
464 465 466
465 466 467
466 467
467
470 471 472
471 472 473
472 473
473
476
479
482 483
483
486 488
488 490
490 491 492
491 492 493
492 493
493
497 498
498
501
504 505 506
505 506 507
506 507
507 509
509 511
511
514 516
516 517
517
522
528 529
529
531 532 533
532 533 534
533 534 535
534 535 536
535 536
536 538
538 539 540
539 540
540
546 547
547 549
549 551
551
554
559
565 567
567 568 569
568 569
569 571
571 572
572
576 578
578 579
579 972
582
587 588
588 590
590
595 596
596 598
598
601
606 607 608
607 608
608 610
610 612
612 614
614 615 616
615 616
616
620 621
621
629 631
631 632
632 634
634 635
635 637
637 638 639
638 639 640
639 640
640 642
642 643 644
643 644 645
644 645 646
645 646 647
646 647
647 649
649 651
651
654 655 656
655 656
656 683
661
665 667
667
670 671 672
671 672
672
676 678
678 680
680 681
681 683
683 684
684
687 689
689 691
691
694 695
695 697
697 699
699 701
701 702
702
705
711
714
717
720 722
722 724
724
727
730 731 732
731 732
732 734
734 735
735
738 739
739
746 747 748
747 748
748 750
750
754 755
755 757
757
760 761 762
761 762
762
765
770 771
771
774
777 779
779
782
789
792
796 797
797 799
799 800 801
800 801 802
801 802 803
802 803 804
803 804
804
807 809
809 811
811 813
813 814
814
820 822
822
825 826 827
826 827
827
831 833
833 834 835
834 835 836
835 836
836 837
837 839
839 840
840 842
842
852
856 858
858 859
859
863
866 867
867 937
873 875
875
879 880 881
880 881
881 883
883 885
885 886 887
886 887
887
889 890
890
894 895
895
900
905 906
906 908
908 909
909 911
911
915 916
916
919 921
921 922 923
922 923
923 925
925
931 932
932
935 936 937
936 937 938
937 938
938 939 940
939 940 941
940 941
941
944
948 950
950
955 956
956
959 960
960
963 964
964
968
971 972 973
972 973
973
980 981 982
981 982 983
982 983
983
989 991
991
