#naive2.0.py
# GMT Fri Feb 14 13:34:29 2020
# 
0 998
3 4 5
4 5 868
5
9
13
16
20 22
22
25 26
26
29 30
30 32
32
35
38 39
39 41
41
45
51 52 53
52 53 54
53 54 55
54 55 56
55 56 57
56 57
57 59
59 60 61
60 61 62
61 62
62
65 66
66
72 73
73 75
75
78
81 83
83 84
84
90
93 94
94 96
96
100 101
101
105 107
107
111
115 116
116
120 121
121 123
123 125 707 887
125 126
126
131 133
133 134
134
137 138 139
138 139
139
143 145
145 146
146
149 151
151 153
153
157 159
159
165 167
167 169
169 171
171 172
172
176 178
178 179
179
183
186 187 188
187 188
188
191 192
192 194
194 195 196
195 196
196
199 200
200 202
202 203 204
203 204
204 206
206
209 210 211
210 211
211
217
220 221
221 223
223
229 230
230 232
232 234
234 236
236 237
237
240 242
242 243
243 245
245
249 251
251 252 253
252 253 254
253 254 255
254 255
255 257
257 258
258 260
260 262
262 263
263 265
265
268
272
275
278 280
280 281
281
286 287 288
287 288
288
291
295 296
296
299
305
311 313
313
317
325 327
327
330
334 335 336
335 336 337
336 337 338
337 338
338
341 342
342 344
344 345
345
352 353
353
358
361 362
362 364
364
367
371 372
372 374
374 376
376
379
382
385 387
387 388 389
388 389
389 391
391 392
392 394
394
411 413
413 415
415 416 417
416 417
417
422 423
423
426 428
428
433 435
435
441
444 446
446
451
454
458 460
460
465 466
466
473 475
475
479 480
480
486 487
487 489
489 491
491 492 493
492 493 494
493 494
494
499
503 504 505
504 505
505
508
511 512
512 514
514
518 520
520 521
521
526
530
533 535
535 536
536
539 540
540
544 546
546 547 548
547 548 549
548 549
549
558
561 563
563 564 565
564 565 566
565 566
566
569 570
570
574
577 579
579 972
585
590 591 592
591 592
592
595
599
605 606 607
606 607 608
607 608
608 610
610
613 614 615
614 615 616
615 616 617
616 617
617
620 621 622
621 622
622 623
623
631 632
632
635
644 645
645
650 651
651
656 657
657 659
659 661
661 662
662 664
664 666
666
670 671
671
678 679 680
679 680
680
690 692
692 694
694 695 696
695 696
696 698
698
703 704
704 706
706 707 708
707 708
708 709 710
709 710
710
716 718
718
722 723
723 725
725 726 727
726 727 728
727 728 729
728 729
729 731
731 732 733
732 733 734
733 734
734 736
736 737
737 739
739
747
750 752
752
757 758 759
758 759
759
764 765 766
765 766 767
766 767 768
767 768 769
768 769 770
769 770 771
770 771
771 773
773 775
775 776
776
781 782 783
782 783 784
783 784 785
784 785 786
785 786
786
790 791
791 793
793
796 798
798 799
799
802 803 804
803 804 805
804 805 806
805 806
806 808
808
812 814
814
819 820
820
827
833 834 835
834 835 836
835 836 918
836 838
838
848 850
850 852
852 854
854
857 858 859
858 859
859 861
861 863
863 864
864
867 868 869
868 869
869 871
871 873
873 874 875
874 875
875
878 879
879 881
881 883
883
887
891 892
892 894
894 895 896
895 896
896
900 901
901
908 909
909 911
911
916 918
918 919 920
919 920 921
920 921 922
921 922
922 924
924 925 926
925 926
926
930 932
932 933
933 935
935
941
945 946
946
951
954 956
956 958
958 959
959
962 963
963
966
969 970 971
970 971 972
971 972
972 974
974 975 976
975 976
976
981 982
982 984
984
989 990 991
990 991
991
997 998
998
