#naive2.0.py
# GMT Fri Feb 14 13:34:29 2020
# 
2
5
8
11 13
13 14
14 16
16 18
18
24 25 26
25 26
26 28
28 29
29 31
31
35 36 37
36 37 38
37 38
38
41
47 48 49
48 49
49
52 53
53 55
55
59 60 61
60 61
61 63
63
67 68
68 70
70 71 72
71 72
72
75
78
83
86 87 88
87 88
88 90
90 91
91
96
99 101
101 102
102 104
104 106
106 108
108 109
109
112 113
113 115
115
118 119
119
122 123
123 887
126 127
127 129
129
136 137
137
141 142
142
145
148 150
150
156
161
164 166
166 168
168
173 174
174 176
176
183
184 186
186 187 188
187 188
188 190
190 191 192
191 192
192
199 200 201
200 201 202
201 202
202
206 208
208 210
210 212
212 214
214
217 218
218
222
225 227
227
230
233
236
242
247 248
248
251 252 253
252 253 254
253 254
254
258 259
259 261
261 262 263
262 263 264
263 264
264 266
266 267 268 621
267 268 269
268 269
269 271
271
274 275
275 277
277
280 281 282
281 282
282 284
284 286
286 287
287 289
289
293
297
311 312
312
315 317
317 318 319
318 319 320
319 320
320 322
322 323
323 325
325 327
327
331 332 333
332 333 334
333 334 335
334 335 336
335 336
336 338
338 340
340
343 344 345
344 345
345
348 350
350 352
352
355 356
356 358
358
362 363 364
363 364
364 366
366
369
377 378 379
378 379 380
379 380 381
380 381
381 383
383
386
389
392 394
394
398
402 404
404 406
406
411 412 413
412 413 414
413 414
414 416
416
419 420
420
423 424 425
424 425 426
425 426
426
431 433
433
436
442
448
454 455 456
455 456
456
459
463 465
465
473 475
475 477
477 478 479
478 479
479
483 485
485 487
487
490
500 502
502 503 504
503 504
504
507 508
508 510
510 511 512
511 512
512
515
519 520 521
520 521 522
521 552
522 524
524 525 526
525 526 527
526 527
527
531 532
532
536 538
538
541
544 546
546
552
556 558
558 560
560 561
561 563
563
567 568
568
571 572
572 574
574
577 578
578 580
580 582
582 584
584
587
591 592 593
592 593 594
593 594 595
594 595 596
595 596
596 598
598 599
599 601
601 603
603 604 605
604 605 606
605 606
606 608
608 609 610
609 610 611
610 611 612
611 612
612
617 618
618
621 622
622 624
624 625 626
625 626 627
626 627
627 629
629 631
631 633
633 634
634 636
636 637
637 638 639
638 639 640
639 640 641
640 641
641 643
643
646 647
647 649
649 651
651 653
653
656 658
658 659 660
659 660 661
660 661 662
661 662
662
665
670 671 672
671 672
672
676 677 678
677 678 679
678 679 680
679 680 681
680 681
681
685 687
687 688 689
688 689
689
693 694
694 696
696 697 698
697 698 699
698 699
699 701
701 702
702 704
704
708 709 710
709 710 711
710 711 712
711 712 713
712 713 714
713 714 715
714 715 716
715 716
716
722 723
723
726 727
727
730 731
731
734 735
735
738 740
740 741 742
741 742 743
742 743
743 951
751 753
753 754 755
754 755 756
755 756
756
761 762
762 764
764
767 768 769
768 769
769 771
771 772 773
772 773
773
783 784 785
784 785
785
789 790
790
793
798
803 804 805
804 805 806
805 806 807
806 807 808
807 808 809
808 809
809
816
823 824
824 826
826 827 828
827 828
828
831 833
833
836
840 841
841 843
843 844 845
844 845
845 847
847
857 859
859 860
860 862
862
867 937
872 874
874 876
876 877
877
883 884
884 886
886 887
887
892 893 894
893 894
894 896
896 897 898
897 898
898 900
900 902
902 903
903
906 908
908 909
909 911
911 912 913
912 913
913
917 919
919
922
929 931
931 932 933
932 933 934
933 934
934 936
936 937
937
942 943 944
943 944
944
948
951 952 953
952 953 954
953 954 955
954 955
955 957
957 959
959 960
960
965 967
967
970 971
971
974
978 979
979 981
981 982
982
986 987 988
987 988 989
988 989 990
989 990
990
993 994
994 996
996
999
