#naive2.0.py
# GMT Fri Feb 14 13:34:36 2020
# 
0 999 998
3 4 5
4 5
5
8 9
9
12 14
14
17 18 19
18 19 20
19 20
20 22
22 23
23
27 29
29
34 36
36 38
38
41 42
42 44
44
47 48
48 50
50
54 56
56
59 60
60 62
62
65 66 67
66 67
67 69
69 70 71
70 71 72
71 72 73
72 73
73
78 79
79
84 85 86
85 86 87
86 87 88
87 88 89
88 89
89
92
96
100
103 104 105
104 105 106
105 106 107
106 107
107 109
109 111
111 112
112 114
114 116
116 117 118
117 118
118
124 125 126
125 126 127
126 127 128
127 128
128
133 134
134 136
136
140
143 144
144 146
146
149
157 159
159 160 161
160 161
161
165 166 167
166 167 168
167 168 169
168 169 170
169 170
170 172
172 174
174
179 180
180
184
188 190
190 191
191 193
193
197 199
199
204 205
205 207
207 209
209
212 213 214
213 214
214
218 219 220
219 220
220
225 226
226
230 231 232
231 232 233
232 233 234
233 234 235
234 235 236
235 237
236 237
237 239
239
244 245
245 247
247 249
249 251
251 252
252
257 259
259 261
261 262
262
265
268 269 270
269 270
270
274 275
275
280
283 285
285
291 293
293
297 298 299
298 299
299 301
301
306
309 311
311 313
313
321 323
323 324
324
329
333 335
335
339 341
341 343
343 344
344
347 348
348
351 352
352
357 358
358 360
360 361
361 363
363
366 367
367
377
381 382 383
382 383
383
386 388
388
398
401 403
403 405
405 406
406 408
408
411 413
413 414 415
414 415 416
415 416 417
416 417
417
420 422
422 424
424
429
433
437 439
439 441
441
445 447
447 448
448
463 464 465
464 465 466
465 466 467
466 467 468
467 468 469
468 469 470
469 470 471
470 471
471
482 483 484
483 484
484 486
486 488
488
493 495
495 497
497 498
498
503
508 510
510 512
512 513 514
513 514
514
518
523 524
524
527
530 531
531
534 535
535
540 542
542
546 548
548 549 550
549 550
550 552
552 554
554 555
555 557
557 558
558
561 562 563
562 563 564
563 564
564 566
566 567 568
567 568
568 570
570
573 574 575
574 575 576
575 576
576 578
578 580
580 581
581
584
597 598
598 600
600 602
602 603 604
603 604
604
607 609
609 610
610 612
612
615 616
616 618
618
621
623 624 625
624 625 626
625 626 627
626 627
627
636
642 643 644
643 644 645
644 645 646
645 646 647
646 647
647
650 652
652 653 654
653 654
654 656
656
660 661
661 663
663 665
665 666
666 668
668
671 672 673
672 673 674
673 674 675
674 675
675
679
685 687
687 688
688 690
690 691
691
694 695
695 697
697 698 699
698 699 700
699 700 701
700 701 702
701 702
702
706 707
707
711 713
713
716 718
718
721 722
722
731
736
739
743 744
744
752 753 754
753 754
754 756
756 758
758
764
767 768
768 770
770
773 774 775
774 775
775 777
777 778 779
778 779
779
784 785
785 787
787
790 792
792
795 796 797
796 797 798
797 798 799
798 799
799
802 803 804
803 804
804 806
806 807
807
810 811 812
811 812 813
812 813 814
813 814
814
817 819
819 821
821 822
822 824
824 826
826 827
827 829
829 830
830
835
837
840 842
842 844
844 845 846
845 846 847
846 847 848
847 848 849
848 849
849 851
851 852
852
855 856 857
856 857 858
857 858
858
863 865
865 866
866
869 871
871 872 873
872 873 874
873 874 875
874 875 876
875 876
876 878
878
881 883
883 885
885 887
887 888
888 889 890
889 890
890
894 895
895 897
897 899
899
903 905
905
909 910
910 912
912 913
913
916
919 920 921
920 921 922
921 922
922
925 926 927
926 927
927 929
929 930
930 932
932 934
934
938 939 940
939 940 941
940 941
941
946 947 948
947 948 949
948 949
949
957 958 959
958 959 960
959 960 961
960 961
961 963
963
969 970
970 972
972
975
981 983
983 984 985
984 985 986
985 986
986
990 992
992 994
994 995 996
995 996
996 998
998 999
999
