#naive2.0.py
# GMT Fri Feb 14 13:34:30 2020
# 
3 4
4
6 7
7
11 12
12
15 16
16
23 24
24 26
26 27
27 29
29 30
30 32
32 33 34
33 34
34 36
36 38
38
41 42 43
42 43 44
43 44
44
48 49 50
49 50 51
50 51 52
51 52 53
52 53 54
53 54
54 56
56 58
58 59
59 61
61 62
62
69 70 71
70 71
71
74
77
80
83 84 85
84 85
85 87
87
90 92
92
96
101 103
103 104
104 106
106
109 110
110 112
112
116 117 118
117 118 119
118 119
119 121
121 123
123 125
125 127
127 128 129
128 129
129
133
138 139
139
142 143
143
146 147 148
147 148
148
153 154 155
154 155 156
155 156
156
159 160
160
164 166
166
169 170
170
177 178 179
178 179
179
185 186
186 188
188
193 194 195
194 195 196
195 196
196
199 200 201
200 201 202
201 202 203
202 203 204
203 204
204
209
212 214
214 216
216 217 218
217 218
218
222 224
224 225
225 227
227 229
229 230
230 232
232 234
234 235
235
243
246 247
247
250 251
251
254 255
255
259 261
261 262
262 264
264 265 266
265 266
266 268 621
268 269
269 271
271 272 273
272 273 274
273 274 275
274 275 276
275 276
276
279 280 281
280 281 282
281 282 283
282 283
283 285
285 286 287
286 287 288
287 288
288 290
290 291
291
299
303
308 310
310 312
312 313 314
313 314
314 316
316 317
317
320 321 322
321 322 323
322 323 324
323 324
324
327
332 333
333
337
340
343 344 345
344 345 346
345 346
346 348
348 350
350 351
351 353
353 355
355 356
356 358
358
364 365
365 367
367 368 369
368 369
369 371
371 373
373
377
380 382
382 383 384
383 384
384
387 388 389
388 389 390
389 390 391
390 391
391
394 396
396 398
398 400
400
403 405
405
409
412 414
414
421
425
430 431
431
434 435
435
438 440
440
444 445
445
449 450
450
454 455
455
458 460
460 462
462 463 464
463 464
464 466
466 467
467 469
469
472 473
473
478
481 482 483
482 483
483
487 488 489
488 489
489 491
491 493
493 494
494
498
501 502
502 504
504 506
506
509
512 513
513 515
515 516
516
519
527 528 529
528 529
529
532
537
540
543 545
545
552 553 554
553 554 555
554 555
555
559
562 563 564
563 564 565
564 565
565 567
567
573
576 577
577 579
579 972
580
583 584 585
584 585
585
588
591 593
593
600 601 602
601 602
602
607 609
609 611
611 612 613
612 613 614
613 614
614
618
621 622
622 624
624
627 628
628 630
630 632
632 633 634
633 634
634
637 638 639
638 639
639 641
641 643
643
648 649
649 651
651
655 656
656 683
661
664 665 666
665 666 667
666 667 668
667 668
668
676 677
677
680
683
685
690
693
696
699 700 701
700 701
701
704 705 706
705 706
706
709
713 714 715
714 715
715 717
717 719
719 720
720 722
722 724
724 726
726 727 728
727 728 729
728 729 730
729 730
730 732
732 734
734
740 741
741
747 748
748
752
755 756
756
760
763 764 765
764 765
765
769 770
770
774 775
775
782 783 784
783 784 785
784 785
785
789 790
790 792
792
799 800
800
808 809
809
812
816 817
817 819
819
822 823 824
823 824
824
830 831 832
831 832
832
838 839 840
839 840
840
845
848 850
850
854 855 856
855 856
856
859
863 865
865 866
866
869 871
871 872 873
872 873 874
873 874
874 876
876 877
877 879
879
883 884 885
884 885 886
885 886
886
889
895 896 897
896 897
897
900 902
902 903 904
903 904 905
904 905 906
905 906
906 908
908 909
909 911
911 912
912
915
918 919
919
922 923 924
923 924 925
924 925
925
931 932
932
936 937
937
940
945 946 947
946 947
947 949
949 950 951
950 951
951
954 956
956 958
958 959
959
963 964 965
964 965
965 967
967 968
968 970
970 972
972 974
974 975
975 977
977
982 983 984
983 984
984 986
986
989 991
991 992
992 994
994 995
995
999
