#naive2.0.py
# GMT Fri Feb 14 13:34:35 2020
# 
2 3
3
6 7
7 9
9 10 11
10 11 12
11 12
12
15 16 17
16 17 18
17 18
18
21 23
23
27 28
28
35 36 37
36 37
37
40 42
42 44
44 45
45 47
47 48
48 50
50 52
52 54
54 55 56
55 56 57
56 57
57
68 69
69 71
71 73
73 74
74 76
76 77
77 79
79
83 85
85 86
86 88
88 89 90
89 90 91
90 91 92
91 92
92 94
94
104 105
105
113
116 118
118 119 120
119 120 121
120 121
121 123
123 124 707
124 126
126 127
127
135 136
136
141
146 147 148
147 148 149
148 149
149
152 154
154 156
156 158
158 159
159 161
161
164 166
166
169 171
171 173
173
176 177
177 179
179
182 184
184
187 188
188 190
190
193 195
195 197
197 198 199
198 199 200
199 200 201
200 201 202
201 202
202
205 206
206
210 211 212
211 212 213
212 213
213 215
215 216
216 218
218
221
222 224
224 226
226 227
227 229
229 230 231
230 231 232
231 232 233
232 233 234
233 234 235
234 235
235 237
237 239
239
245 247
247
250 252
252 253
253 255
255 257
257
260 262
262
267 269
269 271
271
274 276
276 277
277
280 282
282 283 284
283 284
284
287 288
288
291 293
293 294
294 296
296 297
297 299
299 301
301 302 303
302 303
303 305
305 307
307 309
309 311
311 312 313
312 313
313
316 317 318
317 318
318 320
320 322
322 323 324
323 324
324 326
326
329 330
330
339 341
341 342
342 344
344 345 346
345 346 347
346 347 348
347 348 349
348 349
349
353 354 355
354 355
355
361 362
362 364
364
367 368
368 370
370
374
378 380
380
384 385
385 387
387
391 392 393
392 393
393
397
401 402 403
402 403 404
403 404
404 406
406
409 410
410
413 414
414 416
416 418
418
423 425
425
428 430
430 431 432
431 432 433
432 433
433
438
442 443
443 445
445 446
446 448
448
451 453
453 454 455
454 455
455
458 459 460
459 460 461
460 461
461 463
463
467 468 469
468 469
469 471
471 473
473 475
475
480
484
487 489
489
492 494
494
497 498
498
502
506 507 508
507 508
508 510
510 511
511 513
513
516 518
518 519 520
519 520 521
520 521 522
521 523 552
522 523 524
523 524
524 526
526 527 528
527 528 529
528 529 530
529 530
530
534 535 536
535 536
536
539
543
546
552 553 554
553 554 555
554 555 556
555 556 557
556 557
557
561 562
562 564
564 565 566
565 566
566
569
573
578
583 584 585
584 585
585 587
587 589
589 591
591 592 593
592 593 594
593 594
594
600
607
611 612
612 614
614 615
615
620 621
621
635
641 642 643
642 643 644
643 644
644 646
646 647
647
650 651 652
651 652 653
652 653 654
653 654 655
654 655
655
660
663 664
664 666
666
670 671
671
677
682
687
690 692
692
695 696 697
696 697
697 699
699
702 703
703
706 707
707
709 711
711 713
713
716 718
718 720
720 721
721
726 727
727
734
738 740
740 741 742
741 742 743
742 743
743 951
745 746 747
746 747
747 749
749 751
751 752
752 754
754 755
755 757
757 759
759 760 761
760 761
761
764 765
765
768
771
775
778
781 782 783
782 783
783
788
791 792
792 794
794
799 800
800 802
802 803
803 805
805
809 810 811
810 811
811
814 815 816
815 816 817
816 817
817
820
825 827
827 828 829
828 829 830
829 830 831
830 831
831 833
833 834
834 836
836
839 840
840
843
851
854 855 856
855 856
856 858
858 859 860
859 860 861
860 861 862
861 862
862
865 867
867 869
869 871
871 872
872
877 879
879 880
880 882
882 883
883
886
889 890
890
894
897
900 901 902
901 902 903
902 903
903 905
905 907
907 908
908 910
910 911 912
911 912 913
912 913
913 915
915
919 920
920
925
930 931 932
931 932
932 934
934 936
936
940 942
942 943 944
943 944 945
944 945 946
945 946
946 948
948 949
949 951
951 953
953
956 958
958
963 964 965
964 965
965 967
967 969
969 970
970
974 975
975
978 979
979 981
981
984
987 989
989 990 991
990 991
991
994 996
996
