#naive2.0.py
# GMT Fri Feb 14 13:34:33 2020
# 
0 1 999 998
1 999
4 5 868
5 6
6 8
8 9
9
18 19
19
23 24
24
28 30
30 32
32 33 34
33 34
34
38 39
39 41
41 42 43
42 43
43 45
45 47
47 48
48 50
50 51
51
55 57
57
60 61
61 63
63
66 67
67 69
69
72 74
74
77 79
79
87 89
89 90
90 92
92 93
93
98
102
105
108
114 115
115
119 120 121
120 121
121
124
130
133 134 135
134 135 136
135 136 137
136 137 138
137 138
138 140
140 141
141
144 145
145 147
147 149
149 150 151
150 151 152
151 152 153
152 153 154
153 154
154 156
156 157 158
157 158 159
158 159
159
164 165
165
168 169
169 171
171
175
179
182 183 184
183 811
184
188
191 192 193
192 193
193 195
195
198 199
199
202
208 210
210
213 214 215
214 215 216
215 216
216
221 735
224 226
226 227
227 229
229 230 231
230 231
231
234
237 238 239
238 239 240
239 240 241
240 241 242
241 242 243
242 243
243 245
245 246
246
251 252 253
252 253 254
253 254
254
257 259
259
262 263 264
263 264 265
264 265
265
268 269
269
273 275
275 276 277
276 277 278
277 278 279
278 279 280
279 280 281
280 281 282
281 282 283
282 283 284
283 284
284
287 289
289 291
291 292 293
292 293 294
293 294
294 296
296 298
298 299 300
299 300 301
300 301 302
301 302 303
302 303
303
307 308
308
314 316
316
320 321 322
321 322
322
325 327
327
332 333
333
336
339 340
340
343 344 345
344 345 346
345 346 347
346 347
347 349
349 351
351 352 353
352 353 354
353 354 355
354 355
355 357
357
361 363
363
366 367
367 369
369 370 371
370 371 372
371 372 373
372 373
373 375
375 376 377
376 377
377
381 383
383 385
385 387
387
394 395
395 397
397
401
404
408 409 410
409 410 411
410 411
411 413
413 414 415
414 415
415 417
417 419
419 420
420
427 428
428 430
430 431
431 433
433 434
434 436
436
438 440
440
444 445 446
445 446
446 448
448 449 450
449 450 451
450 451
451
456 457
457
461 463
463 465
465 466
466
470 471
471
475 476 477
476 477
477 479
479 481
481
489
495
504
507 508 509
508 509
509
513 515
515 517
517
521
525 526
526
532 534
534 536
536 537 538
537 538
538
545 547
547 548 549
548 549 550
549 550 551
550 551
551 553
553 554 555
554 555
555
562 564
564 566
566 567 568
567 568
568
571 573
573
576 577 578
577 578
578 580
580 581 582
581 582 583
582 583
583 585
585 586
586 588
588 589
589 591
591 592
592
595
598 600
600 602
602 604
604
607
611 612
612
615
618 620
620 621 622
621 622
622 624
624
629
632 634
634 636
636
639 640 641
640 641
641
644 645 646
645 646 647
646 647
647
651 653
653
656
659 660
660
663 664
664
668
672
679 680 681
680 681
681
685
688 689
689
693 694 695
694 695
695
698 700
700 701 702
701 702
702
705 706
706 708
708
711 713
713 714
714 716
716 718
718 720
720 722
722
725 726 727
726 727 728
727 728
728
733 735
735 736
736 738
738 739 740
739 740
740 742
742 743
743
745 746
746 748
748 749
749
752 754
754 755 756
755 756
756 758
758 760
760 762
762 763 764
763 764
764
770
773
777 779
779
783 785
785 786
786
791
798 800
800 801 802
801 802
802
811 812
812
815 816 817
816 817
817
821 822
822
825 827
827 829
829 831
831 833
833 835
835 836
836 837 838
837 838 839
838 839 840
839 840
840
843 845
845 846
846 848
848 849
849 851
851
854
857 858 859
858 859
859
862 863
863
866 867 868
867 868 869
868 869 870
869 870
870
873 874
874
878 880
880 881
881
885 886 887
886 887
887
889 890
890
894
897 899
899 901
901 902 903
902 903
903
906 907 908
907 908
908 910
910 911
911 913
913 915
915 916 917
916 917
917
921 923
923 924
924
929 930
930
936 938
938
941
946 948
948
952 954
954 955 956
955 956 957
956 957 958
957 958 959
958 959 960
959 960 961
960 961
961 963
963 965
965 966
966
969 970
970
975 977
977
984 986
986 988
988 989
989
994
997 998 999
998 999
999
