#naive2.0.py
# GMT Fri Feb 14 13:34:35 2020
# 
0 999 2 998
2 3 4
3 4 5
4 5
5 7
7 8
8 10
10 11
11
14 15 16
15 16
16
20 21
21
24 25 26
25 26 27
26 27 28
27 28 29
28 29
29
33
36
42
46
49 50 51
50 51
51 53
53
63 64
64
67 69
69 70 71
70 71 72
71 72
72 74
74
79 80 81
80 81
81 83
83 84
84
89 90 91
90 91
91 93
93 95
95 96 585
96 98
98 99
99
103 104 105
104 105
105
110 111
111 113
113
116
119 120
120 122
122 124
124
129
132
135
139 141
141 143
143 145
145 146 147
146 147 148
147 148
148
155 156
156
159 161
161 162
162
174 176
176 177
177 179
179 180 181
180 181 182
181 182
182
185 186
186 188
188
195 197
197
200
208 209 210
209 210 211
210 211 212
211 212 213
212 213 214
213 214
214
218 220
220
224 225
225
229 230 231
230 231
231
234 235 236
235
236 238
238
244
247 248 249
248 249
249
252
255 257
257
264
267 268
268 270
270
273
278 280
280
286 287 288
287 288
288 290
290
296
300
303 304
304 306
306 308
308 309 310
309 310
310 312
312 313 314
313 314
314
317 318
318 320
320 321
321 323
323
328 330
330
333 334
334
337 338 339
338 339 340
339 340
340 342
342 343
343 345
345 346
346
350
353
356 357
357
360 362
362 364
364
370 372
372 374
374 375
375 377
377
380
383 384
384
387 388 389
388 389
389
392 393 394
393 394 395
394 395
395
398
401 402
402
405 407
407
410 411
411 413
413
419 420 421
420 421
421
424 425
425
431 433
433
436 437
437
440
444 446
446 447 448
447 448
448
452 454
454 455 456
455 456
456
461
464 465 466
465 466 467
466 467 468
467 468
468 470
470 471 472
471 472
472
476 477 478
477 478
478 480
480 481 482
481 482 483
482 483 484
483 484 485
484 485 486
485 486 487
486 487
487
494 496
496
502
505 506
506
509
514 515 516
515 516
516
519 520 521
520 521
521 523
523 524
524
528 529
529
532
535 536
536
540 541
541 543
543
546 548
548 550
550
556 557 558
557 558
558 560
560 561
561 563
563 565
565 567
567
573 575
575
578 579 580
579 972
580
583 584 585
584 585 586
585 586 587
586 587 588
587 588
588
593 594
594
597 598
598
601
607 609
609 610
610 612
612 613 614
613 614 615
614 615 616
615 616
616
619
622
627
630
633 634 635
634 635 636
635 636 637
636 637
637 638
638 640
640 641 642
641 642
642
646 647 648
647 648
648 650
650 651 652
651 652 653
652 653
653 655
655 657
657
661 662
662
667
673
678
681 682
682
685 686
686 688
688
691 693
693 695
695
698 699 700
699 700 701
700 701
701 703
703 704
704
710
714 715
715
720 721 722
721 722 723
722 723
723
730 731
731
734
739 740
740 742
742 743 744
743 744
744 746
746 747 748
747 748 749
748 749
749
753
758 759 760
759 760 761
760 761 762
761 762 763
762 763 764
763 764 765
764 765 766
765 766 767
766 767 768
767 768
768 770
770 771
771 773
773 775
775 777
777 778 779
778 779 780
779 780 781
780 781 782
781 782
782
785
788
792 793 794
793 794 795
794 795 796
795 796 797
796 797
797
803
808 809 810
809 810
810
814 816
816 817 818
817 818
818 820
820 822
822 823
823
828 830
830 831 832
831 832 833
832 833 834
833 834 835
834 835 836
835 836 918
836 837 838
837 838
838
844
847 848
848
851
856 858
858
861
864
871 872
872 874
874
878 880
880 881
881
884 885
885
888 890
890 891
891 893
893 894
894 896
896
899 901
901 902
902 904
904
911 912
912 914
914 915 916
915 916
916 918
918 919
919 921
921 923
923 925
925 927
927 928 929
928 929
929 931
931 932
932 934
934
937 938
938 939 940
939 940
940 942
942 943
943 945
945 946 947
946 947 948
947 948 949
948 949 950
949 950
950 952
952
955 956
956 958
958
961
970 972
972 973
973 975
975
978
984 985
985
988 990
990 992
992 993 994
993 994 995
994 995
995
998 999
999
