#naive2.0.py
# GMT Fri Feb 14 13:34:31 2020
# 
0 1 999 2
1 2 999
2
5
14
18
24 25
25 27
27 28 29
28 29 30
29 30 31
30 31
31
35 37
37 39
39
42 43
43 45
45
49 50 51
50 51
51
54 55
55 57
57 59
59 60 61
60 61
61 63
63
73 74
74
78 79
79 81
81 83
83 84 85
84 85
85
89
96 97
97 99
99 100
100
103 104 105
104 105 106
105 106
106 108
108 109
109
112
115 116
116 118
118 119 120
119 120 121
120 121
121
124
127 128
128
131 133
133
140
147 149
149 150 151
150 151
151 153
153 154
154
162 163 164
163 164
164
167 168
168 170
170 172
172 174
174 176
176 177
177 179
179 181
181 183
183 185
185 187
187 188 189
188 189
189
192
195 196 197
196 197
197
201 202
202
205
212
215 216 217
216 217 218
217 218 219
218 219 220
219 220
220
226 227
227 229
229
232
235 582
238 239 240
239 240 241
240 241
241
244
247 248 249
248 249
249 251
251
254 255 256
255 256
256
259 260
260 262
262 264
264 266
266 268 621
268 270
270 272
272
275
278 279 280
279 280 281
280 281 282
281 282
282
289 290 291
290 291
291
294
298 299 300
299 300 301
300 301
301 303
303 305
305 307
307 308 309
308 309
309 311
311
315 316 317
316 317
317 319
319 320 321
320 321 322
321 322
322 324
324 325 326
325 326
326 328
328
337 338 339
338 339
339 341
341
344 345
345
348 350
350 352
352 353
353 355
355
360 362
362
365 366 367
366 367 368
367 368
368 370 436
370
374 375
375
378 379
379
385 386
386
389 390
390 392
392 393 394
393 394
394 396
396 397 398
397 398
398
401
404 405 406
405 406
406 408
408 409 410
409 410 411
410 411 412
411 412
412
415
418 419
419 421
421 422
422 424
424 425 426
425 426 427
426 427 428
427 428
428 430
430 431 432
431 432
432 434
434 435 436
435 436
436
440 441
441
445 447
447
459 461
461 463
463
467
470 471 472
471 472
472
475
479 480 481
480 481
481
484 485
485
490 491 492
491 492 493
492 493
493
497 498
498
502 503 504
503 504
504
507 508 509
508 509
509
512 514
514 516
516 517
517
523 525
525
529 530
530 531
531 533
533
540 542
542
545
549
555 556 557
556 557 558
557 558
558
564 566
566
570 571
571
574 575 576
575 576 577
576 577
577
580 582
582
589 590 591
590 591
591
597 598 599
598 599 600
599 600
600 602
602 603
603
611 612
612
617 618 619
618 619 620
619 620 621
620 621
621
623 625
625
629 630
630 632
632
635 636
636
638
641 642
642
645
649 650
650
654 655
655
660 662
662 664
664 666
666 667 668
667 668 669
668 669
669
674 675 676
675 676
676
680 681
681 683
683
692 693
693 695
695 696 697
696 697
697
702 703 704
703 704
704 706
706 708
708
712 713 714
713 714 715
714 715 716
715 716
716
722 723
723
727
730 731 732
731 732 733
732 733
733
736 737
737
740
746 748
748
751
754
759 760 761
760 761 762
761 762
762
765
768 769 770
769 770
770 772
772
776 778
778 779
779
785
795 796 797
796 797 798
797 798 799
798 799 800
799 800 801
800 801
801 803
803
807 808
808 810
810
814
824 825
825 827
827 829
829 830
830 832
832
836 837 838
837 838 839
838 839
839 841
841 842
842
847
850 851
851
854 856
856 858
858 859 860
859 860 861
860 861
861
865
868
874
878
881 882
882 884
884
887 888
888
894 896
896 898
898 900
900 901 902
901 902 903
902 903 904
903 904
904 906
906 907
907 909
909
913
916
922 923 924
923 924 925
924 925
925 927
927 929
929 930 931
930 931 932
931 932
932 934
934 935
935 937
937
939
943 944
944
947 948
948 950
950 951
951 953
953 955
955 957
957 958
958
961 962
962 964
964 965
965
975 977
977 978
978
981 982 983
982 983
983
987 988
988
991 993
993 994 995
994 995 996
995 996
996
999
