#naive2.0.py
# GMT Fri Feb 14 13:34:35 2020
# 
4 5 868
5 6
6 8
8 9
9
12
16 17 18
17 18 19
18 19 20
19 20 21
20 21
21
24 25
25
29 30 31
30 31
31 33
33 34
34
37 39
39 41
41 42
42 44
44 46
46 47 48
47 48
48
52 54
54
57
61 63
63 65
65
70
73
76 78
78 79 80
79 80
80
83
86 87
87
91 92
92 94
94 95
95 585
98 99
99 101
101
104
107 108 109
108 109
109
112 114
114 115
115 117
117 119
119
122
125 126 127
126 127 128
127 128
128
132 133
133 135
135 137
137 138
138 140
140 141
141
144
147 149
149
153
159 160 161
160 161 162
161 162
162
165
173 174
174 176
176 177
177
180 181 182
181 182 183
182 183 184
183
184 186
186
195
198
202 204
204
207
211 212
212
216 217 218
217 218 219
218 219
219 221
221
222 224
224 225
225 227
227
230 232
232 233
233
236 237 238
237 238
238 240
240 242
242
246 248
248 250
250 251
251
254
259
263 264
264 266
266 267 268
267 268 269
268 269
269 271
271 273
273 274 275
274 275 276
275 276
276
279 281
281 282 283
282 283
283
288 290
290
296
300 302
302 303
303
308 310
310 311
311
318 319
319
322
325 327
327
331 332
332 334
334 335
335 337
337
342 343 344
343 344 345
344 345 346
345 346
346 348
348 349 350
349 350
350
353 354
354 356
356 357
357 359
359 361
361 363
363 365
365 366
366 368
368 369 370 436
369 370
370
377 378
378 380
380
384
387 388
388 390
390 391 392
391 392 393
392 393 394
393 394
394 396
396 398
398
402 403
403
406 408
408 410
410 411
411 413
413 415
415 416 417
416 417 418
417 418
418
422 423 424
423 424
424 426
426 427 428
427 428 429
428 429 430
429 430 431
430 431 432
431 432
432 434
434 436
436
440 442
442 443
443
447 448 449
448 449
449
453
457 458
458 460
460 462
462
468
471 472 473
472 473 474
473 474 475
474 475 476
475 476 477
476 477 478
477 478
478 480
480
483 484 485
484 485
485
488 489
489
492 494
494 496
496 497
497 499
499 500
500
503 505
505 507
507 509
509 510
510
513
516 518
518 519 520
519 520 521
520 521 522
521 552
522
528 530
530 531
531 533
533
541
544
552 553
553 555
555 557
557 559
559
563 564
564
567 568
568 570
570
573
576 577 578
577 578 579
578 579
579 581 972
581
584 585 586
585 586
586 588
588
591 593
593
596 597
597
606
610
613 614
614 616
616 617 618
617 618 619
618 619
619
623
630 631 632
631 632
632 634
634
643 644
644
647 648
648 650
650
654 656
656
661 662
662
665 666
666 668
668 669
669 671
671 672 673
672 673
673 675
675
678 679
679 681
681 682
682 684
684 685
685 687
687
691 693
693 694 695
694 695
695
698
701 703
703 704
704
708 709 710
709 710
710 712
712 714
714 715 716
715 716
716
721 722
722
725 726
726 728
728
731 732 733
732 733 734
733 734
734 736
736 738
738 739 740
739 740 741
740 741 742
741 742 743
742 743 744
743 744 951
744 745 746
745 746 747
746 747
747
752
755 756
756 758
758
761 762 763
762 763 764
763 764
764 766
766
772
776 777 778
777 778 779
778 779
779 781
781
787 789
789 790
790
794
799 800
800
804
807 809
809
814 815
815
820
824 826
826 828
828 830
830
833 834
834
837 838
838
842 843 844
843 844
844 846
846
851 852
852 854
854
858 860
860 861 862
861 862 863
862 863 864
863 864 865
864 865 866
865 866 867
866 867 868
867 868 869 937
868 869
869
872
878 879 880
879 880
880 882
882 883
883
889 890 891
890 891
891
898 900
900 902
902 904
904 906
906
912
916 918
918 920
920
925 926 927
926 927
927
931
934 935 936
935 936 937
936 937
937
939 941
941 943
943
946
950 951
951
955 957
957 958 959
958 959
959
962
966 968
968 969 970
969 970
970 972
972
977 978
978
981 982
982 984
984 985
985 987
987 988 989
988 989 990
989 990
990 992
992
997 999
999
