#naive2.0.py
# GMT Fri Feb 14 13:34:36 2020
# 
3 4 5
4 5 868
5
10
14
21
25 26
26
30 32
32 33
33 35
35 37
37 39
39 41
41 42 43
42 43 44
43 44 45
44 45 46
45 46 47
46 47
47
51 53
53 54
54
57 58 59
58 59
59
63 65
65 67
67 69
69
72 73
73
77
80 82
82 84
84 85 86
85 86
86 88
88
92
96
99 101
101 103
103
106
112 113
113 115
115 117
117 118
118
122 124
124 126
126
130
133 135
135 137
137 138 139
138 139 140
139 140 141
140 141 142
141 142
142 144
144 145 146
145 146 147
146 147
147
151 153
153 154
154
161 162
162 164
164 165
165 167
167 168
168
172
178
181 183
183
186
191 192
192
203 205
205
209
212 214
214 216
216 217
217
221 223
223
224
227 228 229
228 229 230
229 230 231
230 231
231 233
233 234 235
234 235
235 582
238
241 242
242 244
244 245 246
245 246 247
246 247 248
247 248
248 250
250 251 252
251 252
252
256
260
266
269
275 276
276 278
278 279 280
279 280
280
284 286
286 288
288 289
289 291
291 293
293 294 295
294 295
295 297
297 299
299
306 307 308
307 308
308 310
310
313 314
314 316
316
319 321
321
325
329 330
330
336 338
338 340
340
344
347
351
354 355
355
359 361
361 362
362
365 366
366
369 370
370
373 374 375
374 375
375
379 381
381
384 385
385 387
387 388
388 390
390
393 395
395 396
396
399 400
400 402
402
405 406
406 408
408
413
416 418
418
421 422 423
422 423
423 425
425 427
427
433 435
435
438 439 440
439 440
440
443 444 445
444 445
445
449
455 456
456
459 460
460
463 464 465
464 465
465 467
467
470
474 475 476
475 476
476
483 485
485 486
486
489 491
491
494
497 499
499 500 501
500 501 502
501 502
502
506
509
513 514
514 516
516 517 518
517 518 519
518 519 520
519 520
520
523 524
524 526
526 527 528
527 528
528
535 536
536 538
538 540
540 541 542
541 542 543
542 543
543 545
545 546 547
546 547
547 549
549
552
555 557
557
560
564 565
565 567
567 568
568
572 573 574
573 574
574
578
581 582
582 584
584 585 586
585 586
586 588
588
591 592
592
595 596
596 598
598 599 600
599 600
600
603 605
605 606
606
612
615 616 617
616 617
617 619
619 620
620 622
622 623
623
626
632 633 634
633 634
634
637 639
639
642
646 647 648
647 648
648 650
650
653 654
654
658 660
660
664 665
665 667
667 669
669 670
670
677 679
679 681
681 682 683
682 683
683
688
693 694
694 696
696 697 698
697 698 699
698 699
699 701
701 702 703
702 703 704
703 704 705
704 705 706
705 706
706
710 712
712
715 716 717
716 717 718
717 718 719
718 719
719
723 724
724 726
726 727
727
732
736
741
746 747 748
747 748 749
748 749 750
749 750
750
753 755
755
758
761 762
762 764
764 765
765 767
767 768
768
772 773
773 775
775 776
776 778
778 779
779
782
787 788 789
788 789
789
792
795
803 804
804
814 815 816
815 816 817
816 817
817 819
819 821
821 823
823
832 833 834
833 834 835
834 835
835
838 839 840
839 840
840
846 847
847 849
849 850
850
853 854
854 856
856
859 860 861
860 861
861
864
867 868 937
868 870
870 871
871
874 875
875
881
884 886
886 888
888
893
900 902
902
905
908 910
910 912
912 913 914
913 914 915
914 915
915
921
924 925
925 927
927
930
933 934 935
934 935
935 937
937 938
938
941 942
942
945 946 947
946 947
947 949
949
954 955 956
955 956
956
959
962 963
963 965
965 967
967 968
968
972
975 976 977
976 977
977 979
979 980
980 982
982
987 989
989 990 991
990 991
991
996 997 998
997 998 999
998 999
999
