#naive2.0.py
# GMT Fri Feb 14 13:34:31 2020
# 
0 998
4 868
6
10 12
12
15 16 17
16 17 18
17 18
18
23
26 28
28
31 32
32
38 40
40
44 46
46 47
47
52 53
53
57 58
58
64 66
66 67 68
67 68 69
68 69
69
73 74
74
80
84
87 89
89 91
91 92
92
96 97
97
105 106
106
110 112
112 113
113 115
115
118 120
120
124 125
125
131
134 135
135
138 139 140
139 140 141
140 141 142
141 142
142 144
144
147
150 151
151
154
157 159
159 161
161
168 169
169
173
177
180
184 185
185 187
187 189
189 190
190
193
196 197 198
197 198 199
198 199
199 201
201 202
202
208
212 213
213 215
215 217
217 218 219
218 219
219
222 223
223 225 429
225 226
226
229
233 234 235
234 235 236
235 237 582
236 237 238
237 238 239
238 239 240
239 240 241
240 241 242
241 242
242 244
244 245 246
245 246 247
246 247
247
251 252
252 254
254 256
256
265 266 267
266 267
267 269
269 270 271
270 271 272
271 272 273
272 273
273
276
281 282 283
282 283 284
283 284
284 286
286 287
287
294 296
296
301 302 303
302 303 304
303 304
304 306
306 308
308
311
314 316
316 317
317 319
319
323 324
324
327 328 329
328 329
329
333
339 341
341 343
343 344 345
344 345 346
345 346
346 348
348
352 353
353 355
355
358 360
360 362
362 363
363 365
365 366 367
366 367
367 369
369 370
370
373
376 377 378
377 378
378 380
380
384
391 392 393
392 393
393
398 399 400
399 400 401
400 401 402
401 402 403
402 403 404
403 404
404
410 411 412
411 412 413
412 413
413 415
415 417
417 418
418 420
420 421
421
424 426
426 427
427 429
429
433
437 439
439
442
445
449 450
450 452
452 453
453 455
455
462 463
463 465
465
469 471
471 473
473 474
474
477
483 484 485
484 485 486
485 486 487
486 487
487 489
489
495 496 497
496 497
497 499
499 500
500
503
506
510 511
511 513
513 514
514 516
516 517
517
521 523 552
523 524 525
524 525 526
525 526
526
531
540 541 542
541 542
542
545 546
546 548
548 549
549 551
551 552
552 554
554 556
556 558
558
563
566 567 568
567 568 569
568 569 570
569 570 571
570 571
571
575 576
576
582
585 586 587
586 587 588
587 588
588
591
596 598
598
601
604 605 606
605 606 607
606 607
607
610 611
611
615 616
616 618
618
624 626
626 627 628
627 628
628
631 632 633
632 633
633
637
641
645
649
653 654 655
654 655 656
655 656
656 658
658
661 662
662
667
670 671
671
675
678 679 680
679 680 681
680 681
681
685 686
686
689 690 691
690 691 692
691 692 693
692 693 694
693 694 695
694 695 696
695 696 697
696 697 698
697 698 699
698 699 700
699 700
700
705 706 707
706 707
707
712 713
713
717 718 719
718 719
719 721
721 722 723
722 723 724
723 724
724 726
726
729 730 731
730 731
731
737
741 742 743
742 743
743
745 747
747 748
748 750
750
753 755
755 756 757
756 757 758
757 758 759
758 759
759
762
765 766 767
766 767 768
767 768 769
768 769
769 771
771 773
773
778 780
780 781
781
786 787 788
787 788
788
792
795
807 808 809
808 809
809 811
811 812 813
812 813
813
816 817 818
817 818 819
818 819
819
822 824
824 825
825 827
827 828
828
831 832
832
835 836
836 837
837
841 842
842
850
855
859 860 861
860 861
861 863
863 864 865
864 865 866
865 866
866 868
868 869
869
872 874
874 875
875
879
884 885
885
888
892 894
894 895 896
895 896 897
896 897
897
904
909 910 911
910 911 912
911 912 913
912 913
913 915
915 916
916
919 921
921 922 923
922 923 924
923 924 925
924 925
925 927
927
930
933
938 939 940
939 940 941
940 941 942
941 942 943
942 943 944
943 944 945
944 945 946
945 946 947
946 947
947 949
949
956 958
958 959 960
959 960
960 962
962 963
963
966 968
968 970
970 972
972 973
973 975
975
978 979 980
979 980 981
980 981 982
981 982
982 984
984
988 989 990
989 990 991
990 991
991
994 995
995 997
997 998
998
