#naive2.0.py
# GMT Fri Feb 14 13:34:32 2020
# 
0 999 2
2 4
4 5
5 6
6 8
8 9 10
9 10 11
10 11
11 13
13
19 20
20 22
22
25 26
26 28
28 29
29
35 37
37 38
38
44 45
45
49
54 55
55
59
63 64
64
69 71
71 72
72
75 76
76 78
78 80
80
83 84 85
84 85 86
85 86 87
86 87 88
87 88
88
91
94 95
95
97 98 99
98 99 100
99 100
100
103 105
105
108 109 110
109 110
110 112
112 114
114
117 118
118 120
120 121 122
121 122 123
122 123
123 125
125 126 127
126 127
127 129
129 130 131
130 131 132
131 132 133
132 133 134
133 134 135
134 135 136
135 136
136 138
138 140
140 141 142
141 142 143
142 143
143 145
145 146
146 148
148 150
150 151 152
151 152 153
152 153
153
156 157 158
157 158
158 160
160 161 162
161 162 163
162 163
163 165
165
169 170
170 172
172 173
173
176 177 178
177 178
178 180
180 182
182 183
183 185
185 187
187 189
189 191
191
194
197 198 199
198 199 200
199 200
200 202
202 204
204 205
205
209 210 211
210 211
211 213
213 215
215 217
217
222
227 228 229
228 229
229
232 233 234
233 234 235
234 235
235 237 582
237 238
238
241
244 245 246
245 246 247
246 247 248
247 248
248
252 253
253
256
260
263 264
264
267 269
269
272
275 277
277 279
279
282
285 286
286
289 290 291
290 291
291 293
293 295
295 297
297 299
299 300 301
300 301
301
304 305
305
310 311
311
314 316
316 317
317 319
319 320 321
320 321 322
321 322 323
322 323
323
326
330
333 334 335
334 335
335
341 342 343
342 343 344
343 344 345
344 345
345
352
355
358 359 360
359 360 361
360 361
361 363
363 364 365
364 365
365 367
367 368
368 436
371 372
372
375
378
381
384 385
385 387
387 388
388
393 395
395 397
397
404 405 406
405 406 407
406 407
407
410
413 415
415 416 417
416 417 418
417 418
418
423 424
424
427 428
428
436
441 443
443
447 448
448
456 457
457 459
459
471 473
473 475
475 477
477 478 479
478 479
479
484
488
491 493
493 495
495
498
501 502
502 504
504 506
506 507
507 509
509 511
511
514 516
516 517 518
517 518
518
521
522 524
524 525
525
528 530
530
533
538 540
540 541
541
544 546
546 548
548 549 550
549 550 551
550 551
551
556 557 558
557 558 559
558 559
559 561
561 562 563
562 563
563 565
565 566 567
566 567
567
570
573 574 575
574 575 576
575 576 577
576 577 578
577 578 579
578 579 580
579 581 972
580 581 582
581 582
582
587 588 589
588 589 590
589 590 591
590 591
591 593
593
597 599
599
602
605
608 610
610 611 612
611 612 613
612 613
613 615
615 617
617 618 619
618 619 620
619 620 621
620 621
621
624 626
626 628
628 630
630
633 634
634
638 639 640
639 640 641
640 641
641 643
643
648 649
649
652 654
654 656
656 657
657
660
663 664
664 666
666
670 671 672
671 672 673
672 673
673
676 678
678 679
679 681
681
684 686
686
689
694 695 696
695 696 697
696 697
697 699
699
708
711 712 713
712 713 714
713 714
714 716
716
721 722
722 724
724 725
725 727
727 728 729
728 729 730
729 730
730 732
732 733
733 735
735 736 737
736 737
737
740
745 746
746 748
748 749
749 751
751 753
753
764 766
766 767
767
775
782
785 787
787
791 792 793
792 793
793 795
795 797
797
800 802
802 803
803
806
812 814
814 815 816
815 816
816 818
818 819
819
823 825
825 827
827
830 832
832 833 834
833 834
834
838
841
850 851
851 853
853 855
855 856
856
861 863
863
871 873
873 874
874
878
881 882
882
885 886
886 888
888 889 890
889 890 891
890 891
891 893
893 894 895
894 895 896
895 896
896
901 903
903 905
905 906
906 908
908
913 915
915 917
917 918 919
918 919
919
926
929 930 931
930 931
931
934 935 936
935 936 937
936 937
937
939 941
941
944 945 946
945 946 947
946 947 948
947 948
948
951 952
952
955
958 960
960 962
962
967
971 972 973
972 973 974
973 974
974 976
976
980 982
982 984
984
989
992
999
