#naive2.0.py
# GMT Fri Feb 14 13:34:32 2020
# 
4 5 868
5 6 7
6 7 8
7 8 9
8 9
9
15 17
17 19
19 20
20
23
26 28
28 30
30 31 32
31 32
32
35 36 37
36 37
37
41 42 43
42 43
43 45
45
49 51
51 52
52
55
58 59
59
62 63 64
63 64 65
64 65
65
68 69 70
69 70 71
70 71
71 73
73 74
74 76
76 77
77 79
79 81
81 82
82
85 87
87
90
93 94
94 96
96 98
98 99
99
105 106
106 108
108
113
116
119
126
131 132
132
135
139 140 141
140 141 142
141 142
142
146 147 148
147 148 149
148 149
149 151
151
154 155 156
155 156 157
156 157 158
157 158
158
163 164
164
168 169 170
169 170
170 172
172
175 177
177 178 179
178 179
179
188
193
196
200 202
202 203
203 205
205 206 207
206 207
207
214 215 216
215 216 217
216 217
217 219
219
222 223
223 429
228 229 230
229 230
230
235 237
236 237 238
237 238 239
238 239 240
239 240
240 242
242 243
243
252
256 257
257 259
259 261
261 262
262
267 269
269 271
271
276 277
277
281 282
282
285 286
286 288
288
292 293
293
302 304
304
311 312
312
316 317 318
317 318
318 320
320 321
321
324 325 326
325 326
326 328
328 329 330
329 330
330
334 335 336
335 336 337
336 337 338
337 338 339
338 339
339 341
341 343
343 344 345
344 345
345 347
347 348 349
348 349 350
349 350 351
350 351
351
356 358
358
361 363
363 364 365
364 365
365 367
367 368 369
368 369 370 436
369 370 371
370 371
371
374 376
376
379 380
380 382
382 383 384
383 384
384 386
386
389 390
390 392
392 393 394
393 394 395
394 395
395 397
397 398 399
398 399
399
403 404 405
404 405 406
405 406
406
411
414 416
416 418
418 419 420
419 420
420 422
422 424
424
427 428 429
428 429 430
429 430
430
434 436
436
441
444 446
446 447
447
452
455 456
456 458
458 459
459 461
461 463
463 464 465
464 465 466
465 466 467
466 467
467
470 472
472 473
473
476 477
477 479
479 481
481
489
493 495
495
499 500
500 502
502 504
504
508 509 510
509 510
510
515 516
516
519 521
521 552
522 524
524
533
537 539
539 541
541 542
542
546 547 548
547 548
548
552 553
553
557 558
558 560
560
563 565
565 566
566 568
568
572 573 574
573 574 575
574 575
575 577
577 578
578
583
587 588 589
588 589
589
598
601
606 608
608 609 610
609 610 611
610 611 612
611 612
612 614
614 615
615 617
617 619
619 621
621
623 624 625
624 625 626
625 626 627
626 627 628
627 628 629
628 629
629 631
631 632
632
637 639
639 641
641 642
642
647 648
648
653 654
654 656
656
659 661
661 663
663
667 668
668
671 672
672 674
674 675
675
678 679
679 681
681
684 685
685
690
693
696 697
697 699
699 701
701 702 703
702 703
703
706
713 715
715 717
717
721 722
722
729 730 731
730 731
731
737 738
738
742 743
743 951
745
752 754
754 755
755
759 761
761 762
762
767
770
773 774
774
779
783 785
785 786 787
786 787 788
787 788 789
788 789
789
795
798 799
799 801
801 802
802 804
804 806
806 807
807
810 811 812
811 812
812 814
814 815 816
815 816
816
820
823
826
830 831
831
834 835 836
835 836
836
839 840
840 842
842
845 846 847
846 847
847
851 852 853
852 853 854
853 854 855
854 855
855
858
861 862
862
868 869
869 871
871 872
872
878 879 880
879 880
880
883
887 888
888 890
890 892
892 893 894
893 894 895
894 895
895
899
906
909
912
917
922
927 929
929 930
930 932
932 933
933
936 937 938
937 938
938 939
939 941
941 942
942
948 949
949 951
951 953
953 954 955
954 955
955
958 959
959
963 964
964 966
966 967 968
967 968
968
971 972 973
972 973 974
973 974 975
974 975 976
975 976 977
976 977 978
977 978 979
978 979
979
984
987 989
989 991
991
