#naive2.0.py
# GMT Fri Feb 14 13:34:28 2020
# 
0 999
6
9
13
16 18
18
21 22
22
25
29 30
30
33
37 38
38
41 42
42 44
44 46
46
51 52
52
55 56
56
59 61
61
67
70 71
71 73
73
81 82 83
82 83 636
83
90 91
91 93
93 94
94 96
96 97 98
97 98
98
101
104 105 106
105 106 107
106 107
107 109
109 110
110 112
112 113
113 115
115 117
117
120 121 122
121 122
122 124
124 126
126
130
133 135
135 137
137 138 139
138 139 140
139 140
140 142
142
145 147
147 148
148
151 153
153 154 155
154 155
155
159
162
165
168 170
170 171
171
174 175 176
175 176
176 178
178 179
179
182 183
183
186 188
188 189
189 191
191
196 198
198 200
200 201
201
204 206
206 207
207
210 211 212
211 212
212 214
214 215
215 217
217 218
218 220
220 221 222
221 223 735
222 223 224
223 429
224 226
226 227
227
231 232 233
232 233 234
233 234
234 236
236 238
238 239 240
239 240 241
240 241
241
245 246
246
250 251
251
255
259 260 261
260 261
261 263
263 264 265
264 265
265 267
267
273 274
274
277
280 281
281 283
283 284 285
284 285
285
293 294 295
294 295 296
295 296 297
296 297 298
297 298 299
298 299 300
299 300
300
303
308
315 317
317 318 319
318 319
319
324 326
326
330 331 332
331 332
332
335 336
336
340 341
341 343
343 344 345
344 345 346
345 346
346 348
348 349
349
352 353 354
353 354 355
354 355 356
355 356 357
356 357 358
357 358
358 360
360
368 369 370 436
369 370 371
370 371 372
371 372 373
372 373
373
384 386
386 387 388
387 388 389
388 389
389
392 394
394 396
396 397
397
400 401 402
401 402 403
402 403 404
403 404 405
404 405
405 407
407
413
416
420 421
421 423
423 425
425 427
427 428 429
428 429
429
432 434
434 436
436
438 439
439 441
441 443
443 444 445
444 445
445
449 451
451 452
452 454
454
458 459 460
459 460 461
460 461 462
461 462
462 464
464 465 466
465 466
466 468
468 469
469 471
471 473
473 474
474
478 480
480
486 487 488
487 488 489
488 489 490
489 490 491
490 491
491
494 495 496
495 496 497
496 497
497
500
506
510 511 512
511 512
512 514
514 515 516
515 516
516
521 523 552
522 523 524
523 524 525
524 525
525
530
533
536 537
537 539
539
543 545
545 547
547 549
549 551
551 552 553
552 553 554
553 554 555
554 555
555 557
557 558
558
561
564 565
565 567
567 568 569
568 569
569 571
571
574 576
576 577
577 579
579 581
581 582 583
582 583
583
586
590 591 592
591 592
592
597
600 601
601
605 606
606
613 614 615
614 615
615
618 620
620 621
621
624
628 629
629 631
631 633
633 634 635
634 635 636
635 636 637
636 637
637 638 639
638 639
639 641
641 643
643
646 648
648 650
650
653
657 658
658
662 663
663 665
665 666 667
666 667
667 669
669
672 673
673 675
675 677
677 678
678
684 685
685
689
693 695
695
700 701 702
701 702
702
705 706
706
710
714 715 716
715 716 717
716 717
717 719
719 721
721
734 735 736
735 736
736 738
738 740
740
743 744
744 745 746
745 746 747
746 747 748
747 748
748 750
750
753 754 755
754 755 756
755 756
756
761 762
762
767 768
768
772 773
773
777 779
779 780
780 782
782 783
783
786
789 790 791
790 791
791
797 798
798
806
809 810
810 812
812 813
813
817
820
823 825
825
828 829
829
833 834 835
834 835 836
835 836
836
839 841
841 842
842 844
844
848 849 850
849 850 851
850 851
851
854 855
855 857
857 859
859 860 861
860 861
861 863
863
866 868
868
872 873
873
876
881 883
883
887 888
888 889
889 891
891 892 893
892 893
893
897 898 899
898 899 900
899 900
900 902
902 903
903
906 908
908 909
909
912 913 914
913 914
914
920 921
921
926
929 931
931 932 933
932 933 934
933 934
934 936
936 937 938
937 938
938 940
940 942
942 944
944 945 946
945 946 947
946 947
947 949
949 950
950
953
956 958
958
961 962
962 964
964 965 966
965 966 967
966 967 968
967 968
968 970
970
973 974
974 976
976 978
978 980
980 981
981 983
983 984
984 986
986
990 991 992
991 992
992 994
994 995 996
995 996 997
996 997
997 999
999
