#naive2.0.py
# GMT Fri Feb 14 13:34:30 2020
# 
2 3
3 5
5 6
6
9
14
17
32 33
33
41 42
42
45 46 47
46 47 48
47 48
48
51
58 60
60 61
61
66 67
67
71 72
72 74
74 75
75 77
77 78 79
78 79
79 81
81 82 83
82 83
83
86 87
87
101
104 105
105
108 110
110 111 112
111 112
112
116 117
117
120 122
122 123 124
123 124 707
124
129 131
131
134 135 136
135 136
136
139 141
141 142 143
142 143
143
147
150
155 156
156 158
158 159
159
163 164
164 166
166 167
167
170 171
171
174 175
175
181 182
182
186 187 188
187 188
188 190
190
194 196
196 198
198
201 202
202 204
204
207 208 209
208 209 210
209 210
210 212
212 213 214
213 214 215
214 215 216
215 216
216
219 220
220
224 225
225 227
227
231
234
237 239
239 240
240 242
242 243
243
249
252
255 256
256 258
258
263 264
264 266
266
269 271
271 273
273 274 275
274 275 276
275 276
276
282 283 284
283 284
284
287 288 289
288 289
289 291
291
294 295
295 297
297 298
298
302 303 304
303 304
304 306
306 307 308
307 308
308
312 314
314 315
315
318 320
320 321
321
324
327 328
328
335 337
337
344 345
345 347
347
353 355
355 357
357 358 359
358 359 360
359 360 361
360 361
361
366 367
367 369
369
372 373
373
378 379
379
384
387
391 392
392
395 396
396
400 402
402
406 407 408
407 408
408
412 413
413
417 418 419
418 419
419 421
421
426 427 428
427 428
428 430
430
433
438
446 448
448 450
450 451 452
451 452
452
456 457 458
457 458
458 460
460 462
462 463 464
463 464
464 466
466 467 468
467 468 469
468 469 470
469 470 471
470 471 472
471 472
472
475
478 479
479 481
481 483
483
486
489 490
490
493 495
495
498
502 503 504
503 504
504
513 514 515
514 515
515 517
517 518 519
518 519 520
519 520 521
520 521
521 523
523 524
524
531 533
533 534 535
534 535 536
535 536 537
536 537 538
537 538
538
541 542
542
545 547
547 548
548
556
559 560 561
560 561 562
561 562
562 564
564
567 569
569 570
570 572
572
575 576
576 578
578 579
579 581 972
581 582
582
586 587 588
587 588 589
588 589
589
592 593 594
593 594 595
594 595 596
595 596
596 598
598
603 604
604 606
606 607 608
607 608
608
611
614
617 618
618 620
620 622
622 624
624 625 626
625 626
626 628
628 630
630 631
631
634 635
635 637
637 638
638
643 645
645 646
646
649
653
657 659
659 660
660 662
662 663 664
663 664 665
664 665
665
668
671 672 673
672 673 674
673 674
674 676
676 678
678
681
684 685 686
685 686 687
686 687
687
691 692
692
699
704 705
705 707
707 708
708 709 710
709 710
710 712
712 713
713
716 717 718
717 718
718
721 722
722
726
729 731
731 733
733 734
734
738
741 742 743
742 743 744
743 744
744
748
757
761 762
762
765 766 767
766 767 768
767 768 769
768 769 770
769 770 771
770 771 772
771 772
772 774
774
778 780
780
783
786 787 788
787 788 789
788 789
789
794 796
796 797
797
802 803
803 805
805
808 809 810
809 810
810
813 815
815 816
816 818
818
822 824
824 826
826
830 831
831 833
833 834
834
837 838
838
844
847 848
848 850
850 851
851 853
853 854
854 856
856
864 866
866 867
867 869 937
869 870
870 872
872 873 874
873 874
874 876
876 877 878
877 878 879
878 879
879 881
881 882
882
885
891 893
893 894
894 896
896 898
898 900
900 901 902
901 902
902
906 908
908
913 914 915
914 915 916
915 916
916
920 922
922 923 924
923 924 925
924 925
925 927
927 929
929 930 931
930 931
931
936 937 938
937 938
938 939
939 941
941 942 943
942 943 944
943 944
944
948 950
950
953
957 958 959
958 959
959 961
961 963
963
972 973
973 975
975 977
977 978
978
981 982
982 984
984 985
985
990 992
992 993
993
996 997 998
997 998
998
