#naive2.0.py
# GMT Fri Feb 14 13:34:33 2020
# 
1
5 6 7
6 7 8
7 8 9
8 9
9
12 13 14
13 14
14
17 19
19 20 21
20 21
21
24
28 30
30
33 35
35
40 41
41
50 51 52
51 52 53
52 53 54
53 54
54 56
56 58
58
61 63
63 64
64
67 69
69 70
70
74 75 76
75 76
76 78
78 80
80 81
81 83
83 84
84 86
86
93 94
94
100 101
101
106
110 111 112
111 112 113
112 113
113 115
115 116 117
116 117
117
120
125 126 127
126 127
127
132 134
134 135
135 137
137 139
139 140
140 142
142 143
143 145
145 146 147
146 147
147 149
149
152 154
154 156
156 158
158 159
159 161
161
166
171 172
172 174
174 175 176
175 176 177
176 177
177 179
179
184
187 188 189
188 189 190
189 190 191
190 191 192
191 192 193
192 193 194
193 194 195
194 195 196
195 196
196
201 202 203
202 203 204
203 204
204
207 208 209
208 209 210
209 210
210 212
212 214
214 215 216
215 216 217
216 217 218
217 218 219
218 219
219
223 225 429
225 227
227 229
229 230
230 232
232 233
233
237
240 242
242
246 248
248
251 252 253
252 253
253
259 260 261
260 261 262
261 262
262
266 621
272 273
273
276
281 282
282 284
284 286
286
289 290
290
299
302
305
308 310
310 312
312
317 318 319
318 319 320
319 320
320
323 324 325
324 325
325
330 331
331
334 335
335
339 341
341 343
343 344 345
344 345 346
345 346 347
346 347
347
350 351
351
359 361
361
364 365 366
365 366 367
366 367 368
367 368
368 436
372 373 374
373 374 375
374 375 376
375 376
376
382 383
383 385
385 387
387 388
388 390
390 391
391
396 397
397
400 402
402
406
409 411
411 413
413 415
415 417
417 418 419
418 419
419 421
421
424 425 426
425 426 427
426 427
427 429
429 431
431 433
433 434 435
434 435 436
435 436
436
438 440
440 442
442
445 446
446 448
448 449 450
449 450
450
453
456
460
465 466
466 468
468
471 472 473
472 473 474
473 474 475
474 475 476
475 476 477
476 477
477 479
479
486 487 488
487 488
488
494
498 500
500
503 505
505 507
507
510
513 515
515 517
517 518
518
521 523 552
522 523 524
523 524 525
524 525
525 527
527 528 529
528 529 530
529 530
530
533
536
539
543
547 549
549 551
551 552 553
552 553
553 555
555 556
556 558
558 559
559 561
561
564 565
565 567
567 568
568
573 574 575
574 575
575 577
577 579
579
580 582
582
587 588
588 590
590 591
591
595 596
596
599
602 603 604
603 604 605
604 605 606
605 606
606
612 613 614
613 614
614 616
616 617 618
617 618 619
618 619 620
619 620 621
620 621
621
623 624 625
624 625
625
629 630
630
633 634 635
634 635 636
635 636 637
636 637
637
640 641 642
641 642
642
646
649
653 655
655 657
657
662
665 666
666
670
673 674
674 676
676 677 678
677 678
678
681
688
694
697 698 699
698 699
699
708
711 713
713 714 715
714 715 716
715 716 717
716 717
717
720 721
721
725
729 730
730
735
740 741
741 743
743
746 747
747 749
749 751
751 752
752
756 757
757
760 761 762
761 762
762 764
764
770 771
771 773
773 775
775
778 779 780
779 780 781
780 781
781 783
783 784 785
784 785 786
785 786 787
786 787 788
787 788
788 790
790 792
792
798
801 802
802
807
810 811
811 813
813 814
814 816
816 818
818 820
820 822
822 823
823 825
825 827
827 829
829 830
830
833 835
835 836 918
836
841
847 849
849 850 851
850 851 852
851 852 853
852 853 854
853 854 855
854 855 856
855 856 857
856 857
857 859
859 860
860
863 864 865
864 865 866
865 866 867
866 867 868
867 868
868
873
877 878
878
881 882
882 884
884 885
885
891
899
902 903 904
903 904
904
912
915
918 919 920
919 920
920
923
927
931 932
932 934
934 935
935
938
942 943
943
948
952 953
953 955
955 957
957 958
958
962
965 966 967
966 967
967 969
969 971
971 973
973
977 979
979 980 981
980 981 982
981 982
982
987 989
989 990 991
990 991
991 993
993
996 998
998
