#naive2.0.py
# GMT Fri Feb 14 13:34:34 2020
# 
2
5
8 10
10
14 15
15 17
17 18
18
23 24 25
24 25 26
25 26
26
30 32
32
39 40
40 42
42
45 47
47
51 53
53 55
55
60 62
62 63
63 65
65
70 71
71 73
73 74 75
74 75
75 77
77 78 79
78 79 80
79 80
80 82
82 636
86 88
88 90
90 91 92
91 92
92
97
100
103
109
117
121 122 123
122 123 124
123 124 887
124 126
126 127
127
134
137 138
138
143
146
149 151
151
155
159 160
160
164
167 168
168 170
170
174 175 176
175 176
176 178
178
184 185
185
188 189
189
192 193 194
193 194 195
194 195 196
195 196 197
196 197 198
197 198 199
198 199
199
202
205 206 207
206 207
207
211
215 217
217 218 219
218 219
219
222 223
223 225 429
225 226 227
226 227
227 229
229
232 233 234
233 234 235
234 235
235 237
237 239
239
243 244 245
244 245 246
245 246
246
249 251
251 252
252 254
254 256
256 257
257
260 261 262
261 262 263
262 263
263
267 268
268 270
270 272
272
277 279
279 281
281 282 283
282 283
283
290
295 296
296 298
298 300
300
303 304 305
304 305
305 307
307 309
309
313 315
315 316
316
322 324
324
329
332 334
334 335 336
335 336
336 338
338 339 340
339 340 341
340 341 342
341 342 343
342 343
343
346
352 353 354
353 354 355
354 355 356
355 356 357
356 357
357
361
366
371
375
380 381
381
387 388 389
388 389
389 391
391
399 400 401
400 401
401
406 407
407
411 412 413
412 413
413
418 420
420 421 422
421 422 423
422 423
423 425
425 427
427 428 429
428 429
429
436
438 439
439 441
441
444 446
446
451
456 457
457
461 463
463
466 467 468
467 468 469
468 469
469 471
471 473
473
476
479 481
481 482
482
486 487 488
487 488
488 490
490 492
492
496 498
498 499
499 501
501
504
507 508 509
508 509 510
509 510
510 512
512 514
514
519 520
520 522
522 524
524 525 526
525 526 527
526 527
527
533
536
539 541
541
545 547
547 549
549 551
551 552
552 554
554 556
556
559
562 563 564
563 564 565
564 565
565 567
567 569
569 570 571
570 571
571
574 575 576
575 576 577
576 577
577
584 585
585 587
587
590
596 598
598 600
600
604 605
605
608 609 610
609 610 611
610 611
611 613
613 615
615 617
617 619
619 621
621 622
622 623 624
623 624 625
624 625 626
625 626 627
626 627 628
627 628
628 630
630
635 636 637
636 637
637
649 650
650
656
659 660 661
660 661 662
661 662 663
662 663 664
663 664
664
668 669 670
669 670 671
670 671
671 673
673 674 675
674 675 676
675 676 677
676 677 678
677 678 679
678 679
679
682
685 687
687
692
695 696
696 698
698 700
700 701
701
704
709 710 711
710 711
711
715
723
726 727
727
730 731
731
734 735
735 737
737 739
739 740 741
740 741 742
741 742
742
751 752
752
755 757
757
760
763 765
765 766 767
766 767 768
767 768 769
768 769 770
769 770
770 772
772 774
774 776
776 778
778 779 780
779 780
780
783
788 790
790
796
802
806 808
808 809
809 811
811 812
812
816
822
825 826
826
829 830
830 832
832
840 841 842
841 842
842 844
844 846
846
849 851
851 852 853
852 853
853
856 858
858 859 860
859 860
860
863 864
864 866
866 867 868
867 868
868
872 873
873 875
875 877
877 878
878
886 887
887
890
893 894
894 896
896 898
898 899 900
899 900
900 902
902 903 904
903 904
904
907
912 914
914 915
915 917
917 919
919 920 921
920 921 922
921 922
922
925 927
927 929
929 930 931
930 931 932
931 932
932
935
939
942 944
944 946
946 948
948 949 950
949 950
950
953 954 955
954 955
955
964 965
965 967
967
973 975
975 976 977
976 977
977
982 983 984
983 984
984 986
986 987
987
990 991
991
994 996
996 998
998 999
999
