#naive2.0.py
# GMT Fri Feb 14 13:34:32 2020
# 
0 1
1
9
13
16 18
18 20
20 21 22
21 22
22 24
24
27 28 29
28 29 30
29 30
30
36 37
37 39
39 40 41
40 41
41 43
43 45
45
48 49 50
49 50
50
56 57
57 59
59 61
61 62 63
62 63 64
63 64
64
67
70 71
71 73
73 74
74 76
76 77
77
82 83
83
87
90 92
92
96 97
97
102 103
103 105
105 107
107 529
111 112 113
112 113 114
113 114
114 116
116 117
117
121 122 123
122 123 124
123 124 125 887
124 125 126
125 126
126
131 132
132
137 139
139 140
140 142
142 143 144
143 144
144
149
152 153 154
153 154
154
158 160
160
164
167 169
169
172
177 178 179
178 179
179
183 185 811
185 187
187
191 193
193 195
195
203 205
205 207
207 209
209 210
210
218 219 220
219 220 221
220 221
221 735
224 225 226
225 226
226
229 231
231
235 237
237 238
238 240
240 241
241 243
243
250 251
251
254
258 260
260
264 266
266 267 621
267 269
269 271
271
274 276
276
279
283 284
284 286
286
293 295
295 296 297
296 297
297 299
299
302 303
303 305
305
308 310
310 312
312 313
313 315
315 316
316
320 321
321 323
323 324 325
324 325 326
325 326 327
326 327
327
333
336 337
337 339
339 341
341
345
348 349
349
352 354
354 355
355 357
357 358
358
361 362 363
362 363
363 365
365 367
367
371 373
373 374 375
374 375 376
375 376
376 378
378 379
379 381
381
384 385 386
385 386
386
391 392
392
396
399
402
407
411
416 418
418
421 422 423
422 423
423
426 427
427
430 431
431
434 436
436 437
437
440 441 442
441 442
442 444
444
447 448 449
448 449
449
452 453
453
458 459 460
459 460 461
460 461
461 463
463 464
464
469
472 473 474
473 474 475
474 475
475
486 488
488 489
489 491
491 492
492
495 496
496
500 502
502
508 510
510 511 512
511 512
512 514
514
517
520
526 527 528
527 528 529
528 529
529
531
537 539
539 540 541
540 541 542
541 542
542 544
544 545 546
545 546 547
546 547
547
551 552
552
557
562 563
563
569 570
570 572
572 574
574 575
575
578
584 585
585 587
587 589
589 590 591
590 591
591
594 595
595
599 600
600 602
602
606 607
607 609
609 611
611 612 613
612 613
613 615
615 616 617
616 617
617
621
623 624 625
624 625
625
632 634
634 635
635 637
637 639
639 641
641
644
649 651
651 653
653
656 657 658
657 658 659
658 659
659
666
669
676 677 678
677 678
678 680
680
684
689 690 691
690 691 692
691 692 693
692 693
693 695
695 696 697
696 697 698
697 698
698
703 705
705
708
711 713
713
716 718
718
721 723
723
726 728
728 730
730 731
731 733
733 735
735
739 740
740
744
747
750 751 752
751 752 753
752 753 754
753 754 755
754 755 756
755 756 757
756 757
757
760
763 765
765
768
771 772
772
777
789
795 796 797
796 797
797
806 807 808
807 808 809
808 809
809 811
811
815 816
816
819 821
821 822
822 824
824 825 826
825 826 827
826 827 828
827 828 829
828 829
829
832
835 836
836 838
838 840
840 841 842
841 842
842
845 846
846 848
848 849 850
849 850
850
855 857
857 858 859
858 859 860
859 860 861
860 861 862
861 862 863
862 863 864
863 864 865
864 865 866
865 866 867
866 867 868
867 868 869 937
868 869
869
874 875 876
875 876
876 878
878 879 880
879 880
880 882
882 884
884 885 886
885 886 887
886 887 888
887 888
888
891 893
893 895
895
898 899
899 901
901 902 903
902 903 904
903 904 905
904 905 906
905 906
906 908
908
912 913
913
916
925
928 930
930 931 932
931 932
932
935 936 937
936 937 938
937 938
938 940
940 941
941 943
943 944
944 946
946 948
948 949
949
952 954
954 955
955 957
957 958
958
961 963
963 964 965
964 965
965 967
967 968
968
972 974
974 975 976
975 976
976
979 980
980 982
982 984
984 985
985
991
994
997
