#naive2.0.py
# GMT Fri Feb 14 13:34:32 2020
# 
0
5 6 7
6 7 8
7 8 9
8 9 10
9 10 11
10 11 12
11 12 13
12 13
13
16
19
22 24
24
28 29
29
34
37 39
39 41
41 42
42
47 49
49 50
50
53
57 58 59
58 59
59
63 64 65
64 65
65 67
67
72 73 74
73 74
74 76
76
83 84 85
84 85 86
85 86
86 88
88
93
97
104 105
105
110 111
111
114 115
115
119 121
121 122 123
122 123 124
123 124 125 707
124 125
125 127
127 128
128
131 132
132
137
140 142
142 143 144
143 144 145
144 145
145 147
147 148 149
148 149
149 151
151 152 153
152 153 154
153 154 155
154 155 156
155 156 157
156 157
157
161 162 163
162 163
163 165
165 166
166 168
168
171 173
173 174
174
179
183
184 186
186
189 191
191 192 193
192 193
193
202 204
204 205
205
211 213
213 215
215
218 219 220
219 220
220 222
222 223 224
223
224
227
230 231
231 233
233 234
234
237 239
239 240
240
243 244 245
244 245
245
248 249
249
253
256
259 260 261
260 261 262
261 262
262
265
271
274 275 276
275 276 277
276 277
277
280 282
282 283
283
287 288
288
291 293
293 294
294
301 302
302 304
304 305
305
308
311
315 316
316 318
318 319
319 321
321 323
323 324
324
328 330
330 331 332
331 332
332 334
334
338
341
345 347
347 349
349 350 351
350 351
351 353
353 354
354
357 359
359
362 364
364 365
365
371 372
372 374
374
381 382
382
385 386
386 388
388 389 390
389 390
390
394
397 398 399
398 399
399 401
401
406 407
407
410
415
418 419
419 421
421 423
423
427
432 433
433
437 438
438 440
440
444 445 446
445 446 447
446 447 448
447 448 449
448 449 450
449 450 451
450 451 452
451 452
452 454
454
457
460 461
461
464
468 470
470
473 475
475 476
476
481
484 485 486
485 486
486
489 490
490
493 495
495 496 497
496 497 498
497 498 499
498 499
499 501
501 502 503
502 503
503
506
509
512 513
513 515
515
518 520
520 521 522
521 552
522 524
524
528 529
529
531
534 535
535 537
537 538
538 540
540
543 545
545 547
547 548 549
548 549
549
552 554
554
557 558
558
562
571 573
573 575
575 577
577 578
578
582 583
583
586 587 588
587 588
588 590
590 591 592
591 592
592
597 598
598 600
600
603
612 614
614
617
624 625 626
625 626 627
626 627 628
627 628
628
631 632 633
632 633 634
633 634 635
634 635 636
635 636 637
636 637
637 638
638 640
640
650 651 652
651 652 653
652 653 654
653 654 655
654 655
655 657
657
661 662 663
662 663
663
666 667 668
667 668
668 670
670 671 672
671 672 673
672 673
673 675
675
679 680 681
680 681 682
681 682 683
682 683 684
683 684
684 686
686
695 696
696 698
698 700
700 701
701 703
703 704
704 706
706 707 708
707 708
708 710
710 712
712
718 720
720 721 722
721 722 723
722 723 724
723 724
724 726
726
729 730
730 732
732 733
733 735
735 736
736
739 740
740 742
742
745 746
746
750 751
751 753
753 754 755
754 755 756
755 756
756
761 762
762
766 768
768 769
769
772 773 774
773 774
774 776
776 777 778
777 778 779
778 779
779 781
781
784
788 789 790
789 790 791
790 791
791 793
793
796
800 801
801
804 805
805
809
816
823 824 825
824 825
825
828 830
830 831 832
831 832
832 834
834 835 836
835 836 918
836
840 842
842 843
843 845
845 847
847 849
849 850
850 852
852
856 858
858 859 860
859 860
860
863 864 865
864 865
865 867
867 868
868 870
870
877 879
879 881
881 882 883
882 883
883 885
885 886
886
889 891
891 893
893
898 899 900
899 900 901
900 901
901
909
913 915
915 916
916 918
918 919 920
919 920
920 922
922
928 929
929 931
931
935
938
946 947 948
947 948 949
948 949
949
955 956 957
956 957 958
957 958 959
958 959
959
962 964
964
970 972
972 973
973
977 979
979
987 988 989
988 989
989 991
991 992 993
992 993
993 995
995 997
997
