#naive2.0.py
# GMT Fri Feb 14 13:34:32 2020
# 
0 999 2
2
6
10 11 12
11 12
12
15 16
16
19 21
21
25
28
32 33
33
37
40 42
42
56
59
63 65
65
68 69 70
69 70 71
70 71
71
84 86
86 87
87
91 92
92 94
94 95 96
95 96
96 97
97
100 101
101
111 113
113 114
114
117 118
118 120
120 121
121
125 127
127
134
137
140
145 146
146 148
148
153 154 155
154 155
155
160 161 162
161 162 163
162 163 164
163 164 165
164 165
165 167
167 168
168 170
170
173 175
175 176 177
176 177
177
180 181 182
181 182
182
185 187
187 188 189
188 189
189 191
191
194
200 202
202
206 207
207 209
209 211
211 213
213 214 215
214 215 216
215 216
216
220 221
221 735
227
231
234 236
236 237
237
244
249 251
251
258 260
260 261 262
261 262
262 264
264 266
266 267 268
267 268 269
268 269 270
269 270
270
273
277 279
279 280
280 282
282 284
284 285 286
285 286
286
289 291
291
295 296
296 298
298 300
300 301
301
307
310 312
312 313
313 315
315 317
317 318
318
322
326 328
328 329
329 331
331 332 333
332 333
333
340 341
341
344 346
346
349
353 354 355
354 355 356
355 356
356
361 363
363 365
365 366
366
369 371
371
374
378
382
385 386
386 388
388 389
389
392 393 394
393 394
394
401 402 403
402 403 404
403 404 405
404 405
405
408 409 410
409 410
410
417
420 421
421
425
428
431 432
432 434
434 435 436
435 436
436
438 440
440 441 442
441 442
442 444
444
448
452 454
454 455
455
458
463 464 465
464 465 466
465 466 467
466 467
467
471 472
472 474
474
477
480
483 484
484 486
486 488
488 489
489
493
496
499 500
500 502
502 503
503
507 508
508 510
510 512
512
515 516
516 518
518
521 523
523 524
524
527
538 540
540
543 544
544
547
550 551
551 553
553 554
554 556
556 558
558 559
559 561
561
564 565
565
569 571
571 573
573 575
575
580 581
581
589
593 595
595 596 597
596 597 598
597 598 599
598 599 600
599 600 601
600 601
601
613 614 615
614 615
615 617
617 619
619
625
629 631
631 632 633
632 633 634
633 634
634
637
642 644
644 645 646
645 646
646
649
652
655
658
661 662
662
665
668
672 673 674
673 674
674
677
681 683
683 684
684 686
686 688
688 689 690
689 690
690 692
692 693
693 695
695 696 697
696 697
697 699
699 700
700 702
702
705
709
713
716 718
718
721
725
733 734 735
734 735 736
735 736 737
736 737 738
737 738 739
738 739
739 741
741
747 748 749
748 749
749 751
751 753
753 754 755
754 755 756
755 756 757
756 757 758
757 758
758
761 762 763
762 763 764
763 764
764 766
766
769 770
770 772
772 774
774 776
776 777
777 779
779 780
780
783 785
785
789 791
791 793
793 794 795
794 795
795 797
797 798
798
802 803 804
803 804 805
804 805 806
805 806 807
806 807
807
811 813
813 815
815 816
816
825 827
827
831
834
841 843
843 844 845
844 845 846
845 846 847
846 847
847
850 852
852 853
853 855
855
858 859 860
859 860
860
863
867 869
869 870 871
870 871
871
874
881
884 886
886 887 888
887 888
888 889
889
895
898 899 900
899 900
900 902
902 903
903
907
914
917
920 921 922
921 922
922
925 926
926
931 932 933
932 933
933 935
935 936
936
939 941
941 943
943 944 945
944 945 946
945 946 947
946 947 948
947 948 949
948 949
949
952 954
954 956
956 958
958
962 963
963 965
965 967
967
970 971
971 973
973 974
974 976
976 977 978
977 978
978 980
980
984 985 986
985 986
986 988
988 989
989
992 994
994 996
996
999
