#naive2.0.py
# GMT Fri Feb 14 13:34:35 2020
# 
2 3
3
6 7 8
7 8
8 10
10 12
12 14
14
18 19 20
19 20
20 22
22 24
24 26
26 28
28 30
30 31
31
37 38 39
38 39
39 41
41
44 45 46
45 46 47
46 47
47
52
57 58
58
62 63
63 65
65 66
66 68
68
72
75 77
77 79
79
85
90 91
91
95 96
96
99 100
100 102
102 103 104
103 104 105
104 105 106
105 106
106 108
108 109
109
113 114 115
114 115 116
115 116
116 118
118 119 120
119 120
120 122
122
125 126
126 128
128 129 130
129 130
130 132
132 133
133
137 139
139 141
141
144
148 149 150
149 150
150 152
152 153 154
153 154
154
158 160
160 161
161 163
163 164 165
164 165 166
165 166 167
166 167
167 169
169 170
170
173 175
175 177
177 178 179
178 179
179
183 185 811
185
188 189
189 191
191
195 197
197 198 199
198 199
199 201
201 203
203 205
205 206 207
206 207
207
211 212 213
212 213
213
216
219
226
229 230
230 232
232 233
233
237
240 241
241 243
243
246
251 252 253
252 253
253
256 257 258
257 258 259
258 259 260
259 260 261
260 261 262
261 262 263
262 263 264
263 264 265
264 265
265 267
267
271 272 273
272 273 274
273 274 275
274 275
275 277
277 279
279 280
280 282
282 283
283 285
285 287
287
296 298
298
301 302
302 304
304 305 306
305 306
306
311
314 315
315
318 319 320
319 320
320 322
322
325
328 330
330
338
343 344
344
348 349
349
353 354
354 356
356 357 358
357 358
358
361 363
363 364
364 366
366 367 368
367 368
368 370 436
370 372
372 374
374 376
376 377
377
383 385
385 386
386
390 392
392
395 397
397 398
398
401 402
402
405 406 407
406 407
407
410 411
411 413
413 414
414
418
421 422 423
422 423
423
426 427 428
427 428 429
428 429
429 431
431 432 433
432 433
433 435
435 436
436
438 439
439
442 444
444 446
446 448
448
451
454 455
455 457
457 458 459
458 459
459 461
461 463
463 465
465 466 467
466 467
467
471 473
473
476 477 478
477 478 479
478 479
479 481
481 483
483 484 485
484 485
485 487
487 488 489
488 489
489 491
491
495 497
497
500 502
502 504
504 505 506
505 506 507
506 507 508
507 508 509
508 509 510
509 510
510
515
518
527 528
528
532 533 534
533 534 535
534 535 536
535 536 537
536 537
537 539
539 541
541 542 543
542 543 544
543 544 545
544 545 546
545 546
546
549 550
550
553 554 555
554 555
555 557
557 558
558 560
560 561 562
561 562
562
566 567 568
567 568
568 570
570
584
587 589
589 590 591
590 591
591 593
593 594 595
594 595
595 597
597 598
598 600
600 601
601 603
603 605
605 606
606
609 611
611 612 613
612 613
613 615
615 617
617
620 621 622
621 622
622
626 627
627 629
629
632 634
634
638 640
640 642
642 643
643 645
645 647
647 649
649 650 651
650 651 652
651 652
652 654
654 655
655
658
663
666 668
668 669
669
675 676 677
676 677
677 679
679 681
681
684 686
686
690 692
692 693 694
693 694 695
694 695
695
700 701 702
701 702
702 704
704 706
706 707 708
707 708
708 710
710 711
711
714 715
715
718 719
719
724 725
725
730 731
731 733
733
737 738
738
742 744
744 745
745
748
753 755
755 756
756 758
758 759 760
759 760
760
767
772 773
773
777 778
778 780
780 781
781
785 786
786
791 792
792
795
798 799
799 801
801
804
808 810
810 811
811
814
818 820
820
825
831 833
833 834 835
834 835
835
842
848
852 853
853
856 857
857 859
859
863 864 865
864 865
865
868
871 872
872 874
874
878 879
879 881
881 882 883
882 883
883 885
885 886 887
886 887 888
887 888
888 890
890 892
892 894
894 896
896 897 898
897 898 899
898 899 900
899 900 901
900 901 902
901 902 903
902 903
903 905
905
908 910
910 912
912 913 914
913 914
914
921 922
922
926 928
928
932 933
933 935
935 937
937 938
938
941
948
953
956
959 960 961
960 961
961 963
963
971 973
973
976
979 980
980
983
991
997 998 999
998 999
999
