#naive2.0.py
# GMT Fri Feb 14 13:34:32 2020
# 
1 3
3
8 10
10 12
12 14
14 15 16
15 16 17
16 17
17
26 27 28
27 28
28 30
30 32
32 33 34
33 34 35
34 35
35
40 41
41
44 46
46 47
47
59 60 61
60 61 62
61 62
62 64
64 66
66 68
68
78
81
85
88 89 90
89 90 91
90 91
91
95
100 101 102
101 102
102 104
104
111 112 113
112 113 114
113 114 115
114 115
115
118 120
120 121 122
121 122
122 124
124 126
126 128
128 129 130
129 130
130 132
132 133 134
133 134
134
138 139
139 141
141
144
148 150
150 152
152 153 154
153 154 155
154 155
155
158 159
159
162
167 168 169
168 169
169 171
171 172 173
172 173
173 175
175
178
181 182 183
182 183 184
183
184
188 190
190 191 192
191 192 193
192 193
193 195
195
199
202 203
203 205
205
208 210
210 211 212
211 212 213
212 213
213
216 218
218 219 220
219 220
220
225 226
226
231 232
232
235
238 240
240
243
252
256
263
266
269 270 271
270 271 272
271 272 273
272 273
273
277 279
279 280
280 282
282
285 287
287 289
289 290 291
290 291
291 293
293 295
295 296 297
296 297 298
297 298 299
298 299 300
299 300
300 302
302 303
303
311 312
312 314
314 316
316
319
323 324 325
324 325
325 327
327
330
334 335
335
341 342 343
342 343 344
343 344 345
344 345 346
345 346 347
346 347
347 349
349 350
350 352
352
358 360
360
363 365
365 366 367
366 367 368
367 368 369
368 369
369
379 381
381 382 383
382 383 384
383 384
384
387
391 392
392
397 398 399
398 399
399 401
401
406
412 413 414
413 414
414 416
416 417 418
417 418 419
418 419
419 421
421 422 423
422 423
423
426 428
428 429 430
429 430
430
433
437 438
438
443 444 445
444 445
445 447
447
451
454 455 456
455 456
456 458
458 459 460
459 460 461
460 461 462
461 462 463
462 463 464
463 464 465
464 465
465 467
467 468
468
472 474
474
478 480
480 481 482
481 482 483
482 483 484
483 484
484 486
486 487 488
487 488 489
488 489
489 491
491
494 495
495
500 501 502
501 502 503
502 503 504
503 504 505
504 505
505 507
507 509
509 510
510 512
512 513
513 515
515
518 519
519 521
521 523 552
523
531 532
532
535 536 537
536 537
537 539
539 541
541 542
542
547
552 554
554 555 556
555 556
556
561 562
562 564
564
569 570 571
570 571
571
574 576
576 577
577 579
579 581
580 581
581
587 589
589 590
590 592
592
595 597
597 598
598 600
600
604 606
606 607 608
607 608 609
608 609 610
609 610 611
610 611 612
611 612 613
612 613
613 615
615
618 619 620
619 620
620 622
622 624
624 625 626
625 626
626 628
628
632 633
633 635
635 636
636
639 641
641 642 643
642 643
643
647
652 653
653
656 657 658 683
657 658 659
658 659 660
659 660
660
664
668
672
675 677
677 678 679
678 679 680
679 680
680
683 684
684 685
685
689 690 691
690 691 692
691 692 693
692 693 694
693 694 695
694 695
695 697
697 699
699 700
700
703
707
709
713
717
721 722
722
725 727
727
730 731
731
734 735
735
738 739
739
742
745 746 747
746 747 748
747 748
748 750
750 752
752 753 754
753 754
754
757
760 762
762 763
763 765
765 766
766 768
768 769
769
772 773 774
773 774
774 776
776 778
778 779 780
779 780 781
780 781
781
785
789 790 791
790 791
791
794
797 799
799 801
801 802
802 804
804
808
813 814
814
820 821 822
821 822 823
822 823 824
823 824
824
829 831
831 833
833 834
834 836
836 837
837 839
839 841
841 842
842 844
844 845
845 847
847 848
848 850
850 851 852
851 852
852
857
864 865
865
869 870 871
870 871 872
871 872 873
872 873 874
873 874 875
874 875 876
875 876 877
876 877 878
877 878
878
881
884 886
886 887 888
887 888
888
893 894
894 896
896
901 902 903
902 903 904
903 904
904
909
914
919 920
920
924 925 926
925 926
926
933 935
935 936 937
936 937
937
940
948 950
950 952
952 954
954 955
955
959 960 961
960 961
961
965
969
973
976 978
978 980
980 981
981
984
987 989
989 990 991
990 991
991
994 995
995 997
997
