#naive2.0.py
# GMT Fri Feb 14 13:34:33 2020
# 
0 998
6
16 17 18
17 18
18 20
20 21 22
21 22
22
28
34
38 40
40
44
48 49
49
52 53
53
59
66 67
67
71 72
72
75
79 81
81 82
82
85
88
93 95
95
97
100
104 105 106
105 106
106 108
108 109 110
109 110 111
110 111
111
114
117 118
118 120
120 121 122
121 122
122 124
124 126
126 127 128
127 128
128 130
130
133
136 137 138
137 138
138 140
140 141
141 143
143
146
150 152
152
155 156
156
159 161
161
165 167
167
170
173
178 179 180
179 180
180 182
182 184
184 185
185 187
187
193 194 195
194 195
195
199 201
201
204 205 206
205 206
206
210 211
211
214 216
216
223 225 429
225
232 233
233
236 238
238 239 240
239 240
240
243 245
245 247
247 249
249
252 254
254
257 258 259
258 259 260
259 260
260 262
262 263 264
263 264 265
264 265 266
265 266
266 621
270 271 272
271 272 273
272 273 274
273 274 275
274 275 276
275 276 277
276 277 278
277 278 279
278 279 280
279 280 281
280 281
281 283
283 285
285
288
297 299
299
302 304
304 305
305
308
315 316 317
316 317
317 319
319 321
321 322
322
326 328
328
338 339
339 341
341 343
343 344 345
344 345 346
345 346 347
346 347 348
347 348
348
351 352 353
352 353
353
356 357 358
357 358 359
358 359 360
359 360 361
360 361
361 363
363 365
365 366 367
366 367 368
367 368 369
368 369 370
369 370
370 372
372
375
378 379
379 381
381 382 383
382 383 384
383 384 385
384 385
385
388 389 390
389 390
390
394 395 396
395 396 397
396 397 398
397 398 399
398 399 400
399 400
400
404 406
406 408
408 410
410
413
418 419 420
419 420 421
420 421
421
424 425 426
425 426
426
429 430
430
433 435
435 437
437 438
438
444
450 452
452 453
453
459 460 461
460 461 462
461 462 463
462 463
463
466 468
468 470
470
475
478 480
480 481 482
481 482 483
482 483
483 485
485 486
486 488
488 490
490 491
491
494 495 496
495 496 497
496 497 498
497 498 499
498 499 500
499 500
500 502
502 503 504
503 504 505
504 505
505 507
507 509
509 510 511
510 511 512
511 512 513
512 513 514
513 514 515
514 515 516
515 516 517
516 517
517 519
519 520
520 522
522 523
523
527 528 529
528 529
529
531 532 533
532 533
533 535
535
538 539
539
542 543
543 545
545 547
547
550 551
551
554 555 556
555 556
556
561
569 571
571 572
572
575 576
576 578
578
581 583
583
586 588
588 589 590
589 590
590 592
592 593 594
593 594 595
594 595
595 597
597
600 601
601 603
603
606
614 615 616
615 616
616 618
618
621 622
622 623
623 625
625 626 627
626 627 628
627 628
628
633
638 639
639
642
646 647
647
652 653
653
656 658
658 660
660 661
661
667 669
669 671
671
678 679 680
679 680 681
680 681
681
685 686
686
689
693
696
707
715 716
716 718
718 720
720 722
722 723 724
723 724 725
724 725
725 727
727 729
729 730
730 732
732 733
733 735
735
740 741
741
749 750
750 752
752 754
754 756
756 757 758
757 758
758
761 762 763
762 763 764
763 764 765
764 765 766
765 766
766
770 771
771
776 778
778 779
779
784 785 786
785 786 787
786 787
787 789
789 790 791
790 791 792
791 792 793
792 793
793 795
795 797
797 799
799 800
800
804 806
806 807
807
811 813
813
816 817
817 819
819 820
820 822
822 823
823
826 827
827
830 831
831
836 837 838
837 838
838
845
849 851
851 853
853 855
855 857
857 859
859 860
860
865
869 871
871 873
873 874
874 876
876 877
877
880
883 885
885
891 892
892 894
894 895
895 897
897
900
904 906
906 907
907
912 913
913
917 918
918
921 923
923
926 927 928
927 928 929
928 929
929 931
931 933
933 935
935
940 941 942
941 942 943
942 943
943
947 948
948
952 953 954
953 954 955
954 955 956
955 956 957
956 957 958
957 958
958
961 962
962
965 966
966 968
968 970
970 971
971
974 976
976 977 978
977 978 979
978 979 980
979 980 981
980 981 982
981 982
982
989 990 991
990 991
991
995 996 997
996 997 998
997 998
998
