#naive2.0.py
# GMT Fri Feb 14 13:34:35 2020
# 
0 1 998
1 3
3
13
17
21
27 28
28
32 33 34
33 34 35
34 35 36
35 36
36
39 41
41 42 43
42 43
43 45
45
49 50
50 52
52 53 54
53 54
54
57 58 59
58 59
59
62
66 67 68
67 68 69
68 69 70
69 70 71
70 71
71 73
73
77 78
78
82 84 636
84 86
86
89 91
91 93
93 94 95
94 95 96
95 96
96 98
98 99
99
108 110
110 111 112
111 112 113
112 113
113 115
115 116
116
119 120
120 122
122 124
124 125
125
129 130
130
133
138 139
139
143 144
144
148 149 150
149 150
150
154
158 160
160
163 165
165 167
167 168
168
175 176 177
176 177 178
177 178
178 180
180 182
182
189 190 191
190 191 192
191 192
192
204 206
206 207
207 209
209 210
210
215
221
222 224
224 225
225
229 230 231
230 231
231 233
233 234
234 236
236 237
237 239
239 240
240
244 245 246
245 246 247
246 247 248
247 248
248 250
250 252
252 254
254
258
261
266 267 268 621
267 268 269
268 269
269 271
271
274 275
275 277
277 279
279
285
291 292
292
297 299
299 300 301
300 301 302
301 302 303
302 303
303 305
305 306
306
309
312 314
314 315
315
318 320
320 322
322 323 324
323 324
324
328
331
336
339
342
345 346
346 348
348 349
349 351
351 352 353
352 353 354
353 354
354 356
356 358
358 360
360
364
367 368
368 436
381 382
382 384
384 385 386
385 386 387
386 387 388
387 388
388 390
390 391
391
395
398 399
399 401
401
404
408 409 410
409 410 411
410 411
411
414
419 420
420
425 426
426 428
428 430
430 432
432
436
439
454
458
461 463
463 465
465 466
466
470 472
472 473
473 475
475 476
476 478
478 479
479
485 486
486
489
492 493
493 495
495
500 502
502
505 506
506
513 515
515
518
522
528 529
529
535 536
536 538
538
543 545
545 546
546
549 550 551
550 551 552
551 552
552 554
554
557 558
558
567 568 569
568 569
569
574 575
575 577
577
584
589 591
591 593
593 594
594 596
596
599
604
607
614 616
616
621
623 624
624
627 628 629
628 629
629
632
636
638
644
647 648 649
648 649
649
652
655 656 657
656 657
657
660 661
661
665 666
666
670 671
671 673
673 674 675
674 675 676
675 676
676 678
678
682
686
690
694 696
696 697
697 699
699 701
701 702
702
711
714 716
716 717
717
720 721
721 723
723 725
725 726 727
726 727
727
730 731 732
731 732
732
736 737 738
737 738 739
738 739 740
739 740
740
743 744 951
744 745
745 747
747 749
749 751
751 752 753
752 753
753
758
761 762
762 764
764
769 770
770 772
772
775 776 777
776 777 778
777 778
778
781
785
792 794
794 796
796 798
798 799
799
804
809 810 811
810 811 812
811 812 813
812 813
813
816
819
823 825
825
829 830
830 832
832
836 837
837
841
844 846
846
849
852
855
858 859
859 861
861 862
862 864
864 865
865
869 870 871
870 871
871 873
873
877
883 884 885
884 885
885
888
892 893 894
893 894
894 896
896 897 898
897 898 899
898 899
899 901
901 902
902
905 906 907
906 907
907
911 912 913
912 913 914
913 914 915
914 915
915
918 920
920 922
922 923 924
923 924 925
924 925 926
925 926
926
929 930 931
930 931
931
937 938
938
941 942
942 944
944
947 948
948
951
955 957
957 959
959
964 965 966
965 966 967
966 967
967
970
973 974
974
977
980 982
982 984
984 985 986
985 986
986 988
988 989 990
989 990 991
990 991 992
991 992
992
998
