#naive2.0.py
# GMT Fri Feb 14 13:34:36 2020
# 
1 2 999
2
6
10 12
12
16
19 21
21 22 23
22 23
23
27
33 35
35 36
36
39 40
40 42
42 44
44 45
45
51
57
64 66
66
73 74 75
74 75
75 77
77 78 79
78 79
79
83 85
85
89 90
90 92
92 94
94 95
95
104 105 106
105 106
106
114
119 120 121
120 121
121 123
123
126
131 132 133
132 133 134
133 134 135
134 135
135 137
137 138 139
138 139 140
139 140 141
140 141 142
141 142 143
142 143
143 145
145 146 147
146 147 148
147 148
148 150
150 151
151 153
153 154 155
154 155
155 157
157 158
158
164 165 166
165 166 167
166 167
167
173 175
175 176 177
176 177 178
177 178
178
182 183 184
183 185
184 185
185 187
187 189
189
192 194
194 196
196 197
197
200 201
201 203
203
209 211
211 212 213
212 213
213
219 220 221
220 221
221 223
223 225 429
224 225 226
225 226
226
230 232
232 234
234 236
236
239 240 241
240 241 242
241 242 243
242 243 244
243 244 245
244 245
245
253 254 255
254 255 256
255 256
256 258
258
261 263
263
266 268 621
268 270
270
273
277
280
287 289
289
292 294
294 295
295 297
297 298
298
303 304
304 306
306 307
307
310
314
318
323 324 325
324 325 326
325 326
326
329
335
338 339 340
339 340 341
340 341 342
341 342
342
345 346 347
346 347
347
351
354 356
356
360 361
361 363
363 364 365
364 365 366
365 366 367
366 367
367
371
374 375 376
375 376
376
381 383
383
388 389 390
389 390 391
390 391
391
394 395 396
395 396
396
399 400 401
400 401 402
401 402
402 404
404
408 409 410
409 410
410
413 415
415 416 417
416 417
417 419
419 421
421 422
422
425 426 427
426 427 428
427 428 429
428 429
429 431
431 433
433
436
438
442
445
449 450 451
450 451
451
454 455
455
458 459
459
462 463
463 465
465 466 467
466 467 468
467 468
468
472 474
474
478 480
480
485 486
486
491 493
493 495
495 496 497
496 497
497
503 504 505
504 505
505 507
507
513 514
514 516
516 517
517
521
525 526 527
526 527
527
530
534 535
535
539 541
541 543
543 544
544
548
551 553
553
556 558
558 559 560
559 560
560 562
562
567
572 573
573
578 579
579
582
589 591
591
594 595
595
598 600
600 601 602
601 602
602 604
604
616
620 621
621
623 625
625 626
626 628
628 630
630 631
631
634 636
636
640 642
642
646
652 653 654
653 654 655
654 655
655
658 660
660
663 665
665 667
667 668
668
675 677
677 679
679
684 685 686
685 686
686 688
688
697 698 699
698 699 700
699 700 701
700 701 702
701 702 703
702 703
703 705
705
708 710
710 712
712 713 714
713 714
714 716
716
720 722
722 723 724
723 724
724
727 728
728
737 738
738 740
740
743
745
749 751
751 752
752 754
754 755 756
755 756 757
756 757
757 759
759
765 766
766 768
768 769
769
772 773 774
773 774 775
774 775 776
775 776
776 778
778 779 780
779 780
780 782
782 784
784 785
785 787
787 788
788
791 792
792
798
801 803
803 805
805
808 809
809
812 813
813
817
824
837 838
838 840
840 841
841 843
843
848 849 850
849 850 851
850 851 852
851 852 853
852 853
853
856
864 866
866 868
868
871
878 879
879 881
881
885 886
886 888
888 889 890
889 890 891
890 891 892
891 892 893
892 893 894
893 894 895
894 895
895
899 900 901
900 901
901
904 905 906
905 906
906 908
908
912 913 914
913 914 915
914 915
915
918 920
920 921
921 923
923 924
924
928
942 943 944
943 944 945
944 945
945
949
953 954
954
957 958
958
961
967 968
968 970
970 971
971 973
973
976 977 978
977 978
978
984
987
990
999
