#naive2.0.py
# GMT Fri Feb 14 13:34:32 2020
# 
0 2
2 3
3 5
5 6 7
6 7
7
11 12
12 14
14 16
16
20 21
21 23
23 24
24
31 33
33 34 35
34 35
35
39
42
46 48
48 49 50
49 50
50
56 58
58 60
60
63 65
65
69 70 71
70 71
71
75 76
76
80 81
81 83
83 85
85 87
87
90
93 94 95
94 95 96
95 96 585
96 98
98 99 100
99 100
100 102
102 103 104
103 104
104
107 108 109 529
108 109
109
119 121
121
128 129
129
134
138 139
139
144 145
145 147
147
151
154 155
155
159
163
167
171 172 173
172 173
173
177
180
184 185 186
185 186 187
186 187
187 189
189 191
191
197 198 199
198 199 200
199 200
200
203
206 207
207
210 211
211
215 217
217 218 219
218 219
219 221
221
225 226
226
232 233
233
236 238
238 240
240 241
241 243
243 245
245 247
247 248
248 250
250
254
257 258 259
258 259
259
262 263
263
266
269 270
270
273 274 275
274 275
275 277
277 279
279 281
281 282 283
282 283
283
286 287
287
290 291 292
291 292
292
297 298 299
298 299
299 301
301 302 303
302 303
303 305
305 306 307
306 307 308
307 308
308 310
310
313
316 318
318 319
319 321
321 323
323 325
325
328
331 332
332 334
334 335
335 337
337 338 339
338 339
339 341
341
348 349 350
349 350
350 352
352 353
353 355
355 356 357
356 357
357
364 365
365 367
367 369
369
372 374
374 375
375
379 381
381 382 383
382 383 384
383 384 385
384 385
385
388 389 390
389 390
390
393 394
394 396
396 397
397 399
399 400
400 402
402 404
404 406
406 407
407
412
415
420 421 422
421 422 423
422 423
423
427 428 429
428 429
429
432 434
434 435
435 437
437
441 443
443
446 447
447
450 452
452 453 454
453 454 455
454 455
455
458
464
469 470 471
470 471
471
476 477 478
477 478
478
481 482 483
482 483
483
486 488
488 490
490
496 498
498 500
500 501
501 503
503
509 511
511 513
513 514 515
514 515 516
515 516 517
516 517
517
523 525
525 526 527
526 527
527 529
529 530
530
533 535
535 536
536
544 546
546 547
547
551
556
559 560
560 562
562 563 564
563 564 565
564 565
565
569 570 571
570 571 572
571 572
572 574
574 575
575
580 581
581
585 586
586 588
588 589
589 591
591
596 597 598
597 598
598 600
600 601 602
601 602 603
602 603
603
609 611
611 613
613
617 618 619
618 619 620
619 620
620
625 626 627
626 627
627 629
629 630 631
630 631 632
631 632
632 634
634
637 638
638
643
646 647
647 649
649 650 651
650 651 652
651 652 653
652 653 654
653 654 655
654 655
655
658
661 663
663 665
665
668 670
670 671
671 673
673
677
680 681
681
686 687 688
687 688
688
691 693
693 694 695
694 695
695 697
697
700 701 702
701 702 703
702 703 704
703 704
704 706
706 707
707
709
712
715 717
717 718
718 720
720
723 724 725
724 725 726
725 726
726 728
728
734
738
744 745
745
749
753 754
754 756
756 758
758 759
759
762
765 766
766 768
768 769 770
769 770 771
770 771
771
774 775 776
775 776 777
776 777
777 779
779 780 781
780 781
781 783
783 784 785
784 785 786
785 786 787
786 787 788
787 788 789
788 789 790
789 790
790
793 794
794 796
796
799
805 806
806 808
808
811
814 815
815 817
817 818 819
818 819 820
819 820
820
824 825 826
825 826 827
826 827 828
827 828
828
832 833
833 835
835 836
836 837
837 839
839 840 841
840 841
841
851 852 853
852 853 854
853 854
854
857 858 859
858 859
859
865 866 867
866 867 868
867 868 869 937
868 869
869
873
878 879
879
883 885
885 886
886 888
888 890
890
894
899 900
900 902
902
906 907
907
910
915 917
917 919
919
924 925
925
928
934
937
941
946 947 948
947 948 949
948 949 950
949 950 951
950 951
951 953
953 955
955
960
966 967 968
967 968 969
968 969 970
969 970 971
970 971
971
974 975 976
975 976 977
976 977 978
977 978
978
981
984 985 986
985 986 987
986 987
987 989
989 991
991 992
992
