#naive2.0.py
# GMT Fri Feb 14 13:34:34 2020
# 
0 998
4 868
7 8
8
11 12 13
12 13 14
13 14
14 16
16
19 21
21 22 23
22 23
23 25
25 27
27 29
29 31
31 32
32 34
34 35 36
35 36
36
39 41
41 43
43 44
44
49 50 51
50 51
51 53
53 54
54 56
56 57 58
57 58 59
58 59
59
64 66
66 67
67 69
69
78 80
80
85 86
86
90
93 95
95 96
96 97
97
101
104 105 106
105 106 107
106 107 108
107 108 109
108 109
109
113 115
115 116 117
116 117
117 119
119 120
120
125 126
126
129 131
131 132
132
135 136
136
139 140 141
140 141 142
141 142
142
145
148
151 153
153 154 155
154 155
155
158 160
160 162
162 164
164
169
172
178 180
180 182
182
185 187
187 188 189
188 189
189
193
196
199 200 201
200 201 202
201 202 203
202 203 204
203 204
204
207 209
209 210 211
210 211
211 213
213 214
214
217 219
219 220 221
220 221
221
224 225
225
230 231
231
235 237
236 237
237
240
244 246
246 247
247 249
249 250 251
250 251 252
251 252 253
252 253
253
257 259
259 260
260
265 267
267
270 271 272
271 272
272
277 279
279 280
280
284
287 288 289
288 289
289 291
291 292
292
295 296 297
296 297 298
297 298
298
302
305 307
307
310 312
312
317
321 322
322
325 327
327
330 332
332 334
334
341 343
343 345
345 346
346 348
348 350
350 351 352
351 352 353
352 353 354
353 354 355
354 355
355
358 359 360
359 360
360
364 366
366 367 368
367 368 369
368 369 436
369 371
371 373
373 374 375
374 375 376
375 376 377
376 377
377 379
379 381
381
384 386
386
389 390 391
390 391 392
391 392 393
392 393
393 395
395 397
397 398
398
407 409
409
416
420 422
422 424
424 425 426
425 426
426
429
434 435 436
435 436
436
438 440
440 442
442 443
443
446 448
448 449
449
453
459 461
461 462
462 464
464 466
466 467 468
467 468 469
468 469 470
469 470
470 472
472 473
473
477 478
478 480
480 481 482
481 482
482 484
484 485
485
488 489 490
489 490 491
490 491
491 493
493 495
495
498 499
499
503 504 505
504 505 506
505 506
506
509 510 511
510 511
511
515
518 519
519
523 525
525 526 527
526 527 528
527 528
528
531
537 538 539
538 539
539 541
541 543
543
547 548
548 550
550
554 555
555 557
557 559
559
565 566
566
570 571
571 573
573 574 575
574 575 576
575 576 577
576 577
577 579
579 972
583
587 588
588
593 594 595
594 595
595 597
597 598 599
598 599
599
602 603 604
603 604 605
604 605
605
609 610 611
610 611 612
611 612
612 614
614 616
616
620 621
621
624
627 629
629 630
630 632
632
636
638 639 640
639 640
640
645
649 650
650 652
652 653 654
653 654 655
654 655 656
655 656
656
659 660 661
660 661
661 663
663 664 665
664 665 666
665 666
666 668
668
671 672 673
672 673
673 675
675 677
677
680 681 682
681 682
682 684
684 685
685 687
687
690
695 696
696
700
703 704 705
704 705 706
705 706
706 708
708
715 717
717 719
719
724 726
726 728
728 729
729
739 740 741
740 741
741
745 747
747 748 749
748 749
749 751
751
756 757 758
757 758 759
758 759 760
759 760 761
760 761
761 763
763
766 768
768 769
769
772 773 774
773 774 775
774 775 776
775 776
776
780 782
782 783 784
783 784 785
784 785
785 787
787 788
788 790
790 791
791 793
793
798 799 800
799 800 801
800 801 802
801 802
802
806 807 808
807 808 809
808 809 810
809 810
810
813 814
814 816
816 818
818 820
820 822
822 823
823
828 829
829
835 836
836 837 838
837 838
838 840
840
843 844
844
847 849
849 850 851
850 851
851
854 856
856 858
858 860
860 861
861
868 869 870
869 870
870
874
878 879 880
879 880 881
880 881
881 883
883 885
885 886 887
886 887
887
890 891 892
891 892 893
892 893 894
893 894 895
894 895 896
895 896
896 898
898 899
899
902
907 909
909 911
911 913
913
916
919 920
920 922
922 923 924
923 924 925
924 925 926
925 926 927
926 927 928
927 928
928
932 933 934
933 934 935
934 935
935
942 944
944 945 946
945 946
946 948
948 950
950
958
962 964
964 966
966 967
967 969
969 971
971 972
972
977 978
978 980
980 982
982 983 984
983 984 985
984 985
985 987
987 988
988
993 995
995
998
