#naive2.0.py
# GMT Fri Feb 14 13:34:31 2020
# 
4 5 868
5
8
14
18 20
20
26 28
28
31
35 37
37 38 39
38 39 40
39 40 41
40 41 42
41 42
42
49 50 51
50 51
51
58 59 60
59 60 61
60 61 62
61 62
62
67 68
68
73 75
75 76
76 78
78 80
80 81
81 83
83 84
84
88 90
90 91
91 93
93 94 95
94 95
95 585
97 98 99
98 99
99 101
101
104
107 109
109 110
110
115 117
117 118 119
118 119
119 121
121
126 128
128 129
129 131
131 132 133
132 133
133 135
135 137
137 139
139 141
141 142 143
142 143
143
146
149
152
155 156
156
159 160 161
160 161 162
161 162 163
162 163 164
163 164
164 166
166 167
167 169
169
172 173
173
176 177
177
180 182
182
185 186
186
189 190 191
190 191 192
191 192
192
195
204
209
213
216 217 218
217 218
218 220
220 222
222 223
223
229 230 231
230 231 232
231 232
232 234
234 235 236
235 237
236 237
237
241
246 247 248
247 248
248
252 254
254 256
256
261 263
263 265
265 266
266 621
271
277 279
279 280
280
283 284 285
284 285 286
285 286
286 288
288 289
289 291
291
294 296
296 298
298 299
299 301
301 303
303 304 305
304 305 306
305 306 307
306 307 308
307 308 309
308 309 310
309 310
310
313 314 315
314 315 316
315 316
316
320 321 322
321 322 323
322 323 324
323 324
324
327 329
329 330 331
330 331
331 333
333
338 340
340 341
341
354
361 362 363
362 363
363 365
365 367
367 369
369 370 371
370 371
371 373
373 374
374
377 379
379 380
380
383 384
384
390 391
391 393
393 394 395
394 395
395 397
397
400 402
402
405 407
407
410 411
411
414
420 422
422 424
424 425 426
425 426
426
432 433
433
436 437
437
440 441
441 443
443 444 445
444 445 446
445 446
446
450 452
452
456 457
457 459
459 461
461
464 466
466 467 468
467 468
468
471
474
478
481 482 483
482 483
483 485
485
493
496 497
497
501 502
502
505 506 507
506 507 508
507 508
508
514 515
515 517
517
522 523
523
526
530 531
531 533
533 534 535
534 535 536
535 536 537
536 537
537
540 542
542
548 550
550
553 554 555
554 555
555
562 563 564
563 564 565
564 565 566
565 566 567
566 567
567
570 571 572
571 572
572 574
574 575 576
575 576 577
576 577
577
581
585 586
586 588
588
591 592 593
592 593
593 595
595 596
596
601 602
602 604
604 606
606
609
615 616 617
616 617 618
617 618 619
618 619
619 621
621 622
622 623 624
623 624
624
627
630 631 632
631 632
632
635 636 637
636 637
637 638
638 640
640 641 642
641 642
642 644
644
648 649
649 651
651 653
653 655
655 656
656 658
658
662
665 667
667 668
668
674 675
675
679
682
685
688 689
689
692 693 694
693 694 695
694 695 696
695 696
696
706
709 711
711 712
712 714
714 715
715
718 719
719
722
725 726 727
726 727 728
727 728
728 730
730 731
731 733
733
736 737
737 739
739 740
740
746
750
753 754
754 756
756 757 758
757 758
758
761 762
762 764
764 766
766
770 771 772
771 772 773
772 773 774
773 774
774
777 779
779 781
781 782 783
782 783 784
783 784 785
784 785 786
785 786
786 788
788 790
790 791 792
791 792
792
795 796 797
796 797
797
807 808 809
808 809 810
809 810
810
814 815
815 817
817 818 819
818 819
819 821
821
825 826
826
829
833 835
835 918
838 839
839
842
845 846 847
846 847
847
850
853
857 858
858
861 863
863
866 868
868 870
870 872
872 873
873 875
875 877
877 878 879
878 879
879 881
881 882
882 884
884 885
885 887
887
889 890
890
893 895
895 897
897 899
899 900
900
905
909 910 911
910 911 912
911 912 913
912 913 914
913 914 915
914 915 916
915 916 917
916 917 918
917 918
918
921
924 926
926 927 928
927 928 929
928 929 930
929 930 931
930 931
931 933
933 935
935
939 941
941 943
943
950 951
951
956 957 958
957 958
958
961 962 963
962 963 964
963 964
964
967 969
969 970
970 972
972
976 977
977
980 981
981
985 987
987 989
989 991
991 992
992 994
994 995 996
995 996
996 998
998
