#naive2.0.py
# GMT Fri Feb 14 13:34:34 2020
# 
0 1
1 3
3 5
5 6
6
10
13 15
15 16 17
16 17 18
17 18
18
25 26 27
26 27
27 29
29 30
30
34
37 39
39
49 51
51 52 53
52 53
53 55
55
58 59 60
59 60 61
60 61
61
64 66
66 67 68
67 68
68 70
70 71
71
74 76
76
82 83 84 636
83 84
84
87 89
89
92 94
94 95
95
97 99
99 100 101
100 101 102
101 102
102 104
104 105
105 107
107 109 529
109
112 113 114
113 114
114
119 121
121
124 125
125 127
127
131
134
137
143 145
145
148 150
150
159 161
161 163
163 164
164
167 169
169
172 174
174
179 181
181
184 185
185
188
195
199 201
201
206 207 208
207 208
208
212 214
214
217 218 219
218 219
219
222
225
229
233 235
235
236 238
238 239
239
242
245 246
246
254
257 258
258
261
264 265 266
265 266 267
266 267
267
270
273 275
275
285
289
293 295
295 297
297 298 299
298 299
299 301
301 302
302
306 307
307 309
309 310 311
310 311 312
311 312
312
317 319
319 320
320 322
322 323
323
326 327
327 329
329 331
331
334 335
335
338 339 340
339 340
340 342
342 344
344
348
354 356
356 358
358 359 360
359 360
360
363 364 365
364 365
365
371 372
372 374
374 375
375 377
377
381 382 383
382 383 384
383 384 385
384 385 386
385 386
386 388
388
392
396 398
398 399 400
399 400 401
400 401 402
401 402 403
402 403 404
403 404 405
404 405 406
405 406 407
406 407 408
407 408
408 410
410 412
412
416 417 418
417 418
418
424
431 433
433 434 435
434 435 436
435 436
436
439
445 446
446 448
448 449 450
449 450 451
450 451 452
451 452 453
452 453
453
456 458
458
461 462
462
465 466 467
466 467
467
470 471 472
471 472
472
475
479 480 481
480 481
481
484
487 488 489
488 489 490
489 490
490 492
492 494
494
497 498 499
498 499
499
502 503 504
503 504 505
504 505 506
505 506
506
509 510
510 512
512 513
513
516 518
518
522 523
523
526 527
527 529
529
532 533 534
533 534 535
534 535
535 537
537 538
538 540
540
543 544 545
544 545 546
545 546
546
550 552
552
556 557 558
557 558
558 560
560 562
562 563
563 565
565 566 567
566 567 568
567 568
568
573 575
575 577
577 579
579 581 972
581
586 587
587
594 595 596
595 596
596 598
598
601 603
603 604
604 606
606 608
608 610
610
614
617
623 624 625
624 625 626
625 626 627
626 627 628
627 628
628
631 632 633
632 633 634
633 634 635
634 635 636
635 636
636
638 640
640 642
642 643 644
643 644 645
644 645
645
648 650
650 652
652 653 654
653 654
654 656
656 658 683
658 659 660
659 660 661
660 661 662
661 662
662
665 666
666
669 670 671
670 671
671 673
673
676 677
677 679
679 680 681
680 681 682
681 682 683
682 683 684
683 684
684
692 693
693
696 697
697
701
704 706
706
710 711 712
711 712
712
718 719
719 721
721 722
722
725 726 727
726 727
727 729
729 730 731
730 731
731
734 735 736
735 736 737
736 737
737 739
739
742 743
743
745 746 747
746 747 748
747 748 749
748 749
749 751
751 753
753 754
754
757 759
759 760 761
760 761 762
761 762 763
762 763
763
770 772
772 773
773
777
780
786 787
787
790
793 794 795
794 795 796
795 796
796
799 800
800
803 804
804
807
811 813
813 814 815
814 815
815 817
817 819
819
822
827 828
828
833 834
834
841
844 846
846 848
848 850
850 852
852 854
854 856
856 857
857 859
859 861
861 862 863
862 863
863
866
871
875 877
877 879
879 880
880
883 885
885
891
894
899
904
910 911 912
911 912
912 914
914
924 926
926 928
928 930
930 931
931
935 936 937
936 937
937
942 944
944
947
958 960
960 962
962 964
964
968 970
970 972
972 973
973
977
980 981 982
981 982
982 984
984 986
986
989 990
990
993
996
