#naive2.0.py
# GMT Fri Feb 14 13:34:32 2020
# 
1 2 999
2
9 10
10 12
12 14
14 15 16
15 16
16 18
18 19 20
19 20
20 22
22
27
30 31
31 33
33
37 38
38 40
40
44 45 46
45 46 47
46 47
47 49
49
53 54
54
57 59
59 61
61 62
62 64
64 66
66 67 68
67 68
68 70
70
73
77
80 82
82 636
86 88
88
91
96 97
97 99
99 100 101
100 101
101
108 109 110
109 110
110
114 115 116
115 116
116
119 121
121
126 127
127
130 131 132
131 132
132 134
134 136
136
142
145 146 147
146 147
147
152
159
162
166 168
168
171 172 173
172 173 174
173 174 175
174 175 176
175 176
176
180 182
182 184
184
192 194
194 195
195
202 203 204
203 204
204 206
206 208
208 209
209 211
211
214
217 218 219
218 219
219 221
221 735
222
225 226 227
226 227 228
227 228
228
233 234
234 236
236 237 238
237 238
238
243 244 245
244 245
245
249
253 255
255
258 259 260
259 260
260
265 267
267
270 271 272
271 272 273
272 273
273
277 278 279
278 279 280
279 280
280
284 285 286
285 286
286
289
292
295 296 297
296 297
297
304
308
313
316 318
318
321
324 326
326
331
335
339
344 345
345
352
355 356
356
360 362
362
365 366
366 368
368 436
371
375 376 377
376 377 378
377 378
378
383 384 385
384 385
385 387
387
390 392
392
396
401
406 408
408 410
410 411
411 413
413 415
415 417
417 419
419 421
421 422
422 424
424 425 426
425 426 427
426 427
427
430 431
431
434 435 436
435 436
436
438 439
439
442 444
444 445
445 447
447 448 449
448 449
449
452 453 454
453 454
454
462 463
463 465
465 466 467
466 467
467
473 474
474 476
476 477 478
477 478 479
478 479 480
479 480
480 482
482
487 488
488
493
497 498 499
498 499 500
499 500 501
500 501 502
501 502 503
502 503
503 505
505 506
506 508
508
517 518
518
521 523 552
522 523
523 525
525 527
527 528 529
528 529
529
538 539
539
543 544
544
547 548
548
551 552
552
555
558 560
560
564 565 566
565 566
566
569
576 578
578 579 580
579 581 972
580 581
581 583
583 584
584
591 592
592
597 599
599
602
605 606 607
606 607
607 609
609 610
610
614 615
615 617
617 618
618
622 623 624
623 624 625
624 625
625 627
627
633 634 635
634 635 636
635 636
636
638
642
646 647
647 649
649 650 651
650 651
651
657
662 664
664
668
671 672 673
672 673 674
673 674
674 676
676
679
682
685
692
695 697
697 698
698
703 704 705
704 705 706
705 706
706 708
708 710
710 711
711 713
713 714
714 716
716
720
723 725
725 726
726 728
728
731
734 735 736
735 736
736 738
738 740
740 741
741
746 748
748 749
749 751
751 753
753
756
759 760
760
763
767 768 769
768 769 770
769 770
770
780 781
781 783
783 784
784 786
786
791 792 793
792 793 794
793 794 795
794 795
795
798 799
799
802 803
803 805
805 807
807
814 815
815 817
817 819
819 820
820
827 828
828 830
830 831 832
831 832 833
832 833
833 835
835
837
840
843 844 845
844 845
845 847
847 849
849 850 851
850 851
851
854
858 860
860 862
862
865
873
876
880 882
882 883 884
883 884
884 886
886 887
887
889 891
891 893
893 894
894
898 899
899 901
901 902 903
902 903 904
903 904
904
909 911
911
921 922 923
922 923 924
923 924 925
924 925 926
925 926 927
926 927
927 929
929 930
930 932
932 933 934
933 934 935
934 935
935 937
937 938
938
942
945
951 952
952 954
954 955 956
955 956
956 958
958
965 966 967
966 967
967
970 972
972 973 974
973 974
974
981 983
983
992
996 997 998
997 998 999
998 999
999
