#naive2.0.py
# GMT Fri Feb 14 13:34:29 2020
# 
1 2
2
5 6
6 8
8 9
9
12 14
14 16
16
19 20
20
23 25
25 26 27
26 27
27
30 31 32
31 32 33
32 33
33
38 39
39
43 44
44
49
53
57 58 59
58 59 60
59 60 61
60 61
61
64
67 68 69
68 69
69
77 78 79
78 79 80
79 80
80 82
82 83 636
83 85
85 86 87
86 87
87 89
89
96 97
97 99
99
108 109 110
109 110 111
110 111
111 113
113
118 119
119 121
121 122 123
122 123 124
123 124 707
124
127 128
128
131 133
133 135
135 136 137
136 137
137 139
139
142 144
144 145 146
145 146
146
150 152
152
158 159
159
165 166
166 168
168 169
169 171
171 172 173
172 173 174
173 174
174 176
176 178
178 179
179
182 183 184
183
184 186
186 187 188
187 188 189
188 189 190
189 190 191
190 191 192
191 192
192 194
194 195
195
204 206
206 207
207 209
209 211
211 213
213 215
215
220 222
222 224
224 225
225
229 230 231
230 231
231 233
233 235
235 237
236 237
237 239
239
242 243 244
243 244
244
248 249 250
249 250 251
250 251
251
254
257 258 259
258 259
259
266 621
269 271
271 272 273
272 273
273
278
281 282 283
282 283
283 285
285
290 291 292
291 292
292
297 298 299
298 299
299
305 307
307 308 309
308 309 310
309 310 311
310 311
311
317 319
319 321
321
324
329
334 335
335
339 340 341
340 341 342
341 342
342
345 347
347 348
348
353 355
355 356 357
356 357 358
357 358 359
358 359 360
359 360
360
365 366
366
372 373
373
384
388 390
390 392
392
397 398
398
402 403 404
403 404
404
408 410
410 412
412 414
414 415 416
415 416
416 418
418
422 423
423
427 428 429
428 429
429
433
436
440 441 442
441 442
442
445 447
447 449
449 450 451
450 451 452
451 452
452 454
454 455
455
458
461 462
462
467 468
468 470
470 471 472
471 472 473
472 473 474
473 474 475
474 475 476
475 476 477
476 477
477
484 485
485
491
494 495
495 497
497 498
498
501 502
502
505
509
512 514
514
523 524
524
527 529
529 530
530
538 539 540
539 540 541
540 541
541
546 547
547 549
549 550
550 552
552
555 556
556 558
558 560
560 562
562 563 564
563 564 565
564 565 566
565 566 567
566 567
567 569
569 570
570 572
572 573 574
573 574
574
577 578
578
581
584 586
586
590 592
592 593 594
593 594 595
594 595 596
595 596 597
596 597
597
605
608 610
610
613 614 615
614 615 616
615 616
616
619 621
621
625
628 630
630 632
632 633 634
633 634 635
634 635 636
635 636
636
639 640
640
646 648
648 649
649
652 653 654
653 654
654
657
660
664 665
665 667
667
671
676
679 681
681 683
683 684
684
687 688 689
688 689 690
689 690 691
690 691
691
695
699
705 707
707 708
708 709
709 711
711 713
713 714
714 716
716
719 720
720 722
722 723
723
727
730 731
731
734 736
736 737 738
737 738 739
738 739
739
744
748
752
755 757
757 758 759
758 759
759
763 764 765
764 765
765 767
767 768
768
774 775 776
775 776
776
785 787
787 788
788 790
790
793 795
795 797
797
801 802 803
802 803 804
803 804
804 806
806 808
808 809
809
812 814
814
819
822
826 827
827 829
829 831
831 832 833
832 833 834
833 834
834
839 840
840 842
842 843 844
843 844
844
847 848 849
848 849
849
852 854
854 855
855 857
857 858 859
858 859 860
859 860
860 862
862
865 867
867 868 869 937
868 869
869 871
871
874 875
875
880
884 885
885
888 889 890
889 890
890 892
892 893 894
893 894
894
899
903 904
904 906
906
909 910
910 912
912 913
913
918
923 924
924
927 928 929
928 929
929 931
931
935 936 937
936 937
937
942
946 948
948 949
949
952 953 954
953 954 955
954 955 956
955 956 957
956 957 958
957 958 959
958 959 960
959 960
960
968 970
970 972
972 974
974
977
981 982
982
985 986 987
986 987
987 989
989 991
991 992
992
996
