#naive2.0.py
# GMT Fri Feb 14 13:34:31 2020
# 
0 1 999 998
1 3 999
3
7 8 9
8 9 10
9 10
10
13 14
14
20 21
21
27
30 32
32 33
33 35
35
39
42 44
44 46
46 47
47
51
55 57
57 58 59
58 59
59
64
68 70
70 71
71 73
73 75
75 77
77
81 82
82 84 636
84
87 88
88
91
95
98 99
99 101
101 102 103
102 103 104
103 104 105
104 105
105 107
107 529
112 113 114
113 114
114 116
116 117
117
120 122
122 123
123 707
127 128
128
131 132
132 134
134 136
136
139
145 146
146
149 151
151
157
160 161 162
161 162
162 164
164 166
166 168
168
173
177 178 179
178 179
179
182 184
184 185
185 187
187 188 189
188 189
189
193
199 201
201
204 206
206 208
208 209 210
209 210 211
210 211 212
211 212
212 214
214 215 216
215 216
216 218
218
221 223
222 223 224
223 429
224
228 230
230 231 232
231 232
232 234
234
237 238 239
238 239 240
239 240 241
240 241 242
241 242
242 244
244 245 246
245 246
246
252 253 254
253 254 255
254 255 256
255 256
256
259
263 264
264
271 272
272 274
274 275
275
278 279 280
279 280 281
280 281
281 283
283 285
285 286 287
286 287 288
287 288 289
288 289
289
292 293 294
293 294 295
294 295
295
298 300
300 301
301
304 305
305
308 309 310
309 310 311
310 311
311
317 318 319
318 319 320
319 320 321
320 321
321
326 328
328 330
330
333 335
335 337
337 338
338
344
347
352
357 359
359
363 364
364
367 368 369
368 369 370
369 370
370 372
372 374
374 375 376
375 376 377
376 377
377 379
379
385 387
387 388
388 390
390 392
392
398 399
399
402 403
403 405
405 406 407
406 407
407 409
409 410 411
410 411 412
411 412 413
412 413
413
417
420 422
422 423
423
427 429
429 430 431
430 431 432
431 432
432
439 441
441 442 443
442 443
443
447
453 454
454
457 458 459
458 459 460
459 460 461
460 461
461
464
471 473
473 474 475
474 475
475 477
477
480
483
487 489
489 490
490 492
492 493 494
493 494
494 496
496 498
498
501
504 506
506
509
513 515
515 517
517 519
519 521
521 523
523 524 525
524 525 526
525 526
526 528
528 529
529
536
539 540
540 542
542 544
544
550 551
551 553
553
558 559
559 561
561
564 566
566
569 570
570 572
572
575
578 579 580
579 581
580 581
581
584
589 591
591
594 596
596 598
598 599
599 601
601 602 603
602 603
603
606 607
607 609
609 610
610 612
612 613 614
613 614
614
618
622 623 624
623 624
624
628 629 630
629 630
630 632
632 634
634 635 636
635 636
636
638 639 640
639 640 641
640 641 642
641 642 643
642 643
643 645
645 646 647
646 647
647 649
649 650
650 652
652
657
660
666
670
673
678
681 683
683
686
690
693
697 698
698
702 703
703
706 707
707
709 711
711 713
713
717 718
718
721
724
730
736 737
737 739
739 740
740 742
742 743 744
743 744
744
747
751
763
766 767
767
770 771
771 773
773 775
775
779 781
781 782 783
782 783 784
783 784 785
784 785 786
785 786
786
790 791
791
794 795
795
799 801
801 802 803
802 803
803 805
805 806
806
810 812
812
815 817
817 818
818 820
820 821
821
825 827
827 828
828 830
830
833
836
839
842 843
843 845
845 846 847
846 847 848
847 848 849
848 849
849 851
851 852 853
852 853
853 855
855 856 857
856 857
857
862 863
863
866 867 868
867 868 937
868
871
876 877
877 879
879 880 881
880 881
881 883
883 884 885
884 885 886
885 886
886 888
888 889
889 891
891 892
892
895
898
901 902
902 904
904 905 906
905 906 907
906 907
907 909
909
912
915
921
924 925 926
925 926 927
926 927
927
932 933 934
933 934
934 936
936 937
937
940 942
942 943
943
947
952 953
953 955
955
958 960
960 961 962
961 962
962
966 967 968
967 968
968 970
970 971
971 973
973 974
974 976
976 977
977
982 983 984
983 984
984 986
986 987 988
987 988
988
992 993
993
997 998 999
998 999
999
