#naive2.0.py
# GMT Fri Feb 14 13:34:28 2020
# 
0 999 2
2 3 4
3 4 5
4 5
5 7
7
10 12
12 13 14
13 14
14 16
16 17 18
17 18 19
18 19 20
19 20
20 22
22 23 24
23 24 25
24 25 26
25 26
26 28
28 29 30
29 30 31
30 31
31
34
38 39
39
45 47
47 48
48 50
50 51 52
51 52
52 54
54
61 62 63
62 63 64
63 64 65
64 65 66
65 66 67
66 67 68
67 68 69
68 69 70
69 70
70
73 74
74
78
83
86 87
87
90 91
91
96
100
105
108 109
109 111
111 112
112
116
119 121
121
124 125
125
132 133
133
136
139 140
140 142
142 143
143 145
145 146 147
146 147 148
147 148
148
151
155 157
157 159
159 161
161 162
162
166 167 168
167 168
168
173 174
174
177
183 811
189 191
191 192 193
192 193 194
193 194 195
194 195 196
195 196
196 198
198 199 200
199 200
200 202
202 204
204 205
205 207
207 208 209
208 209 210
209 210
210 212
212
216 218
218
221 223 735
222 223 224
223 429
224
227 228
228
231 232
232 234
234 236
236 237
237
240 242
242
245 246
246 248
248 249
249
252 253
253 255
255 256
256
259
264 265 266
265 266
266
269 270 271
270 271 272
271 272
272 274
274
284
287 289
289 291
291 293
293 295
295 297
297 298 299
298 299
299 301
301 303
303 304 305
304 305
305
309 310 311
310 311
311
314 315
315 317
317 318
318
323 324 325
324 325
325
329 331
331
334 335
335
339
349
352
355 356
356
361 363
363
366
369 370
370 372
372 374
374
377 379
379
385 386 387
386 387
387 389
389
392 393
393 395
395 396
396
399
403 404
404
407 409
409 410
410
413 415
415
418
421
427 429
429 431
431 433
433
436
438 439
439
442
445
450 451 452
451 452 453
452 453
453
456
462 463
463 465
465
471 472
472
477 479
479
486
491 492 493
492 493
493 495
495 496
496
500 501
501
505 507
507
512 514
514 515 516
515 516 517
516 517
517
520 522
522 523
523
529
532
537 538 539
538 539 540
539 540 541
540 541
541
544
548
553
558 560
560 561 562
561 562
562 564
564
568 569
569
574 576
576
585
588 590
590
594 595 596
595 596 597
596 597
597
600 601 602
601 602 603
602 603 604
603 604 605
604 605 606
605 606 607
606 607 608
607 608 609
608 609 610
609 610
610 612
612
616
625 626
626 628
628 629
629
633 634 635
634 635
635
638 639
639
646 648
648 649
649 651
651
654 655 656
655 656 657
656 657
657
662
666 667
667 669
669 670
670
673 674 675
674 675 676
675 676 677
676 677 678
677 678 679
678 679
679 681
681
686 687
687 689
689 691
691 692 693
692 693 694
693 694 695
694 695
695
700
703 704 705
704 705
705 707
707 708
708
711 713
713 715
715 716
716 718
718 719
719
722 724
724 725 726
725 726
726 728
728
731 732
732
735
739 740
740 742
742 744
744
749
756 758
758 760
760 761 762
761 762 763
762 763
763 765
765
768 769
769
774 775
775
779 780 781
780 781 782
781 782 783
782 783 784
783 784
784 786
786
791 792
792
797
803 804 805
804 805
805 807
807
810 811
811 813
813 815
815 816
816 818
818 820
820 821
821
824 825
825
828 829 830
829 830
830 832
832 833
833 835
835 918
837 839
839 840
840
844 845
845 847
847 849
849 851
851 852 853
852 853
853
856 857 858
857 858
858
862
870 872
872 873 874
873 874
874
878 880
880 881 882
881 882 883
882 883 884
883 884 885
884 885 886
885 886
886
889
892 893
893 895
895
900 901 902
901 902 903
902 903
903
909 910
910 912
912 913 914
913 914 915
914 915 916
915 916 917
916 917 918
917 918 919
918 919
919
922 924
924 926
926 927 928
927 928 929
928 929
929 931
931 933
933 934
934
939
944 945 946
945 946 947
946 947 948
947 948
948
951
955 956 957
956 957 958
957 958
958
962 963
963
969 970 971
970 971
971
988 990
990 991 992
991 992 993
992 993
993
999
