#naive2.0.py
# GMT Fri Feb 14 13:34:28 2020
# 
1 2 999
2 4
4 5
5 6 7
6 7
7 9
9
13 14
14 16
16 17 18
17 18 19
18 19 20
19 20 21
20 21 22
21 22
22
28 29
29
33
37
41 42 43
42 43 44
43 44 45
44 45
45
49 51
51 52 53
52 53 54
53 54 55
54 55
55
63 64
64
71 72 73
72 73
73
77 78
78
81 82
82 84 636
84
87
92 94
94 96
96 97 98
97 98 99
98 99 100
99 100
100
103 105
105 107
107 108
108 110
110 111
111
115
119 120
120 122
122 124
124 126
126
131 132
132 134
134 135 136
135 136 137
136 137
137 139
139 140
140 142
142 143 144
143 144 145
144 145
145 147
147 149
149 151
151 153
153 154 155
154 155 156
155 156
156
160
163
167 169
169 171
171
176 178
178
185
190 191 192
191 192 193
192 193
193
198 199
199 201
201
205 206 207
206 207
207
210
214
217 218 219
218 219
219 221
221 223
223 225
225 227
227 229
229 230 231
230 231
231
234 236
236 237
237
240 241 242
241 242
242 244
244 246
246 247 248
247 248 249
248 249
249
252
255
259
262 264
264 266
266 267 268
267 268 269
268 269
269
273 274
274 276
276
279 281
281 282
282
287
297 298 299
298 299
299
304 305
305
308 309 310
309 310
310
314
318
321 322
322
326 328
328 330
330 332
332 333
333
336 338
338
342 344
344 346
346 347 348
347 348 349
348 349
349
352 353
353 355
355 356
356 358
358 360
360 361 362
361 362
362 364
364
368 369 370
369 370
370 372
372 373
373 375
375 376 377
376 377 378
377 378 379
378 379
379 381
381
385 386
386
390
395 396
396 398
398
401 402
402 404
404 406
406
409
412 413
413
416 417 418
417 418 419
418 419
419 421
421 422
422 424
424 425 426
425 426
426 428
428 430
430 431
431 433
433
438 439 440
439 440
440 442
442 444
444
450
453
456 457 458
457 458
458 460
460 461 462
461 462
462 464
464 465 466
465 466
466
470 471
471
476 477
477 479
479
482 483 484
483 484 485
484 485 486
485 486
486
489 490
490
494
498
504 505 506
505 506
506
509 510 511
510 511 512
511 512
512 514
514 515
515
519 520 521
520 521 522
521 552
522
526 527
527
531 533
533
536 537 538
537 538
538
541 542 543
542 543 544
543 544
544 546
546
550 552
552 553
553 555
555 556
556
563 565
565
568 569
569
574
579 581 972
580 581
581 583
583 585
585
591 592 593
592 593
593 595
595
598 600
600 601 602
601 602 603
602 603
603
606 607
607
610 611 612
611 612
612
616
619
623
627 628 629
628 629 630
629 630 631
630 631 632
631 632
632 634
634 636
636
638 639
639 641
641
648 650
650
654 655 656
655 656
656 658 683
658
665 666
666
670 671 672
671 672
672
677 678
678 680
680
683 684
684 685
685
688 689 690
689 690
690 692
692 693
693
699 701
701
705 706 707
706 707 708
707 708
708
714 716
716 717 718
717 718
718 720
720 721
721 723
723 724 725
724 725 726
725 726 727
726 727 728
727 728
728 730
730 731
731
736 738
738 739
739
743 744
744
748 750
750 751
751
754 755 756
755 756
756
759
763 764
764 766
766 767
767
771 773
773
777 779
779
782
786 787 788
787 788 789
788 789 790
789 790
790
793 794 795
794 795 796
795 796 797
796 797 798
797 798
798
801 802
802 804
804 806
806 808
808 809
809
812 813 814
813 814
814 816
816 818
818
821 822 823
822 823
823
829
837 838
838
841 842 843
842 843 844
843 844
844
849 850 851
850 851
851 853
853 854
854
857 858
858 860
860
865 867
867
870 872
872 873 874
873 874
874 876
876
879 880 881
880 881 882
881 882 883
882 883 884
883 884
884
887
890 891
891 893
893 894
894
899
902 904
904 906
906 907 908
907 908 909
908 909
909 911
911
915 916 917
916 917 918
917 918 919
918 919 920
919 920
920 922
922 923
923 925
925 927
927
931 933
933 934 935
934 935
935
942
946 948
948 949
949
953
957 958 959
958 959 960
959 960 961
960 961
961
965 966 967
966 967
967
972
978 980
980 981 982
981 982 983
982 983 984
983 984 985
984 985 986
985 986
986
989
992
995 996
996 998
998 999
999
