#naive2.0.py
# GMT Fri Feb 14 13:34:28 2020
# 
2 4
4 5
5 6
6 8
8 10
10 11
11 13
13 15
15 17
17 18
18
27 29
29 30 31
30 31
31 33
33 34
34
37 39
39 41
41
49
53
56 58
58 59 60
59 60 61
60 61 62
61 62 63
62 63 64
63 64
64
70
76 77
77 79
79 80 81
80 81 82
81 82 83
82 83
83
88 90
90 91
91
97
102 103
103
108 109 110
109 110 111
110 111 112
111 112
112
116 118
118 119
119
123 124
124
130 131
131 133
133 134
134
141 142 143
142 143
143 145
145 146 147
146 147 148
147 148
148 150
150 151 152
151 152
152
155 156
156
160 161
161
164
167 168 169
168 169
169 171
171
174 175 176
175 176 177
176 177
177 179
179 180 181
180 181 182
181 182 183
182 183
183 185 811
185 186
186 188
188 190
190 191
191
197
200 201 202
201 202
202 204
204
207
211 212
212
221 735
227
231 232
232
235
239 240
240
244 245 246
245 246 247
246 247
247 249
249 251
251 252
252
263
269
272
275 276
276 278
278 280
280 282
282 283 284
283 284 285
284 285 286
285 286 287
286 287
287 289
289
296 297 298
297 298
298
303 304 305
304 305 306
305 306 307
306 307
307
311 312 313
312 313
313
317
322 323 324
323 324
324 326
326
330 331
331 333
333 334
334
339 340 341
340 341
341 343
343 344 345
344 345
345 347
347 349
349 350
350
355
360 362
362
365 367
367 369
369 370
370
373 375
375 376
376 378
378 379 380
379 380
380
387
396
401 403
403
406
413 414
414
421
424 426
426
436
439 440 441
440 441 442
441 442 443
442 443 444
443 444 445
444 445 446
445 446
446 448
448
453 454
454 456
456
459 460 461
460 461 462
461 462
462
466 467
467 469
469 470
470
473 475
475
478
484 485
485 487
487
492
495 497
497 498 499
498 499
499
504 505
505 507
507 509
509 510 511
510 511 512
511 512 513
512 513
513 515
515 516
516 518
518 519
519
523
528
533
536
540 541 542
541 542 543
542 543 544
543 544 545
544 545
545
549
552 553
553 555
555 556
556
559 560 561
560 561
561
564
569 570
570 572
572
575 576 577
576 577
577 579
579
580
584 586
586
591
596
599
603 604 605
604 605 606
605 606 607
606 607 608
607 608
608
611
614 615
615
618 619
619
626
629 630
630
634 635
635 637
637 638
638
642 644
644 645
645
651
655 656 657
656 657
657
661 662 663
662 663
663
666 667
667
671
676 677
677
680 681
681
685
689 690
690
693 694 695
694 695
695 697
697
700 701
701 703
703
713 715
715
720 722
722 724
724 726
726 728
728 729
729 731
731 732 733
732 733
733 735
735
738 740
740 742
742 744
744 745 746
745 746 747
746 747
747 749
749 750 751
750 751
751 753
753 754
754 756
756 757
757 759
759 760
760 762
762 763 764
763 764
764
767 769
769 770
770
773
778 780
780
784 786
786 787 788
787 788
788
793
798
810 811
811
815 817
817
820 821
821
826
829 830
830
834
843
846 847 848
847 848
848
854 856
856
860 861 862
861 862
862 864
864
867 869
869
872 874
874 876
876 878
878 879
879 881
881 882 883
882 883
883
886 888
888 889
889 891
891 893
893
898
901 902 903
902 903
903 905
905 906 907
906 907
907 909
909 910 911
910 911
911 913
913
916
919
922
926 927 928
927 928
928 930
930 931
931
934 935 936
935 936
936 938
938 940
940 942
942
945 946 947
946 947
947
951
955
963 964
964
968
971 973
973
980 981
981
986
994 995 996
995 996 997
996 997 998
997 998 999
998 999
999
