#naive2.0.py
# GMT Fri Feb 14 13:34:28 2020
# 
1 2 999
2
7 9
9
16
22
26 27 28
27 28 29
28 29 30
29 30
30 32
32 34
34
39 41
41 42
42
47 48
48 50
50 51
51
54 56
56 58
58 60
60 62
62 64
64 65
65
74 76
76
80
89 90 91
90 91 92
91 92 93
92 93 94
93 94 95
94 95
95
97 98
98
106
109 110
110 112
112 113
113
117
121 123
123 707
129 131
131
134
137 138
138 140
140 141
141
144
147
150
153
156 157 158
157 158 159
158 159
159
162 163 164
163 164
164
167 169
169 170 171
170 171 172
171 172
172
175 176 177
176 177
177
181 183
183 185 811
184 185
185
188 190
190 192
192 193
193
197 198
198 200
200
203 204
204 206
206 207 208
207 208
208
211 212 213
212 213 214
213 214
214
219
222 223 224
223
224
231 232
232 234
234 236
236 237 238
237 238
238 240
240 241
241 243
243 245
245 246
246
251 252
252 254
254 255 256
255 256 257
256 257 258
257 258
258 260
260 261
261
268 269 270
269 270
270 272
272
275
279 281
281
284
287
290 291
291
294 296
296
301 302 303
302 303 304
303 304
304 306
306 307
307 309
309 310 311
310 311
311
314 315
315 317
317 318
318
324 325
325
329 331
331 332 333
332 333
333 335
335
338 340
340
343 344 345
344 345 346
345 346
346
352 354
354 355 356
355 356
356
359
362 364
364 365
365 367
367 368 369
368 369 436
369
374 376
376
385 387
387 388 389
388 389 390
389 390 391
390 391 392
391 392
392 394
394 395
395
398 399 400
399 400
400
407 408 409
408 409
409
414 415 416
415 416
416 418
418 420
420 422
422 423 424
423 424
424 426
426
431 433
433 434
434 436
436
438 439
439 441
441
445 446 447
446 447 448
447 448
448
451 453
453 455
455 456 457
456 457 458
457 458 459
458 459
459
462 463
463
468 470
470 471
471
476 477 478
477 478 479
478 479
479
484 485 486
485 486
486
490 492
492 493 494
493 494
494 496
496
500 501 502
501 502
502
505 506
506 508
508 509 510
509 510 511
510 511
511 513
513
522
526 528
528 529
529
531 532
532 534
534 535
535 537
537
541 542
542 544
544
547 549
549
553
563 564
564 566
566 568
568 569
569
572
575 576 577
576 577
577
581 582
582
586 587 588
587 588
588 590
590 591
591
594 596
596 598
598
603 605
605 606
606
610
613 614
614
617
627
630 631 632
631 632
632
638 639 640
639 640
640
643 644 645
644 645 646
645 646
646 648
648
651
656 657 658 683
657 658
658
663 664
664
667 669
669 671
671
682 683
683
685
688 689 690
689 690
690
694 695
695 697
697
701 702
702
705 707
707 708
708
712 714
714 716
716 717 718
717 718 719
718 719 720
719 720
720
724
728 730
730 731
731
734 736
736 737
737 739
739 741
741
744 745
745
748 750
750 752
752 754
754 755 756
755 756 757
756 757 758
757 758 759
758 759
759 761
761
767
770 772
772 774
774 775
775 777
777
782 783
783 785
785 787
787 788 789
788 789
789
792
796
801
805 806
806 808
808 809 810
809 810 811
810 811 812
811 812 813
812 813
813 815
815 817
817
821 822
822 824
824
831 833
833 834
834
837
843 844
844 846
846 847 848
847 848
848 850
850
853 854
854
859 860 861
860 861 862
861 862 863
862 863
863 865
865 866 867
866 867
867 869 937
869
872 874
874
880 881 882
881 882 883
882 883
883 885
885 886
886 888
888 890
890 891
891 893
893 894 895
894 895 896
895 896
896 898
898 900
900 902
902
908 910
910
913 914 915
914 915
915 917
917
920 921
921 923
923 925
925 926
926
930 932
932 934
934 935
935 937
937 938
938 940
940 941
941 943
943 945
945
949 950 951
950 951 952
951 952
952
955 957
957 958 959
958 959
959
962 963 964
963 964
964 966
966 968
968
972 973 974
973 974 975
974 975
975
978 979 980
979 980
980 982
982
989 991
991
994
998 999
999
