#naive2.0.py
# GMT Fri Feb 14 13:34:33 2020
# 
0 999 2 998
2 4
4 5 868
5
8
12
17 19
19 20 21
20 21
21 23
23
31 33
33 35
35 36
36
39 40
40 42
42 43
43
46
50
57 58
58 60
60 62
62 64
64
67 68
68
71 73
73
77 78 79
78 79
79 81
81 82 83
82 83 84
83 84
84
87 89
89
93 94
94
98
102 104
104 106
106 107 108
107 108 109 529
108 109
109
112 113
113 115
115 116
116
119 121
121
124 125
125 127
127
131 132 133
132 133
133
136 138
138 139 140
139 140
140 142
142
145 146 147
146 147
147
152
155
158
165 166
166
169 170 171
170 171 172
171 172
172 174
174
178 180
180 182
182
188 190
190 192
192 193
193 195
195 197
197 198
198
201 203
203
212 214
214 215 216
215 216
216 218
218 219 220
219 220
220 222
222 224
224 225
225 227
227 228
228
236 237
237
241 243
243 244
244 246
246 247
247
251 253
253 254
254 256
256 258
258 259 260
259 260 261
260 261 262
261 262 263
262 263 264
263 264 265
264 265
265 267
267 268
268 270
270 271
271
277 279
279
282
289 290
290 292
292 293
293
296 297 298
297 298
298
301 303
303 304
304
307 308
308
311 313
313
316 317 318
317 318
318 320
320
326 328
328 329
329
333
342
348 349 350
349 350 351
350 351 352
351 352 353
352 353
353
357
364 366
366 367
367 369
369 370 371
370 371
371
375
379
384 385
385 387
387 388 389
388 389 390
389 390
390
395
400
404 405 406
405 406 407
406 407 408
407 408
408 410
410
413 414 415
414 415
415
418 419
419 421
421
424 425 426
425 426 427
426 427
427 429
429
433 435
435 437
437 439
439 441
441 442 443
442 443 444
443 444
444
449 450 451
450 451 452
451 452
452
455 456 457
456 457 458
457 458 459
458 459 460
459 460
460
463
466 467 468
467 468 469
468 469
469
473 475
475 476
476
486 487
487
492 493
493
496 497 498
497 498
498
505
509 510 511
510 511 512
511 512
512 514
514 516
516 517
517
523
527 529
529 530
530 531
531 533
533
542
546 547
547 549
549 551
551 552
552
556 558
558
564 565
565 567
567 568 569
568 569 570
569 570 571
570 571
571 573
573 574
574
579 581
581
584
590 591 592
591 592
592
596 597 598
597 598
598 600
600 602
602
607 608
608
611 612
612
615 616 617
616 617
617
621
625 627
627 629
629
633
638 640
640
644 645 646
645 646 647
646 647 648
647 648
648
653 654
654 656
656 658
658 659
659 661
661 662 663
662 663
663
668 669 670
669 670
670
674 676
676 677
677 679
679 681
681 682
682
687 688 689
688 689 690
689 690
690 692
692 693
693 695
695 696
696 698
698 700
700 701
701
704
708 709
709
713 714
714
722 724
724 726
726 727
727
732 733
733
736 737
737 739
739 740 741
740 741 742
741 742
742
750
754 756
756
760 762
762
765 766
766 768
768 769
769 771
771 773
773 774
774 776
776 777 778
777 778
778 780
780
784
787
790 791 792
791 792
792 794
794
797 798
798 800
800 802
802 804
804 806
806 807
807
810 811
811
815 816 817
816 817
817 819
819 820
820 822
822 823
823
827 829
829 830 831
830 831 832
831 832
832
841 842
842 844
844 845 846
845 846
846
849 850 851
850 851
851 853
853 855
855 856
856
859 860 861
860 861 862
861 862 863
862 863 864
863 864 865
864 865
865
868 870
870
873
876 877
877 879
879
882
886
890
893
898 900
900 901
901 903
903
907
912
915
918 919
919 921
921
924 925
925 927
927 928
928
931
935 937
937 938
938 940
940 941
941 943
943 944
944
948 950
950 952
952 953
953 955
955 957
957 958
958 960
960 962
962 963
963 965
965 966 967
966 967
967
971
974 975 976
975 976 977
976 977
977
981 982
982
985 986
986 988
988 989 990
989 990 991
990 991
991 993
993 994
994
997 998 999
998 999
999
