#naive2.0.py
# GMT Fri Feb 14 13:34:28 2020
# 
6 7
7
10
13
16 17
17
21 23
23
26
30
34 35
35 37
37 39
39 40 41
40 41 42
41 42
42 44
44 46
46
49 50
50
53 54 55
54 55
55
58 60
60 62
62 63
63 65
65
70 71
71 73
73 74
74 76
76 78
78 79
79
82 84
84 86
86 87
87
90
93 94 95
94 95
95 585
97 98 99
98 99 100
99 100 101
100 101 102
101 102 103
102 103 104
103 104 105
104 105 106
105 106
106
109 111
111
114
119 121
121 122
122
125
128 129 130
129 130 131
130 131 132
131 132 133
132 133
133 135
135 136
136 138
138
142 143 144
143 144
144 146
146 147
147
151
155
158
161
165 167
167
170 171
171
174 175
175
179 180
180 182
182
185
188
192
195 196
196 198
198 199 200
199 200
200
203
206 207
207 209
209 210 211
210 211
211 213
213
226 228
228 230
230 231 232
231 232
232
236
241 243
243 244 245
244 245 246
245 246 247
246 247 248
247 248
248 250
250 251 252
251 252 253
252 253
253
257 259
259
262 263
263
267 268
268 270
270
273 275
275 276 277
276 277
277 279
279 280
280
283
288 290
290 292
292 293
293
298
303 304
304 306
306 308
308 310
310
314 315 316
315 316
316 318
318 319 320
319 320 321
320 321
321
325 327
327 329
329
333 334 335
334 335
335
338
341 343
343 345
345
348
351 353
353
356 357 358
357 358
358 360
360 361 362
361 362 363
362 363 364
363 364
364
371 373
373 375
375 376
376 378
378
381
386 387 388
387 388
388
391 392 393
392 393
393 395
395 397
397
403 405
405 407
407 408 409
408 409 410
409 410 411
410 411 412
411 412
412 414
414 415 416
415 416
416
419 420
420 422
422 423 424
423 424
424
427 429
429
432 434
434 436
436
440 441 442
441 442 443
442 443
443
448 449
449
452 453 454
453 454
454 456
456 458
458 460
460 461
461 463
463 465
465 467
467
474 475 476
475 476
476 478
478 480
480
484 485
485
490 491
491
495
498
502 503 504
503 504
504
509 510
510
513 515
515 516 517
516 517 518
517 518
518
521
522
526 527 528
527 528
528 530
530 531 532
531 532 533
532 533
533
541 543
543 545
545 546
546
549 551
551 553
553 554
554
557
562 564
564
568
572
575 576
576
579 972
583 585
585
591
594 595
595
602
609
614 615 616
615 616
616
622
626 627
627 629
629 630
630 632
632 633
633
637 638
638
643 645
645 647
647 648 649
648 649
649 651
651 652
652
655
659 660 661
660 661
661
664
667 669
669
672 673 674
673 674
674 676
676
684
687 688
688 690
690
696 697
697
702
713
716
723 725
725 726
726
730 732
732 733 734
733 734
734
737 738
738
742
745 747
747 748 749
748 749 750
749 750
750
753
757 758 759
758 759 760
759 760
760
764 765
765
768 769
769
773 774 775
774 775 776
775 776
776
779 780
780 782
782 783 784
783 784 785
784 785
785
792
795 796 797
796 797
797
801 802 803
802 803
803 805
805 806 807
806 807 808
807 808
808
812 814
814 815 816
815 816 817
816 817
817 819
819 821
821
827 829
829 830 831
830 831
831 833
833 834 835
834 835
835 918
837 839
839
843 844
844
847 849
849
852 853 854
853 854
854 856
856
860 861 862
861 862
862 864
864 865 866
865 866
866 868
868
871 872 873
872 873
873
877 878
878 880
880
886 887
887
890 891
891 893
893
897 899
899 900
900
904
911
914 915
915 917
917 918
918 920
920 922
922 924
924 926
926 927 928
927 928
928 930
930 931 932
931 932
932
939
942 943 944
943 944
944 946
946 947
947 949
949 950
950 952
952 954
954 956
956 958
958
962 963
963 965
965 967
967 969
969 970
970 972
972 973
973 975
975
978 980
980 982
982 983 984
983 984
984
989 990
990
997 998 999
998 999
999
