#naive2.0.py
# GMT Fri Feb 14 13:34:35 2020
# 
0 2
2 3
3
6 7
7 9
9
12 14
14
17
20 21 22
21 22
22
25 26 27
26 27 28
27 28
28
31 32
32
39
42 43
43 45
45
48 50
50 52
52 53 54
53 54
54 56
56 57 58
57 58 59
58 59
59 61
61 62 63
62 63
63 65
65 66 67
66 67 68
67 68
68
71 73
73 74
74
77
80 81
81
85 87
87 88 89
88 89
89 91
91 92 93
92 93 94
93 94
94
102 103
103
109 110 111
110 111
111
115 116
116
120 121 122
121 122
122 124
124 125
125 127
127 128 129
128 129
129 131
131 132
132
135 136
136 138
138
141
145 146
146 148
148
153 154
154
159
162 163
163 165
165
168 169
169 171
171 172 173
172 173 174
173 174 175
174 175 176
175 176
176
179 181
181 183
183
184 186
186 187
187
191 192 193
192 193
193
197
201 203
203
207
210 211
211
215
222 223
223 225
225 226
226
229
234 236
236 238
238 239 240
239 240
240 242
242
245 246 247
246 247
247
250 251
251
255 256
256 258
258 259 260
259 260
260
266 268 621
268 269 270
269 270
270 272
272 274
274
278 279
279
283
296
299 300
300
306 308
308
311 313
313 314 315
314 315
315
320 322
322 323 324
323 324 325
324 325 326
325 326 327
326 327 328
327 328
328
332 334
334 336
336 337
337
340 341
341 343
343 345
345 346 347
346 347 348
347 348
348 350
350 351
351 353
353 354 355
354 355
355 357
357 358
358 360
360 361
361
365 366 367
366 367 368
367 368
368 370
370 371 372
371 372
372 374
374
377
380
383 384 385
384 385
385
390 392
392 394
394
398 400
400
403
409 410 411
410 411
411
414 416
416 417 418
417 418 419
418 419
419 421
421
424 425 426
425 426 427
426 427
427
431 432 433
432 433 434
433 434
434
440
444 445
445
448 450
450 452
452 454
454 455
455
459 461
461 462 463
462 463
463
469 471
471 473
473 475
475 476
476
479 480 481
480 481 482
481 482 483
482 483
483 485
485 486 487
486 487
487 489
489
492 494
494 495
495 497
497
500 501
501
511
516 517
517 519
519 521
521 552
522
527 528
528 530
530 531 532
531 532 533
532 533
533
537
546
550 551 552
551 552 553
552 553
553
557 558
558
561 563
563
566
570 571 572
571 572
572
575 577
577
582
587 589
589 590
590 592
592 594
594 595
595 597
597 598
598 600
600
604 606
606
610 611
611
616 618
618 620
620 621
621
623 624
624 626
626
630 631 632
631 632
632 634
634 635
635
639 640
640 642
642 643
643
646
649
652
655
665 667
667 669
669
673 674 675
674 675
675
679 681
681 682 683
682 683
683
687 689
689
692
695
700 702
702 703 704
703 704
704
707 708
708 709
709
715 716
716 718
718
722
725 726
726 728
728 729
729
734 736
736 738
738 740
740 741
741
745 746
746 748
748
751 753
753
757
761 763
763
766 768
768
771 772
772 774
774
778 779
779 781
781
784
788 789 790
789 790 791
790 791 792
791 792 793
792 793 794
793 794
794
801
804 805
805
808
813
822
828
832 833 834
833 834
834
837
843 844
844
848 849
849 851
851
855
858 860
860 861 862
861 862 863
862 863
863
866 868
868 870
870
874 875 876
875 876
876
880 881 882
881 882
882 884
884 885
885
888 889 890
889 890 891
890 891
891
894
898 900
900 901
901
904 905 906
905 906
906
911 913
913
916 917
917
922 923
923 925
925 927
927
932
941
944
947
953 954 955
954 955 956
955 956 957
956 957 958
957 958 959
958 959
959 961
961 962
962
965
968
975
979 980 981
980 981
981 983
983 984 985
984 985 986
985 986
986 988
988 989 990
989 990
990
993 994
994
