#naive2.0.py
# GMT Fri Feb 14 13:34:30 2020
# 
0 1 2
1 2 3
2 3
3
6 7 8
7 8 9
8 9 10
9 10 11
10 11
11 13
13 14 15
14 15
15 17
17
20 21 22
21 22
22 24
24 26
26 27 28
27 28 29
28 29 30
29 30
30
33 34 35
34 35 36
35 36
36
41 42 43
42 43 44
43 44
44 46
46 47
47 49
49 50
50 52
52 53 54
53 54 55
54 55 56
55 56 57
56 57 58
57 58
58
61
67 69
69 70 71
70 71
71 73
73
77
81
86
89 91
91 93
93 94 95
94 95 96
95 96
96 97 98
97 98 99
98 99
99
109
112
116 117 118
117 118
118 120
120 121 122
121 122 123
122 123 124
123 124 887
124
129 130 131
130 131 132
131 132
132 134
134
139 140 141
140 141
141
144
147 149
149 150 151
150 151
151
157 158
158 160
160
164
170
173 174
174 176
176 177 178
177 178
178
181 182 183
182 183
183 811
187
190 192
192 193
193 195
195 196 197
196 197 198
197 198 199
198 199 200
199 200
200
205 207
207 208 209
208 209 210
209 210 211
210 211 212
211 212
212
218
221 735
222 224
224 225
225
229 230
230
233 234 235
234 235
235 237
237 238 239
238 239 240
239 240
240 242
242 243
243
247 249
249
256 257
257 259
259 261
261 262
262
265 267
267 269
269
272 273 274
273 274
274 276
276 277 278
277 278
278 280
280 282
282 283
283 285
285
295 296 297
296 297
297
300
303 305
305 306 307
306 307 308
307 308
308
314 315
315 317
317 319
319 321
321 322
322
327 329
329 330 331
330 331
331
334 336
336 338
338 340
340 342
342 343
343
346 348
348
353 354
354
357
363
368 369 370 436
369 370 371
370 371
371 373
373 375
375 376 377
376 377
377 379
379
383 384
384
387 389
389
393
396 398
398 399
399
403 405
405 407
407 408 409
408 409
409
413
417 419
419
423 424
424 426
426 428
428 430
430 431 432
431 432 433
432 433
433 435
435 436 437
436 437
437 439
439 440
440
443 445
445 447
447 448 449
448 449
449
453 454 455
454 455
455
458 459 460
459 460
460
463 465
465
468
471 473
473 474
474 476
476 477
477 479
479 481
481
484 485
485 487
487 488 489
488 489
489
493
498 500
500 501
501
505 506 507
506 507 508
507 508
508
513 515
515 516
516 518
518 519 520
519 520
520 522
522 523 524
523 524 525
524 525 526
525 526 527
526 527
527 529
529
531 532 533
532 533
533 535
535 537
537 538
538
543 545
545 546
546
549 550 551
550 551 552
551 552
552
560
564 566
566
570 572
572 574
574 575
575 577
577 578
578 580
580 581
581
584
587 589
589 590
590 592
592 593
593
599
605 606
606
610 611 612
611 612
612
618
621 622
622 623
623 625
625
629 630
630 632
632
637
640
649 650 651
650 651 652
651 652 653
652 653
653
657 658
658
662 663
663 665
665 667
667
670 672
672 673 674
673 674
674 676
676 678
678
682 683
683
686 687 688
687 688 689
688 689 690
689 690
690
697
704 705 706
705 706
706 708
708 709 710
709 710 711
710 711 712
711 712 713
712 713
713 715
715 717
717 718 719
718 719
719 721
721 722 723
722 723
723 725
725 727
727
731 732 733
732 733 734
733 734 735
734 735
735 737
737
740 741
741
744 745 746
745 746 747
746 747
747 749
749
752
756 758
758 760
760 761 762
761 762
762
765 766 767
766 767
767 769
769 771
771
774
777 778 779
778 779
779
784 785
785 787
787 788 789
788 789
789
793
796 797 798
797 798 799
798 799
799 801
801 802 803
802 803
803 805
805 806 807
806 807 808
807 808
808 810
810 811 812
811 812
812 814
814 815
815
819 820 821
820 821 822
821 822
822
825
830 831 832
831 832 833
832 833 834
833 834 835
834 835
835
837
840 841 842
841 842
842 844
844
847
853 854 855
854 855
855
862 863 864
863 864 865
864 865 866
865 866
866
869 871
871 872 873
872 873 874
873 874
874
878 880
880 882
882 884
884 885
885 887
887 888
888
891 892 893
892 893
893 895
895 896
896 898
898 899
899
904 905 906
905 906 907
906 907
907
911 912
912
915 917
917
922
925
931
934 935 936
935 936 937
936 937
937
940
945
948
953 955
955
958 960
960 961
961
964 966
966 967 968
967 968 969
968 969
969 971
971
974 976
976 977 978
977 978
978 980
980
983
987 988
988
992 993
993 995
995
