#naive2.0.py
# GMT Fri Feb 14 13:34:28 2020
# 
0 1 999 998
1 999
4
6
9 11
11 12
12
16 18
18 19
19
27 28 29
28 29 30
29 30 31
30 31
31 33
33 34 35
34 35 36
35 36
36
39 41
41 43
43 44 45
44 45
45
48 49
49 51
51 53
53 54 55
54 55
55
63 64
64 66
66 67 68
67 68 69
68 69 70
69 70
70
73 75
75 77
77 79
79 80
80 82
82 83 84
83 84
84
98 99
99 101
101
105 106
106 108
108 109
109
116 117 118
117 118 119
118 119 120
119 120 121
120 121
121
124 125
125
129 130 131
130 131
131 133
133 134
134 136
136
140 141
141
145 147
147
150 152
152
155 157
157
161 163
163 164 165
164 165
165
169 171
171 172 173
172 173 174
173 174 175
174 175
175
178 179
179 181
181
184 186
186
189 190 191
190 191 192
191 192
192 194
194 195
195
198 200
200
204 205 206
205 206 207
206 207 208
207 208
208 210
210 211
211 213
213 215
215 216
216
219 221
221 223
223
224
227
230 231
231
234 235 236
235 237
236 237 238
237 238 239
238 239 240
239 240
240
243 245
245 247
247 248 249
248 249 250
249 250
250
253 254
254
258 259
259
263 264
264 266
266 267
267 269
269 271
271
274 276
276 277
277
281 282
282
286 287
287
292 293
293
296 298
298
301
305 306
306 308
308 310
310 311
311
314 316
316 317 318
317 318
318 320
320 321 322
321 322
322 324
324
327 328 329
328 329
329
333 334
334
337 338
338 340
340 341
341
346 347
347
350
354 355 356
355 356
356 358
358 359
359 361
361 363
363 364
364 366
366 368
368 370
370 371 372
371 372
372
379
382
386 387 388
387 388
388
391 392 393
392 393 394
393 394 395
394 395 396
395 396 397
396 397 398
397 398 399
398 399 400
399 400
400 402
402
407
413 414
414
418 420
420
423
433 434 435
434 435
435
439
442 443 444
443 444
444 446
446 447 448
447 448
448 450
450
455
458
461 462
462 464
464 466
466 467 468
467 468
468 470
470 471 472
471 472 473
472 473
473 475
475 476
476
480 481
481
484
487 488 489
488 489 490
489 490 491
490 491 492
491 492
492
495 497
497
501 502
502
505
508 510
510 512
512 513 514
513 514
514
518 519
519 521
521 523
522 523 524
523 524
524
527 528
528 530
530 531
531 533
533
536 538
538 540
540
543
546 548
548 550
550 551
551 553
553 555
555
559 560
560
563 565
565 567
567 568
568 570
570 571
571 573
573
578 579
579 581 972
581 583
583 585
585 586
586
589 590
590 592
592 593
593 595
595
598 600
600 601 602
601 602
602
606 608
608
613
617 618 619
618 619 620
619 620
620
626 628
628 629 630
629 630 631
630 631
631
634
637 638
638
643 645
645
652 653 654
653 654 655
654 655
655 657
657
661
664 666
666 667
667
670
673 674 675
674 675
675
681 682
682
685 687
687
690 692
692 694
694 695 696
695 696
696 698
698
703 704 705
704 705
705
708
712 714
714 715
715
718 719 720
719 720
720 722
722
726 727
727
730 731 732
731 732 733
732 733 734
733 734
734
737 739
739 740 741
740 741
741 743
743 951
745 746
746 748
748
752 754
754 755 756
755 756 757
756 757 758
757 758 759
758 759
759 761
761 762 763
762 763 764
763 764
764 766
766 767 768
767 768 769
768 769 770
769 770
770
774 775 776
775 776 777
776 777
777
781 782 783
782 783 784
783 784 785
784 785 786
785 786 787
786 787
787 789
789
792
795 796 797
796 797
797 799
799 801
801
804 806
806 807
807
812 813 814
813 814
814 816
816 818
818 820
820 821 822
821 822
822
827 828
828 830
830
833 834
834 836
836
839 841
841 843
843
846 847
847
850 851
851
854 855 856
855 856
856
859 861
861 862
862
866 867
867 937
871 872
872
875 877
877 878
878 880
880
883 885
885
893 894
894 896
896 898
898 899 900
899 900 901
900 901 902
901 902
902
908 909
909 911
911 913
913 915
915 916 917
916 917
917
920
923
926 928
928 929 930
929 930
930
934 935
935 937
937
940 941 942
941 942
942 944
944
948 950
950 951
951 953
953 954 955
954 955
955 957
957
960
964 965
965
968 970
970 972
972 973 974
973 974 975
974 975
975
978 980
980 981
981 983
983 985
985
989
992
995 997
997 998 999
998 999
999
