#naive2.0.py
# GMT Fri Feb 14 13:34:35 2020
# 
2 4
4
7
11 13
13 14 15
14 15
15
18
21 22
22 24
24 26
26
29 30 31
30 31
31 33
33 34 35
34 35 36
35 36 37
36 37
37
43 44 45
44 45
45 47
47 48
48
52 53
53 55
55 56
56
61 63
63 64 65
64 65 66
65 66
66
69 71
71
75 76
76 78
78
83
86
89 91
91 93
93 94
94
100
103 104
104 106
106 107 108
107 108 529
108
112 113 114
113 114
114 116
116
120 122
122 123
123 887
128 129
129 131
131
134
137 139
139
142
145 146 147
146 147
147
151 152
152
160 162
162 164
164 165 166
165 166 167
166 167
167 169
169 171
171 172 173
172 173
173 175
175 176
176
179 180
180
183 185 811
185 186
186 188
188
192 194
194
199 200 201
200 201
201 203
203 204
204
207
210
213
216 217
217 219
219 220 221
220 221
221
226 227 228
227 228
228
233 235
235 237
237
249 250 251
250 251 252
251 252
252 254
254 255 256
255 256 257
256 257 258
257 258 259
258 259
259
262 263 264
263 264
264
269 271
271 272
272 274
274 276
276
281
284 285
285
289 290
290 292
292
295
298
301
304 305
305 307
307 309
309 310 311
310 311 312
311 312 313
312 313 314
313 314 315
314 315
315
318 320
320 321 322
321 322 323
322 323 324
323 324 325
324 325 326
325 326
326
329
333 335
335 336 337
336 337
337
341
344
349 350
350
354 356
356 357
357 359
359 360
360
367 368
368 370 436
370 371
371
374 375 376
375 376
376
380 381 382
381 382 383
382 383 384
383 384
384
387
391 393
393 394 395
394 395 396
395 396 397
396 397
397 399
399 400 401
400 401 402
401 402 403
402 403 404
403 404
404
407 408
408
413 414 415
414 415 416
415 416
416 418
418 420
420 422
422 423
423
426 427
427
430
435 436 437
436 437
437 439
439 440
440
446 447
447 449
449 451
451
456
460 462
462
465 466
466 468
468 470
470 471
471 473
473
479 480 481
480 481
481 483
483
487 488 489
488 489
489
493 494
494
501
504 505
505
510 511
511
514 515
515
519 520 521
520 521
521 523
523 524 525
524 525
525 527
527 528 529
528 529
529
533
536 538
538
541
545
548 549
549
553 554 555
554 555 556
555 556 557
556 557 558
557 558
558
563 565
565 567
567
571
578 579
579
583 585
585 586
586 588
588 590
590
594 596
596 598
598 599
599 601
601 602
602 604
604 606
606 608
608 609
609
612
615
623 625
625 626 627
626 627 628
627 628 629
628 629 630
629 630
630
637
640
649
653
657 659
659 660
660
663 665
665 666 667
666 667
667 669
669
673
676 678
678 679
679 681
681 682 683
682 683 684
683 684
684
687 688
688
691 692
692 694
694 695
695 697
697 698
698 700
700 701 702
701 702
702 704
704
708 709
709
712 713
713 715
715
718 720
720 721 722
721 722 723
722 723
723
728 729
729
733 734
734
741 742
742 744
744 746
746 747
747
753
756 757
757
761 763
763
767
770 771
771
775 776 777
776 777
777
783 784 785
784 785
785 787
787 789
789 790 791
790 791
791
794
797 798 799
798 799 800
799 800 801
800 801
801 803
803 805
805
809 810 811
810 811
811 813
813
820 822
822 824
824 825 826
825 826
826 828
828
831
835 836
836
839
842 843 844
843 844
844 846
846
850 851
851
854 856
856 857
857
860 862
862 863 864
863 864
864 866
866
872
876 877
877 879
879
883 884 885
884 885
885 887
887
889 890 891
890 891 892
891 892 893
892 893
893
897 898 899
898 899
899
902
906
914 915 916
915 916
916
921 923
923 924 925
924 925
925 927
927 928 929
928 929
929 931
931 933
933 935
935
940 941
941 943
943 944 945
944 945 946
945 946 947
946 947 948
947 948
948
951 952 953
952 953
953 955
955 956 957
956 957
957
960 961
961
965 967
967 969
969 970
970
973 974
974
977
982 983
983
986 988
988
991 992
992
995 996
996 998
998 999
999
