#naive2.0.py
# GMT Fri Feb 14 13:34:31 2020
# 
1 2
2
7
12 14
14 15 16
15 16 17
16 17
17
22 24
24
27 28
28
32 33 34
33 34
34
39
45 46 47
46 47 48
47 48 49
48 49
49 51
51 52 53
52 53
53 55
55 56 57
56 57 58
57 58 59
58 59 60
59 60 61
60 61
61 63
63 65
65 67
67 69
69 70
70
73 74 75
74 75
75
87 88
88 90
90 91 92
91 92
92 94
94 95
95 585
99 100
100
105 106
106
110
117 119
119 120 121
120 121 122
121 122
122
125 127
127 129
129 130
130
134 135 136
135 136 137
136 137
137
140
145 146 147
146 147
147 149
149
155 156
156 158
158 159
159 161
161 162 163
162 163 164
163 164
164 166
166 167
167 169
169 170
170 172
172 174
174 176
176
183 185 811
184 185
185
188
192 193
193
198 199 200
199 200 201
200 201 202
201 202
202
205 207
207
220
223
227
230 232
232 234
234 236
236
239
243 244
244
247 248
248 250
250 252
252 253
253 255
255 256 257
256 257
257 259
259 261
261 262
262
265 267
267
274
277 278 279
278 279
279 281
281 282 283
282 283
283
288 289
289 291
291 292 293
292 293
293 295
295 296
296 298
298 300
300
304 305 306
305 306
306
309 310
310
315 316
316
319 321
321 323
323 325
325 326 327
326 327
327
330 331 332
331 332
332 334
334 336
336 337 338
337 338 339
338 339
339 341
341 342 343
342 343
343
348
353 354
354
357 359
359 360 361
360 361
361
364
369 370 371
370 371 372
371 372
372 374
374 375
375 377
377 378 379
378 379
379 381
381
384 386
386 388
388 389
389
394 395 396
395 396
396
401 403
403
406
409 411
411 413
413 414
414
417 418
418 420
420 421
421
427
432 433 434
433 434 435
434 435
435 437
437 439
439 440 441
440 441
441 443
443
446 447
447
450
453 454 455
454 455
455
458 460
460 461
461
467 468
468
471
475
478 480
480 481
481 483
483 485
485 486 487
486 487 488
487 488 489
488 489
489 491
491
495
499 500
500
503 504
504
507
510
520 522
522 523
523
526
529 530
530 531 532
531 532 533
532 533
533
536 537 538
537 538 539
538 539
539 541
541 542
542 544
544 545
545 547
547 548
548
553
557
562 563
563 565
565 566
566 568
568 569
569 571
571 572 573
572 573
573
578
581 583
583 585
585 586 587
586 587
587 589
589
592 594
594 595 596
595 596 597
596 597
597 599
599 600 601
600 601
601
607 608 609
608 609 610
609 610
610
615 616 617
616 617 618
617 618
618
621
623
626
630
633 635
635
641
644 645
645
648
651 652 653
652 653 654
653 654 655
654 655 656
655 656
656 658
658 659 660
659 660 661
660 661
661
666
670 672
672 674
674 675 676
675 676 677
676 677 678
677 678
678 680
680 682
682 684
684
689 691
691 692
692 694
694 695 696
695 696
696
700 702
702 704
704
707
711 712
712
717 718 719
718 719 720
719 720
720
723 724
724 726
726 727
727
730
733 734 735
734 735
735 737
737
742 744
744 746
746 747 748
747 748
748 750
750
753 754 755
754 755
755 757
757
763 764 765
764 765
765 767
767
773 774
774
778 780
780 781
781
785
788 790
790 791
791 793
793 795
795 796
796 798
798 800
800 802
802 804
804 805
805 807
807 809
809 811
811 813
813 814 815
814 815
815 817
817 818
818
821 822
822
828 829 830
829 830
830
833 835
835
840 841
841 843
843 845
845 846 847
846 847 848
847 848 849
848 849 850
849 850 851
850 851 852
851 852
852
855
858 859 860
859 860 861
860 861 862
861 862 863
862 863
863 865
865 867
867 868 937
868
872 873
873 875
875
878 879
879
882 883
883 885
885
890 891
891 893
893 895
895 897
897
900 901 902
901 902
902
905 907
907
911 912
912
916 917
917 919
919 920 921
920 921
921 923
923 925
925
928 930
930
933
937 938
938 939 940
939 940 941
940 941 942
941 942 943
942 943 944
943 944
944 946
946 948
948 950
950 951
951 953
953 955
955 956
956 958
958 960
960 962
962 963 964
963 964 965
964 965
965
969
973 975
975
987 988 989
988 989 990
989 990 991
990 991
991
996 998
998
