#naive2.0.py
# GMT Fri Feb 14 13:34:33 2020
# 
0 1 999 998
1 999
4 868
8 9 10
9 10 11
10 11
11 13
13
20
24 25
25
28 29 30
29 30 31
30 31
31
37 38
38 40
40 42
42 44
44
48 50
50
53 54 55
54 55 56
55 56 57
56 57 58
57 58
58
61 62
62
67 69
69 70
70
74
78
83 84
84
87
90 91
91 93
93
98 99
99
102 103
103 105
105
108 109
109 111
111 113
113 114 115
114 115 116
115 116
116 118
118 119 120
119 120 121
120 121
121
125 126 127
126 127
127 129
129
132 134
134 136
136
139
143 144
144 146
146
149 151
151 153
153 154 155
154 155
155
159 161
161 162
162 164
164 165
165 167
167 168 169
168 169 170
169 170
170
173
177
181 183
183 185
184 185
185 187
187
190
202 203 204
203 204 205
204 205
205 207
207 208
208 210
210 211 212
211 212 213
212 213
213
217 218
218 220
220
226
231 232
232 234
234 236
236 237
237
241 243
243 244
244 246
246 248
248 249
249 251
251 252
252
257
260 262
262 263 264
263 264 265
264 265 266
265 266
266 268
268 269
269 271
271 272
272
275 276 277
276 277
277
282
286 288
288 289 290
289 290
290
294
297 298 299
298 299
299
303 304 305
304 305
305
308 310
310
313 314
314
318 320
320 321 322
321 322
322 324
324 325
325
331 332 333
332 333
333 335
335 336 337
336 337 338
337 338 339
338 339
339 341
341 342
342
349 351
351 353
353
359 360
360
366 368
368 369 370 436
369 370
370
374 375
375 377
377
382 384
384 385 386
385 386
386 388
388 389
389 391
391 392
392 394
394
403 404
404
407 409
409
413 415
415 416 417
416 417 418
417 418
418 420
420 422
422 424
424 425
425 427
427
434 436
436 437
437
441 443
443 445
445
448 449 450
449 450
450
456 458
458
461 462 463
462 463 464
463 464
464 466
466 468
468 469
469
472 474
474 475
475 477
477 478 479
478 479 480
479 480 481
480 481
481
484 485 486
485 486
486 488
488
491 492
492
497 499
499 501
501 502 503
502 503
503
507
511 513
513 514 515
514 515 516
515 516
516 518
518 519
519
522 523 524
523 524
524 526
526 527
527 529
529
531
537
542 544
544 546
546 547 548
547 548
548
554 555
555 557
557 558
558
562
568 569 570
569 570 571
570 571 572
571 572
572
575
578 579
579 581 972
581
585 586 587
586 587
587
592
595 596 597
596 597 598
597 598 599
598 599 600
599 600
600 602
602 603 604
603 604 605
604 605 606
605 606
606 608
608
611
614
617 618 619
618 619
619
622 623
623 625
625 627
627 629
629 630
630
633
637 639
639 640
640 642
642 643
643
647
658
662 664
664
667 668
668 670
670
673
676
681 682
682
686
689 690 691
690 691 692
691 692 693
692 693
693
696 698
698 699 700
699 700 701
700 701 702
701 702
702 704
704 705
705
710 712
712 713 714
713 714
714 716
716 717 718
717 718 719
718 719
719 721
721 723
723 724 725
724 725
725 727
727 728 729
728 729
729
735
738 739
739
745 747
747 749
749 750 751
750 751
751
759
764 765 766
765 766 767
766 767
767
772 773 774
773 774 775
774 775 776
775 776 777
776 777 778
777 778
778 780
780 782
782
785
790
796
800 801
801
804 806
806
809 810
810
815 817
817
823 825
825 826
826 828
828
831
835 836
836
839 840
840
843
846 847
847 849
849 850 851
850 851
851 853
853
856
860 862
862 864
864 865 866
865 866 867
866 867 868
867 868 869 937
868 869 870
869 870 871
870 871
871
877
881 883
883 884
884
887
893 894
894
897
900 901
901 903
903 904 905
904 905
905
908
913 914
914
917 919
919
922 923
923 925
925 927
927 928 929
928 929 930
929 930
930
936 937
937
944
947 948 949
948 949 950
949 950
950
953 954 955
954 955
955 957
957
960 962
962 963
963
970 972
972 973
973
979 980 981
980 981
981 983
983 984
984 986
986 988
988 990
990 991 992
991 992 993
992 993
993
997 998 999
998 999
999
