#naive2.0.py
# GMT Fri Feb 14 13:34:33 2020
# 
0
5 6
6 8
8 10
10 11
11
19
22 23
23 25
25
28
31 32
32 34
34 36
36
39
45
48 49
49 51
51 52 53
52 53
53
59 61
61 63
63
67
70 71
71 73
73 74
74 76
76 77
77 79
79 81
81
87
91 92 93
92 93 94
93 94 95
94 95 96
95 96
96 98
98 99 100
99 100
100 102
102 104
104 105
105
108 109 110
109 110 111
110 111 112
111 112 113
112 113 114
113 114 115
114 115
115
118 120
120 121
121 123
123 707
127 129
129 130 131
130 131 132
131 132 133
132 133 134
133 134 135
134 135 136
135 136
136
139 140
140 142
142
145
148 149
149
152 153 154
153 154
154 156
156
159 161
161 162
162
165
168
176 177
177
184 185
185
188
191 192
192 194
194 195
195 197
197 199
199
207 208 209
208 209
209 211
211
215 217
217 219
219 220
220
223 429
226 227
227 229
229 230
230
235 237 582
236 237 238
237 238
238
246 247
247
250
253 255
255 257
257 258 259
258 259 260
259 260
260
265 267
267 268
268 270
270 271 272
271 272 273
272 273 274
273 274
274 276
276 278
278
281 283
283 284
284
287 288
288 290
290 292
292 293
293 295
295 296 297
296 297 298
297 298
298 300
300 302
302
306 307
307
311 313
313
317
321
324 326
326 327
327
332 333
333 335
335 337
337 339
339 341
341 343
343 345
345 347
347 348 349
348 349
349
354 355
355 357
357
361 362
362
366 367
367
370 371 372
371 372
372
377 378 379
378 379 380
379 380
380 382
382 383
383 385
385 387
387 389
389 390 391
390 391 392
391 392
392 394
394 395
395
402 404
404 405
405
409 410 411
410 411 412
411 412
412
415 416
416
420 421 422
421 422
422
429 431
431
435 436
436
439 440 441
440 441
441 443
443 444 445
444 445 446
445 446 447
446 447
447 449
449 450
450 452
452 454
454 456
456 457 458
457 458 459
458 459 460
459 460
460 462
462 463 464
463 464
464
467 468 469
468 469 470
469 470 471
470 471 472
471 472 473
472 473
473 475
475 476 477
476 477
477
483 485
485 487
487 488
488
491
494
499 500 501
500 501
501 503
503 504 505
504 505 506
505 506 507
506 507 508
507 508 509
508 509
509
512 513 514
513 514
514
517 518 519
518 519 520
519 520
520
525
532
538 539
539
546
549 551
551
555 556 557
556 557 558
557 558
558
561 562
562
565
573 575
575 576
576 578
578 579
579 972
582
586
589 590 591
590 591 592
591 592
592 594
594
597
600 601 602
601 602 603
602 603
603 605
605 606 607
606 607
607
616 617
617 619
619
625
628 629 630
629 630 631
630 631
631 633
633 634
634
640 642
642 643 644
643 644
644 646
646 647
647
650
653 655
655
659 660
660 662
662 663
663
666 668
668 669
669
672
675 676
676 678
678
683
686 688
688 690
690 691
691 693
693
696
699
702
707 708
708 710
710
714 715 716
715 716
716
719 720 721
720 721
721 723
723 725
725
729 730 731
730 731
731
736 738
738 740
740 741 742
741 742 743
742 743
743 951
745 746 747
746 747 748
747 748 749
748 749
749 751
751
756 758
758 759
759 761
761 762
762
773
777 778
778
781
786 787
787 789
789 790
790 792
792
795 796
796 798
798 799
799
802 804
804
808 810
810 811
811 813
813 814 815
814 815
815 817
817 818 819
818 819
819 821
821
831 833
833 835
835 836
836
839 840 841
840 841 842
841 842
842 844
844 845
845
850 852
852 853 854
853 854
854
859 860 861
860 861 862
861 862
862
866
869 870
870
873
878 879
879
883 885
885 886
886 888
888
892 893
893 895
895 896
896
901 903
903
907
910
913 914 915
914 915
915
919 920 921
920 921
921
924 925
925
930
933 934 935
934 935 936
935 936 937
936 937
937
946 947
947
951
955 957
957 959
959 960 961
960 961
961 963
963 964 965
964 965
965 967
967
972
976 977 978
977 978 979
978 979
979 981
981 982 983
982 983 984
983 984 985
984 985 986
985 986 987
986 987 988
987 988 989
988 989 990
989 990 991
990 991 992
991 992
992
996
