#naive2.0.py
# GMT Fri Feb 14 13:34:30 2020
# 
2
12
17 18
18 20
20 22
22
25 26
26 28
28 29
29 31
31 32
32 34
34
40
45 46
46 48
48 49 50
49 50
50
53 54 55
54 55 56
55 56 57
56 57
57 59
59 61
61 63
63 64 65
64 65
65
68 70
70 72
72 73 74
73 74
74 76
76
81 82
82 84
84 85 86
85 86 87
86 87 88
87 88 89
88 89 90
89 90
90
95 585
97 98
98
101 102
102 104
104 105
105
109
115
120 121
121
124
128 129 130
129 130
130
134 135
135 137
137 138
138 140
140 141 142
141 142 143
142 143
143
146
149 150
150 152
152 153 154
153 154
154
157
160
164 166
166 168
168 170
170 171 172
171 172 173
172 173 174
173 174
174 176
176 177
177 179
179
187
190
193 194
194
197 199
199
202 203 204
203 204 205
204 205 206
205 206 207
206 207 208
207 208
208 210
210
213
216 218
218 219
219 221
221 223 735
223 225
225 226
226
231 233
233
238 239
239
243 244 245
244 245 246
245 246 247
246 247 248
247 248
248 250
250 251 252
251 252
252
255 257
257 259
259 261
261 262
262
265
268
271 272
272
275 277
277 278
278 280
280
284 286
286
290
296 297 298
297 298 299
298 299 300
299 300
300
303 305
305 307
307 308 309
308 309 310
309 310
310 312
312 313 314
313 314 315
314 315
315
320
324 325 326
325 326 327
326 327
327
331 332
332 334
334 336
336 338
338 339 340
339 340 341
340 341 342
341 342
342 344
344
349 350
350
353
356 357 358
357 358
358 360
360 361
361
364
367
370 372
372 374
374 376
376 377 378
377 378
378
381 383
383 384
384 386
386 387 388
387 388
388 390
390 392
392 393 394
393 394
394 396
396
401 402 403
402 403
403 405
405 406
406
409 410
410 412
412 413 414
413 414 415
414 415
415 417
417 418 419
418 419
419
423 424
424 426
426 427
427
431 432 433
432 433
433 435
435 436
436
438 440
440 441
441
445
448 449
449 451
451 453
453 455
455 457
457
460 462
462 463
463
468 469
469 471
471
474 476
476 477
477 479
479
482 484
484
487 488 489
488 489
489
495 496 497
496 497 498
497 498 499
498 499 500
499 500
500 502
502 503 504
503 504 505
504 505
505
508 509
509 511
511
515
519 520
520
527 529
529
531 532
532
537 539
539 540
540
546 547 548
547 548 549
548 549 550
549 550 551
550 551 552
551 552 553
552 553 554
553 554
554
557 558 559
558 559 560
559 560 561
560 561
561 563
563
566 567 568
567 568
568 570
570 571
571
574 575
575
580
583 584 585
584 585
585 587
587 589
589
592 593 594
593 594 595
594 595 596
595 596 597
596 597
597 599
599 600
600
605 606
606
609
612 613 614
613 614 615
614 615
615 617
617 618 619
618 619
619
622 623
623 625
625 627
627 628
628
635
638
641 643
643 645
645
648 649 650
649 650 651
650 651 652
651 652
652 654
654
659 660
660
664
668 669
669 671
671 673
673 675
675
678
681 683
683
685 686 687
686 687 688
687 688 689
688 689 690
689 690
690 692
692
696 698
698 699 700
699 700
700 702
702 703
703 705
705 706
706
718 719 720
719 720
720
726 727
727 729
729 730 731
730 731
731 733
733 734 735
734 735 736
735 736 737
736 737
737
743 744 951
744
747
750 751
751
755
759 760 761
760 761 762
761 762
762 764
764 765 766
765 766
766 768
768
771 772 773
772 773
773
776 778
778 779 780
779 780 781
780 781
781
786
789 791
791
794
798 799
799
804 805
805 807
807 809
809
815 816 817
816 817
817 819
819 820 821
820 821
821
827
832 833 834
833 834
834 836
836 837
837
842
846 848
848
851 853
853 854
854 856
856
859 861
861 862 863
862 863
863
866 867 868
867 868 937
868
871
874 875
875 877
877 878
878 880
880 882
882 883 884
883 884 885
884 885
885
888 889 890
889 890 891
890 891 892
891 892 893
892 893
893
896 898
898 899
899 901
901 903
903 905
905 906
906 908
908 910
910 911
911 913
913
916 918
918 919
919
924
927 929
929 931
931 932
932
935 937
937 938
938 940
940 941
941 943
943
951 953
953
957 958 959
958 959
959 961
961 962
962 964
964 965 966
965 966
966
973 974 975
974 975
975 977
977 978
978
983 984 985
984 985
985
991 993
993 995
995 996 997
996 997
997
