#naive2.0.py
# GMT Fri Feb 14 13:34:34 2020
# 
0 2
2 4
4 868
6 7
7 9
9 10
10
16
21 22 23
22 23
23 25
25 26
26
29 30 31
30 31
31 33
33
36 37 38
37 38 39
38 39
39
44 45
45
51 52 53
52 53
53 55
55 56
56
59 61
61 62 63
62 63 64
63 64 65
64 65 66
65 66 67
66 67
67
72 74
74
77
82 83 636
83
86 88
88 90
90
93
98 100
100
104 105 106
105 106 107
106 107
107 529
110 111
111
115 116 117
116 117
117
120 122
122
125 126 127
126 127 128
127 128
128
131
134 135
135
138 140
140 142
142 143
143 145
145
148 149
149 151
151
156 157
157
163 165
165 166
166
170 171 172
171 172 173
172 173
173 175
175 177
177 178 179
178 179 180
179 180 181
180 181 182
181 182 183
182 183 184
183 185 811
184 185
185
188
192 194
194 195
195 197
197 199
199 200 201
200 201
201
210
219 220
220 222
222 223 224
223
224 226
226 227 228
227 228 229
228 229
229 231
231
234
237
243
247
254
257 259
259
263 264
264
267 269
269 270
270 272
272 273 274
273 274
274
278
282 284
284
288 289
289
295
298 299
299
304
309
316
321
326
329 331
331 332 333
332 333
333 335
335 337
337 338 339
338 339
339
343 345
345 346
346
349
355
359
362
366 368
368 370 436
370
377
380 382
382 384
384 385
385
388 389
389
392
395 396
396
401 403
403 404 405
404 405
405
409 411
411 412
412
416 417 418
417 418 419
418 419
419
423 425
425 427
427
431 432
432
435 436 437
436 437
437
440 441 442
441 442
442 444
444 445
445
449
452 453 454
453 454 455
454 455
455 457
457
462
465
468 469
469
473 474
474 476
476
483 485
485 487
487
494 495 496
495 496
496
500 502
502 504
504 506
506 507
507 509
509 510
510 512
512 513 514
513 514
514
524
527 529
529
531
535 536
536 538
538 540
540
543 544 545
544 545
545 547
547 548
548
551 552
552
556 557
557
560 561 562
561 562 563
562 563
563
566 568
568 570
570
573 574 575
574 575 576
575 576 577
576 577 578
577 578 579
578 579
579 581 972
581 582
582 584
584
588
593 594
594
598 600
600
603 604
604 606
606
609
612 613
613
618 620
620
623
626 628
628 629 630
629 630
630 632
632 633
633
636 637
637 638
638 640
640 642
642 643
643
646 647 648
647 648
648 650
650
654 655
655
658 659 660
659 660
660
663
667 668 669
668 669
669 671
671
674 675
675
679
683 684
684 686
686
690 691
691 693
693 695
695 696
696 698
698 700
700 701 702
701 702
702 704
704
708 709
709 711
711 712 713
712 713 714
713 714
714 716
716 717 718
717 718 719
718 719 720
719 720
720
734 735 736
735 736 737
736 737
737
740 742
742
745 747
747 749
749 751
751 752
752 754
754 756
756
761 763
763
773 775
775
778
783
789 790
790 792
792 794
794
798
802 804
804 805 806
805 806 807
806 807 808
807 808
808 810
810 811 812
811 812 813
812 813
813
816 818
818 819
819 821
821 822
822 824
824
830 831 832
831 832 833
832 833
833 835
835 836
836 837
837
840 841 842
841 842
842 844
844 846
846 848
848 850
850
853
857 858
858 860
860 862
862
867 868
868 870
870
873
876 878
878
882
888 889
889
893 895
895 897
897 898 899
898 899
899
909
921 922
922
926
934 935
935
938 939
939 941
941 942 943
942 943
943
946 948
948
951 952
952 954
954 955
955 957
957
961 962
962
965 966
966
971 972
972
975
978
981
985 986 987
986 987 988
987 988
988
991
994 995
995
