#naive2.0.py
# GMT Fri Feb 14 13:34:28 2020
# 
3 4
4 868
9 11
11
14 15 16
15 16 17
16 17 18
17 18
18
22 23 24
23 24 25
24 25 26
25 26
26 28
28
33
37
42 43
43
51
58 59 60
59 60
60 62
62
66 67 68
67 68
68 70
70
73
76 77
77
83 84
84
89 91
91
94
100 102
102 103
103
109
112 114
114 116
116 117
117
120 122
122 124
124
127
130
133 135
135 136
136 138
138
141 143
143 144
144 146
146
151 152 153
152 153 154
153 154 155
154 155 156
155 156 157
156 157
157 159
159 161
161
165
168
172
176 177
177
181 182
182 184
184 186
186
191
194
197
201
204 205
205 207
207 208 209
208 209 210
209 210
210
222
226 227 228
227 228
228
238 239
239
243 244 245
244 245 246
245 246
246 248
248 250
250 252
252 253
253
256 257
257
264
267 268
268 270
270 272
272
275 276 277
276 277 278
277 278 279
278 279
279
284
288 289 290
289 290
290 292
292
299 300
300
304 306
306 308
308 309
309 311
311 312
312 314
314 316
316
319 320 321
320 321 322
321 322 323
322 323
323 325
325 326
326 328
328 329 330
329 330
330
333 334
334
339
342
345
349 350 351
350 351
351
355
358 359 360
359 360
360
364
367 368
368 436
371 372
372
375
380
385 386
386 388
388 389
389 391
391 392
392
395 396 397
396 397 398
397 398 399
398 399
399
402 403 404
403 404
404
407 408 409
408 409 410
409 410
410
413
417
420 422
422 423
423 425
425 426
426 428
428 429 430
429 430
430 432
432
436 437
437
440 441
441
444
448 449
449
452
455 457
457 458 459
458 459
459
463 465
465
468
474
483 484
484
489 490 491
490 491
491 493
493 495
495 497
497 498 499
498 499 500
499 500 501
500 501
501
505 506
506
513 514 515
514 515
515 517
517
520 522
522 524
524 525 526
525 526 527
526 527 528
527 528 529
528 529 530
529 530
530 531 532
531 532 533
532 533
533 535
535 537
537 538
538 540
540
543 545
545 546 547
546 547
547
550 552
552 553 554
553 554
554 556
556 558
558 559
559 561
561 563
563
567 568
568
571 572
572
576 577
577
580 582
582
585 587
587
596 597
597
600
604 606
606 607
607 609
609 611
611
619 620 621
620 621 622
621 622
622 623 624
623 624
624 626
626 627 628
627 628
628
631 632 633
632 633
633 635
635
638
641 642
642 644
644
647 648
648 650
650 651
651
655 656
656
663 665
665 666
666 668
668 669 670
669 670
670 672
672 673
673
676
679 681
681
685 687
687
690 691 692
691 692
692
697
704
709 711
711 712 713
712 713
713 715
715 717
717 718
718 720
720 722
722 723
723 725
725 726 727
726 727 728
727 728
728
732 733
733
739 740
740
745 747
747 748 749
748 749
749
753
757 759
759 761
761 763
763 764
764 766
766
772 774
774 775 776
775 776 777
776 777 778
777 778 779
778 779 780
779 780
780 782
782 784
784 786
786 787
787 789
789 791
791 792 793
792 793 794
793 794
794
797 798
798
801 803
803 804 805
804 805
805
808 809 810
809 810 811
810 811
811 813
813 815
815 816
816 818
818 819
819
823
826 827
827 829
829 830
830
834 835
835
838 839
839
842 843
843
847 848 849
848 849
849 851
851
855 857
857
860 862
862 864
864 866
866 867 868
867 868 869 937
868 869
869 871
871
874
878 879 880
879 880
880
883 884 885
884 885 886
885 886
886 888
888 889 890
889 890
890 892
892
895
898 899
899
902 903 904
903 904 905
904 905 906
905 906
906
919 920
920
923 924 925
924 925 926
925 926
926 928
928 929
929
934 936
936 937
937
940 941
941 943
943 944
944 946
946 948
948 949
949 951
951
954 955
955 957
957
961 963
963 965
965
969 971
971
975
979
982 983
983 985
985 987
987 989
989 990 991
990 991
991 993
993 994 995
994 995 996
995 996 997
996 997 998
997 998
998
