#naive2.0.py
# GMT Fri Feb 14 13:34:30 2020
# 
2 4
4 5
5
8 10
10 11
11 13
13 14
14
17 18
18
23 24
24
28 29
29 31
31
34 36
36 37
37 39
39
42 44
44 45
45
48 50
50
55
60 62
62
66 68
68 69
69
82 84
84
87 88 89
88 89
89 91
91
94
101 103
103 104
104
108 109 110
109 110
110 112
112 114
114 115 116
115 116 117
116 117
117
120 121
121
126 127 128
127 128
128
132
138 140
140
143 145
145 146 147
146 147 148
147 148
148
153
157 159
159
162 163
163
166 167
167 169
169 170 171
170 171
171 173
173 174
174 176
176 177 178
177 178
178
181 183
183 811
187 188
188 190
190 191
191
195 196 197
196 197
197 199
199
202 204
204 205 206
205 206
206
210 212
212 213
213 215
215 216 217
216 217
217
221
226 227 228
227 228
228
232 233
233
236
239 240
240 242
242
245 247
247 248 249
248 249
249 251
251 252
252
257 258 259
258 259 260
259 260
260 262
262
266 267 268
267 268 269
268 269 270
269 270
270
273 274
274 276
276 277 278
277 278 279
278 279 280
279 280 281
280 281
281
285 286
286
289 291
291 292
292
301 302 303
302 303 304
303 304
304 306
306 307
307 309
309
313 315
315
319 320
320 322
322 323 324
323 324
324 326
326 328
328 329
329 331
331 332
332
335
340 341
341
345 347
347 348
348 350
350
353 354 355
354 355 356
355 356 357
356 357 358
357 358 359
358 359
359
365
368 369
369 371
371
374
379 380 381
380 381 382
381 382
382
385 386
386 388
388 389
389
392 393 394
393 394 395
394 395 396
395 396 397
396 397
397
400 401
401 403
403 404
404
407
411 413
413 414
414
417 418
418 420
420
423 425
425
429
433 434
434
437 439
439 440
440 442
442 443
443 445
445 446 447
446 447
447
451
455 456 457
456 457 458
457 458
458 460
460 461 462
461 462
462 464
464
470
473
477
483 484
484 486
486 488
488
492 494
494 495
495 497
497 498 499
498 499 500
499 500
500
504 505
505 507
507
512
515 517
517 518 519
518 519
519 521
521
522
531 532 533
532 533
533 535
535 537
537 539
539 540 541
540 541 542
541 542 543
542 543 544
543 544 545
544 545
545
549 550 551
550 551
551
554
559
565
571
575
581 582 583
582 583 584
583 584 585
584 585
585
588
591 592 593
592 593
593 595
595 597
597 598
598
603 604
604
607 608 609
608 609
609 611
611 613
613
617 619
619 620
620
623
626 627
627
630 632
632 634
634
640 642
642
646 647
647
651 652 653
652 653
653
657
663 665
665 666
666
669 670 671
670 671
671 673
673 674
674
679
682
686
689 690
690 692
692 693
693 695
695 696 697
696 697
697
700 701 702
701 702 703
702 703
703
706 707 708
707 708
708 710
710 711 712
711 712
712
716 718
718 719
719
723
727 729
729 730 731
730 731 732
731 732 733
732 733
733
736 738
738
741 743
743
745 746
746
749 750
750
753 754
754
759
762 764
764 765
765
770 771 772
771 772
772 774
774 776
776
781 782
782
785 786
786
789 791
791 792
792 794
794
797
810 811 812
811 812 813
812 813
813
817 818
818
821 822 823
822 823
823 825
825 826
826 828
828
836
843
847 849
849
853 855
855 857
857
860 861 862
861 862
862 864
864
867 869 937
869 870 871
870 871
871 873
873 875
875
878 879 880
879 880 881
880 881 882
881 882 883
882 883
883
888 889 890
889 890
890 892
892
895 896
896
899 900 901
900 901
901
908
914
918 920
920 922
922 924
924
927 928 929
928 929
929
932
936 937 938
937 938
938 940
940 941 942
941 942
942
952
957 959
959 960
960 962
962 964
964 965 966
965 966
966 968
968 970
970
974 975
975
980 982
982 983
983 985
985 986 987
986 987 988
987 988 989
988 989 990
989 990
990 992
992 994
994 995 996
995 996 997
996 997
997
