#naive2.0.py
# GMT Fri Feb 14 13:34:29 2020
# 
1 2 999
2 4
4 868
6 7
7 9
9 11
11
16 17
17
20 22
22 23
23 25
25 26
26
29
32 34
34 35
35
38 39
39
44 45
45
48 49
49 51
51
57
62 63
63 65
65 67
67
71
74
77 78
78 80
80 81
81
87 88 89
88 89
89 91
91
96 98
98 100
100 102
102
105 106
106
109 110
110
114 115
115
118
121 122
122 124
124 126
126 127
127 129
129 131
131 132
132 134
134
138 140
140 141
141
146 148
148 149
149
153 154
154
158 159 160
159 160
160
165
169 171
171 173
173 175
175
178 180
180 181 182
181 182 183
182 183
183 185
185
189
192 193
193
196 197 198
197 198
198 200
200 201
201 203
203 204 205
204 205
205 207
207 209
209
215 216
216 218
218
223 225
225 227
227
230 232
232 234
234
238 240
240 241
241
244 245
245
248 250
250 251 252
251 252
252
255 256
256 258
258 260
260 262
262
265 266
266 268 621
268 269 270
269 270 271
270 271
271
277
280 281 282
281 282
282
286 287 288
287 288 289
288 289
289
298 299 300
299 300 301
300 301 302
301 302
302
306 307
307 309
309 310
310
313 315
315
319 321
321
325 327
327 329
329
333 334
334
337 339
339 340 341
340 341
341
346 347
347 349
349 350
350 352
352
356
360 362
362
365 366 367
366 367
367 369
369
372 374
374 376
376 377
377
383 385
385 386 387
386 387 388
387 388 389
388 389 390
389 390 391
390 391 392
391 392
392
396 398
398 400
400 401
401
404 405
405
408 409 410
409 410
410 412
412
416 418
418 419 420
419 420
420
425 426
426 428
428 430
430 431 432
431 432 433
432 433 434
433 434 435
434 435 436
435 436
436
438 440
440
446 447
447
456 458
458 459
459
462 463
463
466 467
467 469
469
472 473
473
477 479
479 480
480
483 484
484
487 488 489
488 489 490
489 490
490 492
492 493 494
493 494 495
494 495
495 497
497 498
498 500
500 501 502
501 502
502
505
510
515 517
517 519
519
523 524 525
524 525
525 527
527 528 529
528 529
529
534 536
536
539 541
541
548 549 550
549 550 551
550 551
551
556 558
558
563 564 565
564 565
565
568 569 570
569 570
570 572
572
575 577
577 578
578 580
580
586 587 588
587 588
588
591 592
592 594
594 595
595
598 599
599
604 606
606 607
607 609
609 611
611 612
612
615 616
616
621 622
622
627 629
629 630
630 632
632 634
634
638
641 642 643
642 643 644
643 644 645
644 645 646
645 646 647
646 647
647
650 652
652 653 654
653 654
654
657 658
658
662 664
664 665 666
665 666 667
666 667 668
667 668
668 670
670
673 675
675
686 687 688
687 688
688
691 692 693
692 693
693 695
695 696 697
696 697 698
697 698
698
704 705
705 707
707
709 710
710 712
712
716 718
718 720
720
725 727
727 729
729 731
731 732 733
732 733 734
733 734 735
734 735 736
735 736 737
736 737
737 739
739
743 744 951
744
749 750 751
750 751 752
751 752
752 754
754 755
755
761 762 763
762 763 764
763 764
764 766
766
769 770 771
770 771 772
771 772
772
777 779
779
783
791 793
793 794 795
794 795 796
795 796
796 798
798 799 800
799 800 801
800 801 802
801 802
802
805 806 807
806 807
807 809
809
813 815
815 816 817
816 817 818
817 818
818
822 824
824 825 826
825 826 827
826 827
827
832 834
834 836
836 838
838 840
840 841
841
845 846 847
846 847
847 849
849
854
857
863 865
865 866
866 868
868
874 875 876
875 876 877
876 877 878
877 878 879
878 879
879 881
881 882 883
882 883
883 885
885 886 887
886 887 888
887 888
888 889
889 891
891 892 893
892 893
893 895
895
899 901
901
905 907
907 909
909 911
911 912
912 914
914 915
915 917
917
921 922
922 924
924 925 926
925 926
926
929 930 931
930 931 932
931 932
932
936
940
943 944 945
944 945 946
945 946
946
951 953
953
956
960
965
968 969 970
969 970
970
973
977 978
978
982 983
983
986
989
993 994
994
998 999
999
