#naive2.0.py
# GMT Fri Feb 14 13:34:29 2020
# 
0 1 999
1 999
9
12 14
14
18 19
19
29 30
30 32
32 34
34
38 40
40
43 44
44
62 63
63 65
65 66 67
66 67
67 69
69 71
71
75 77
77
80 82
82 84 636
84
88 89
89
94 96
96
100 101 102
101 102 103
102 103 104
103 104
104 106
106
111 112 113
112 113 114
113 114 115
114 115 116
115 116
116
119
124 126
126 127
127 129
129 131
131 132
132
135 136
136
140 141
141
144 146
146 147
147 149
149 150 151
150 151 152
151 152
152 154
154 156
156
163 164 165
164 165
165
168 169
169
172 173
173
178 180
180 181
181 183
183 185
185
188
193
196
203 205
205 207
207 208
208
211 213
213
220 222
222 223
223 225 429
225
230 231
231 233
233
240
245
249 250 251
250 251 252
251 252
252 254
254 255 256
255 256 257
256 257
257 259
259 260 261
260 261 262
261 262 263
262 263 264
263 264
264
270 271 272
271 272 273
272 273 274
273 274 275
274 275
275
278 280
280
283 284 285
284 285 286
285 286
286
289
293 295
295 296 297
296 297
297 299
299 301
301 303
303 304 305
304 305
305
309
312
315 316 317
316 317 318
317 318
318
324 325 326
325 326
326 328
328 329 330
329 330
330
335
338 340
340
346
350
353 355
355 356 357
356 357
357 359
359 360
360
365 366
366 368
368 369
369
375
378 380
380 382
382
388
394 395 396
395 396
396
399 400
400
406 408
408
411 413
413
417
422
426 427 428
427 428 429
428 429 430
429 430
430
437 438
438
441 442
442 444
444
447 448
448 450
450 452
452 453 454
453 454
454 456
456 457 458
457 458
458
463 465
465 466 467
466 467
467
472 473
473 475
475 477
477 478
478
486 488
488
492 493 494
493 494
494 496
496
501
504 506
506 508
508 510
510
515 516 517
516 517 518
517 518 519
518 519
519 521
521
522 524
524 525
525 527
527 528 529
528 529 530
529 530
530 532
532 533 534
533 534 535
534 535 536
535 536
536 538
538 539 540
539 540 541
540 541
541 543
543
553 555
555 556 557
556 557
557
562 563 564
563 564 565
564 565
565
568 570
570
575 576 577
576 577 578
577 578
578 580
580
583
587
591
599 600
600 602
602 604
604 606
606 607 608
607 608 609
608 609
609 611
611 613
613 614 615
614 615 616
615 616 617
616 617
617 619
619 620 621
620 621
621
624 625
625
630 631 632
631 632 633
632 633 634
633 634
634 636
636
638 640
640
643
647
653 654
654
657 659
659 660 661
660 661 662
661 662
662
667 669
669 671
671 672 673
672 673 674
673 674
674 676
676 678
678 679 680
679 680
680
684 685 686
685 686 687
686 687
687
691 692 693
692 693 694
693 694 695
694 695 696
695 696
696
700 701 702
701 702
702 704
704 706
706
709 710
710
713
716
719 720
720
723
726 727
727 729
729
732 733
733 735
735 736 737
736 737
737
741 742 743
742 743 744
743 744 951
744 746
746
750
756
760
766 767
767
770 771 772
771 772 773
772 773 774
773 774 775
774 775 776
775 776
776
779 780 781
780 781 782
781 782
782
786
792
796
800
804 805 806
805 806 807
806 807
807
810
813 814 815
814 815 816
815 816 817
816 817
817
822 824
824 826
826 828
828 830
830 832
832 833 834
833 834
834 836
836 838
838 839 840
839 840
840 842
842 843
843
847
851
861
864 865 866
865 866 867
866 867
867
873 874
874 876
876 878
878
881 882
882
885 886
886 888
888 889 890
889 890
890 892
892 894
894 896
896 897 898
897 898
898
901 902 903
902 903 904
903 904
904
909 910 911
910 911 912
911 912 913
912 913 914
913 914
914
921 922
922
928
933 935
935
940
949 951
951
956 958
958 960
960 961
961
964
968
974
977
980 981 982
981 982 983
982 983
983 985
985 987
987
994 996
996 997
997 999
999
