#naive2.0.py
# GMT Fri Feb 14 13:34:34 2020
# 
3
6 8
8
11 12 13
12 13
13
17 18
18 20
20 21
21
26
29
32 34
34
37 39
39
43
46
51 53
53 54 55
54 55
55
58 59 60
59 60 61
60 61 62
61 62 63
62 63 64
63 64 65
64 65
65 67
67 69
69 70 71
70 71
71
74
77 79
79
82 84
84 85 86
85 86
86 88
88 89 90
89 90
90
100
103 104
104 106
106
109 110 111
110 111
111
115 117
117 118
118 120
120
123 124 887
124 126
126 127
127 129
129 131
131 133
133 134 135
134 135
135
138 139 140
139 140 141
140 141 142
141 142 143
142 143 144
143 144
144
147 148
148 150
150
153 154 155
154 155
155
160
167 168 169
168 169 170
169 170 171
170 171 172
171 172
172 174
174 175 176
175 176 177
176 177
177 179
179
182
186 188
188
191 192 193
192 193
193
201
206
215 217
217
220 222
222
228
232 233 234
233 234 235
234 235 236
235 237 582
236 237 238
237 238 239
238 239 240
239 240
240 242
242 243 244
243 244
244
247
252
257
266 267 268
267 268 269
268 269
269
275
278 279 280
279 280 281
280 281 282
281 282 283
282 283
283 285
285 286 287
286 287
287
290 291 292
291 292
292 294
294 295 296
295 296 297
296 297
297 299
299
302 303
303
307
310 311 312
311 312 313
312 313 314
313 314 315
314 315 316
315 316
316 318
318
322 324
324
329
333
336
339 341
341
344
347 348
348
351 352
352
355 357
357
360 361 362
361 362 363
362 363
363
366
369
372
376 378
378 379
379 381
381 383
383 385
385 387
387 388
388
391
400 401 402
401 402 403
402 403 404
403 404
404
408 409 410
409 410 411
410 411 412
411 412 413
412 413 414
413 414
414 416
416 417
417
426 427
427 429
429 430 431
430 431 432
431 432
432 434
434
437
441 442 443
442 443
443
450
455 456
456
462 463 464
463 464
464 466
466
471 472
472
476
481 483
483
486 487
487
492 493
493
498
504 505
505 507
507 508 509
508 509 510
509 510
510 512
512 513
513
516 518
518
523 525
525 526 527
526 527
527
530 531 532
531 532 533
532 533 534
533 534
534 536
536 538
538 539 540
539 540
540 542
542
545 546 547
546 547 548
547 548 549
548 549 550
549 550
550
554 555
555
558
561
564 565
565
568 570
570 572
572 573 574
573 574
574 576
576
579 581
581 582
582
585 587
587
592 594
594 596
596 597
597
601
605 606
606
613 614 615
614 615
615
618
622 624
624
629
633 634
634
637 638 639
638 639 640
639 640
640 642
642
646 647 648
647 648
648
651 652 653
652 653 654
653 654
654
661 662
662
666 668
668 669
669
674 675 676
675 676 677
676 677
677
681 682 683
682 683 684
683 684
684 686
686 687 688
687 688
688 690
690 692
692 694
694
700 701 702
701 702
702
706
710 711
711 713
713 714
714
718 719
719
722 723
723 725
725
728
731 732
732
735 736 737
736 737 738
737 738 739
738 739
739
744 745
745 747
747
750 751
751
754
760 762
762 763 764
763 764 765
764 765 766
765 766
766 768
768
773 774
774 776
776 777 778
777 778 779
778 779
779
783
786 787
787 789
789
792 793
793 795
795
798
801 803
803 804 805
804 805
805 807
807 808
808
812
815 816
816 818
818
823
828
832 833
833
836 837 838
837 838 839
838 839
839 841
841 842
842 844
844 845 846
845 846 847
846 847 848
847 848
848
852 853
853 855
855
858 860
860
863
866 867
867
870 871 872
871 872 873
872 873 874
873 874
874
877 879
879 881
881
884 885 886
885 886 887
886 887
887
891 893
893 895
895 897
897 898 899
898 899
899
904 905
905 907
907 909
909 910 911
910 911
911 913
913 915
915
919 920
920
923 925
925 926 927
926 927
927
934 935 936
935 936
936
939 940 941
940 941 942
941 942 943
942 943 944
943 944
944 946
946 947 948
947 948
948
951 952
952
957
969
977 978
978
984
987 989
989 991
991
995
999
