#naive2.0.py
# GMT Fri Feb 14 13:34:36 2020
# 
0 1 999 2 998
1 2 3 999
2 3 4
3 4
4
6 8
8
12 14
14 16
16
19
22 24
24 25 26
25 26 27
26 27
27 29
29 30 31
30 31
31
36 37
37 39
39 41
41 43
43
46
49 50 51
50 51
51 53
53 54
54
58 59 60
59 60
60
63
66
69 71
71
74 75 76
75 76 77
76 77 78
77 78
78
82
91
95 96 585
96 97
97 99
99 100
100 102
102
106 107 108
107 108
108
114 116
116 118
118
121 122 123
122 123
123 125 887
125 126 127
126 127
127
132
141 143
143 144
144
148
152
155 156 157
156 157
157
160 161
161 163
163 165
165 166 167
166 167 168
167 168 169
168 169
169 171
171 172
172
175 176 177
176 177 178
177 178
178 180
180 181 182
181 182 183
182 183
183 185 811
185 186
186
189 191
191 192 193
192 193
193
196 198
198 199
199
202
207 208 209
208 209 210
209 210
210 212
212 214
214 216
216 218
218 220
220 222
222
225 226
226
230 231 232
231 232
232 234
234 235
235 582
240 242
242 244
244
249
253 254 255
254 255
255 257
257 258 259
258 259
259
264
268
271 272 273
272 273
273
276
280
284
288
296 297
297
301
304 305
305 307
307 309
309 311
311
314 316
316
320
326 327
327 329
329 331
331 332
332
338
341 342
342 344
344
349 350 351
350 351 352
351 352 353
352 353 354
353 354
354 356
356 357
357
365 367
367 369
369 371
371 373
373 374 375
374 375 376
375 376 377
376 377
377
381 382
382 384
384
387
393 395
395 397
397 399
399
402 403
403
407 408 409
408 409 410
409 410
410
413 415
415 416 417
416 417
417 419
419
422 424
424
428 429
429
435 436
436
439 441
441 442 443
442 443 444
443 444
444 446
446 447 448
447 448
448
459 461
461 462
462
465
468 470
470 472
472
477 478
478
482 484
484 485 486
485 486
486 488
488
492 493 494
493 494 495
494 495
495 497
497 498
498
502 504
504
513 514
514 516
516
521 552
526 527
527
530 531
531
535 537
537
544 545 546
545 546
546
550 552
552 553 554
553 554
554 556
556
559 560
560 562
562 564
564 565
565
571 572
572
579
580 582
582 584
584 585
585 587
587
594
599
603
607 609
609 610 611
610 611
611
617 618
618
621 622
622 624
624 625 626
625 626
626
630 631
631
637
641
644 646
646
650
653
656 657 658
657 658
658
662 664
664 666
666 667
667 669
669 670
670
674
677 678
678
685 687
687 688
688 690
690 692
692 693
693 695
695 697
697 698
698 700
700 702
702 703 704
703 704 705
704 705
705
710
713 714
714
717
720 721 722
721 722 723
722 723
723
726 727 728
727 728
728 730
730
737
740 741 742
741 742
742
745 746
746 748
748 749 750
749 750
750 752
752
755 757
757 758
758 760
760 761 762
761 762 763
762 763 764
763 764
764
774 775
775
778
782
785 786 787
786 787
787
790
796
801 803
803 805
805 806
806 808
808
811 813
813 814
814 816
816 818
818 819
819 821
821 823
823 825
825 827
827
830 831 832
831 832 833
832 833 834
833 834 835
834 835 836
835 836 918
836 837
837 839
839 841
841
844 846
846 848
848
852 854
854 855 856
855 856 857
856 857 858
857 858
858
862 863 864
863 864
864 866
866 867
867 937
870 871 872
871 872 873
872 873 874
873 874 875
874 875 876
875 876
876
881 882 883
882 883 884
883 884
884
887
892 894
894 895
895 897
897 898
898
901 903
903
907
914 915 916
915 916
916 918
918
922 923 924
923 924 925
924 925
925 927
927 928
928
935 936 937
936 937 938
937 938
938 939 940
939 940 941
940 941
941 943
943 945
945 946
946 948
948 949
949
954 955
955
958
963 965
965
968 969 970
969 970
970
974 975 976
975 976 977
976 977 978
977 978
978 980
980 981 982
981 982 983
982 983
983
986
990 992
992
998 999
999
