#naive2.0.py
# GMT Fri Feb 14 13:34:31 2020
# 
3 4 5
4 5
5
10
14 15 16
15 16
16
19 20
20
25 26
26
29
37 39
39 41
41 42 43
42 43
43 45
45 46
46 48
48 50
50 51 52
51 52
52 54
54
58 60
60 62
62 63 64
63 64 65
64 65
65 67
67 68
68 70
70
76
79 80
80
83 84
84
87 88 89
88 89 90
89 90 91
90 91 92
91 92
92 94
94 96
96 98
98 99
99 101
101 102 103
102 103 104
103 104
104
108 109 110
109 110
110 112
112
115 116 117
116 117
117
120
123 125 887
125 126 127
126 127 128
127 128 129
128 129
129 131
131 132
132 134
134 136
136
140 141 142
141 142 143
142 143
143
149 151
151 152 153
152 153 154
153 154 155
154 155
155
159 161
161 162
162 164
164 165 166
165 166
166
169 170 171
170 171
171 173
173
178
185
190
194 196
196 197 198
197 198
198 200
200 202
202
205 206
206 208
208 210
210
213 214 215
214 215 216
215 216 217
216 217 218
217 218 219
218 219
219
224
228
231 233
233 235
235
243 245
245 246
246
253
256
261 262 263
262 263
263
266 268 621
268 270
270 272
272 274
274 275
275 277
277 279
279 281
281
284
288 289
289 291
291 293
293 295
295 297
297 298
298 300
300 301 302
301 302 303
302 303
303
306
311
314 315 316
315 316 317
316 317
317
321 322
322 324
324
327 329
329
333 334
334 336
336 337
337 339
339 341
341 342 343
342 343
343
348 350
350 351
351 353
353
358
361 362 363
362 363 364
363 364
364 366
366 367
367 369
369 371
371 373
373 375
375
381 382
382
385 386 387
386 387
387 389
389
393 395
395 397
397 399
399 400 401
400 401
401 403
403 404
404 406
406 407
407
410 411
411 413
413
417
424 425
425
428
431 432
432 434
434 435
435
444 445
445 447
447 449
449 450 451
450 451 452
451 452
452
455
459
462 463
463 465
465 466
466 468
468 469
469
476 478
478 479 480
479 480
480
485 487
487 488
488
492
495 497
497 498
498 500
500
504 505 506
505 506
506
509 510 511
510 511
511
516 517
517 519
519 521
521 552
522
527 529
529
531 533
533
538 540
540 542
542 543
543 545
545 546
546 548
548 550
550 552
552
558 559 560
559 560
560 562
562
565
568 570
570
576
580
583 585
585 586
586
590 592
592 593 594
593 594 595
594 595
595
598
601 602 603
602 603 604
603 604 605
604 605 606
605 606 607
606 607 608
607 608 609
608 609
609 611
611 613
613
618
621
624 625
625
628 629 630
629 630 631
630 631
631
638 639
639 641
641 642 643
642 643
643
646 648
648
651 652
652 654
654 655 656
655 656 657
656 657 658
657 658 659
658 659
659 661
661
667 669
669 670 671
670 671
671 673
673 674
674
677 678 679
678 679
679
682 684
684
688 690
690 691 692
691 692
692 694
694 696
696 698
698 700
700
703
709 710 711
710 711 712
711 712
712
716 717
717 719
719
723
728 730
730 731
731
734 735 736
735 736 737
736 737 738
737 738 739
738 739 740
739 740
740 742
742 743 744
743 744 951
744
751 752
752 754
754 756
756 757 758
757 758 759
758 759 760
759 760 761
760 761 762
761 762 763
762 763 764
763 764 765
764 765
765
768
772
776
779
783
789 790
790
794 796
796 797
797 799
799 801
801 802
802
808 809 810
809 810 811
810 811
811 813
813
817 818
818
824
827
830 831 832
831 832
832
835
839 841
841 843
843 844
844 846
846 848
848
856 858
858 859 860
859 860 861
860 861 862
861 862 863
862 863
863
869
872 874
874
878 879
879 881
881
887
891 892 893
892 893
893 895
895 896
896 898
898 899
899
902
906 908
908 909
909
912
915 917
917 919
919 920
920
923
926 927
927 929
929 930 931
930 931
931 933
933 934
934
938
941
944 945 946
945 946
946
950 951
951
955 956
956
960
969 970
970 972
972 973
973
977 978
978
982 984
984 986
986
989 990
990
993 995
995 997
997 998 999
998 999
999
