#naive2.0.py
# GMT Fri Feb 14 13:34:31 2020
# 
0 1 999 2
1 2 999
2 4
4 868
6 7 8
7 8
8
11 12
12 14
14 16
16
19
23 24
24 26
26 28
28 29 30
29 30 31
30 31 32
31 32
32
36 37
37
41
45
49 50 51
50 51
51
54 55
55
59 60
60 62
62
65
69
72 73 74
73 74
74
82 83 636
83
86 88
88 90
90 91
91
94 95
95 585
101 103
103
108 109
109 111
111 112 113
112 113
113
118 120
120 122
122
126 128
128 130
130
133 134
134 136
136 137
137
141
145 146 147
146 147 148
147 148 149
148 149
149
152 153 154
153 154
154
157
161 162
162
169
172 173
173
177 179
179 180
180
184
187 188
188
196 197
197
200 201
201
204 205
205
209 211
211 213
213 215
215 216
216
219 221
221 735
222
225 227
227 229
229 230 231
230 231 232
231 232 233
232 233
233
238 240
240
243 244 245
244 245 246
245 246
246 248
248
251
257
262 264
264 265
265
268
271 272 273
272 273
273
276 277 278
277 278
278
281 282
282 284
284 285
285 287
287 289
289 290
290
294 295 296
295 296
296
299
302 304
304 306
306
310
313
317 318
318 320
320 321 322
321 322 323
322 323
323 325
325
329
334
337
341 343
343 344 345
344 345 346
345 346
346
353
357
360
363 364 365
364 365 366
365 366 367
366 367
367 369
369
372 373
373
378 380
380 382
382 384
384
388 390
390
393 394 395
394 395 396
395 396
396 398
398 400
400
405
409 410 411
410 411 412
411 412
412 414
414 415
415 417
417 418
418 420
420 422
422 424
424 426
426 427
427
432 433 434
433 434
434 436
436 437
437 438
438 440
440 441 442
441 442 443
442 443 444
443 444 445
444 445
445 447
447 448
448 450
450 452
452
456
459 461
461 462
462
465
475
479 481
481
487 488 489
488 489 490
489 490
490 492
492 494
494 496
496
499 501
501
507 509
509
512 513
513 515
515 517
517 518
518
523 525
525 527
527 529
529
531 532
532
535
538 540
540 541 542
541 542 543
542 543 544
543 544 545
544 545
545 547
547 549
549 550
550 552
552 554
554 555
555 557
557 559
559
562
567
572 573
573
581 582 583
582 583 584
583 584 585
584 585
585
588 590
590 591 592
591 592
592
595 596
596 598
598 599 600
599 600 601
600 601 602
601 602 603
602 603
603
608 610
610 612
612 614
614 615 616
615 616
616 618
618 619
619 621
621 622
622 623
623
626 628
628 629 630
629 630
630 632
632 633 634
633 634 635
634 635 636
635 636
636
638 639
639
643 644
644 646
646 647 648
647 648
648 650
650 651
651 653
653 654 655
654 655 656
655 656
656
659 660
660 662
662 663
663 665
665 666
666
670 672
672
677 678 679
678 679
679
684 685
685
688 689 690
689 690
690 692
692
695 696
696
699
702 703 704
703 704
704 706
706 707
707
710 712
712
715 717
717
720 722
722 724
724
728 730
730 731
731
734 735
735
739 740
740
745 746
746 748
748 750
750
757
762 764
764
769 771
771 772 773
772 773 774
773 774
774 776
776 777 778
777 778 779
778 779 780
779 780 781
780 781
781
784 785
785
788 789 790
789 790
790
793
797 799
799 800 801
800 801 802
801 802
802
807 808 809
808 809
809 811
811 812
812
816
819 821
821 822
822
825
828
831 832 833
832 833 834
833 834 835
834 835
835 918
840
844 845
845 847
847 848
848 850
850 851 852
851 852 853
852 853
853 855
855
861 862
862 864
864 865 866
865 866
866 868
868 870
870 872
872
875
878 879 880
879 880
880 882
882 883
883 885
885 887
887 888
888 890
890 891 892
891 892
892
895 897
897
902 903
903 905
905 907
907 909
909 911
911 912
912 914
914 915
915 917
917 918
918 920
920 921 922
921 922 923
922 923 924
923 924
924 926
926 928
928 929
929
934 935 936
935 936
936 938
938 939
939
943 944
944 946
946
951 952
952
956 957 958
957 958
958
961 962
962
965
971 972 973
972 973
973 975
975 976 977
976 977 978
977 978
978 980
980 981
981
985 987
987 989
989 991
991 992
992 994
994 996
996
999
