#naive2.0.py
# GMT Fri Feb 14 13:34:32 2020
# 
0 1 2
1 2
2 4
4 868
7 9
9 10 11
10 11
11 13
13 14
14 16
16 17
17
20
23 24 25
24 25
25
31
34
39 41
41 42
42
45
48
54 55
55 57
57 58 59
58 59 60
59 60
60
64 65
65
68
76 77 78
77 78 79
78 79 80
79 80 81
80 81 82
81 82 83
82 83 636
83
87 89
89 90 91
90 91
91
94
97 98 99
98 99
99
102
105 106 107
106 107 108
107 108 109 529
108 109
109 111
111 112 113
112 113 114
113 114 115
114 115 116
115 116
116
119
122
125 127
127 128 129
128 129
129 131
131
134 136
136 137 138
137 138
138
142 143
143
148
154 156
156 157
157
162 163
163 165
165 166 167
166 167
167
170 171 172
171 172 173
172 173 174
173 174
174 176
176
181 182 183
182 183
183 811
190 192
192 193 194
193 194
194 196
196
199 201
201 203
203
208 209
209 211
211
219
222 223
223
226 227
227
238 240
240
243 244
244
250 251
251
254
261 262
262 264
264 265 266
265 266
266
269 271
271 272 273
272 273
273
279
283
288
292
295 297
297 298
298
302 303
303 305
305 307
307 308 309
308 309 310
309 310
310 312
312 314
314 315
315 317
317 318 319
318 319
319
323 324
324
327 329
329
333 334 335
334 335
335
339
342
345 346 347
346 347 348
347 348
348
351 352
352 354
354 356
356 358
358 359 360
359 360 361
360 361 362
361 362 363
362 363
363
366 367 368
367 368
368
371
374
377
382 383 384
383 384 385
384 385 386
385 386
386
393 395
395 396 397
396 397 398
397 398
398
401 402
402
405
409 410
410
413
418 419
419
423 425
425 426 427
426 427 428
427 428
428 430
430 431
431
435 437
437 438
438 440
440 442
442 443 444
443 444
444
447 449
449 450
450 452
452 453 454
453 454 455
454 455
455
458 460
460 461
461 463
463 464 465
464 465
465 467
467
470
477
480 481
481 483
483 484 485
484 485
485 487
487 488 489
488 489 490
489 490
490 492
492
496
500 502
502 504
504
507 509
509 511
511 512
512 514
514
517 518
518
521 523 552
523
529
532
536
539 540 541
540 541 542
541 542
542
545
548 549
549
552
559 561
561
564 566
566 568
568 570
570
575 577
577 579
579 972
583 584 585
584 585 586
585 586 587
586 587
587 589
589
592 594
594 596
596 597
597
602 603
603
609 610 611
610 611
611
616
622 624
624
631 632
632
636
640 641
641
644
651
655 656 657
656 657 683
657 659
659 661
661 663
663 665
665
669 671
671 672 673
672 673
673
677 678
678
683
686 687
687
691 693
693
698 700
700 702
702
707
709 710
710 712
712
716 718
718 720
720
723 725
725
729
738
744 746
746 747
747 749
749
752
757
760 762
762 763
763 765
765 766
766 768
768 770
770 771 772
771 772
772
775
778 779 780
779 780
780 782
782 784
784 786
786
789 791
791
794 795
795
799 800
800 802
802 804
804 806
806
811
816
820
823
827
830 831 832
831 832 833
832 833
833
836 837 838
837 838
838 840
840
843 845
845 846 847
846 847
847 849
849
852 854
854 855
855
860
863 864 865
864 865 866
865 866
866 868
868
872 873
873
876 877 878
877 878
878
881 882
882 884
884
887
890
893 894
894
897 898 899
898 899
899
902 903 904
903 904
904
908 910
910 912
912
915 917
917 918 919
918 919 920
919 920
920
923
926 927
927 929
929 930 931
930 931
931
934
938 940
940 941
941 943
943 945
945 947
947
950 952
952
957 958 959
958 959
959 961
961 962
962
966
969
972 974
974
977 978 979
978 979
979 981
981 983
983 984
984
987 989
989 990 991
990 991
991 993
993 995
995
