#naive2.0.py
# GMT Fri Feb 14 13:34:29 2020
# 
0 999 998
5 6 7
6 7 8
7 8 9
8 9
9 11
11
16 18
18 19 20
19 20 21
20 21 22
21 22 23
22 23 24
23 24
24
30 31 32
31 32
32
35 36
36
40 41 42
41 42
42 44
44
47 48
48
52 54
54 56
56
59
63 64
64
67
70
73 74 75
74 75
75 77
77 79
79 80 81
80 81
81
84 85
85
89 91
91
95 96 585
96
99 101
101 102
102
106 107 108
107 108 109 529
108 109
109 111
111 112 113
112 113 114
113 114 115
114 115
115
123 125 707
125 126
126
130
133
136 137 138
137 138 139
138 139
139 141
141 142
142
147
151
154 155 156
155 156
156
159 160 161
160 161
161 163
163 164 165
164 165 166
165 166 167
166 167
167
172 174
174 176
176
183 811
186 187 188
187 188
188
193 194
194 196
196 197 198
197 198 199
198 199 200
199 200 201
200 201 202
201 202
202
208 209 210
209 210
210 212
212 213 214
213 214 215
214 215
215 217
217 219
219 220
220 222
222 224
224 226
226
229 230 231
230 231 232
231 232
232
235
236
239 241
241 243
243
246 247
247 249
249 250 251
250 251
251
254 256
256 257 258
257 258 259
258 259 260
259 260
260 262
262 264
264 265
265
270 271 272
271 272 273
272 273 274
273 274
274
277 279
279 280 281
280 281
281 283
283 284
284
287 288
288
292
295
298 299
299
302
309 310
310
321 322 323
322 323 324
323 324 325
324 325
325 327
327 328
328
331 332 333
332 333
333
336
339 340
340
344 345
345 347
347 348
348
351 352 353
352 353 354
353 354
354 356
356
360 361
361
364
367
372 373 374
373 374
374 376
376 377 378
377 378 379
378 379
379 381
381
384 385
385
389
392
395 396 397
396 397 398
397 398 399
398 399
399
403 404
404 406
406
410 412
412 413
413
416 417 418
417 418
418
421 422 423
422 423 424
423 424
424
435 436
436
438 440
440
443 444 445
444 445
445
450
454 456
456 457 458
457 458
458
461 462
462 464
464 465
465 467
467 469
469 470
470
473 474
474 476
476
479 481
481 483
483
486 487 488
487 488
488 490
490
498
503 505
505 506 507
506 507
507
510 511
511 513
513 514
514 516
516
521 552
522 524
524 526
526
529 530
530 531 532
531 532 533
532 533
533
536 537
537
540 542
542 543
543 545
545
548 549 550
549 550
550 552
552 553
553
556
565 566 567
566 567 568
567 568
568 570
570 571 572
571 572
572
575 576
576
585
588
592 593 594
593 594 595
594 595 596
595 596 597
596 597
597
600 602
602 604
604
609 610 611
610 611
611
616
620 621 622
621 622
622 623 624
623 624 625
624 625
625 627
627 629
629
632
635
638
641 642 643
642 643
643
646 647 648
647 648
648 650
650
655 656 657
656 657 683
657 659
659 661
661 662 663
662 663 664
663 664
664
668 669
669
673 674 675
674 675
675
679 681
681 682 683
682 683
683
688 689 690
689 690 691
690 691
691 693
693
696 697 698
697 698
698 700
700 702
702 704
704 706
706 707 708
707 708
708 709
709
712 713
713
721 723
723 725
725 726 727
726 727
727 729
729
735 736
736 738
738 739
739
744
748 750
750
758 760
760 761
761 763
763
766
772 773 774
773 774
774 776
776
781 782 783
782 783
783
788 789 790
789 790 791
790 791 792
791 792
792
797 798
798 800
800 802
802 803
803 805
805 806 807
806 807 808
807 808
808
811
815
818 820
820
825 826 827
826 827
827 829
829
834 835 836
835 836
836 838
838 840
840 841 842
841 842
842 844
844
850
855 856 857
856 857
857 859
859
862
865 866 867
866 867
867 869 937
869 870 871
870 871 872
871 872
872 874
874 876
876 877 878
877 878 879
878 879 880
879 880
880
883 884 885
884 885
885
890 891
891 893
893 894
894 896
896 898
898
902 903 904
903 904
904 906
906
910 911
911
916 917
917 919
919
922 924
924 925
925 927
927
932 934
934 936
936 937 938
937 938
938 939
939 941
941
944
947 948
948
951 952 953
952 953 954
953 954 955
954 955
955
958 959
959
964
968 970
970 972
972
975 977
977
992 993 994
993 994 995
994 995
995 997
997 998 999
998 999
999
