#naive2.0.py
# GMT Fri Feb 14 13:34:33 2020
# 
2
5
8 9
9
12 13
13 15
15 16 17
16 17
17
21
25 27
27 28
28 30
30 32
32 33 34
33 34
34
37 38 39
38 39 40
39 40
40 42
42
47
50
56 57 58
57 58
58 60
60 61
61 63
63 65
65
70
76 78
78 80
80 82
82 84
84 85 86
85 86
86 88
88
92 94
94 96
96 98
98 99
99 101
101 102
102
105
113
123 124 707
124
127 128
128 130
130
134 136
136
141 142 143
142 143 144
143 144 145
144 145 146
145 146 147
146 147
147 149
149
152 153
153
156
162 164
164 165 166
165 166
166
169
180 182
182
185 187
187 188
188 190
190 192
192 193
193
197 198
198 200
200 201 202
201 202 203
202 203 204
203 204
204
207 208 209
208 209
209 211
211
216 218
218 219 220
219 220 221
220 221 222
221 223
222 223 224
223
224 226
226 227
227 229
229 230 231
230 231
231
236
239
242 243 244
243 244
244
248 249 250
249 250
250 252
252
256 257 258
257 258
258 260
260 262
262
265 266 267
266 267
267
270 271
271
276 277
277 279
279
283 284 285
284 285
285 287
287
291
295 297
297
301 302
302 304
304 305
305 307
307 308 309
308 309 310
309 310 311
310 311
311
315 316 317
316 317
317 319
319 320
320
323
332 333 334
333 334 335
334 335 336
335 336 337
336 337
337 339
339 340 341
340 341
341 343
343 345
345
348
351 352 353
352 353
353
356 357 358
357 358
358
363 364
364 366
366 367 368
367 368
368
372 373 374
373 374
374 376
376 377
377 379
379 381
381 382 383
382 383
383
386
389 391
391
401 403
403
406 408
408 409
409
413
417
424 426
426 428
428
432 433 434
433 434
434
438 440
440 441 442
441 442 443
442 443 444
443 444 445
444 445 446
445 446
446
453
456 457
457
460 461
461 463
463 465
465 466 467
466 467 468
467 468 469
468 469 470
469 470 471
470 471
471 473
473 474
474
477 479
479 480 481
480 481
481
484 485 486
485 486 487
486 487 488
487 488
488
492 494
494 495 496
495 496
496 498
498
504 505 506
505 506 507
506 507
507
510 512
512
515
518 520
520 522
522 524
524 526
526 527
527
532
535 537
537
540 542
542
546 547
547
551 552
552 554
554 555
555 557
557 559
559 560 561
560 561
561
564 566
566
570
573 574
574 576
576 577
577
580 581
581
584
587
590 591
591 593
593 595
595 596
596
599 600 601
600 601
601 603
603 604 605
604 605 606
605 606
606
613 614 615
614 615 616
615 616
616 618
618 619
619
622 624
624 625
625 627
627
631 633
633 634 635
634 635
635
638 640
640 641 642
641 642 643
642 643 644
643 644 645
644 645 646
645 646 647
646 647
647 649
649 650
650
653
657
664 665
665
669 670 671
670 671 672
671 672
672
677 679
679 680 681
680 681 682
681 682 683
682 683 684
683 684
684 685 686
685 686
686
692 693
693
697
704 706
706 707 708
707 708
708 709
709
712
715 716
716 718
718 719 720
719 720
720
723 725
725
728 729 730
729 730
730
733
736 737
737 739
739 740 741
740 741
741
750 751 752
751 752 753
752 753 754
753 754
754
758
762 763
763 765
765 766
766 768
768
772 773
773
776 777 778
777 778
778 780
780
784 785
785
788 789 790
789 790 791
790 791
791
795
799 801
801 803
803
810 811 812
811 812
812 814
814 815
815 817
817 818 819
818 819 820
819 820 821
820 821
821
825
828 830
830 831
831 833
833 834
834
837 838 839
838 839 840
839 840
840 842
842
845 846
846 848
848
851 853
853 854
854
858 859 860
859 860
860 862
862 863
863 865
865
868 869 870
869 870
870 872
872 873
873 875
875 876
876
882 884
884 885
885
891 892
892
896 897 898
897 898
898 900
900
906 907 908
907 908 909
908 909 910
909 910 911
910 911
911
918 919 920
919 920 921
920 921
921 923
923 924 925
924 925 926
925 926 927
926 927 928
927 928 929
928 929 930
929 930
930
933 935
935 936
936 938
938 939
939
943
953
956
960 962
962 964
964 965 966
965 966 967
966 967 968
967 968 969
968 969
969
972 973
973
977
980 982
982 984
984 985
985 987
987 989
989 990
990
996
