#naive2.0.py
# GMT Fri Feb 14 13:34:32 2020
# 
5 7
7 8
8 10
10
13
16 18
18 19
19 21
21 23
23 24
24
27 28 29
28 29 30
29 30
30
35
41 43
43 44
44 46
46 48
48 49 50
49 50
50
53 55
55 56
56 58
58 60
60 61 62
61 62 63
62 63 64
63 64 65
64 65
65 67
67 68
68 70
70 71 72
71 72 73
72 73 74
73 74
74
78 79
79 81
81
85 86
86
95
99 100 101
100 101
101 103
103 104 105
104 105
105 107
107 108 109
108 109
109 111
111 112 113
112 113 114
113 114 115
114 115 116
115 116 117
116 117 118
117 118
118 120
120 121
121
124 125
125
128 130
130 132
132 134
134
137 138 139
138 139
139
143
146 147
147
154 156
156 157
157 159
159 160
160 162
162 163 164
163 164
164 166
166
169
172
177
180 181
181
184 186
186 187 188
187 188 189
188 189 190
189 190 191
190 191 192
191 192 193
192 193
193
196 197
197
200 201 202
201 202 203
202 203 204
203 204
204
208 209 210
209 210
210 212
212 213
213
216
219 221
221 223 735
222 223
223
226
229 230
230 232
232
237 239
239 241
241 242
242
245 247
247 249
249 250
250 252
252 253
253 255
255 256 257
256 257
257
261 263
263 265
265
272 273 274
273 274
274
277 279
279 280 281
280 281 282
281 282
282 284
284 286
286
291 292
292 294
294 295
295
300 301 302
301 302
302
308 309
309 311
311
314
319 320 321
320 321 322
321 322 323
322 323
323
327 328 329
328 329 330
329 330 331
330 331 332
331 332 333
332 333
333 335
335 337
337 338 339
338 339 340
339 340
340
344 346
346 348
348 349 350
349 350
350
353
357 358
358
361 362 363
362 363 364
363 364
364 366
366 368
368
371
374 375
375 377
377 378
378
383
390
394 396
396 397
397 399
399 400
400
403
406
411
414 415 416
415 416
416
421
424 425
425
434
438 439 440
439 440
440
444 445
445 447
447
450 451 452
451 452 453
452 453
453 455
455 456
456
460
464 465
465 467
467 469
469 470 471
470 471
471
476 478
478 479
479 481
481 483
483
488
492
499 500
500 502
502
505
508
518 519
519 521
521 523 552
522 523
523 525
525 526 527
526 527 528
527 528
528
532
536 538
538 539 540
539 540
540
545 547
547 549
549
552 553
553 555
555 557
557 559
559 560
560
565 566 567
566 567
567 569
569 570
570 572
572 573 574
573 574
574
577 578
578 580
580 581
581
584
588 589
589 591
591 592
592
596 597 598
597 598 599
598 599 600
599 600
600
604 606
606 607
607
612 613
613 615
615 616
616 618
618 620
620
626
629
634
637
640 641 642
641 642
642 644
644 645 646
645 646
646
649 651
651
659 660
660 662
662 663 664
663 664 665
664 665
665 667
667 668
668 670
670
679
683
687 688 689
688 689
689 691
691 692
692 694
694
699 701
701 702
702 704
704
709
714 715
715
718
721
724 725 726
725 726
726
729 730 731
730 731
731 733
733 734 735
734 735 736
735 736 737
736 737 738
737 738 739
738 739 740
739 740
740
744 745 746
745 746 747
746 747 748
747 748 749
748 749 750
749 750 751
750 751 752
751 752 753
752 753 754
753 754 755
754 755
755 757
757 759
759
767 768
768
772 774
774 775 776
775 776
776 778
778
785
791 793
793 795
795 796 797
796 797
797 799
799 800 801
800 801 802
801 802 803
802 803
803 805
805 807
807
816 817 818
817 818
818 820
820
823 824
824 826
826 827 828
827 828
828
837 838 839
838 839
839
842 844
844 845
845 847
847 849
849 850 851
850 851
851
854 855
855
860 862
862 863 864
863 864 865
864 865 866
865 866
866 868
868 869 870
869 870 871
870 871
871
874 875
875 877
877
880 882
882 883 884
883 884
884
889
895
898 899 900
899 900 901
900 901 902
901 902
902
906 907 908
907 908
908 910
910
913
916 917
917 919
919
922 924
924 925 926
925 926 927
926 927
927 929
929 931
931 932
932 934
934 935
935
941
945
948
951 952 953
952 953
953 955
955 956 957
956 957 958
957 958
958
961 962
962
966 967
967
970 971
971
977 978 979
978 979 980
979 980 981
980 981
981
985 986 987
986 987
987 989
989 990 991
990 991 992
991 992
992
998
