#naive2.0.py
# GMT Fri Feb 14 13:34:28 2020
# 
1 2 999
2 4
4 868
7 8
8
16 17
17 19
19 20
20
24
27 28
28
33 34 35
34 35 36
35 36
36
39
43 44 45
44 45
45
52 54
54 55
55
60 62
62
66 67 68
67 68
68 70
70 71
71 73
73
76 77
77
80
83 84
84
89 91
91 93
93 94 95
94 95 96
95 96 585
96 97 98
97 98 99
98 99 100
99 100 101
100 101 102
101 102
102
109 111
111
114 115
115
120 121 122
121 122 123
122 123
123 125 707
125 127
127
132 133
133 135
135 136
136
140 142
142
146 147
147
150 151
151
156 157
157
160 161
161 163
163 165
165 166 167
166 167
167 169
169 171
171 172 173
172 173
173 175
175
179 180
180
184
188 190
190
193 195
195 197
197 198
198 200
200 202
202
205 207
207
213
219
225 226
226 228
228 229 230
229 230 231
230 231
231
234 235
235 237
237 238 239
238 239
239
242
245 247
247 249
249 251
251 252 253
252 253 254
253 254 255
254 255 256
255 256 257
256 257
257 259
259 261
261 262 263
262 263
263
268 270
270 271
271 273
273 274 275
274 275
275 277
277
282 283
283 285
285
289 290
290 292
292
299
312 313 314
313 314
314
318 319 320
319 320
320 322
322
326
330
333 334 335
334 335 336
335 336
336
343 345
345 347
347
350
353
356
362 364
364 365 366
365 366
366
369 371
371 372
372 374
374 376
376 378
378 380
380
384
387 388
388
392 393
393 395
395 396 397
396 397
397 399
399
405 406 407
406 407
407 409
409 411
411 413
413
416 418
418 419
419
422 423
423
429
432 433
433
439
444 446
446 448
448
455
466
469 470
470 472
472
475 476 477
476 477 478
477 478 479
478 479 480
479 480
480 482
482 483 484
483 484
484
494
497 499
499
502 503
503
506 508
508
513
517 518 519
518 519
519
524 526
526
531 532 533
532 533 534
533 534 535
534 535 536
535 536
536 538
538
542 543 544
543 544
544
549 551
551 552
552
559 560 561
560 561
561
564 566
566 567
567 569
569 570 571
570 571 572
571 572
572
576 577 578
577 578
578
581
585
588 589 590
589 590 591
590 591 592
591 592 593
592 593 594
593 594
594
598 600
600 602
602 603
603
607
610 612
612
615 616
616 618
618
622
629 631
631 632
632
638 639 640
639 640
640
643 644
644 646
646 647
647 649
649 650
650 652
652 653 654
653 654
654 656
656 683
664
669 670
670 672
672 674
674 675
675 677
677 678
678 680
680
683
685 686 687
686 687
687
691 692
692 694
694 695 696
695 696 697
696 697
697
700
703 704 705
704 705
705 707
707 708
708 709
709 711
711 713
713 714
714 716
716 717
717 719
719 721
721
724 725 726
725 726 727
726 727
727 729
729
732 734
734
737
741
752 753 754
753 754 755
754 755
755 757
757 758
758
762 763 764
763 764 765
764 765
765
768 770
770 772
772 773 774
773 774
774 776
776 777
777
782 783
783
786
790
794
797 799
799 800 801
800 801
801 803
803 804
804 806
806 807 808
807 808
808
811 813
813 815
815 817
817 818 819
818 819 820
819 820
820 822
822 823
823
828 830
830 831
831
834 836
836
839 841
841
845 847
847 849
849
852 853 854
853 854
854 856
856
866 868
868 869
869 871
871 872 873
872 873 874
873 874
874 876
876
879 881
881 882 883
882 883 884
883 884
884 886
886
891 893
893
896 898
898 899 900
899 900
900 902
902 903
903
907
910 911
911
914
918 919
919 921
921 922
922 924
924
928 930
930 931
931 933
933 934
934
937
939 941
941
945 947
947
950
953 954
954
958 959 960
959 960 961
960 961 962
961 962 963
962 963
963
966 967 968
967 968
968
971 972
972 974
974 975 976
975 976
976
981 982
982 984
984 985 986
985 986
986 988
988 990
990
995
999
