#naive2.0.py
# GMT Fri Feb 14 13:34:32 2020
# 
8 10
10
21
25
36 37 38
37 38
38 40
40 41
41 43
43 44 45
44 45
45 47
47 48 49
48 49
49 51
51 53
53 55
55 56
56 58
58 59
59 61
61 62 63
62 63 64
63 64
64 66
66 67
67 69
69 71
71 73
73 74
74
78
82 83 636
83 85
85 86 87
86 87
87
91 92 93
92 93
93 95
95 96
96 97
97 99
99 101
101 102
102
105
110
114 116
116 117 118
117 118 119
118 119 120
119 120
120
123 125 707
125 127
127 129
129
133 135
135
138 140
140
143 144
144
148
156 158
158 159
159
162
166 167
167 169
169 170
170 172
172 173
173
178 179
179 181
181 182
182 184
184 185 186
185 186 187
186 187 188
187 188 189
188 189
189
192 193
193
198 200
200 201
201 203
203
207 208 209
208 209 210
209 210
210
215 216
216
220
223 225 429
225
229 230 231
230 231 232
231 232
232
236 238
238
242
245 246
246
249 250
250
255
258 259
259 261
261
264 265 266
265 266 267
266 267 621
267 269
269 270
270
275
278 279
279
283 284 285
284 285
285
292 294
294
297 299
299 300 301
300 301 302
301 302 303
302 303 304
303 304 305
304 305
305
309
312 314
314 315 316
315 316 317
316 317
317
321 323
323 324
324 326
326 328
328 329
329 331
331
334 335 336
335 336 337
336 337
337 339
339
343 345
345 346
346 348
348 349 350
349 350 351
350 351 352
351 352
352 354
354 355 356
355 356 357
356 357
357
360 362
362 364
364 366
366
371 373
373
376 377
377
380 382
382 383
383
386 387
387
390 391 392
391 392
392 394
394
397
400 401
401
408
411
414 416
416 417
417 419
419 420
420 422
422 424
424
428 429
429 431
431 432
432 434
434
437 439
439
442 443
443 445
445 446 447
446 447
447
452 453
453 455
455 456
456 458
458 459
459
462 463 464
463 464 465
464 465 466
465 466
466
469 471
471 472 473
472 473
473
477
480 481 482
481 482
482
485 487
487
490 492
492 494
494 496
496
504 506
506 508
508
512 513
513
517 518
518 520
520 521
521 523
523 525
525
531 532
532
535 536 537
536 537
537
540 541 542
541 542 543
542 543
543 545
545 546
546
549 551
551 553
553 554
554
557 558
558 560
560 561
561
565
568 570
570 571
571 573
573
577 578 579
578 579 580
579
580 582
582 583 584
583 584
584 586
586 587 588
587 588
588
598
602 603
603 605
605
611 612
612 614
614
617
621
623
626
629 631
631 633
633
636 637
637 638 639
638 639
639
648 650
650 651 652
651 652 653
652 653
653
656 683
659 660
660 662
662 663 664
663 664 665
664 665
665 667
667 668 669
668 669
669 671
671 672 673
672 673 674
673 674
674 676
676 678
678 679
679 681
681 682 683
682 683
683
689
692 693 694
693 694 695
694 695
695
702 703 704
703 704
704
707 708
708 709
709
712 714
714
717 719
719
722 723
723
730
737 738
738
742
745 747
747
751
754
758 760
760 761 762
761 762
762
765 766
766
775 776
776 778
778 779 780
779 780
780 782
782 783
783 785
785
788
791
795 797
797 798
798
804 805
805
808 810
810 812
812 813
813
818
823 824 825
824 825 826
825 826 827
826 827
827
832
835 918
837 838
838 840
840
843 844
844
848
851 852
852
857 858 859
858 859
859
862 863 864
863 864 865
864 865 866
865 866 867
866 867 868
867 868 869
868 869
869
872 873
873 875
875 876
876
884 886
886
890
893 895
895 896 897
896 897
897 899
899 901
901
904 906
906
910 912
912 913
913
917 918
918
926 927
927
930
936
943 944
944 946
946 947 948
947 948
948
951 953
953
956
961
964
967 968
968 970
970 971
971 973
973
976 978
978
982 984
984
988 990
990 991
991 993
993
996 997
997 999
999
