#naive2.0.py
# GMT Fri Feb 14 13:34:28 2020
# 
0
4 5
5 6
6
11
15
18
22 24
24 25
25
31 32
32 34
34
39 41
41 43
43
46 48
48
51 52
52
57
62 64
64 66
66 67 68
67 68
68
72 74
74 76
76
79
82 83 84
83 84
84 86
86 88
88 90
90 91
91
97 98
98
103 104
104 106
106 107 108
107 108
108 110
110 111
111
115
120 121
121
124
129
140 142
142 144
144
147 148 149
148 149
149
153 154 155
154 155
155
159 161
161 163
163 165
165 167
167 169
169
172
175 176 177
176 177
177 179
179 180 181
180 181
181 183
183
186 187 188
187 188 189
188 189
189 191
191 192
192 194
194 196
196 197
197 199
199
202
206
212 213
213
217 219
219 220 221
220 221
221
224 226
226 228
228
232 233 234
233 234 235
234 235
235 582
241 243
243 245
245 247
247 248 249
248 249 250
249 250
250
254 255 256
255 256 257
256 257 258
257 258
258 260
260 261
261
266 267 268 621
267 268
268
272
276 277
277 279
279 280
280 282
282 284
284 285
285
288 290
290 291 292
291 292
292 294
294
298 300
300 301 302
301 302 303
302 303 304
303 304
304
312 313 314
313 314
314 316
316 318
318 320
320 321
321 323
323
329 330 331
330 331 332
331 332
332 334
334 336
336
339 340 341
340 341
341 343
343
351 352 353
352 353
353
357
360 361 362
361 362
362 364
364 365
365 367
367 369
369
375 376 377
376 377
377 379
379 380 381
380 381
381
387 388
388 390
390 391 392
391 392 393
392 393 394
393 394 395
394 395
395
399 400 401
400 401 402
401 402 403
402 403 404
403 404 405
404 405 406
405 406 407
406 407
407
411 412 413
412 413
413
421 423
423
427 428
428 430
430 431 432
431 432
432 434
434 435
435
438 439 440
439 440
440
445 446 447
446 447
447 449
449 450
450 452
452
455 457
457
461
467 468
468 470
470
474
477
481 482 483
482 483
483
490
493 494
494
497 498
498
504
508 509
509 511
511 512 513
512 513 514
513 514
514
517
522
525 526 527
526 527 528
527 528
528
531 532
532
537 538
538 540
540 542
542
545 546
546 548
548
551 552 553
552 553
553
556 557 558
557 558
558
561 562
562
565
568
571
578 579
579 581 972
581 582
582 584
584 585
585
588
592 593
593
598 599 600
599 600 601
600 601
601 603
603
608 609
609 611
611 612 613
612 613 614
613 614
614 616
616 618
618 619
619 621
621
625 626
626
631 632 633
632 633
633
637 638 639
638 639
639 641
641 643
643 644
644
647 648 649
648 649 650
649 650 651
650 651
651 653
653 655
655 657
657 658
658 660
660 662
662
666 668
668 669
669 671
671 673
673 675
675 676 677
676 677 678
677 678
678
681 682
682
688
697
700 702
702 704
704 705 706
705 706 707
706 707 708
707 708
708
712
716 718
718
722
725 727
727
732 733 734
733 734
734
738
741 743
743 744
744 746
746 748
748 749
749
753 754
754
763 764 765
764 765 766
765 766 767
766 767
767
770
773
776
780
783
786 787
787
790 791
791 793
793 794
794 796
796 797
797
801
804 806
806
812 814
814 815
815
818 820
820 821
821
824 825
825 827
827 828
828
831 832 833
832 833
833 835
835 918
837 839
839 840 841
840 841
841
845
848 850
850 851
851 853
853 855
855 856 857
856 857
857 859
859 860 861
860 861 862
861 862 863
862 863
863
867 869 937
869 870 871
870 871
871 873
873 874
874
877
880
884 885
885
888 889 890
889 890 891
890 891 892
891 892 893
892 893
893 895
895
899 900
900 902
902 904
904 905 906
905 906 907
906 907
907 909
909 910
910 912
912 913
913 915
915 917
917 918 919
918 919 920
919 920 921
920 921
921
925 926
926 928
928 929 930
929 930
930
933 934
934 936
936 937 938
937 938
938
941 942
942
945 946 947
946 947 948
947 948
948
953 954 955
954 955 956
955 956 957
956 957 958
957 958 959
958 959
959 961
961 962
962
967 968 969
968 969
969 971
971 972
972
976 978
978 980
980
984 985
985 987
987 988
988 990
990 992
992 993
993
