#naive2.0.py
# GMT Fri Feb 14 13:34:33 2020
# 
0 1
1 3
3
6 7
7
10 12
12
19 20 21
20 21
21
25 26
26
29 30
30
35 36
36 38
38 39 40
39 40 41
40 41
41
47 48
48
57 58 59
58 59
59 61
61 62
62
65 66
66 68
68 69 70
69 70
70
73 74
74 76
76
84 85
85
88 89
89 91
91 92
92
95
98 100
100 102
102
105
111 112
112
115 116
116 118
118 120
120 121 122
121 122
122 124
124 125
125
128 130
130 131 132
131 132 133
132 133 134
133 134
134
137 138
138
141 142 143
142 143
143
146 147
147 149
149 151
151 153
153 155
155 156 157
156 157 158
157 158 159
158 159
159
162
165 166
166 168
168 169 170
169 170
170
175
178
181
185
188 190
190 192
192 193
193 195
195 197
197
203
208
211 213
213
216 217
217 219
219
224 226
226
229 230
230
234
238 239 240
239 240
240 242
242 243 244
243 244 245
244 245 246
245 246
246 248
248
251 252
252
256 257
257 259
259 261
261 263
263
271
275 276 277
276 277
277 279
279 280 281
280 281 282
281 282 283
282 283 284
283 284
284 286
286 288
288 289 290
289 290 291
290 291
291
295 296
296
299 300 301
300 301
301
304 306
306 307
307
310
317 318
318
321 322 323
322 323
323 325
325 326
326
329
332
335
340
343 344
344 346
346 348
348 350
350 352
352
355 356 357
356 357 358
357 358 359
358 359
359
362 364
364
367 368
368 370
370
373
379 380 381
380 381
381
387
390
394 396
396 397
397
401 402
402 404
404 406
406 407 408
407 408
408
411 412 413
412 413
413
416 417 418
417 418 419
418 419
419
422
429 430
430
433
437
443 444 445
444 445 446
445 446 447
446 447
447
450 451
451 453
453 454
454 456
456
460 461 462
461 462 463
462 463 464
463 464
464
470
474 475
475
481 482 483
482 483 484
483 484
484
488 490
490 491 492
491 492 493
492 493
493
496 498
498
501 503
503 504
504
507 508 509
508 509
509 511
511
519 520
520 522
522 523 524
523 524
524
527 528 529
528 529
529
531
534 535 536
535 536
536 538
538
542 543
543
546 547 548
547 548 549
548 549
549
552 554
554 555
555
562 564
564 565 566
565 566 567
566 567
567 569
569
574
578
582 583 584
583 584
584
591 592 593
592 593
593
598 600
600 601
601
604 606
606 607 608
607 608
608 610
610 611
611
614
617 619
619 621
621 622
622 623 624
623 624 625
624 625
625
633 634
634 636
636 637
637 639
639 641
641 642
642 644
644 645 646
645 646
646
649 650
650
658 659
659 661
661
664 665 666
665 666
666 668
668
671 672 673
672 673
673
676 678
678
684
689 690
690
694 696
696 698
698
701
704 705
705
708
714 715 716
715 716 717
716 717
717 719
719 720
720 722
722
727 728 729
728 729 730
729 730
730 732
732
735
738 739 740
739 740
740
746 748
748 749
749 751
751 752
752 754
754 755 756
755 756 757
756 757 758
757 758
758 760
760 761
761
764
767 768 769
768 769 770
769 770
770
773 775
775 777
777 778 779
778 779
779 781
781 783
783 785
785 787
787
790 792
792 794
794 796
796 797
797 799
799 801
801
806 808
808
811 813
813 814 815
814 815 816
815 816 817
816 817 818
817 818 819
818 819
819 821
821
824 826
826
830 831 832
831 832 833
832 833
833
836 838
838 839 840
839 840
840 842
842
845
848 849 850
849 850 851
850 851 852
851 852
852
856 857
857 859
859 860
860 862
862 864
864 866
866
869
873
877 879
879
883
887 888
888 889 890
889 890
890 892
892
897 898
898
905 906
906 908
908 909
909
915
918 919
919
925
930 932
932
936 937
937
939 940 941
940 941
941 943
943 945
945 946
946 948
948 949 950
949 950
950 952
952 954
954 956
956 958
958 959 960
959 960 961
960 961 962
961 962
962 964
964
967 968
968 970
970 971 972
971 972 973
972 973 974
973 974 975
974 975
975 977
977 978
978
982
989 990
990
995 997
997
