#naive2.0.py
# GMT Fri Feb 14 13:34:35 2020
# 
5 6
6
15 16 17
16 17 18
17 18
18 20
20 21
21 23
23
26 27
27
31
34 35
35
38 39 40
39 40
40
43 44 45
44 45
45
48
51
54 55 56
55 56 57
56 57 58
57 58 59
58 59 60
59 60
60
64
67
71
74 76
76 77
77 79
79 80 81
80 81
81
85
88 90
90
94 95
95 585
97 98
98 100
100 101 102
101 102 103
102 103 104
103 104
104 106
106 107 108
107 108 109 529
108 109 110
109 110
110
113 114 115
114 115
115
118
122
125 127
127 128
128 130
130
134
137 138
138
141 142
142
145 146 147
146 147 148
147 148 149
148 149 150
149 150 151
150 151 152
151 152
152 154
154 156
156 158
158 159
159
162 164
164
168 169
169 171
171 173
173 174 175
174 175
175 177
177 179
179
187
190
193
199 200 201
200 201 202
201 202
202
205
209 211
211 212
212
215 216 217
216 217 218
217 218
218 220
220
226 228
228
231 233
233 234
234
237 239
239
246 248
248
251 252
252
255 256 257
256 257
257 259
259 260 261
260 261
261
265 266 267
266 267 268 621
267 268
268 270
270 271 272
271 272 273
272 273 274
273 274
274
277
281
286
289 290
290
297 299
299
303
306 308
308 309
309 311
311 313
313 314 315
314 315
315 317
317
320 322
322 323 324
323 324 325
324 325 326
325 326
326
330 331 332
331 332
332 334
334 335 336
335 336 337
336 337 338
337 338 339
338 339
339 341
341 342
342
347 349
349 351
351 352 353
352 353
353
356
360 362
362
367
373 374
374
379 380 381
380 381
381 383
383
386 387 388
387 388
388 390
390
394 395 396
395 396
396
399 401
401 402
402 404
404
408 409 410
409 410
410 412
412 413 414
413 414
414 416
416 417
417 419
419
423
428
432 433 434
433 434
434 436
436
438 439
439 441
441 443
443 444 445
444 445 446
445 446
446 448
448
451 452 453
452 453 454
453 454 455
454 455 456
455 456 457
456 457
457 459
459
465 466
466
472
476 477
477 479
479 480 481
480 481
481
484
494 496
496
500 501
501 503
503
506 508
508 510
510 512
512 513 514
513 514
514 516
516 518
518 519
519
528 529 530
529 530
530 531
531
539 541
541 542 543
542 543 544
543 544
544
547 548
548
551 553
553
557 558 559
558 559
559 561
561
564 565
565 567
567
571
574 575
575 577
577 578 579
578 579 580
579 581 972
580 581 582
581 582 583
582 583
583 585
585
589 590 591
590 591 592
591 592
592
596 597
597 599
599 600
600 602
602
611 613
613 614 615
614 615 616
615 616
616 618
618 620
620 621
621
623 624 625
624 625
625
629 630
630 632
632 633 634
633 634 635
634 635 636
635 636 637
636 637
637 639
639 641
641 642
642 644
644 645 646
645 646
646
650 652
652
659 660
660 662
662 663 664
663 664
664
668 669 670
669 670
670
673 675
675 677
677 678 679
678 679
679
686 688
688 689
689
700 701 702
701 702 703
702 703 704
703 704 705
704 705 706
705 706
706
711 712 713
712 713 714
713 714
714 716
716 718
718 719 720
719 720
720
724
727 728
728
731 732
732 734
734 736
736 737
737 739
739
742 743 744
743 744 951
744
753 754
754
757 758 759
758 759 760
759 760 761
760 761 762
761 762
762
768 769
769
774 776
776
779
783 785
785
789 791
791 792 793
792 793
793 795
795 797
797
802
805 807
807 808 809
808 809 810
809 810 811
810 811 812
811 812 813
812 813 814
813 814 815
814 815
815
818 819
819 821
821 822 823
822 823
823
826 827 828
827 828 829
828 829 830
829 830 831
830 831 832
831 832 833
832 833
833
836 838
838 839
839 841
841 842
842 844
844 845 846
845 846
846 848
848 850
850 851 852
851 852
852
859 861
861 863
863 865
865
868
871 873
873 874 875
874 875 876
875 876
876
879
882 883
883 885
885
888
892 894
894
898 899
899
902 904
904 905
905
911 913
913 915
915 916
916 918
918 920
920 922
922 923 924
923 924
924
929 931
931 932 933
932 933 934
933 934
934 936
936
939 940 941
940 941
941 943
943 944 945
944 945 946
945 946
946
949 951
951
955
958 959
959 961
961
967 969
969
972 973 974
973 974 975
974 975 976
975 976 977
976 977 978
977 978
978 980
980
983
988 989
989
994
998 999
999
