#naive2.0.py
# GMT Fri Feb 14 13:34:29 2020
# 
0 1 999
1 999
4 5 868
5
8 9
9
12 14
14 15
15 17
17
21 22
22 24
24
27 28 29
28 29
29
32 33 34
33 34 35
34 35 36
35 36
36
46 48
48
55 57
57 59
59 60
60
63
71 73
73
79 81
81
84
87 88
88 90
90
95 96
96 98
98
101
105 106 107
106 107 108
107 108 109
108 109 110
109 110
110 112
112 114
114 115
115 117
117
120
124 125
125 127
127
131 132
132 134
134
138 140
140
143 144 145
144 145
145
149
153 154 155
154 155 156
155 156
156 158
158
162 163
163 165
165 167
167 168 169
168 169 170
169 170
170
174 175
175
184 186
186 187
187
192 193
193 195
195
198 200
200
204 205
205
209
216 217
217
221 735
225 226 227
226 227
227
233 234 235
234 235 236
235
236 238
238
251 252
252
256 258
258
261 263
263
266 267
267
270 271
271 273
273 274
274 276
276
280 282
282 283 284
283 284 285
284 285 286
285 286 287
286 287
287 289
289
294
299
302 303 304
303 304
304 306
306 308
308 309 310
309 310
310 312
312 314
314 316
316 317 318
317 318 319
318 319
319 321
321 322
322 324
324 325
325
328
332
338 340
340 342
342
346 347
347 349
349 350 351
350 351 352
351 352
352
358 360
360 361
361 363
363 364
364 366
366 367
367 369
369
372 374
374
377 379
379
384 386
386
390 392
392 393
393
396
400 401
401 403
403 404 405
404 405
405
409 410 411
410 411
411
416 418
418 419
419 421
421 423
423
429 430
430 432
432 434
434
437 438
438 440
440 442
442 444
444
452 453
453 455
455 457
457
460 462
462
467
470
473 474 475
474 475 476
475 476
476 478
478 479
479
482 484
484 486
486 487
487 489
489 490 491
490 491
491 493
493
496 497 498
497 498
498 500
500 501
501
504 506
506 508
508 510
510 511
511 513
513 515
515
518 520
520 521
521 523
523 525
525 526
526
530 531
531
535 536
536 538
538
541 542
542 544
544 546
546
551
554 555
555
559
563
568 570
570 571
571 573
573
576 577 578
577 578 579
578 579 580
579 581 972
580 581
581
586 587
587
590 592
592 593 594
593 594
594
599
606 608
608 609
609
615 617
617 618
618 620
620
628
631 633
633 634 635
634 635
635 637
637
640 641
641
645 646
646 648
648 649 650
649 650
650
653
656 657 683
657
660 661 662
661 662
662 664
664
667 668
668
671 672
672
675 676 677
676 677 678
677 678
678
681 682 683
682 683
683
686
689 690
690 692
692
698 699 700
699 700 701
700 701
701 703
703
713
720 721 722
721 722 723
722 723
723
726
735 736
736 738
738 740
740 741 742
741 742 743
742 743 744
743 744 951
744 745
745
750 751
751 753
753 755
755 756
756 758
758 760
760 761
761
764
767
775 777
777 779
779 780
780
786 787 788
787 788 789
788 789
789 791
791 792
792
795 797
797 798
798
806
822 824
824
828 830
830 831
831
841 842
842
848
855
858 860
860 861 862
861 862 863
862 863
863 865
865 866 867
866 867 868
867 868 869
868 869
869
872 873 874
873 874
874
878 880
880 882
882
888
891 893
893 894
894 896
896 897
897 899
899 900
900
903
915 916
916 918
918
924
931
934 935
935
939 941
941 942 943
942 943
943 945
945
948
951 952
952 954
954 955
955
959
966
969
972
980
983 985
985
988
992
995 996
996
999
