#naive2.0.py
# GMT Fri Feb 14 13:34:33 2020
# 
0 1 998
1 3
3 4
4 868
8 9
9 11
11 12 13
12 13
13 15
15 17
17 18
18
21 23
23 25
25
30 32
32 33
33 35
35 36
36
40 42
42 43
43 45
45 47
47
50 51
51
55 56 57
56 57 58
57 58
58
61 63
63 65
65 66
66
69 70 71
70 71
71 73
73 75
75
79
86 87
87
90
100
103 105
105
109 111
111 113
113
119 121
121
124 126
126
130 131
131 133
133
136 138
138
141
144 145
145
148
161 162 163
162 163
163
171 172
172 174
174 175 176
175 176
176 178
178 179 180
179 180
180 182
182 184
184 185 186
185 186 187
186 187
187
190
193 194 195
194 195
195 197
197 198
198 200
200 202
202 203
203 205
205 206
206 208
208 209 210
209 210 211
210 211 212
211 212
212
215
218
224 225
225
229
236
239 240
240
244 246
246
251 252
252
257
261 263
263
272 273 274
273 274
274
279 280
280
283 285
285 286 287
286 287
287 289
289 290 291
290 291 292
291 292
292
296 297 298
297 298 299
298 299 300
299 300 301
300 301 302
301 302
302 304
304 306
306 308
308 309
309
312 313
313
316
321 323
323 324 325
324 325 326
325 326
326
329 331
331 333
333
340 341 342
341 342
342 344
344
348
352 354
354 355
355
358 359
359
363
373 374
374 376
376
379
382
386 387
387 389
389 390
390
393 395
395 396 397
396 397
397 399
399
406 407
407
410 411 412
411 412 413
412 413 414
413 414 415
414 415 416
415 416
416 418
418 419 420
419 420 421
420 421
421 423
423
426 427
427
430 431
431
436 437
437 438 439
438 439
439 441
441 443
443 444
444 446
446
450 452
452
455 457
457 458
458 460
460
464 466
466 467
467
471
474 475
475 477
477
482 484
484 486
486 487 488
487 488
488
494
501
504
507 509
509 510
510 512
512
516 518
518 520
520 522
522 524
524 526
526 527 528
527 528
528
531 532 533
532 533
533
540
545 547
547
553 554 555
554 555
555 557
557 559
559 560 561
560 561
561 563
563 564 565
564 565
565 567
567 568 569
568 569 570
569 570
570 572
572 574
574 576
576
579 972
580
585
588
591
600 602
602 604
604 605 606
605 606 607
606 607 608
607 608 609
608 609 610
609 610
610 612
612 613 614
613 614
614
621
624 626
626 627 628
627 628
628
631 632
632
635 636 637
636 637
637 638 639
638 639 640
639 640
640
645 647
647
650
654 656
656 658
658
662 664
664 665
665
672 673 674
673 674
674 676
676 677 678
677 678 679
678 679 680
679 680 681
680 681
681
684 685
685 687
687 689
689 690 691
690 691
691
694 696
696
699
702 703 704
703 704 705
704 705
705 707
707
712 714
714 715
715
725 726 727
726 727
727
731 732 733
732 733
733 735
735 736
736
740
744 745 746
745 746
746
750 752
752 753
753 755
755 756
756
759 761
761
766 767
767
774 775 776
775 776
776
783 785
785
788
791
794
798 799 800
799 800
800 802
802
806 807
807
812 814
814 815 816
815 816 817
816 817 818
817 818 819
818 819
819 821
821 822
822
825 826
826
830 831
831
834 836
836 837 838
837 838 839
838 839 840
839 840
840 842
842 844
844 845
845 847
847 848
848
852
856
860
863 865
865 867
867 868 869 937
868 869
869
873 874
874 876
876
881
887
892 894
894 896
896 897
897
901 903
903 905
905 906
906
909 910 911
910 911
911
914 916
916 917 918
917 918 919
918 919
919
923 924
924 926
926
931
934
937
943 945
945 946
946
949
953 955
955 957
957
962 963 964
963 964 965
964 965
965
972
977
986 988
988 989
989 991
991
995
998
