#naive2.0.py
# GMT Fri Feb 14 13:34:33 2020
# 
0 1 999 998
1 999
4
6 7 8
7 8
8
11 12
12
18
22 23
23 25
25 26
26
29 31
31 33
33
36
41 42
42 44
44
47
51
54 56
56 58
58
62 63
63
68 69 70
69 70 71
70 71
71 73
73 75
75 76
76
79 80
80 82
82 83 84 636
83 84
84 86
86 87
87
91
94 95
95
98 100
100 101 102
101 102
102 104
104 105 106
105 106
106 108
108 110
110
113 114
114 116
116 117
117 119
119
124
129 131
131 133
133 135
135
140 142
142
146 148
148 150
150 152
152
155
158 159
159 161
161
167
171 172
172
175 177
177
181 182 183
182 183
183
187 189
189 190 191
190 191 192
191 192 193
192 193 194
193 194
194 196
196 198
198
201 202
202
205 207
207 208
208 210
210
215 216
216 218
218 219 220
219 220 221
220 221 222
221 735
222 224
224 226
226 228
228
231 233
233
241 242 243
242 243 244
243 244 245
244 245 246
245 246
246
251 252
252
255 256
256
259
265 267
267 269
269
275 276
276
283 284 285
284 285
285
288
295 296
296 298
298
301
309 311
311
315 316 317
316 317
317
320 321 322
321 322
322 324
324 326
326 327
327 329
329 331
331 332 333
332 333
333
338 340
340
345 346 347
346 347
347
350 352
352 354
354 355 356
355 356
356 358
358 359 360
359 360
360
363 365
365 366 367
366 367
367
370
374
380 381
381 383
383 384 385
384 385 386
385 386
386
392 393
393 395
395 396 397
396 397
397
413 415
415 416
416 418
418 420
420
427 428
428 430
430
433 435
435 437
437 439
439
442 444
444
448
453 454 455
454 455 456
455 456
456 458
458
464 465
465 467
467
470 471
471
474 475
475 477
477
481 483
483 484 485
484 485 486
485 486
486 488
488 490
490 491 492
491 492 493
492 493 494
493 494
494
497
500 501 502
501 502 503
502 503
503
506 507
507 509
509 511
511 512
512
515 516 517
516 517
517
520 521 522
521
522 524
524 526
526 527 528
527 528
528
535 536
536 538
538 539 540
539 540 541
540 541 542
541 542
542 544
544 545
545
548
551 553
553
557 558
558 560
560
563
566
570 571
571
575
578 579 580
579 581 972
580 581 582
581 582
582 584
584
590
594 595 596
595 596 597
596 597 598
597 598
598
601
604 605
605 607
607 608 609
608 609
609
612 614
614
618 619
619
623 624 625
624 625 626
625 626
626
629 630
630 632
632
636
639 640 641
640 641 642
641 642 643
642 643
643
647
653 654
654
659 661
661 662 663
662 663 664
663 664 665
664 665 666
665 666 667
666 667
667 669
669
673 674
674 676
676
679 680
680 682
682 684
684 685 686
685 686
686
689 690 691
690 691
691
694 695
695
698
702
705 706 707
706 707 708
707 708
708
712 713 714
713 714
714 716
716 717 718
717 718 719
718 719
719 721
721 722
722 724
724
728
733 735
735
740
743 744
744 746
746 748
748 749 750
749 750
750 752
752 754
754 756
756 758
758 759
759 761
761 763
763 764
764
767 768
768
774 775
775 777
777
780 781
781
784 785 786
785 786
786 788
788
791 792
792
797 798
798 800
800
803
812 813 814
813 814 815
814 815 816
815 816 817
816 817
817
820 822
822
829
834
838
841 843
843
846 847
847 849
849 851
851 853
853 855
855 856
856 858
858 859
859
863 864
864 866
866
871 872 873
872 873
873 875
875 877
877 878
878 880
880
890
893 894
894
900
903 905
905 906 907
906 907
907
911 912 913
912 913 914
913 914 915
914 915 916
915 916 917
916 917 918
917 918 919
918 919
919 921
921 923
923
927 929
929
934
938
944 945 946
945 946
946
949 950
950 952
952
958 959 960
959 960
960
964
970 971 972
971 972
972
975 977
977 978
978
981 982 983
982 983 984
983 984 985
984 985 986
985 986 987
986 987 988
987 988 989
988 989 990
989 990 991
990 991
991
997 998 999
998 999
999
