#naive2.0.py
# GMT Fri Feb 14 13:34:29 2020
# 
0 999 998
4
6
13 15
15 16
16 18
18 19
19 21
21 22
22
26
32 33
33 35
35
40 41
41
44 45
45
52
56 58
58
63 64 65
64 65
65 67
67 69
69
72 73 74
73 74
74 76
76 78
78 79
79
82 83 636
83
86 87
87 89
89
96
99
103 105
105
109 110
110 112
112 113
113
117 118
118 120
120 122
122
126 127
127 129
129 131
131
137 138 139
138 139
139
143 145
145 146
146
150
154
157 158
158 160
160 162
162 164
164 165 166
165 166 167
166 167
167
170
173 174
174 176
176 177
177 179
179
189 191
191
194 196
196
199 201
201 202
202
205 207
207
212 213
213
218 219 220
219 220 221
220 221 222
221
222
225
231
234 236
236 237
237 239
239 240 241
240 241 242
241 242 243
242 243 244
243 244
244
247
250
254 256
256 257
257 259
259 260 261
260 261 262
261 262 263
262 263 264
263 264 265
264 265
265 267
267
273 275
275 276 277
276 277
277
280 281
281 283
283 285
285 286 287
286 287 288
287 288
288
297
300 302
302
309 310
310
317 318
318 320
320 322
322 323
323 325
325 327
327 329
329 330 331
330 331
331 333
333 334 335
334 335 336
335 336 337
336 337
337
342 343 344
343 344
344
347 348 349
348 349 350
349 350 351
350 351
351 353
353 355
355 357
357 359
359
365
368 369 370
369 370 371
370 371
371
374 376
376 378
378 379 380
379 380
380 382
382
385 387
387 388 389
388 389
389 391
391 393
393 395
395 396
396 398
398 399
399
402 403
403 405
405
408 409
409 411
411 413
413 415
415 416 417
416 417 418
417 418
418 420
420 421
421
429
442 443
443
446
451 452 453
452 453
453
459
462
465 467
467 468
468 470
470 472
472 473
473 475
475 476
476
480 481 482
481 482 483
482 483 484
483 484
484
489
494 495 496
495 496
496
502
505 506 507
506 507
507
510 511
511 513
513
516 517
517
522 523 524
523 524 525
524 525 526
525 526 527
526 527
527 529
529
532 533
533 535
535
540 541
541
548 549
549 551
551 552 553
552 553 554
553 554 555
554 555
555 557
557
560 561
561 563
563 564 565
564 565 566
565 566
566 568
568 569 570
569 570
570
576
581 582 583
582 583
583
586 588
588
591 592
592 594
594
597
601
604
608 609
609
615 616 617
616 617 618
617 618
618
627 628 629
628 629 630
629 630 631
630 631 632
631 632
632 634
634 635 636
635 636 637
636 637
637 638
638 640
640 642
642 644
644 645 646
645 646 647
646 647 648
647 648
648 650
650 651
651
654 655
655
658 660
660
668 670
670 671
671 673
673 675
675
678 680
680
685
688 690
690
693 694 695
694 695 696
695 696
696 698
698
701 702
702 704
704
707 708
708
711
718 719 720
719 720 721
720 721 722
721 722
722 724
724 726
726 728
728 730
730 731 732
731 732 733
732 733 734
733 734
734 736
736
739 740
740
743 951
745 746
746 748
748 749 750
749 750
750
753 754
754
758 759
759 761
761 762
762
765 766 767
766 767 768
767 768 769
768 769 770
769 770
770
775
782 783
783 785
785 786
786
789 790 791
790 791 792
791 792 793
792 793 794
793 794
794
804 806
806
809 810
810 812
812
821 823
823
827 828 829
828 829
829
834 835 836
835 836
836 838
838
842 843
843
846
849
852 853
853
856 857 858
857 858 859
858 859
859 861
861 862 863
862 863
863 865
865 866
866
869
872
875 877
877 878
878 880
880 882
882 884
884
889
893 894
894 896
896 898
898 900
900 901
901
904 905
905
908 909 910
909 910
910 912
912 913
913 915
915 916
916
919 920 921
920 921
921
926
930
935 937
937
940
944 945 946
945 946 947
946 947 948
947 948
948
951 953
953
956 957
957 959
959 960
960
963 964
964 966
966 967
967 969
969 970
970 972
972 974
974 975
975
978
982 983
983
987 989
989 990 991
990 991 992
991 992
992
995 997
997 998 999
998 999
999
