#naive2.0.py
# GMT Fri Feb 14 13:34:28 2020
# 
0 1
1 3
3
7 9
9 10
10 12
12
15 17
17
21 22 23
22 23 24
23 24
24 26
26 27
27 29
29
32 34
34 36
36 37
37 39
39 41
41 43
43 45
45 46
46 48
48
51 52
52 54
54 55 56
55 56
56 58
58 60
60 62
62 63 64
63 64
64 66
66
69 70
70 72
72
75 76
76 78
78 79 80
79 80
80
85
90 91 92
91 92
92
97 99
99 101
101 103
103 104
104 106
106 108
108 109
109 111
111
114 115 116
115 116
116 118
118 119 120
119 120 121
120 121 122
121 122
122 124
124 125 126
125 126
126
136
139 140
140
143 144 145
144 145
145
148 149
149 151
151
158 159
159
162 163 164
163 164
164
168 169 170
169 170
170
173 175
175 177
177 179
179
182 183
183 185 811
185 186 187
186 187 188
187 188 189
188 189
189 191
191
194 195 196
195 196 197
196 197
197
201 202 203
202 203 204
203 204
204 206
206
210 212
212
217 218 219
218 219
219
222
232 233 234
233 234
234
237 238 239
238 239 240
239 240 241
240 241
241
244 245
245
248 249
249
252 253
253
258 260
260 261
261
265
271 273
273 274 275
274 275 276
275 276
276 278
278
281 282
282
285
288 289 290
289 290
290
293 294
294
298 299
299
302 303
303
312
317 318
318 320
320
324
327 329
329 330 331
330 331
331 333
333
341
344 345
345
349
353 354
354 356
356 358
358
361 362
362
369 371
371 372
372
376 378
378
382
385 386 387
386 387 388
387 388
388
391
396
403
406
409 410 411
410 411
411
415 417
417 419
419
422
426 428
428 430
430 431
431
434 435
435
439 440
440
444 445
445 447
447 449
449
455 456
456 458
458 460
460
466
470 471 472
471 472
472 474
474 475 476
475 476
476 478
478
484 486
486 487 488
487 488 489
488 489
489 491
491 492
492 494
494 496
496 497
497 499
499 500 501
500 501
501 503
503 505
505 506 507
506 507 508
507 508
508 510
510
513 514
514
519
524 525
525
530
535 536
536
541
545
551
555 557
557 559
559
566
569 571
571 572 573
572 573
573 575
575 576
576
580 582
582 584
584 585 586
585 586
586
589
592 594
594 596
596 597
597 599
599 600
600 602
602 603 604
603 604
604
607 609
609 611
611
614 615 616
615 616
616 618
618 619
619
622 623
623 625
625 626
626 628
628
631 632 633
632 633
633 635
635 636 637
636 637
637 638 639
638 639 640
639 640
640
643 645
645 646 647
646 647
647
650 652
652
657 659
659 660 661
660 661 662
661 662 663
662 663
663 665
665
670 671
671 673
673 674 675
674 675 676
675 676
676
682 683
683
685 687
687 688
688
694 695 696
695 696 697
696 697 698
697 698
698 700
700 702
702 703
703 705
705 706 707
706 707 708
707 708
708
711 712
712 714
714 715
715
719 720
720
726 728
728 730
730
733 735
735 737
737
740 742
742 743
743
745 746
746 748
748
751
756
759 760 761
760 761 762
761 762
762
765 766 767
766 767 768
767 768
768 770
770 771
771 773
773
778
781 783
783
787 788
788
791 793
793 795
795
801
806
809 811
811
814 816
816 818
818
821 822
822
826
832 833 834
833 834
834
837
840 842
842 843
843
847 849
849
853
857 859
859 860
860
865
869
874
886 888
888
893 894 895
894 895 896
895 896
896 898
898 899
899
903 904
904 906
906 907
907 909
909 910
910
916 918
918
922 923 924
923 924 925
924 925 926
925 926 927
926 927
927 929
929 930 931
930 931
931 933
933
936 937
937
939 941
941 942
942
946 947 948
947 948
948 950
950 952
952 954
954 955
955
960 961 962
961 962
962
967
970 971 972
971 972
972
978 979
979
982
986 987
987 989
989 990
990
995 996 997
996 997
997
