#naive2.0.py
# GMT Fri Feb 14 13:34:31 2020
# 
0 1 2 998
1 2 3
2 3
3
10
13
17 18 19
18 19
19 21
21 22 23
22 23 24
23 24
24
32
38 39
39
43 44 45
44 45
45
51
55 57
57
60
64
69 70 71
70 71
71 73
73 74 75
74 75
75
79 81
81 82
82
86
90 91
91 93
93 94 95
94 95
95
99 100 101
100 101 102
101 102
102 104
104
107 529
114 115
115
121 122
122 124
124 125 126
125 126
126
129 131
131 133
133
137 138 139
138 139
139
142
145
148 149
149
152 153
153 155
155 156 157
156 157
157
160 161 162
161 162
162
165 167
167 169
169 170
170 172
172
176 177 178
177 178
178 180
180 181 182
181 182 183
182 183 184
183
184
187 189
189 191
191 192
192 194
194 195 196
195 196 197
196 197
197 199
199 200
200
204 205
205 207
207
212
216 217
217 219
219 221
221 223 735
222 223
223 225 429
225 227
227
231 232 233
232 233
233
237 239
239 241
241 242
242 244
244 245 246
245 246
246 248
248 250
250 251 252
251 252
252 254
254 256
256 257
257 259
259 260 261
260 261 262
261 262
262 264
264
270 271
271
274
277 278 279
278 279 280
279 280 281
280 281
281
287 288
288
292 293
293
298 299 300
299 300 301
300 301
301
305 307
307 309
309 311
311 313
313 314
314 316
316
319 321
321
324 326
326
329
334 335 336
335 336 337
336 337
337 339
339 340 341
340 341 342
341 342
342 344
344 346
346 348
348 350
350 351
351
354
357
361
365 366 367
366 367
367 369
369 370
370
374 375 376
375 376
376 378
378
383
389 390 391
390 391 392
391 392 393
392 393 394
393 394
394 396
396 397
397 399
399 400
400
406 408
408
411 412
412 414
414 415
415 417
417 419
419 421
421 422 423
422 423 424
423 424
424
427 429
429
432
436 437
437 438 439
438 439 440
439 440 441
440 441 442
441 442 443
442 443 444
443 444 445
444 445 446
445 446 447
446 447 448
447 448 449
448 449 450
449 450
450 452
452
456 457 458
457 458
458
461 462
462
466 467 468
467 468 469
468 469
469
474
477 478
478 480
480
483
489
493
497 499
499 500 501
500 501
501
506 508
508 510
510
513 514
514 516
516 518
518 519 520
519 520 521
520 521
521 523 552
523 524 525
524 525
525
528 529
529
534 536
536
539 540
540
543 544
544 546
546 547
547
550 551 552
551 552
552
556 558
558 560
560 561
561
568 569
569
574 576
576 577 578
577 578
578 580
580
586 588
588 590
590
595
598
601 603
603 604 605
604 605
605
608
613 615
615 616
616 618
618 619 620
619 620 621
620 621 622
621 622
622 624
624
628
631
635 637
637 639
639 640
640 642
642 644
644 645 646
645 646 647
646 647
647
653 655
655
660 662
662 663 664
663 664 665
664 665
665
668 669
669
673
676
679
683
686 688
688 690
690
693
696
701
707 708
708
712
715
720 721 722
721 722
722 724
724
728 729
729
732 733
733 735
735
738 739
739
748
752
755 757
757 758
758 760
760 761
761 763
763 764
764 766
766
774 775
775
778 780
780
783
786
790
795 796 797
796 797 798
797 798 799
798 799 800
799 800
800 802
802 803
803 805
805
814 815
815
818
822 823 824
823 824
824
828 829 830
829 830 831
830 831 832
831 832
832
835 836
836 837
837
842
847 849
849
852 853 854
853 854 855
854 855 856
855 856 857
856 857 858
857 858
858 860
860
864 865
865 867
867
873 874 875
874 875
875
883 885
885 886 887
886 887 888
887 888
888
891
894 895 896
895 896 897
896 897 898
897 898
898 900
900 901 902
901 902 903
902 903 904
903 904
904
907 908
908 910
910 911
911
916
922 923 924
923 924 925
924 925
925 927
927
930 931
931
935 936
936 938
938 939
939 941
941 943
943
947
952 953
953 955
955 957
957 958 959
958 959 960
959 960
960 962
962
966 968
968 969
969 971
971 973
973 974 975
974 975
975
979 980 981
980 981
981
985
988 989
989 991
991
995
998
