#naive2.0.py
# GMT Fri Feb 14 13:34:33 2020
# 
0 998
5 6
6
11 12 13
12 13 14
13 14 15
14 15 16
15 16 17
16 17
17 19
19 20
20 22
22 24
24 26
26 28
28 29 30
29 30
30 32
32 33
33 35
35 36
36
40 42
42 44
44 45
45 47
47 48 49
48 49 50
49 50
50 52
52 53
53
56 58
58
63 64 65
64 65
65
68 69
69 71
71 72 73
72 73 74
73 74 75
74 75 76
75 76 77
76 77
77 79
79 80
80
84
88 89 90
89 90
90
96 97
97
101
105
109
114
118 119
119 121
121 123
123 887
128
132 133
133 135
135 136
136
139
145 146
146
149 150 151
150 151
151
154 155 156
155 156 157
156 157
157 159
159 160
160
163 165
165
171
174 175 176
175 176
176
179 181
181 182
182
189 190 191
190 191
191
194 195 196
195 196 197
196 197
197
201
204 205 206
205 206
206
211 213
213
218 219
219 221
221 223
223 225
224 225 226
225 226
226 228
228 230
230
233 234
234
243
246 247 248
247 248
248 250
250 252
252 253 254
253 254 255
254 255
255 257
257 259
259 261
261 262
262
265 266 267
266 267 268
267 268 269
268 269
269
274 276
276 277 278
277 278
278 280
280
284 286
286 287 288
287 288
288
291 293
293 295
295 297
297 298
298 300
300 301
301
306 307 308
307 308
308 310
310 311 312
311 312 313
312 313
313
316
319 320 321
320 321
321 323
323
329 330
330 332
332 333
333
337
340 342
342 343
343
347 349
349 351
351 352 353
352 353 354
353 354
354 356
356 357 358
357 358 359
358 359 360
359 360
360
364 366
366
384 385
385 387
387 388 389
388 389 390
389 390
390
394
402
405 406 407
406 407 408
407 408 409
408 409 410
409 410
410
413 414 415
414 415 416
415 416
416
420 421 422
421 422
422
425 427
427
430 432
432 433
433 435
435 436
436
440 442
442 443 444
443 444 445
444 445 446
445 446 447
446 447 448
447 448
448
458
461 463
463
467 469
469
473
477 478
478
481 482 483
482 483
483
486
489 491
491 493
493 494
494
497 498
498 500
500 501
501
504
508
517 519
519 521
521 523
523
530 532
532
537 538
538
544 545 546
545 546 547
546 547 548
547 548
548
551 553
553
556 558
558 559
559
563 565
565 566
566
572 573
573
576 578
578 580
580 582
582
585 586
586
589 591
591 592
592 594
594 595 596
595 596
596
599 601
601 602
602
605
608
611 613
613 614 615
614 615
615
618 619
619
626
629 630 631
630 631
631
637 638
638 640
640
643
646 648
648 649 650
649 650 651
650 651 652
651 652 653
652 653 654
653 654 655
654 655 656
655 656
656 658 683
658
662
666 668
668
672 673
673 675
675 676
676 678
678 680
680
683 684
684
687 689
689 690
690
693 695
695 696
696 698
698
701 702
702 704
704 705 706
705 706
706
712 714
714 716
716 717
717
721
724
727 729
729 730
730 732
732
738 739
739
747 748
748 750
750 751
751
755
762 764
764 765
765
769 771
771 772
772 774
774 776
776 778
778 780
780
784 785 786
785 786
786 788
788
791 793
793 795
795 797
797 798
798
801
804
813 814 815
814 815
815
818
822 823
823 825
825
830
833
837
840 841
841
846 848
848 849
849 851
851 853
853 854
854
860
863
868 869
869
872 873
873 875
875 876 877
876 877 878
877 878 879
878 879 880
879 880 881
880 881
881 883
883 884 885
884 885
885 887
887
889 890 891
890 891 892
891 892
892
897 899
899 901
901 902
902
905 907
907 908
908
911
923 924 925
924 925 926
925 926 927
926 927 928
927 928
928
933 935
935
938
941 942 943
942 943
943 945
945
950
953 954 955
954 955 956
955 956
956
963 964
964
969 971
971 972 973
972 973 974
973 974
974
977 978 979
978 979
979 981
981 982
982 984
984 985 986
985 986 987
986 987 988
987 988 989
988 989
989
993 995
995 996 997
996 997 998
997 998
998
