#naive2.0.py
# GMT Fri Feb 14 13:34:31 2020
# 
0 1
1 3
3
17 19
19 20
20 22
22 23
23
27 29
29 30
30
33
37 39
39 41
41 42 43
42 43
43
49 51
51 52 53
52 53
53 55
55 57
57 58 59
58 59
59 61
61 62
62
65 67
67 69
69
76 78
78
81 82
82
85 86
86
89
96 98
98 100
100
104 105 106
105 106 107
106 107
107 109
109
112 113
113 115
115 116
116 118
118 119
119
122 123
123 125 707
125 126 127
126 127
127 129
129 131
131 133
133 134
134
137
140
143
146 147 148
147 148
148
159
164 165 166
165 166 167
166 167
167 169
169
173 174
174
177
180
184 185 186
185 186 187
186 187 188
187 188
188 190
190 192
192
197 198
198
202
205
210 211 212
211 212
212
215 217
217 218
218
224 225
225 227
227
230
233 234 235
234 235 236
235
236
241 243
243
248
255 257
257 258
258
264 265 266
265 266
266 268
268
273 274 275
274 275
275
278 279
279
287
290 292
292
296 297
297 299
299 301
301 302
302
305 306 307
306 307 308
307 308
308
311 312
312
315
318
321 323
323
328 329 330
329 330
330 332
332 334
334
337 338
338 340
340 341
341
346
351 353
353
357 359
359
366 368
368 369 370 436
369 370
370
376 377
377
382 383 384
383 384 385
384 385 386
385 386 387
386 387
387
392 393 394
393 394
394
401 402
402 404
404 405 406
405 406 407
406 407
407 409
409
412 414
414 415
415 417
417 418 419
418 419
419 421
421
424 426
426 427
427
431 432 433
432 433
433 435
435 436
436
438 439
439
442
446 447
447 449
449 450 451
450 451 452
451 452
452
460 461
461
464
467 469
469 470 471
470 471
471
474 476
476 478
478 479 480
479 480
480
484 485
485
494 496
496 498
498
501 503
503 504
504
508 509
509 511
511
516 518
518 520
520 522
522 524
524
527 528
528
531 532
532
538 539
539 541
541
547 548
548
551
558
566 567 568
567 568 569
568 569
569
575
578 579
579
583 584
584
589
593 595
595 597
597
600 601
601 603
603 605
605 606 607
606 607 608
607 608
608
612
616
620 622
622 623
623 625
625 627
627 629
629 630
630
635
638 639 640
639 640
640
643 644
644 646
646 647
647 649
649 650
650 652
652 654
654 655 656
655 656
656 683
663 664
664 666
666 668
668
672 674
674
680 681
681 683
683 684
684
688
691 693
693
696
702
706 707
707
709 711
711 712
712
717 718 719
718 719
719 721
721
726
729 730
730 732
732 734
734
738 739 740
739 740 741
740 741
741 743
743 744 951
744 746
746 748
748
752
756 758
758 759 760
759 760 761
760 761 762
761 762 763
762 763
763 765
765
769 770
770
775 777
777 778 779
778 779 780
779 780 781
780 781
781 783
783 784 785
784 785 786
785 786
786
791
796
799 801
801 803
803 805
805
810
814
817
820 821
821 823
823 824
824
827 829
829
832 833
833 835
835 918
837 838
838 840
840 841 842
841 842 843
842 843 844
843 844 845
844 845 846
845 846
846
849 850
850
853 854
854 856
856 857
857
862
865 866
866 868
868 869 870
869 870 871
870 871
871
874
877 879
879
886 888
888 889 890
889 890
890 892
892
898 899
899
902 903
903 905
905
908 909 910
909 910 911
910 911 912
911 912
912
917 918
918
923
926
930
933 935
935
940 942
942
945
949 951
951
954 956
956
959
963 964
964
968
974 976
976 977 978
977 978 979
978 979 980
979 980
980 982
982 983 984
983 984 985
984 985 986
985 986 987
986 987 988
987 988
988
991
995 996
996
