#naive2.0.py
# GMT Fri Feb 14 13:34:32 2020
# 
0 1 2
1 2
2
5
8 9 10
9 10 11
10 11 12
11 12
12 14
14
18 19 20
19 20 21
20 21
21 23
23
27 29
29 30
30
34 36
36 38
38 39 40
39 40
40 42
42
45
48 49
49 51
51 53
53
56 58
58 60
60 61 62
61 62 63
62 63
63
66
76
80 81
81 83
83 85
85
89 90
90 92
92 94
94 95
95 585
98 100
100 101
101 103
103 104 105
104 105
105 107
107 529
116 117 118
117 118
118
122 124
124 125
125
128 130
130 132
132
137
140 141
141 143
143 144 145
144 145
145
148 150
150 151
151
154
160 161 162
161 162
162
165
168
171 172 173
172 173
173
176 177
177
181 183
183 185 811
184 185
185
189 190 191
190 191
191
195 197
197 198 199
198 199
199
202 203
203 205
205 206
206 208
208 209 210
209 210
210 212
212 213 214
213 214 215
214 215
215
218
222 223
223
230 231 232
231 232 233
232 233 234
233 234 235
234 235 236
235 582
236 238
238
241 242 243
242 243
243
246 248
248 249
249
253 255
255
258 259
259
262 264
264
267 269
269 270
270 272
272 273 274
273 274
274 276
276 278
278
281 283
283 284 285
284 285
285 287
287 288 289
288 289 290
289 290 291
290 291
291 293
293 294 295
294 295
295
299 300
300 302
302 303
303
306 308
308 309 310
309 310
310 312
312
315
320 322
322
325
328
332 333
333 335
335
340 341
341
344
347 348
348
351 352 353
352 353
353 355
355 357
357
363
366
375 376
376 378
378 380
380 381
381
385 386
386
390 391 392
391 392
392
397 399
399 401
401 403
403 405
405 406
406 408
408 409 410
409 410 411
410 411 412
411 412
412 414
414 415
415 417
417 418 419
418 419
419 421
421 422
422
425 427
427
430 432
432 433 434
433 434 435
434 435
435 437
437
440 442
442 444
444
449
453
456 457 458
457 458 459
458 459 460
459 460
460
463 465
465 466 467
466 467
467 469
469 470
470
473
482 483
483 485
485 486 487
486 487 488
487 488
488 490
490 492
492 493 494
493 494
494
497
502 504
504
508
511
516 518
518 520
520 521 522
521 523 552
522 523
523 525
525 526
526 528
528 529 530
529 530
530 531
531 533
533 534
534 536
536 537
537
544 545 546
545 546
546
549 551
551 552
552
555 556 557
556 557
557 559
559
564
568 569
569 571
571 573
573 574 575
574 575 576
575 576
576
579
580 582
582 583
583 585
585 586
586
589 591
591 593
593 594
594
598
601 602
602
605 606
606 608
608
613
616
619
624 626
626 628
628
631 632 633
632 633 634
633 634 635
634 635 636
635 636
636
640
643 644
644
650 652
652
655
658
661 662
662
665
671 673
673 675
675 676
676
679 681
681 682 683
682 683 684
683 684
684 685
685
692 693
693 695
695 697
697 698 699
698 699
699 701
701 702 703
702 703 704
703 704 705
704 705
705
710 711
711 713
713 714
714 716
716 717
717
721 722
722 724
724 725 726
725 726 727
726 727
727 729
729
732
739
742 744
744 745 746
745 746
746
751
754
757 759
759
762 763
763
766 767
767
770 771
771 773
773
777 778 779
778 779
779
783 784
784
790 791
791
794 796
796 797
797 799
799 800
800 802
802 803
803
806 807 808
807 808
808 810
810 811 812
811 812 813
812 813 814
813 814
814
817 819
819 820
820 822
822 824
824 826
826
829
834 835
835 918
839
844
847 848
848
851 852
852
856 857
857
860 861 862
861 862 863
862 863
863 865
865
868 870
870 871 872
871 872
872 874
874 876
876 878
878 880
880 881 882
881 882 883
882 883
883
887
889 890
890
895 897
897 898 899
898 899
899 901
901 903
903
909
913 915
915
918 919
919
922 923 924
923 924
924
928
942 943
943
947 948 949
948 949 950
949 950 951
950 951 952
951 952
952 954
954 955 956
955 956
956
959 961
961 963
963 964
964
968 970
970 971
971
975
978
981
988 989 990
989 990
990
997
