#naive2.0.py
# GMT Fri Feb 14 13:34:29 2020
# 
0 999 2
2 4
4 5 868
5 7
7
12
15 17
17 19
19 20
20 22
22 24
24 25 26
25 26
26 28
28 29
29 31
31 33
33 35
35
38 40
40 41
41 43
43 44 45
44 45
45 47
47 48
48
52
55 56 57
56 57 58
57 58
58 60
60 61
61 63
63 64 65
64 65 66
65 66
66 68
68 69 70
69 70 71
70 71 72
71 72 73
72 73 74
73 74 75
74 75
75
82 84 636
84 86
86 88
88 89
89 91
91 93
93
98
101
104 105
105 107
107 108
108 110
110
113
121 122
122
127
133 135
135 136
136 138
138
141 142 143
142 143 144
143 144 145
144 145
145
150 151
151 153
153
157 158 159
158 159
159 161
161 162 163
162 163
163 165
165 166 167
166 167
167
171 172 173
172 173 174
173 174 175
174 175
175 177
177
182
187 189
189 190
190
193 194
194
197 199
199 200 201
200 201 202
201 202
202
205
209 210
210
215 216
216
219 220
220 222
222 223
223 225
225
229 231
231 232 233
232 233
233 235
235
238 240
240
245 247
247
251
261 262 263
262 263 264
263 264 265
264 265
265 267
267
273
277
280 281 282
281 282 283
282 283
283 285
285 287
287 289
289 291
291 293
293 294 295
294 295
295 297
297
304 305
305 307
307
310 311
311 313
313 315
315
318 319 320
319 320 321
320 321
321 323
323 324
324 326
326
330 331
331
334 335 336
335 336
336
339
342 344
344 345 346
345 346
346 348
348 349 350
349 350
350 352
352 353
353
358 360
360 361
361 363
363 364 365
364 365
365 367
367 368
368 436
372 374
374 375 376
375 376
376
379 381
381 383
383 385
385 386
386 388
388 390
390 391 392
391 392 393
392 393
393
396 397 398
397 398
398 400
400
403 405
405 407
407 408 409
408 409
409
413 414 415
414 415
415
420 421 422
421 422 423
422 423
423 425
425 426
426 428
428 430
430 432
432
436 437
437 438 439
438 439
439
442 443 444
443 444 445
444 445 446
445 446
446
451
464 465 466
465 466
466
470
473 474 475
474 475 476
475 476 477
476 477 478
477 478
478
481 482 483
482 483
483
488 489 490
489 490
490
495
499
506 507 508
507 508
508 510
510 511
511
515 517
517 518 519
518 519 520
519 520 521
520 521 522
521 523 552
522 523
523 525
525
532
537 539
539
542
546
549 551
551 552 553
552 553
553 555
555
558 560
560 561
561
566 567
567
570 572
572
580
583 584 585
584 585 586
585 586
586 588
588 589
589
594 595 596
595 596
596 598
598 599 600
599 600 601
600 601 602
601 602
602
606
610 611 612
611 612 613
612 613
613
621 622
622
625 626
626
629 630
630
634 635 636
635 636
636
638 640
640 642
642 644
644 645
645 647
647
650 651
651
654
658 660
660 662
662
667
671
674 675
675
678 680
680
685
693 695
695 697
697
701 702
702 704
704 705 706
705 706 707
706 707
707
712 713 714
713 714 715
714 715 716
715 716
716 718
718 719 720
719 720
720
727 728
728
731 733
733 735
735 736 737
736 737 738
737 738
738 740
740
745 746 747
746 747 748
747 748 749
748 749 750
749 750
750 752
752 753 754
753 754
754 756
756 758
758 759
759 761
761 763
763 764 765
764 765
765 767
767 768
768 770
770
774 775
775
778 779
779 781
781 783
783
786 788
788 790
790
794 795 796
795 796 797
796 797
797 799
799
805
809 811
811 812
812 814
814 816
816 818
818
824 825
825
828 829
829
832 833
833
836 837
837
841 843
843 844
844 846
846
849
852 854
854
857 858 859
858 859 860
859 860
860 862
862 864
864 866
866 868
868 870
870 872
872 873
873
877 879
879
884
891 892 893
892 893 894
893 894 895
894 895
895 897
897 898
898 900
900 902
902
906 908
908 909
909 911
911 912
912 914
914 915
915 917
917 918 919
918 919 920
919 920
920
923 924
924 926
926 927 928
927 928 929
928 929
929
932
936 937 938
937 938
938 939 940
939 940
940
946
951 952
952
956 957 958
957 958 959
958 959
959
964 966
966 967 968
967 968
968
974 975
975
979 980 981
980 981
981 983
983 985
985 986
986 988
988
992 994
994
997 999
999
