#naive2.0.py
# GMT Fri Feb 14 13:34:30 2020
# 
1 999
7 9
9
13
24 26
26
30
34 36
36
40 41 42
41 42
42 44
44 45 46
45 46
46
50 52
52
55
58 59 60
59 60 61
60 61
61
64
67
70 71 72
71 72
72
77
88 89 90
89 90 91
90 91
91 93
93 95
95 585
99 100 101
100 101
101
106 107
107
110 112
112 113
113
116 117
117
121 122
122
125
131 132
132
138 140
140
145 146 147
146 147
147
150
156 157
157
161 163
163
166 168
168 169 170
169 170
170 172
172 173 174
173 174
174
178 179
179
183 811
186
192 194
194 196
196 197
197 199
199 200
200 202
202 203
203
208 209
209
212
215 216 217
216 217 218
217 218
218
221 735
224
228 229 230
229 230 231
230 231
231
239
242 244
244 245 246
245 246
246
251 252
252
255 256 257
256 257 258
257 258 259
258 259
259 261
261 262
262 264
264 265 266
265 266
266 621
271 272 273
272 273 274
273 274
274
277 279
279 281
281 282
282
285 287
287 288 289
288 289 290
289 290
290 292
292 294
294 295 296
295 296 297
296 297
297
300 302
302 303 304
303 304
304
308 309 310
309 310 311
310 311
311
315
319 320
320
324 325
325 327
327
332 334
334 336
336 337 338
337 338
338
342 344
344 346
346 347 348
347 348
348 350
350 352
352
355 356
356
360
364
375
379 380 381
380 381
381
387 389
389 391
391 393
393 394 395
394 395 396
395 396 397
396 397
397
402
406 407 408
407 408
408 410
410 412
412
415 416
416
419 420
420
425
429 430
430
436 437
437 438 439
438 439
439 441
441 442
442
446 447 448
447 448
448
453 454 455
454 455 456
455 456
456
459
462 464
464 466
466 467 468
467 468
468
471 472 473
472 473
473
476 478
478 479
479 481
481 482
482 484
484 485
485
488 489
489
492
496 497 498
497 498
498 500
500 501 502
501 502 503
502 503 504
503 504 505
504 505
505 507
507 509
509 511
511 512 513
512 513
513
516
520 522
522
526
530 531 532
531 532 533
532 533 534
533 534 535
534 535
535
540 542
542 544
544
547 548 549
548 549
549 551
551
555 557
557 558 559
558 559 560
559 560 561
560 561 562
561 562
562
565 567
567 568 569
568 569 570
569 570
570
573
576 577
577
580 581 582
581 582
582 584
584 585 586
585 586
586
591 593
593
600 601 602
601 602 603
602 603 604
603 604
604 606
606 608
608 610
610 611 612
611 612
612
615 616
616
619 620 621
620 621
621
624 625 626
625 626 627
626 627
627
632
635 637
637
644 645 646
645 646 647
646 647
647
651
654 656
656
663 665
665 666
666 668
668 669 670
669 670
670
675 677
677 678 679
678 679 680
679 680 681
680 681 682
681 682
682
688 689
689
693 694 695
694 695
695
698 699 700
699 700
700
708
711 713
713 715
715
719 721
721
724 726
726 727
727
732 733 734
733 734 735
734 735
735
738 739
739 741
741
746
751 752 753
752 753
753
758 759
759 761
761
766 767 768
767 768 769
768 769 770
769 770
770
773 775
775 776
776
779 780
780
784
787 788 789
788 789 790
789 790
790
793 794 795
794 795 796
795 796
796
801 802 803
802 803
803 805
805 806 807
806 807 808
807 808
808
811 813
813 815
815 816 817
816 817 818
817 818
818 820
820 822
822 823
823 825
825 826
826 828
828
837 838 839
838 839 840
839 840 841
840 841
841 843
843 845
845 847
847 849
849
854 855
855
858 859
859 861
861
866
869 870
870 872
872
875 876 877
876 877 878
877 878
878
882 883
883 885
885 886 887
886 887
887
890
895 896 897
896 897 898
897 898
898 900
900
903
908 909 910
909 910 911
910 911 912
911 912
912
915
918
922 924
924
927 929
929 930 931
930 931
931 933
933 935
935 936
936 938
938 939
939 941
941 943
943 944
944
951 952 953
952 953 954
953 954
954 956
956
961 962 963
962 963
963
966
975 976
976 978
978
981
984 985
985
989
993
996 997 998
997 998 999
998 999
999
