#naive2.0.py
# GMT Fri Feb 14 13:34:36 2020
# 
1 2
2
6
10
13 15
15 16
16
23 24 25
24 25 26
25 26
26
29
32 33 34
33 34
34 36
36 38
38 39 40
39 40 41
40 41
41
44 45
45
48 49 50
49 50
50
53
56
59
62 63
63 65
65
74 76
76 77
77 79
79 80
80
83 84 85
84 85
85 87
87 89
89 91
91 92 93
92 93 94
93 94
94 96
96 97 98
97 98
98
101 103
103 105
105 106 107
106 107
107 109
109 110
110 112
112 113
113 115
115 116
116
121
124 126
126
129 131
131
134
137
140 142
142 144
144 145
145 147
147 149
149
152
155 157
157
160 161 162
161 162 163
162 163 164
163 164 165
164 165 166
165 166
166 168
168
171
174 175 176
175 176
176
182 184
184
187 188
188 190
190 191
191
194 195
195 197
197 199
199
202
207 209
209
212 214
214 215 216
215 216
216
219
223 429
224
231 232
232
236 238
238 240
240 242
242 244
244 245 246
245 246
246
249 250
250
253
259 260
260
263
267 268 269
268 269
269 271
271
274
278 279
279
282
285 287
287 288 289
288 289
289 291
291
294
302 303
303 305
305 306 307
306 307 308
307 308
308 310
310
314
318 319 320
319 320
320
324
327 328
328 330
330
337
341 343
343
349
352
355 357
357 359
359 361
361 363
363 365
365 367
367 368
368
385 386
386
389 390
390 392
392
396 397
397
400 401
401
404
407 408
408
415 417
417 418
418 420
420
425 427
427 428 429
428 429
429 431
431 433
433
438
441 443
443
446
449
452
456 457 458
457 458
458 460
460 461
461
465
468
471 472
472 474
474 476
476 478
478 479
479 481
481 483
483
488 489
489
492
500 502
502
506 507 508
507 508
508
511
514 516
516 517
517 519
519 520
520 522
522
526 528
528
532 533 534
533 534 535
534 535
535 537
537 539
539 540
540
546 547 548
547 548 549
548 549 550
549 550 551
550 551
551
555 556
556 558
558 559 560
559 560 561
560 561
561 563
563
566 567 568
567 568 569
568 569 570
569 570 571
570 571 572
571 572
572 574
574 575 576
575 576
576 578
578 580
580 581
581 583
583 584 585
584 585
585 587
587
591
595 596
596
600 601 602
601 602 603
602 603
603
609 610
610 612
612 614
614 616
616 617
617 619
619 620
620 622
622 623
623 625
625 626 627
626 627 628
627 628 629
628 629 630
629 630
630
634 636
636 637
637 638 639
638 639 640
639 640 641
640 641
641
644 645
645 647
647 648 649
648 649 650
649 650
650
654 656
656 658 683
658 659
659
662
665 666 667
666 667
667
672 673 674
673 674 675
674 675
675
678
681 683
683 684
684 685 686
685 686
686
691
695
698
701 702 703
702 703 704
703 704
704
707 708
708 709
709
713 715
715 717
717 718
718 720
720
726 728
728 729
729 731
731 732
732
735 736
736
740
743 951
746 747
747
753
757 758
758
761 762 763
762 763 764
763 764 765
764 765 766
765 766
766
769 771
771 773
773
780 781
781
784
788 789
789
792 793
793 795
795 797
797 798
798 800
800 802
802
806
811 813
813
817
822
830 831
831
834
838 839 840
839 840 841
840 841
841
846 847 848
847 848
848
851 853
853 854
854
858
861 863
863 865
865 867
867 868 937
868
872
875 876 877
876 877 878
877 878
878 880
880 881
881 883
883 885
885 887
887 888
888 889 890
889 890 891
890 891
891 893
893 895
895 896 897
896 897 898
897 898 899
898 899 900
899 900
900
904 905
905 907
907 909
909
912
916 917
917 919
919 920
920
923 924
924
928
933 935
935 936 937
936 937 938
937 938
938
946
950 951
951
954 955 956
955 956
956 958
958 959 960
959 960
960 962
962 963
963 965
965 966 967
966 967 968
967 968
968 970
970 971 972
971 972 973
972 973
973 975
975 976 977
976 977
977 979
979
985 986
986 988
988
992 993
993 995
995 996 997
996 997 998
997 998
998
