#naive2.0.py
# GMT Fri Feb 14 13:34:35 2020
# 
1 3
3
6 8
8 9 10
9 10
10
16 18
18 20
20
24 25
25 27
27
30 31
31
34 36
36 37 38
37 38
38
43 44 45
44 45 46
45 46
46 48
48 49 50
49 50
50 52
52 53 54
53 54
54 56
56
60 61
61
68
72
77 78
78
82 84 636
84
88 89
89 91
91 92
92
98 99
99
103 105
105
108
112 114
114 115 116
115 116 117
116 117 118
117 118 119
118 119
119 121
121 122 123
122 123
123 125 707
125 127
127
130
136 138
138 140
140 142
142 143 144
143 144
144
149 151
151 152 153
152 153
153
158
162 163
163 165
165 166
166 168
168 170
170 171
171 173
173 174 175
174 175
175
178 179 180
179 180 181
180 181
181
186 187
187
190
193 194 195
194 195 196
195 196
196 198
198 199 200
199 200 201
200 201 202
201 202 203
202 203 204
203 204 205
204 205
205
210 211
211 213
213 215
215
218 219
219
222 223
223 429
226
233 234 235
234 235
235
238
241
245
250 251 252
251 252 253
252 253 254
253 254
254 256
256 257 258
257 258 259
258 259
259 261
261 262 263
262 263
263
266 268 621
268 269 270
269 270
270 272
272
275
278 279
279
282 283 284
283 284 285
284 285 286
285 286
286 288
288 289
289
298 300
300 302
302 304
304
307 308 309
308 309 310
309 310
310
313 314
314
317 319
319 320 321
320 321
321
326 327 328
327 328 329
328 329 330
329 330 331
330 331
331
334 335
335
339
345 346 347
346 347
347
352 353 354
353 354
354 356
356 358
358 360
360 361 362
361 362 363
362 363
363 365
365 366
366
371 372 373
372 373
373
380 381 382
381 382
382 384
384
388 389
389
392 394
394
397
404
409 410
410
413 415
415 416
416 418
418 420
420 422
422
426 427
427 429
429 430
430
434 435 436
435 436
436
438
441
444 445 446
445 446
446
450 451
451 453
453 454
454 456
456 458
458 460
460 461
461
466 467 468
467 468
468 470
470
476 478
478 480
480 481 482
481 482 483
482 483 484
483 484
484
487 489
489
492
497 499
499
505 506
506 508
508 509 510
509 510
510 512
512 513
513 515
515
518 519 520
519 520 521
520 521 522
521 523 552
522 523
523
526 528
528
531 533
533 534 535
534 535
535 537
537
540 541
541 543
543 545
545 546
546
550 551 552
551 552
552
557
560 562
562 564
564 566
566 567
567
570 571
571 573
573 575
575 576
576
579
580
583
587 588 589
588 589
589
593 594 595
594 595
595
598 600
600 601
601
605 607
607 608
608 610
610
613 614 615
614 615
615 617
617 618
618
621 622
622 623 624
623 624 625
624 625 626
625 626
626 628
628 630
630 631
631
634 635 636
635 636 637
636 637
637 639
639 640
640
643
647 648
648 650
650 651 652
651 652
652
656 658
658 660
660 661
661 663
663
668 670
670 672
672 673
673
677
680 681
681
685 686 687
686 687
687
690 691
691
694 695 696
695 696
696 698
698 700
700 702
702
705 707
707
711 713
713 714
714
717 718 719
718 719 720
719 720
720 722
722 723
723 725
725 726
726
731 732 733
732 733 734
733 734
734 736
736
739 740
740 742
742 743
743 951
745 746 747
746 747
747 749
749 750 751
750 751
751
754 755 756
755 756 757
756 757 758
757 758
758 760
760 762
762
765 766
766
773
776 778
778
788
792 793 794
793 794
794
800 801
801 803
803 804 805
804 805 806
805 806
806
809 811
811
815 816 817
816 817 818
817 818
818
822
826 827 828
827 828
828
832 833 834
833 834 835
834 835 836
835 836 918
836 837
837
840 842
842
845 846 847
846 847 848
847 848
848
852 853
853
856 858
858 859 860
859 860
860 862
862 863
863
866
873
876 877
877
880 882
882 883 884
883 884
884 886
886 888
888 889
889
893
896
899 901
901 902 903
902 903
903 905
905 906
906 908
908 910
910
916 918
918 919
919
923 925
925 926 927
926 927 928
927 928
928
931 932 933
932 933
933
936 937 938
937 938
938
941 942 943
942 943 944
943 944
944
948 949
949 951
951
955
958 960
960
963 965
965
968 969
969 971
971 973
973 974 975
974 975
975
978 979
979 981
981 982
982
985
991 993
993 995
995 996 997
996 997 998
997 998
998
