#naive2.0.py
# GMT Fri Feb 14 13:34:30 2020
# 
0 1 999 998
1 999
4 5 868
5 6 7
6 7
7
10 11 12
11 12 13
12 13 14
13 14 15
14 15
15 17
17
21 22
22 24
24 26
26
31 32 33
32 33
33 35
35
41 42 43
42 43
43 45
45
48
52 53 54
53 54 55
54 55 56
55 56
56 58
58 59
59 61
61 62 63
62 63
63
71 73
73 75
75
80
85
88 89
89
93 94
94 96
96
100 101
101 103
103 105
105
108 109 110
109 110 111
110 111
111 113
113 114 115
114 115
115 117
117
120 121
121
125 126
126
130
133 134
134 136
136
139 140
140 142
142 144
144
149 150 151
150 151
151
159 161
161 163
163
166
169
177
181
186 187
187
193 194
194
198 199
199
205 206
206
209 210
210
213
216 217
217
220
223 225
224 225 226
225 226 227
226 227
227
232 233
233
237
241 242
242
247 248
248
253
256
259
263
266 267
267 269
269 270 271
270 271
271 273
273
276
295 297
297
301 302 303
302 303 304
303 304
304
307
311
316 317
317
321 323
323 324
324
327 328
328
333 334 335
334 335
335
338 339 340
339 340
340
343 344 345
344 345 346
345 346
346 348
348 349
349 351
351 353
353 354
354
357
361 362 363
362 363
363 365
365
369 371
371 372 373
372 373 374
373 374 375
374 375
375 377
377 378 379
378 379
379
383 384
384 386
386 387
387
393 394 395
394 395
395
398
401
405 407
407
410
415
418 419
419 421
421 422
422 424
424 426
426 428
428
431
436 437
437
441
445 446 447
446 447
447 449
449 450
450
454 455 456
455 456 457
456 457 458
457 458
458 460
460 462
462 463 464
463 464 465
464 465 466
465 466
466 468
468 470
470 472
472 474
474 475
475 477
477 478
478
481
486 487
487
492 493
493
496 497
497
501 503
503
507 508 509
508 509
509 511
511 513
513
516 517
517
521 523
523 524
524 526
526
532
535 536 537
536 537
537
545 547
547 548 549
548 549
549 551
551
556 557
557 559
559 560 561
560 561
561 563
563
568 570
570 571
571
574
577 578 579
578 579 580
579 972
580 582
582 583 584
583 584
584 586
586 587
587 589
589 591
591 592
592 594
594 595
595 597
597 599
599 601
601
605 607
607
610 611 612
611 612
612
615 617
617 618
618 620
620
624 625
625
628 629 630
629 630
630
633 634
634 636
636
638 639 640
639 640 641
640 641
641 643
643 644 645
644 645
645
648
651 652 653
652 653
653
656 658 683
658 659
659
662 663 664
663 664 665
664 665 666
665 666
666 668
668 669 670
669 670
670 672
672 673 674
673 674 675
674 675
675 677
677 679
679
683
686
692
696 698
698 700
700 701
701
706 708
708 710
710 712
712 714
714 716
716 717 718
717 718 719
718 719
719 721
721 722 723
722 723 724
723 724
724 726
726 727 728
727 728
728 730
730 731 732
731 732 733
732 733 734
733 734
734 736
736
739 740 741
740 741 742
741 742
742 744
744 746
746 748
748
752 753 754
753 754 755
754 755 756
755 756
756
766 768
768
771 772
772 774
774 775
775 777
777 779
779 780 781
780 781
781 783
783
788
791
794 796
796 798
798
802 804
804 806
806 807 808
807 808
808
811 813
813
818
821 822 823
822 823 824
823 824
824 826
826 828
828 830
830
833 834
834 836
836 837
837
840
843 845
845 846
846 848
848
852 854
854 856
856 857
857
860 861 862
861 862
862 864
864 866
866 867 868
867 868 937
868 870
870 871
871
878 879 880
879 880 881
880 881
881
884
892 894
894
897
900 901
901 903
903 904 905
904 905
905 907
907
911 912 913
912 913 914
913 914 915
914 915
915
919
923 924 925
924 925
925 927
927 928 929
928 929
929
933
936 937 938
937 938
938 939 940
939 940
940 942
942
947 948 949
948 949
949
953 954 955
954 955
955
959 960
960
963 965
965 967
967 969
969 970 971
970 971 972
971 972
972
975 977
977 978 979
978 979
979
982 983 984
983 984 985
984 985 986
985 986
986
989 991
991 993
993 994
994
997 998 999
998 999
999
