#naive2.0.py
# GMT Fri Feb 14 13:34:36 2020
# 
0
3 4
4 868
7 8 9
8 9
9
13 14
14 16
16 17 18
17 18
18 20
20
24 26
26 27
27 29
29 30
30
33 35
35 36
36 38
38 39
39
46
49 51
51 52 53
52 53
53
58 59 60
59 60 61
60 61
61 63
63 64
64 66
66 67
67
72 73
73
77 78
78 80
80
83 84
84
88
94 96
96 97 98
97 98
98
101 102 103
102 103 104
103 104 105
104 105 106
105 106 107
106 107
107 109 529
109 111
111 112 113
112 113
113 115
115 116
116
119 120 121
120 121
121
125 126 127
126 127 128
127 128
128
136 137
137
141
144 146
146
152
156 157
157
160 162
162 163
163
166
169
172
177 178
178 180
180 182
182 183
183 185 811
185 187
187 188
188
193
196
199 200
200
203 205
205
208
211 212 213
212 213 214
213 214
214 216
216 217
217 219
219 221
221 223
223 225
225 226
226
229 230
230
235 237
236 237 238
237 238 239
238 239
239
244 245 246
245 246 247
246 247 248
247 248 249
248 249 250
249 250
250 252
252
257 259
259 260 261
260 261 262
261 262
262
265 266
266 268
268 269
269 271
271 272
272 274
274 276
276
280
286
290
293 294 295
294 295
295
301
305 306 307
306 307
307
312
315
319 321
321
330 331
331
334 335 336
335 336
336
340 341 342
341 342 343
342 343 344
343 344 345
344 345 346
345 346
346 348
348
351 353
353 355
355 356
356
361 362 363
362 363 364
363 364 365
364 365 366
365 366
366
377 378
378 380
380 381
381 383
383
387 388 389
388 389 390
389 390 391
390 391 392
391 392 393
392 393
393 395
395 396 397
396 397 398
397 398
398 400
400
407 408
408
411 412 413
412 413
413
422
425 426 427
426 427
427
432
439 441
441 442 443
442 443 444
443 444 445
444 445 446
445 446
446
450 452
452 454
454
458 460
460
464 465
465 467
467 468 469
468 469
469
473 474
474 476
476
480 482
482 483
483
486 487
487
492
495 497
497 498
498
504 506
506 507 508
507 508 509
508 509
509 511
511 513
513 514 515
514 515 516
515 516
516
519 521
521 552
522
527 529
529
532 533
533
536 537
537
540
544
552 553
553 555
555 556
556 558
558
561 562
562 564
564 565
565
570 571 572
571 572
572
576 578
578 580
580
584 586
586 588
588 590
590
593 595
595 596
596
599
602 603
603 605
605 607
607
610 612
612 613 614
613 614 615
614 615 616
615 616 617
616 617 618
617 618
618
623 624 625
624 625
625 627
627
630
633 634
634
637 639
639 641
641 642
642
645 647
647
652
661 662 663
662 663
663
666
669
674 676
676 677 678
677 678 679
678 679 680
679 680
680
683
685 686
686
689
692 694
694 696
696 697 698
697 698 699
698 699 700
699 700 701
700 701
701 703
703 705
705
712 714
714
717
720 722
722
727 729
729 730
730 732
732
736 738
738
741 742 743
742 743
743
745 747
747
750 751
751 753
753 754
754
758 759 760
759 760
760 762
762 763
763 765
765 767
767 769
769 770
770
773 774 775
774 775 776
775 776
776
781 783
783 785
785
789 791
791 792
792
795 796
796 798
798 799
799
804 805
805
808
811
814 815
815 817
817 818
818
821 823
823
830 831
831 833
833
838
844 845
845
849 850
850 852
852 853
853 855
855 856
856
861 863
863
867 868 869
868 869
869 871
871 873
873 874 875
874 875 876
875 876
876
880 881
881
884 886
886 887
887
889 890
890 892
892
895 897
897 899
899 900 901
900 901 902
901 902
902
906
909 910
910 912
912
921
927 929
929
932 933
933
936
943 944
944 946
946 947
947 949
949
952 954
954 955
955 957
957 959
959
962 964
964 965 966
965 966
966
971 972 973
972 973
973
977 978 979
978 979 980
979 980 981
980 981 982
981 982
982
985 986
986 988
988 989
989
993 995
995 996
996
