#naive2.0.py
# GMT Fri Feb 14 13:34:35 2020
# 
1 3 999
3 5
5 6
6 8
8 9
9
15 17
17
21 22
22
30 32
32
35
38 40
40 41 42
41 42 43
42 43
43
46 48
48 49 50
49 50 51
50 51
51 53
53 54 55
54 55
55 57
57 58 59
58 59
59
62
71 72 73
72 73
73
77
83 84
84
88 89 90
89 90
90 92
92
96 97 98
97 98
98 100
100 102
102 103 104
103 104
104 106
106 108
108
111 113
113
117
124
127
130
133 135
135 136
136
139 140
140
143
149
155 156
156 158
158
161 162
162
166 167 168
167 168 169
168 169
169
176 177
177
180 181 182
181 182
182 184
184
187 188 189
188 189 190
189 190 191
190 191
191 193
193
196 197
197
201 202
202 204
204 206
206
210 211 212
211 212
212
218 219
219
225 227
227 228
228
231
234 235 236
235 237 582
236 237
237
241 242
242 244
244 245
245
248 249
249 251
251
254
260
263
267 268
268
271 273
273 274 275
274 275 276
275 276
276
279 281
281 283
283
286 288
288 290
290 291
291
295
298 299 300
299 300 301
300 301
301
307 308
308
311
315
319 320
320
323 325
325
328
331 333
333 334 335
334 335 336
335 336
336 338
338 340
340
344 345
345
348 349 350
349 350
350 352
352 353 354
353 354 355
354 355 356
355 356
356
360 361 362
361 362 363
362 363 364
363 364
364
367 369
369 371
371 372
372 374
374
379
385 387
387 388
388 390
390 392
392
395 397
397 398
398 400
400 401
401
404 405 406
405 406 407
406 407 408
407 408 409
408 409 410
409 410
410
414
419 420
420
423
427 429
429 431
431 433
433 434
434 436
436
439 441
441 443
443 444
444
447 448 449
448 449
449 451
451 453
453 454
454 456
456 457 458
457 458
458
463
467 468
468
471
476
482 483
483
486 487 488
487 488 489
488 489 490
489 490 491
490 491
491 493
493 495
495
498 499 500
499 500
500 502
502 504
504 506
506 507
507
511
516 517 518
517 518
518
522 523 524
523 524 525
524 525 526
525 526
526
529 530
530 531 532
531 532
532
537 539
539
542 543
543
546 547 548
547 548
548
551
555
561 562
562
566 568
568 569
569
577 578 579
578 579
579 972
582 583 584
583 584
584
588
591 593
593
599 600 601
600 601 602
601 602
602
605 606
606
611
615 617
617 619
619
622
627 629
629
635 637
637 638 639
638 639
639 641
641
644 646
646 647
647
651 652
652 654
654 656
656
659 661
661
664 665
665
669 670
670 672
672
678
682 684
684 686
686 687
687 689
689 690
690 692
692 693
693
697
703 704 705
704 705
705 707
707 708
708 709 710
709 710
710 712
712
722 724
724 725 726
725 726 727
726 727
727 729
729 730 731
730 731
731
734
737 738
738
741 742 743
742 743
743
746 748
748
752 753 754
753 754
754 756
756 758
758 759 760
759 760
760 762
762 764
764 765
765
770 771
771 773
773 774 775
774 775 776
775 776 777
776 777
777
782
785 787
787 788
788
792 793 794
793 794 795
794 795
795
799
802 803 804
803 804
804 806
806 807
807 809
809 810
810
814 816
816 817
817
820
823 825
825 826
826 828
828
832
841 843
843
847 848
848 850
850
855
858 859 860
859 860 861
860 861
861
866 868
868 869 870
869 870
870
877 879
879
882 884
884
889 891
891 893
893 895
895 896
896 898
898 900
900 901 902
901 902 903
902 903
903
908 909
909 911
911
915 916 917
916 917
917
921 923
923 924
924 926
926 927 928
927 928 929
928 929
929 931
931 932 933
932 933 934
933 934 935
934 935 936
935 936 937
936 937
937
939
942 943 944
943 944 945
944 945 946
945 946 947
946 947 948
947 948
948 950
950
953 954 955
954 955
955
958
962
966 967
967 969
969 970
970 972
972
975 977
977
983 984 985
984 985 986
985 986 987
986 987
987
991 992 993
992 993 994
993 994 995
994 995 996
995 996 997
996 997 998
997 998 999
998 999
999
