#naive2.0.py
# GMT Fri Feb 14 13:34:36 2020
# 
0 2 998
2 4
4 5
5
8
13 14 15
14 15
15
18 20
20 21
21 23
23 24 25
24 25 26
25 26
26
30 31
31
34
43
47 49
49
53
56 58
58 60
60 61
61
64 65 66
65 66 67
66 67
67
72 73
73
76
80 82
82
87
90 91 92
91 92
92 94
94 96
96 97 98
97 98 99
98 99 100
99 100 101
100 101
101
104
109 110 111
110 111
111 113
113
118
121 122 123
122 123
123 707 887
126 127
127 129
129
133 135
135 136
136 138
138 139
139 141
141 142 143
142 143 144
143 144 145
144 145 146
145 146 147
146 147
147
150
153 154 155
154 155 156
155 156 157
156 157
157 159
159 161
161
164 165 166
165 166
166 168
168
171 172 173
172 173
173 175
175 177
177 178
178
183
184 186
186 187
187 189
189
195 196 197
196 197
197
201 203
203
211 213
213
216
219 220
220
224 225 226
225 226 227
226 227
227 229
229
232
235 237
236 237 238
237 238 239
238 239 240
239 240
240
245
248 250
250 251 252
251 252 253
252 253 254
253 254 255
254 255 256
255 256
256
259
262
266 267 268
267 268
268 270
270 272
272
280 281
281 283
283 284
284 286
286
289 291
291 292
292 294
294 295
295 297
297 299
299 301
301 302
302 304
304
308 309 310
309 310
310
317
321 322 323
322 323
323 325
325 327
327 329
329
334
340 341 342
341 342
342
346 347 348
347 348 349
348 349
349
353 354 355
354 355
355
359
367 369
369
372 374
374 375
375
378 380
380 381
381
387 388
388
391 393
393 394 395
394 395
395
398
403
407
410 412
412 414
414 415
415
418
424 425
425
428
431 433
433
436
442
445 446
446 448
448 449
449
453 455
455 457
457
460 462
462 463 464
463 464 465
464 465 466
465 466 467
466 467
467
471 472
472 474
474 475 476
475 476
476 478
478 479 480
479 480 481
480 481
481 483
483 484 485
484 485 486
485 486 487
486 487
487
492
497 498
498 500
500 502
502
506
509
513 515
515 517
517 518
518 520
520
524 526
526 527
527 529
529
532
535 536
536 538
538
543 545
545 546
546 548
548
551
554 556
556 557 558
557 558 559
558 559
559 561
561 562
562 564
564 565
565
568
573
578
585 586
586
589
592
598
601 602
602
606
610 611
611
614 615
615
618
623
629 630 631
630 631 632
631 632 633
632 633 634
633 634
634
640 642
642
645 646
646
649
654
657 659
659 660
660
663 664
664 666
666 668
668 669 670
669 670
670
673 675
675 677
677 679
679 680
680 682
682
685 686
686
691 692 693
692 693 694
693 694
694
700
703 704
704 706
706 707 708
707 708
708 709
709 711
711 713
713
716
719 720 721
720 721 722
721 722
722
726
729 730
730
738
741 743
743 951
747
750 751
751
754
757
761 762 763
762 763 764
763 764
764
769 770
770 772
772 773
773 775
775 777
777 778
778
783
787 788
788
795 796
796
799
802
810 812
812 814
814
818 820
820 822
822 823 824
823 824
824 826
826
829 830 831
830 831
831
836 837
837
845 847
847 848 849
848 849 850
849 850
850
854 856
856 857 858
857 858
858 860
860 862
862 863 864
863 864 865
864 865 866
865 866 867
866 867
867
876 877
877 879
879
883
887 888
888 889
889 891
891 892
892 894
894 896
896 897 898
897 898
898
907
913 914 915
914 915 916
915 916
916
923 925
925 926 927
926 927
927
931
934
940 941 942
941 942
942
945 946
946
949 950 951
950 951
951
956 957 958
957 958
958
963 965
965
968 969 970
969 970
970 972
972 973
973 975
975 976 977
976 977 978
977 978 979
978 979
979
982
996 997 998
997 998
998
