#naive2.0.py
# GMT Fri Feb 14 13:34:34 2020
# 
2 3 4
3 4 5
4 5
5
10 12
12
18
21 22
22
25 26
26 28
28 29 30
29 30
30 32
32 34
34 35 36
35 36 37
36 37
37 39
39 41
41 43
43
49 51
51
56
59
65 66
66
69 70 71
70 71 72
71 72 73
72 73
73
76 77
77 79
79 81
81
86
92 93
93
96 98
98
101 102 103
102 103
103 105
105 106 107
106 107
107 109 529
109 110 111
110 111
111
115 116
116
125 127
127 129
129
132
136
140
143 144 145
144 145 146
145 146 147
146 147
147
152 153
153 155
155 157
157
160 161
161
165 166 167
166 167
167 169
169 171
171 173
173 174 175
174 175 176
175 176
176
181 182
182 184
184
190 191 192
191 192
192 194
194 196
196 198
198 200
200 202
202 203 204
203 204 205
204 205 206
205 206
206
213 214 215
214 215 216
215 216 217
216 217 218
217 218
218 220
220 222
222 223
223 429
226 227 228
227 228 229
228 229 230
229 230 231
230 231 232
231 232
232 234
234 236
236 237 238
237 238
238
242 243 244
243 244 245
244 245
245 247
247
253
256 257 258
257 258 259
258 259 260
259 260 261
260 261
261
265 266 267
266 267 268 621
267 268
268
271 272
272 274
274 275
275
279 280
280 282
282 283 284
283 284 285
284 285 286
285 286
286
289 290 291
290 291
291
296
301
304 305 306
305 306
306 308
308
311 312
312
319 320 321
320 321 322
321 322 323
322 323 324
323 324
324
327
331 332
332 334
334 336
336 337 338
337 338 339
338 339
339 341
341 342
342 344
344 345 346
345 346 347
346 347
347
352
357
362
373 374
374
377 378
378 380
380 382
382
386
390 391 392
391 392
392 394
394
398 399 400
399 400
400 402
402 403
403 405
405 406 407
406 407
407
410 411
411 413
413 415
415 417
417 418
418 420
420 421 422
421 422 423
422 423 424
423 424
424
427 428 429
428 429 430
429 430 431
430 431 432
431 432 433
432 433
433
436 437
437 438 439
438 439 440
439 440 441
440 441 442
441 442 443
442 443
443
446 447
447
450 451 452
451 452 453
452 453 454
453 454 455
454 455 456
455 456
456 458
458 460
460
471
474
479 481
481 483
483 485
485 486
486
489
493
497 498 499
498 499
499
504
518
528 529
529
534 535 536
535 536 537
536 537
537 539
539
542
546 548
548
551
556
561 562 563
562 563
563
566 567
567
570 572
572 573 574
573 574 575
574 575 576
575 576 577
576 577
577
584 585 586
585 586 587
586 587
587 589
589 590
590 592
592
595 596 597
596 597
597
600
603 605
605 606 607
606 607 608
607 608 609
608 609
609
612 613 614
613 614 615
614 615
615
618
621
627 629
629 630
630 632
632 633
633 635
635 636 637
636 637
637 638 639
638 639 640
639 640
640
643
646 647 648
647 648
648
652
655 656
656 658 683
658 659 660
659 660 661
660 661 662
661 662
662
665
672 673
673
676 677
677
680
683
685 686 687
686 687 688
687 688 689
688 689
689
694 695 696
695 696
696
699 700
700
703 705
705 707
707 708
708
712 713
713
717
720 722
722 723
723 725
725 726 727
726 727 728
727 728 729
728 729 730
729 730
730
734
737 739
739 741
741
746
749
754 756
756 757
757 759
759 760
760
763 765
765
768 770
770 771 772
771 772
772
776 778
778 779
779
787 788 789
788 789
789 791
791 792
792
801
804 806
806
810 812
812 814
814 815
815
819
825
828 830
830
834 835
835
837 838 839
838 839
839 841
841 842 843
842 843 844
843 844
844
850
855 856 857
856 857
857 859
859 860
860 862
862 864
864 866
866 867
867 937
873
876 877 878
877 878 879
878 879 880
879 880
880
885 886 887
886 887 888
887 888
888
891 892 893
892 893
893 895
895
898 899 900
899 900 901
900 901
901 903
903 905
905
908 909
909 911
911
914
919
922 923 924
923 924
924
927
932 934
934 936
936 937
937
945 946
946 948
948 949
949
952 953
953
958
967 968
968
971
978 980
980 981 982
981 982
982
989
993 994 995
994 995
995 997
997 998
998
