#naive2.0.py
# GMT Fri Feb 14 13:34:32 2020
# 
1 3 999
3
6
9 10
10 12
12 13 14
13 14 15
14 15 16
15 16
16 18
18 19
19 21
21 23
23 25
25 26 27
26 27 28
27 28
28 30
30 31 32
31 32 33
32 33 34
33 34
34 36
36
41 42 43
42 43
43 45
45
48 50
50 51
51
54 56
56 57
57
60
64 65
65
68 70
70 71 72
71 72
72
76 78
78 80
80 81
81
84
89
92 94
94 96
96 97
97
100 101
101 103
103 104
104
110 111
111
121 122
122
125
130 131
131
134 135
135
138
141 143
143 145
145 147
147 149
149
152 153 154
153 154 155
154 155
155
159
166 167
167
170 171
171 173
173
176 178
178 179
179
184 185
185 187
187
190 191 192
191 192
192
196
199
204 206
206 207 208
207 208 209
208 209
209
212 214
214 215 216
215 216
216
219 220
220
223
224 226
226
231 232
232 234
234 235
235 237
237 239
239 240 241
240 241
241
245 247
247 249
249
254 255
255 257
257 258
258
262 263
263
266 268 621
268
272
275
280
283 284 285
284 285
285
288 289 290
289 290 291
290 291
291
301
305 306
306
309 311
311
317
321
324 325
325
328 330
330
333 335
335
339
343 344 345
344 345
345
351 352 353
352 353 354
353 354 355
354 355
355
359
371 373
373
377 379
379 380
380
384 385
385
388
391
397
401 402
402 404
404 406
406 407 408
407 408
408 410
410
413 415
415 416 417
416 417 418
417 418 419
418 419
419
422
427 428
428 430
430 431
431
435 437
437 438
438
441
445 447
447 448
448 450
450 451
451
454 455 456
455 456
456
459 461
461 462 463
462 463
463
467 469
469 470 471
470 471
471 473
473 474
474
477
480 482
482 483
483
490 491
491 493
493
497
502 504
504 505
505
510
514 515
515 517
517 518 519
518 519
519
522 523
523
528 529 530
529 530
530 532
532 534
534 536
536 538
538 539 540
539 540
540 542
542 543
543
553
557 558
558
561 563
563 564
564
567
572
588 589 590
589 590
590
595
599
602 603
603 605
605 606
606
611
615 616
616
619 620 621
620 621 622
621 622
622 623 624
623 624
624
631 633
633 635
635 636
636
638 639
639 641
641
645 646 647
646 647 648
647 648
648 650
650
653
657
661
665 666 667
666 667
667
673 674 675
674 675 676
675 676
676
681 682 683
682 683 684
683 684
684 685 686
685 686
686 688
688 690
690 692
692 693 694
693 694
694
698 699 700
699 700 701
700 701
701
708 709 710
709 710
710 712
712
715 716
716 718
718
721 723
723 724 725
724 725 726
725 726 727
726 727
727
730 731
731 733
733
736 738
738 740
740 741
741 743
743 951
746 747
747
754 756
756
763 765
765 766 767
766 767 768
767 768 769
768 769
769
772 773 774
773 774
774
780
784 785 786
785 786 787
786 787 788
787 788
788
791 793
793 795
795 796 797
796 797
797 799
799 800 801
800 801
801 803
803 805
805 806
806 808
808
811 812 813
812 813
813 815
815
820 821
821 823
823
826 828
828 829
829 831
831 832
832
835 836
836
839 841
841 843
843
846
852 853 854
853 854 855
854 855 856
855 856 857
856 857
857 859
859 861
861 862 863
862 863 864
863 864
864
872 873
873
876 877
877
883 884
884
887
889
892 894
894 895
895
898 899
899
905
908 909
909 911
911 912 913
912 913
913
917
920 922
922 924
924 925
925 927
927 929
929 930 931
930 931
931 933
933
937
939 941
941
947
951 953
953 954
954 956
956 957
957
960 961 962
961 962
962
965
970
975 977
977 978
978 980
980 981
981
985
988
991 992
992 994
994 995 996
995 996 997
996 997
997 999
999
