#naive2.0.py
# GMT Fri Feb 14 13:34:32 2020
# 
3
6
10 12
12 13
13
16
21 22 23
22 23 24
23 24
24
27 29
29 31
31
35 36
36
42 43 44
43 44 45
44 45
45
51 53
53
56 57 58
57 58 59
58 59
59
62
66 67
67
71 73
73 74
74 76
76 78
78 80
80 81 82
81 82
82
86
93 94
94 96
96 98
98 99
99 101
101 103
103 105
105
112
116 117 118
117 118 119
118 119
119
122 124
124
128
132 134
134 135 136
135 136
136
139 140
140 142
142 143 144
143 144
144 146
146
149
155 156 157
156 157 158
157 158 159
158 159
159
162
165
168
171
174 175
175 177
177 179
179 181
181 182 183
182 183 184
183
184 186
186
189 191
191 193
193
196 197 198
197 198 199
198 199 200
199 200 201
200 201 202
201 202 203
202 203
203
209 211
211
214
217 218
218
224 225 226
225 226 227
226 227 228
227 228
228 230
230 232
232 233
233
236
242
246
250
253 255
255
258 259
259
262 264
264 266
266 268 621
268 270
270
273 275
275
278 280
280 282
282
285 287
287 289
289 291
291 292 293
292 293 294
293 294
294
297 298 299
298 299 300
299 300 301
300 301
301
304 305 306
305 306
306
310 312
312
315 316
316
319 320
320
323 325
325
330 331 332
331 332 333
332 333 334
333 334
334 336
336
339 340 341
340 341 342
341 342
342
345
349 350 351
350 351 352
351 352 353
352 353 354
353 354
354
358 359 360
359 360
360
364 365 366
365 366
366
369 370
370 372
372
375 376
376 378
378
382 383
383
390
393 395
395 397
397 399
399 401
401 402
402 404
404 406
406 408
408 410
410
414 415
415 417
417 418
418
422 424
424 426
426
429
433
437
444 445 446
445 446 447
446 447 448
447 448
448 450
450 451
451 453
453 455
455 457
457 458 459
458 459
459
463
466 468
468 469
469
472 473
473 475
475 477
477 479
479 481
481 482 483
482 483 484
483 484
484 486
486 487
487 489
489
492 493 494
493 494 495
494 495
495
500 502
502 503
503
507
510 511
511
514 516
516 517
517 519
519 521
521 523 552
523 524 525
524 525
525 527
527 529
529 530
530 531 532
531 532 533
532 533
533
536 537
537 539
539 541
541 542
542
545 547
547 548
548 550
550 552
552 554
554 555
555
559
566
569 570
570 572
572 573
573 575
575
582 583
583
587
590 591 592
591 592 593
592 593
593
597 598 599
598 599
599
606 607 608
607 608 609
608 609
609 611
611 612
612
615 617
617 618 619
618 619
619 621
621
624
628 630
630 631
631 633
633 635
635 637
637
642 643
643
647 648 649
648 649 650
649 650
650
653
656 658
658
661 663
663 664
664
668 670
670
674
680 681 682
681 682
682
686 687 688
687 688 689
688 689
689 691
691 693
693 694 695
694 695
695 697
697 699
699 700 701
700 701 702
701 702 703
702 703
703 705
705 706
706 708
708 709
709
712
715 716 717
716 717 718
717 718
718
721 723
723 724
724
727
730 731 732
731 732
732 734
734
737 739
739 740 741
740 741
741 743
743 951
746
750 751
751
754 755 756
755 756
756
759 760 761
760 761
761
765 766
766 768
768 769 770
769 770
770
773
781 782
782
785 786 787
786 787
787 789
789 791
791
800
803 805
805
808 809
809
819
823
828 829
829
833 834
834 836
836 837
837 839
839 840
840 842
842 843 844
843 844
844 846
846 847
847
853 854
854 856
856
859 861
861 863
863 864
864
868 870
870
875
879 880
880
886 887
887
889
892
896 897 898
897 898
898 900
900 901 902
901 902
902 904
904 906
906 907 908
907 908
908
911 913
913 915
915
919 920 921
920 921
921
925
928 929
929
934 936
936 938
938 939 940
939 940
940 942
942 943 944
943 944
944
947
951
954
958 959
959 961
961 962 963
962 963
963
968 970
970
973 974
974
978 979
979 981
981 983
983 984
984
987 988
988 990
990 992
992 993
993 995
995
998
