#naive2.0.py
# GMT Fri Feb 14 13:34:29 2020
# 
1 2 3 999
2 3
3
7 8 9
8 9 10
9 10
10
14 15
15 17
17 18 19
18 19
19
23 25
25
28
33
36 37
37
40 41 42
41 42 43
42 43
43 45
45 47
47 48 49
48 49 50
49 50
50
56 58
58 59 60
59 60
60 62
62
66
70
73 74 75
74 75
75 77
77 79
79
88 89
89 91
91
95 96 585
96 98
98 100
100 102
102 103
103 105
105 106
106
109 110
110
113
119
123 124 125 887
124 125 126
125 126 127
126 127 128
127 128
128 130
130
138 140
140 141
141
144
148 150
150
154
160 161
161
165 166
166 168
168
171 173
173 174
174
181 183
183 185 811
184 185 186
185 186
186
190
193
196 197
197 199
199 200
200 202
202
205
208 209 210
209 210 211
210 211
211
214 215
215
219 220 221
220 221
221 223 735
223 429
224 226
226 227 228
227 228
228 230
230 231 232
231 232
232 234
234 236
236
245 246
246 248
248 249
249 251
251
255 256 257
256 257
257 259
259 261
261
266 621
273 275
275 276 277
276 277 278
277 278
278 280
280
283
288 289 290
289 290 291
290 291 292
291 292 293
292 293 294
293 294
294
297 298 299
298 299
299 301
301
307 308 309
308 309 310
309 310
310
313
321 322 323
322 323
323
326 327
327 329
329 330 331
330 331 332
331 332
332 334
334 336
336 337 338
337 338 339
338 339 340
339 340
340 342
342 344
344 345
345 347
347
350 352
352 354
354 356
356 358
358 359
359 361
361
365 366 367
366 367
367
370
375 376
376 378
378
381 383
383
386 387
387
392 393 394
393 394
394
397 398
398 400
400 401 402
401 402
402 404
404 405
405
409 410
410 412
412
415 416 417
416 417
417
420 421
421
424
428 429
429
434 435 436
435 436 437
436 437
437 438 439
438 439 440
439 440 441
440 441
441
445
450 451
451 453
453 454
454 456
456 457 458
457 458
458 460
460 462
462 464
464 465 466
465 466 467
466 467
467
470
475 476
476 478
478
481 482 483
482 483
483
487
490
493 494
494
499 500
500
509
512
516 517 518
517 518
518 520
520 521
521
524 526
526
530 531
531
539 540
540
543 544 545
544 545
545 547
547 548
548 550
550
553 554
554
557
560 562
562 563
563
568 570
570 572
572
576 577
577
580 581 582
581 582 583
582 583
583 585
585
588 589 590
589 590
590
593 595
595 597
597 599
599 600 601
600 601
601
605 607
607 608 609
608 609
609 611
611 612
612
615
620 621
621
623 624
624 626
626 628
628 630
630 632
632 633
633
636 637
637 639
639 640
640 642
642 644
644
651 653
653 655
655
658 660
660
666 668
668 670
670
673
677 678
678 680
680 682
682 683 684
683 684
684
687
694
699
703
709 710
710
714
718
721 722 723
722 723
723
726
729 730
730
735 736 737
736 737 738
737 738
738 740
740
743 951
753
759
762 763
763
766 767 768
767 768
768
772
776 778
778
783 784
784
789 790 791
790 791
791 793
793 794
794
801 802 803
802 803 804
803 804 805
804 805
805
811 812 813
812 813
813 815
815 816 817
816 817 818
817 818
818 820
820 821 822
821 822 823
822 823
823
826 827 828
827 828
828
833 834 835
834 835
835
838 839 840
839 840
840
844
847 848 849
848 849
849
854
857 858
858
862 864
864
867
871
874
877
884 885 886
885 886 887
886 887 888
887 888
888 889
889 891
891 893
893 894
894
898 899
899
902 903
903 905
905 907
907 908 909
908 909 910
909 910
910
914 915
915 917
917 919
919 921
921 922 923
922 923
923
926 928
928 930
930
934 936
936
939
942 943 944
943 944
944 946
946 948
948
951 952
952 954
954 955 956
955 956
956 958
958 959 960
959 960
960 962
962 963 964
963 964
964
967 968 969
968 969
969 971
971 972 973
972 973
973 975
975 976 977
976 977 978
977 978 979
978 979 980
979 980 981
980 981 982
981 982
982 984
984 985
985 987
987 989
989
993 994
994
998 999
999
