#naive2.0.py
# GMT Fri Feb 14 13:34:29 2020
# 
0 1 999 2 998
1 2 3 999
2 3
3
6 7 8
7 8
8 10
10 11
11 13
13
21 23
23
26 27 28
27 28 29
28 29
29 31
31 33
33 35
35 36
36
40 41
41 43
43 44 45
44 45
45
48 49
49
52 53
53 55
55 56 57
56 57 58
57 58 59
58 59
59 61
61
66 67 68
67 68 69
68 69
69
76 78
78
82 83 636
83
87 88
88 90
90
93
96 97 98
97 98
98 100
100
105
108 110
110 112
112
115 116
116
124
128 129
129
132 133 134
133 134
134 136
136 137
137
140 142
142 143 144
143 144 145
144 145
145 147
147
150 152
152 153 154
153 154 155
154 155 156
155 156
156
162 164
164 165 166
165 166
166
169
174 176
176 177 178
177 178 179
178 179
179 181
181 182
182 184
184 185 186
185 186
186
192 193
193
196 197 198
197 198 199
198 199
199
202 203
203 205
205 207
207 208 209
208 209
209
213 215
215 216 217
216 217
217 219
219 220 221
220 221
221 735
224 225
225 227
227 228
228
232 234
234 236
236 237 238
237 238
238
242 243
243 245
245 246 247
246 247
247
251
256 258
258
262 263 264
263 264 265
264 265 266
265 266
266 621
270
275
280 282
282 284
284 285
285
288 290
290
296 297
297
300 301
301
304
311 313
313 315
315 316
316 318
318
322 324
324 326
326 327
327
331 332
332 334
334 335
335
338 340
340 342
342 344
344 345
345
348 350
350 351
351
354 355
355 357
357 359
359
362
365 366 367
366 367 368
367 368
368 370
370
374 376
376
382 383
383 385
385 386
386 388
388 389
389 391
391 392
392 394
394 395 396
395 396
396
399 401
401 402
402
406 407 408
407 408
408
412 414
414 415 416
415 416 417
416 417 418
417 418
418 420
420 421 422
421 422
422
425 427
427 428 429
428 429 430
429 430 431
430 431 432
431 432 433
432 433
433 435
435
443 444 445
444 445
445
449
452 453 454
453 454 455
454 455
455
458 460
460 461
461 463
463 464 465
464 465 466
465 466
466
469 470 471
470 471
471
474 476
476
479 480 481
480 481 482
481 482
482 484
484 486
486 487 488
487 488
488 490
490 491
491
495
498 499
499 501
501
505
508 510
510 511
511
518 519 520
519 520
520 522
522
525 526
526 528
528 529
529
532 534
534 536
536 537
537 539
539 541
541
545 546 547
546 547 548
547 548
548
551 553
553
557 559
559 560
560 562
562 564
564 565 566
565 566 567
566 567
567
571
575 576 577
576 577 578
577 578
578 580
580 581
581
585
593 594
594
597 599
599
602 604
604 605
605 607
607
610 611
611 613
613 614 615
614 615
615
618 620
620 621
621
624
629 630
630
636
640 641
641 643
643
646 647
647
650
653 654
654
658 660
660 662
662 663
663
666 667
667
671
674 675
675 677
677 678 679
678 679
679
682 683
683
686 688
688 689
689
692 694
694
697 698
698
702
706 707 708
707 708
708 709
709
712 714
714 715
715 717
717
721 723
723 725
725 727
727
730 732
732 733 734
733 734 735
734 735
735
738
743
745
748 750
750 751 752
751 752
752
755 756
756 758
758 759
759 761
761 763
763 764 765
764 765 766
765 766
766 768
768 770
770 772
772 774
774
778
782 783
783
789 791
791
795
800
804 806
806 807
807
810 811
811 813
813
818 820
820 821 822
821 822
822
825 826
826
829 831
831 832 833
832 833
833
836 837
837
840 841
841
844 845
845 847
847 848 849
848 849 850
849 850 851
850 851 852
851 852 853
852 853
853 855
855 856
856 858
858 860
860 861 862
861 862
862
865 866
866 868
868 869
869 871
871
875 877
877 878 879
878 879 880
879 880 881
880 881 882
881 882 883
882 883 884
883 884
884 886
886 888
888 889 890
889 890
890 892
892 893 894
893 894 895
894 895
895
898 899
899
908 909
909
916 917
917 919
919 921
921 923
923 924
924 926
926 927 928
927 928 929
928 929
929 931
931 932 933
932 933 934
933 934 935
934 935
935
939 941
941 942 943
942 943 944
943 944 945
944 945 946
945 946 947
946 947 948
947 948 949
948 949
949
956 957 958
957 958
958
961
966 967
967 969
969
972 973
973 975
975
979 980 981
980 981
981
985 986 987
986 987 988
987 988 989
988 989
989 991
991 992
992
995 996
996 998
998 999
999
