#naive2.0.py
# GMT Fri Feb 14 13:34:33 2020
# 
6
10
13 15
15 17
17 19
19
24 25 26
25 26
26
30 32
32 34
34 35
35
38 39 40
39 40 41
40 41 42
41 42
42 44
44
52 53 54
53 54
54
58 59 60
59 60 61
60 61
61
67
74 75 76
75 76 77
76 77
77
84
87 88 89
88 89
89
97 99
99 101
101 103
103 104
104
108 109 110
109 110
110
113 114
114 116
116 117 118
117 118 119
118 119
119 121
121 123
123 887
126 128
128 130
130 131 132
131 132 133
132 133
133 135
135
139 141
141 142
142
149 150 151
150 151 152
151 152
152
155
161
170 171
171
178
182 183 184
183
184
189
192 193
193
196 197
197 199
199 200 201
200 201 202
201 202
202 204
204
208
211 212
212 214
214 216
216 217 218
217 218
218 220
220
226 227 228
227 228
228
234 236
236 238
238 239
239 241
241 243
243
248
252 253
253
259 260 261
260 261 262
261 262 263
262 263 264
263 264 265
264 265 266
265 266
266 621
269 271
271 272
272 274
274 276
276 278
278 279
279
285
289
292
300 301
301
306 308
308 310
310 311
311
315
318 319 320
319 320 321
320 321 322
321 322 323
322 323
323 325
325 326
326 328
328 330
330
334 335 336
335 336
336
340 342
342 343 344
343 344
344 346
346
349 351
351 352
352
356 357 358
357 358
358
361 363
363 364 365
364 365
365 367
367 368 369
368 369 370
369 370
370
374 375
375 377
377 379
379 380
380 382
382 384
384 385 386
385 386
386 388
388 390
390 391 392
391 392 393
392 393
393
396
399 400
400
406 407
407 409
409 410 411
410 411
411
415 416
416 418
418 419
419 421
421 423
423
427 428 429
428 429
429 431
431 433
433
438
443 445
445 446 447
446 447
447 449
449 450 451
450 451 452
451 452 453
452 453
453 455
455 457
457
462 464
464
467 469
469
473
476 478
478 479
479 481
481
485
489
492 493 494
493 494
494 496
496 497
497 499
499
503 504 505
504 505 506
505 506
506 508
508
513 515
515
519 520
520 522
522
526 527
527
530 531 532
531 532 533
532 533
533
539 541
541 542 543
542 543 544
543 544
544 546
546 548
548 549 550
549 550
550
553
559 560 561
560 561 562
561 562
562 564
564 565
565
569
572
584 586
586 587
587
590 591
591
599
605
608 610
610 612
612 614
614 616
616
620 621 622
621 622
622
626 627
627 629
629 630 631
630 631 632
631 632 633
632 633 634
633 634
634 636
636
639
642
645 646
646
649 650 651
650 651
651
655 657
657 658
658
662 664
664 666
666 668
668
672 674
674
677 678
678 680
680 681 682
681 682
682 684
684
687
691
695 697
697
702 704
704 706
706
709
713
719 721
721 722
722
726
732 733 734
733 734 735
734 735
735
739 741
741
744
747 748
748
752 754
754 755 756
755 756 757
756 757
757 759
759 760
760 762
762 764
764 766
766
769
772
775 776 777
776 777 778
777 778 779
778 779 780
779 780 781
780 781
781
786 787 788
787 788
788 790
790 791
791 793
793 794 795
794 795 796
795 796
796 798
798 799
799 801
801
806 807 808
807 808
808
815 816
816
820 821
821 823
823
826 828
828 829
829
832 834
834
838 839
839
844 846
846 848
848 849 850
849 850 851
850 851 852
851 852 853
852 853 854
853 854 855
854 855
855
858 859 860
859 860
860 862
862 863
863 865
865
868
871
874
878 880
880 881 882
881 882 883
882 883
883 885
885 887
887 888
888 889
889 891
891 892 893
892 893 894
893 894 895
894 895
895
898 899
899
904
908 909
909
916
921
929 931
931 932 933
932 933 934
933 934
934
939 941
941 943
943 945
945
951 953
953 954 955
954 955 956
955 956
956
960 961
961 963
963
967 969
969 970 971
970 971
971
975 976
976
981 983
983 984
984 986
986 987 988
987 988
988 990
990
994 996
996 997 998
997 998
998
