#naive2.0.py
# GMT Fri Feb 14 13:34:29 2020
# 
1 3 999
3 4
4
11 13
13 14
14
17 18 19
18 19 20
19 20 21
20 21 22
21 22
22
27 28
28 30
30 32
32 33 34
33 34
34 36
36 37
37
41 42
42
45 47
47
50
54 55
55 57
57
60 61
61
64 66
66 67 68
67 68 69
68 69
69 71
71 72 73
72 73
73
78 79
79 81
81 83
83 84
84 86
86 87
87 89
89 90
90 92
92 93 94
93 94
94
99 100 101
100 101 102
101 102 103
102 103
103 105
105 107
107 108 109 529
108 109 110
109 110
110
113 115
115
118 120
120 121 122
121 122
122 124
124 125
125 127
127
130
141 142 143
142 143
143
146 147 148
147 148 149
148 149 150
149 150 151
150 151 152
151 152 153
152 153
153
160 161 162
161 162 163
162 163
163 165
165
169 170 171
170 171
171 173
173 174
174
177 179
179
184
187
190 192
192 193
193 195
195 197
197 198 199
198 199
199
203 204
204 206
206 207 208
207 208
208 210
210 212
212 214
214 216
216 218
218 219 220
219 220 221
220 221 222
221 223
222 223
223 225 429
225 227
227 228
228 230
230 232
232
236
239 240
240 242
242 243
243 245
245 246
246 248
248 249 250
249 250
250 252
252 253 254
253 254
254 256
256 257 258
257 258 259
258 259 260
259 260
260
264 266
266 268
268 269
269 271
271 272 273
272 273 274
273 274 275
274 275 276
275 276
276
280 281
281 283
283 284
284
287
290 292
292 293
293
301 302 303
302 303
303
309
312
315 316
316
319
324 325
325
329 330 331
330 331
331
334
337
340 342
342 343
343
346 347
347 349
349
354
358 359 360
359 360
360 362
362 363 364
363 364
364 366
366 367 368
367 368
368 436
371 372 373
372 373
373 375
375 377
377
380 381 382
381 382
382 384
384 385
385
388 389
389
393 394 395
394 395 396
395 396
396
399
403 405
405
412 414
414
419
423 424 425
424 425 426
425 426
426
429 430
430 432
432 433
433
436 437
437 438 439
438 439 440
439 440 441
440 441 442
441 442
442
447 449
449 450
450
453 455
455 457
457 459
459 460
460
463 465
465 466 467
466 467
467
471
474 475
475 477
477 478 479
478 479 480
479 480 481
480 481 482
481 482 483
482 483 484
483 484
484
489
492 493 494
493 494 495
494 495 496
495 496 497
496 497 498
497 498 499
498 499
499 501
501 503
503 505
505 506 507
506 507 508
507 508
508 510
510 512
512
515
519 521
521 523
523 524
524 526
526 527 528
527 528 529
528 529 530
529 530
530 531 532
531 532
532 534
534 535 536
535 536
536 538
538 539
539 541
541 542
542 544
544 545
545 547
547 548 549
548 549 550
549 550 551
550 551
551 553
553
558 559
559
563 564 565
564 565
565 567
567
577 578
578
581 582 583
582 583 584
583 584 585
584 585
585
589
592 594
594 595
595 597
597 598
598 600
600
603
606 607
607
610
614 615 616
615 616
616 618
618 619
619
624 625
625
628 630
630 631 632
631 632
632 634
634 636
636 637
637 639
639
642
647 648
648 650
650 651
651
657 659
659 660
660 662
662
665
670 671
671 673
673 674 675
674 675
675 677
677 678 679
678 679 680
679 680 681
680 681 682
681 682
682 684
684
688 689 690
689 690
690
697 698
698 700
700
703 704 705
704 705
705 707
707
712
716 717
717
721 723
723 724
724 726
726 728
728 729
729 731
731 732
732
736 737 738
737 738
738
741 743
743 744
744 746
746 747 748
747 748 749
748 749
749
752
755 756 757
756 757 758
757 758
758 760
760
764
768
772 773
773 775
775 777
777 778 779
778 779 780
779 780 781
780 781 782
781 782
782
787
792 794
794 795
795
799 801
801 802 803
802 803
803
807 808
808 810
810 811
811
817 818 819
818 819 820
819 820 821
820 821
821
825 826
826
830 831
831 833
833 834 835
834 835
835
837
841 842
842
846
849 850 851
850 851 852
851 852
852 854
854 855 856
855 856
856
859
865 867
867
870
875 877
877 878 879
878 879
879
883 884
884
887 888
888
894 896
896 898
898 899 900
899 900 901
900 901 902
901 902
902
905
911 912
912 914
914 915
915
924 925
925
929
932 934
934 935
935
939 940
940 942
942 944
944 946
946 948
948 950
950 952
952 953 954
953 954 955
954 955 956
955 956
956
959 960
960
963 965
965 966
966 968
968 969
969 971
971 972
972 974
974
977
980 981
981
984 985 986
985 986 987
986 987 988
987 988
988
992
996
999
