#naive2.0.py
# GMT Fri Feb 14 13:34:29 2020
# 
5
14
17 19
19
29 31
31
36 37
37
41 43
43 44
44
47 48
48
53 54
54 56
56
59
62 63
63
69 70 71
70 71
71 73
73 75
75
80
83
86
90 91 92
91 92 93
92 93
93
96 97
97 99
99 101
101 102
102
106 108
108 110
110 112
112 113
113
118 119
119
122 123 124
123 124 887
124 126
126 128
128 129
129
132 133 134
133 134
134
137 138 139
138 139
139
142
149
153
159
162
166 167
167 169
169 170 171
170 171
171 173
173 174 175
174 175
175 177
177
183
184
187 188
188 190
190 191
191 193
193 195
195 196 197
196 197
197 199
199 201
201 202 203
202 203 204
203 204
204
210 212
212 213
213 215
215
218
222 223 224
223 225
224 225
225
228
232 233
233
236 237 238
237 238
238
244 245 246
245 246 247
246 247
247 249
249 250
250
253 255
255
258 259
259 261
261
265 266 267
266 267 268
267 268
268
271 273
273 274 275
274 275 276
275 276 277
276 277
277
281 282 283
282 283 284
283 284 285
284 285
285 287
287 289
289
292 293
293
299 300 301
300 301 302
301 302
302
305 306
306
310 311
311 313
313 314
314 316
316 317
317
321 322 323
322 323 324
323 324
324
327
335 336
336 338
338 340
340 342
342 343 344
343 344
344 346
346 348
348 350
350 351 352
351 352
352
357
360 362
362 363 364
363 364 365
364 365
365
369
372 374
374
377 378 379
378 379
379
384 386
386 387
387
391
394
397 399
399 401
401 402 403
402 403 404
403 404 405
404 405 406
405 406
406 408
408 410
410
415 417
417
420
423 424 425
424 425
425
428 430
430 432
432 433
433 435
435 436
436
438 439 440
439 440
440
444
448 449
449
453 454 455
454 455 456
455 456 457
456 457
457 459
459
462 463
463
466 467
467
472
476 477 478
477 478 479
478 479 480
479 480
480 482
482 483
483 485
485
488
493 494 495
494 495
495 497
497 499
499
503
508 509
509
512 513
513
520 522
522 523 524
523 524 525
524 525 526
525 526 527
526 527
527
531 533
533
537
542
548 549
549 551
551 552 553
552 553
553 555
555
559
562
567 568
568
574 576
576 577 578
577 578 579
578 579
579 972
585 586
586
591 592 593
592 593
593 595
595 596
596
600 602
602 604
604 606
606 608
608 609 610
609 610
610 612
612
615 616 617
616 617 618
617 618
618
624 625
625 627
627
631 632 633
632 633
633 635
635
641 642 643
642 643
643 645
645
649 650
650 652
652 653 654
653 654 655
654 655 656
655 656 657
656 657 658
657 658
658
662
667 668
668 670
670 672
672
675 676 677
676 677
677
680 682
682
685
693
698 700
700
706
709 711
711 712 713
712 713 714
713 714
714
719
723 724
724
729 730 731
730 731 732
731 732 733
732 733
733 735
735 737
737 738 739
738 739
739 741
741
744 745 746
745 746 747
746 747
747
750
753
758
761 762 763
762 763
763
766 767 768
767 768
768 770
770
777 779
779
784
790 792
792 794
794
797 799
799 800 801
800 801 802
801 802 803
802 803 804
803 804 805
804 805 806
805 806 807
806 807 808
807 808
808 810
810
813 814
814 816
816 817 818
817 818
818
821
826
830 831 832
831 832
832 834
834
838
842 843 844
843 844 845
844 845
845
848 850
850 851 852
851 852 853
852 853
853
857 858
858
861 863
863 864 865
864 865
865 867
867 868 869 937
868 869
869
872
877 878
878
883 884
884
887
889 891
891 892 893
892 893
893
902 903 904
903 904
904 906
906
909
913 914
914 916
916 918
918 919
919 921
921
924
929 931
931 932
932
935 936 937
936 937 938
937 938
938
944 945 946
945 946
946
949 950
950
956
959 961
961
966 967 968
967 968
968
972 973 974
973 974
974 976
976 977 978
977 978 979
978 979
979
982
986 987
987 989
989
992 993 994
993 994 995
994 995 996
995 996 997
996 997
997 999
999
