#naive2.0.py
# GMT Fri Feb 14 13:34:31 2020
# 
0 998
4 5 868
5 6
6 8
8
11 12
12
15
19 21
21
24 25
25 27
27 28
28 30
30 31
31 33
33
36
40 41
41
45
51 52
52
56 58
58
61 62
62
71
75 76 77
76 77
77
80
83 85
85 86 87
86 87
87 89
89 91
91
97 98 99
98 99 100
99 100
100
104 105 106
105 106 107
106 107
107
110
113 114
114 116
116 117
117
120
123 125 707 887
125 126 127
126 127 128
127 128 129
128 129
129 131
131
134
139 141
141 143
143 145
145
151 153
153 155
155 156
156
159 161
161 162
162
168 169
169
172 174
174 175
175
181 182 183
182 183 184
183 185 811
184 185 186
185 186
186
189 190
190
194
197
200 201
201 203
203 204
204
207
211
216 217
217 219
219 220
220
225
228 230
230
239 241
241
247
250
254 255
255
258 259 260
259 260 261
260 261
261
265 266
266 621
271 272
272
277 278
278 280
280 281 282
281 282 283
282 283 284
283 284 285
284 285 286
285 286
286 288
288 289 290
289 290 291
290 291
291
294
298 299 300
299 300
300
305 306 307
306 307
307
311
316
319
324 325
325 327
327
331 332 333
332 333
333
336 337
337 339
339 340
340 342
342
345 346
346
349 350 351
350 351 352
351 352
352
358
364 366
366
369
372 373 374
373 374 375
374 375
375
380 382
382 384
384 386
386 387 388
387 388 389
388 389
389
392 393 394
393 394
394 396
396 397
397
400 401 402
401 402 403
402 403 404
403 404
404
409
413 415
415 416
416
421 422 423
422 423 424
423 424
424
427 429
429 430
430 432
432
437 439
439
443 444
444
447 448
448
451
457 458 459
458 459 460
459 460
460
467 468 469
468 469 470
469 470 471
470 471
471
474 476
476
482 483 484
483 484
484
488
492 493 494
493 494
494 496
496
499
502 503 504
503 504
504
508 509
509 511
511 512
512 514
514 516
516 517 518
517 518
518
523 524 525
524 525
525 527
527
532 534
534 536
536 537
537
540 542
542 544
544 545
545
549 550
550
556 558
558
561
565 566
566 568
568
572
575 576
576
580
583 584
584
589
594 595
595 597
597 598
598
601
604 605
605 607
607
612 613
613
620 621
621
623 624 625
624 625
625 627
627 629
629
634 635
635 637
637
642 643
643 645
645
648 650
650
653 655
655
661 662 663
662 663 664
663 664
664 666
666
672
677 679
679 680 681
680 681
681
684
687
691 692 693
692 693
693
696 697 698
697 698 699
698 699 700
699 700
700 702
702 703 704
703 704
704
707 708
708 710
710
714
718 719
719 721
721 722
722
727 728 729
728 729
729 731
731 732
732 734
734
740 741 742
741 742 743
742 743
743
745 747
747
750
753 754
754 756
756
762
767 769
769 771
771 772 773
772 773
773 775
775 777
777 779
779
782 783
783
786
789 791
791 793
793 794
794 796
796 798
798
801
805
808
811 812
812
815
818 819
819 821
821 822
822 824
824 825
825 827
827 828 829
828 829
829
837 839
839 840 841
840 841 842
841 842 843
842 843 844
843 844
844 846
846 848
848 849 850
849 850 851
850 851 852
851 852 853
852 853 854
853 854 855
854 855
855 857
857
860 861
861
867 868 937
868 870
870
874 875 876
875 876 877
876 877 878
877 878
878 880
880
883
887
889 890 891
890 891
891 893
893
896 897 898
897 898
898
901
904
914 915
915
918 919
919 921
921 922
922 924
924 925 926
925 926 927
926 927
927 929
929
932 934
934
937
940 942
942 943 944
943 944
944 946
946 947 948
947 948
948
952
955 957
957 958 959
958 959 960
959 960 961
960 961 962
961 962
962
966 967 968
967 968 969
968 969
969
977 978 979
978 979 980
979 980 981
980 981
981 983
983 984 985
984 985
985
988 989 990
989 990 991
990 991 992
991 992
992 994
994
998
