#naive2.0.py
# GMT Fri Feb 14 13:34:33 2020
# 
0 1
1
4 5
5 6
6 8
8 9
9
12
17
24 26
26
30 31
31
35 36
36
39
43 45
45
48
53 55
55
59
65 66
66
70
76 77 78
77 78 79
78 79
79
83 84
84
87
90
94
97 99
99 100
100 102
102 103
103 105
105 106 107
106 107 108
107 108 109 529
108 109
109
112 113 114
113 114 115
114 115 116
115 116 117
116 117 118
117 118 119
118 119
119 121
121 122 123
122 123
123 707
128
132 133 134
133 134
134 136
136 137 138
137 138 139
138 139
139
143
151
155 157
157 158
158 160
160 161 162
161 162 163
162 163
163
168 169 170
169 170 171
170 171
171
174
178 180
180
190 192
192 193 194
193 194
194 196
196
200 202
202 203
203
207 209
209 211
211 212 213
212 213
213
217 218
218
225
228 230
230
233 235
235 582
238 239
239 241
241 243
243
246 248
248
251 252
252 254
254
257 259
259 260 261
260 261 262
261 262 263
262 263
263 265
265 267
267 268
268
271 272
272 274
274
277 278 279
278 279
279 281
281 283
283 284
284 286
286 287
287
290 292
292 294
294 296
296 297 298
297 298
298
301
305 306 307
306 307
307 309
309 310
310
313 315
315 316
316
320 321
321
325
328
333 334 335
334 335
335 337
337 339
339 340 341
340 341
341
344 345 346
345 346
346 348
348 349
349
354
357
362 363 364
363 364 365
364 365
365
368 369
369 371
371 372
372 374
374
380 381
381 383
383
386 388
388 390
390 391
391 393
393 394 395
394 395 396
395 396
396 398
398
401
404 405
405 407
407 408
408 410
410 412
412 414
414
417 418
418
425 426
426
431 432
432
435
441 442 443
442 443
443 445
445 446 447
446 447 448
447 448
448 450
450
454 455 456
455 456
456 458
458 459 460
459 460 461
460 461
461
465 466
466
475 476 477
476 477 478
477 478
478
482 484
484 485
485
488 489
489 491
491 492
492 494
494
497
500 502
502 504
504 505
505 507
507 509
509
515 516
516 518
518 519 520
519 520 521
520 521 522
521 523
522 523 524
523 524 525
524 525 526
525 526
526 528
528 529
529
531
534
539 540 541
540 541 542
541 542 543
542 543 544
543 544 545
544 545 546
545 546 547
546 547 548
547 548 549
548 549 550
549 550 551
550 551
551 553
553
558 559
559 561
561
564
567
570 571
571
574 576
576 577
577 579
579 972
582 583
583 585
585 586
586 588
588 589
589 591
591 593
593 595
595 597
597
600 601
601 603
603 604
604 606
606 607 608
607 608
608 610
610
616 617 618
617 618 619
618 619 620
619 620 621
620 621
621
628 629
629
633
639 640 641
640 641
641 643
643
646 648
648 650
650 651 652
651 652 653
652 653 654
653 654 655
654 655 656
655 656
656 683
660 662
662 663 664
663 664 665
664 665 666
665 666
666 668
668 669
669 671
671 672
672
679 681
681 683
683 684
684 685 686
685 686 687
686 687 688
687 688
688 690
690
696 697
697 699
699 700 701
700 701 702
701 702
702
705 706 707
706 707
707
713 714
714 716
716 717 718
717 718 719
718 719 720
719 720
720 722
722
727 729
729 731
731 732
732 734
734 736
736
741
749 750 751
750 751 752
751 752
752 754
754 755 756
755 756
756
759
762 763
763
766 767 768
767 768 769
768 769 770
769 770 771
770 771
771 773
773 774
774 776
776 777
777 779
779
784
793 794 795
794 795 796
795 796
796
801
804 805
805 807
807
811 812
812
815
818 819
819 821
821 823
823 825
825
830 831
831
836
841 842
842 844
844
850 852
852 853 854
853 854
854
861
865 866 867
866 867
867 937
872
875 876
876
880
883 884
884 886
886
890 891
891
894
897
901 902 903
902 903 904
903 904
904
908 910
910 911
911
915
918 920
920 921
921
924
927 929
929
932 933
933 935
935 936 937
936 937 938
937 938
938 939 940
939 940 941
940 941 942
941 942 943
942 943
943
947 949
949 950 951
950 951 952
951 952 953
952 953
953 955
955 956 957
956 957
957 959
959 960
960
964 965
965
971 972 973
972 973 974
973 974
974
977 978
978 980
980 981
981 983
983 984
984
987 988
988
996 997
997
