#naive2.0.py
# GMT Fri Feb 14 13:34:28 2020
# 
0
3 5
5
9 11
11
15 16
16
19 21
21 23
23 25
25 26
26 28
28 30
30 31 32
31 32
32 34
34 36
36 38
38
42
45 46 47
46 47
47
53 55
55 57
57
61 63
63 65
65 67
67 68
68 70
70 71 72
71 72
72
75
78 80
80 82
82 84 636
84 86
86 88
88 89 90
89 90
90 92
92 94
94
99 101
101
105 106
106 108
108
111 113
113 114 115
114 115
115 117
117 119
119
122
126 128
128 130
130 131
131
134 135
135
138 139
139 141
141 142
142
145 146 147
146 147 148
147 148
148
154 155
155 157
157 158
158 160
160 162
162 163
163
166 168
168 169
169
173
176 177
177 179
179 181
181
185 186
186 188
188 190
190
196 198
198
201 202 203
202 203
203
208
215 217
217 218 219
218 219 220
219 220 221
220 221 222
221 223
222 223
223 225
225 227
227 229
229 230 231
230 231
231
236 238
238
242
250
253
257
261
266
269 270 271
270 271 272
271 272 273
272 273 274
273 274 275
274 275
275 277
277 279
279 281
281 282
282
289 290
290 292
292
299 300 301
300 301
301 303
303
308
311
314 316
316 318
318 320
320 321
321
324 325 326
325 326 327
326 327
327
330 331 332
331 332
332 334
334 335
335
339 341
341
345 346
346 348
348 350
350 352
352 353 354
353 354
354 356
356 358
358
361 363
363 364
364 366
366
370 372
372 373
373
378 380
380
386 388
388 389
389
393 394 395
394 395 396
395 396
396
399
405
408 409
409
413
418 419
419 421
421 422 423
422 423
423
426 427
427
433
439
442
445
452
455 457
457
461 462
462 464
464 465
465
470
476 478
478 480
480 482
482 484
484 486
486
489
492 493 494
493 494
494
497 498
498 500
500
508 509 510
509 510 511
510 511
511
514 516
516 517
517
522 524
524
527
530 532
532
535 537
537
545
551 552
552 554
554 556
556 557
557
560 561
561
564 566
566 568
568 569
569 571
571 572 573
572 573
573 575
575 576
576 578
578 579 580
579 581 972
580 581 582
581 582
582
585 586
586
589 590 591
590 591 592
591 592 593
592 593 594
593 594
594 596
596
599 600
600 602
602 603
603 605
605 606 607
606 607
607 609
609
612 614
614
618 620
620 622
622
628 630
630
633 634
634 636
636 637
637
643
653 654
654 656
656 657 658
657 658
658 660
660
664 665
665 667
667
671 673
673
676 678
678 680
680 681
681
685 687
687 688 689
688 689
689
692 694
694 695
695 697
697 698 699
698 699 700
699 700 701
700 701
701
704
710 712
712 713 714
713 714
714
717 718
718 720
720 722
722 723
723
732 734
734
737
740 741 742
741 742
742
745
750
753 754
754
757
760 762
762 764
764
770 772
772 774
774 775
775 777
777 778
778 780
780 781 782
781 782 783
782 783
783
787 788 789
788 789 790
789 790
790
794 795
795
798 799 800
799 800
800 802
802 804
804 805 806
805 806
806 808
808 810
810 811 812
811 812
812 814
814 815
815 817
817 818 819
818 819 820
819 820 821
820 821 822
821 822
822 824
824 825
825 827
827 828
828 830
830
833 835
835 918
838 839
839 841
841
846 847
847
850 852
852 854
854 856
856 858
858
861 862 863
862 863
863
866 868
868 869
869 871
871
881 882
882 884
884
888
891
895
900 902
902 904
904 906
906
909
913
917 918
918
922 923
923 925
925 926
926 928
928 929
929 931
931 932
932
936 937
937
941
944 946
946 948
948 950
950 952
952
956
960 961 962
961 962 963
962 963
963
967 968
968
971 972
972 974
974 975 976
975 976 977
976 977
977 979
979
983
986 987
987 989
989
995
