#naive2.0.py
# GMT Fri Feb 14 13:34:30 2020
# 
0 998
5
12 14
14 16
16 17 18
17 18
18
21
25 26
26
31 32 33
32 33 34
33 34
34 36
36 38
38 39
39 41
41 42
42 44
44 46
46
49 51
51 52 53
52 53
53
56 58
58 59
59
63 64 65
64 65
65
68 69
69
74
77 78
78 80
80 82
82 83 636
83
88 89
89
92 93 94
93 94
94
98 100
100 101 102
101 102
102
105 106
106 108
108 109 110
109 110 111
110 111
111
114 116
116 117 118
117 118
118 120
120 121
121 123
123 125 707 887
125 127
127 128
128
135 136
136
140 141 142
141 142 143
142 143 144
143 144 145
144 145 146
145 146 147
146 147
147 149
149 150
150
153 154 155
154 155
155 157
157
166 167
167 169
169 170 171
170 171
171
177 178 179
178 179
179
182
185 186
186 188
188 190
190
193
199
205
210
213 214 215
214 215
215
219 221
221 223 735
223
226 228
228
234 236
236 237
237 239
239
242 244
244 245 246
245 246 247
246 247
247
250
253 254
254
257 258
258
261 262
262 264
264 265
265 267
267 268 269
268 269
269
272 273 274
273 274
274
277 278 279
278 279
279 281
281 283
283 285
285 286 287
286 287
287
291
296 298
298 299
299
303
306
310 311
311 313
313 314
314
319
324 326
326
329 330 331
330 331
331
336 337 338
337 338
338
341 342 343
342 343
343
347 349
349 351
351
354 355 356
355 356
356 358
358 359
359 361
361 363
363
367
370 371 372
371 372
372
380 382
382 383 384
383 384
384 386
386
389 390
390 392
392 393
393
396 398
398
401 402
402 404
404 405
405
408 410
410 411 412
411 412 413
412 413
413
416
419 421
421
424 426
426 428
428 430
430 431
431 433
433 434
434 436
436
439 440
440 442
442 444
444 445
445
448 449
449
457 458
458
462 464
464 465
465
468 469
469
473
477 478 479
478 479 480
479 480 481
480 481
481
486
490 492
492 493
493 495
495 497
497
500 501
501 503
503 504 505
504 505 506
505 506 507
506 507
507
510 511 512
511 512 513
512 513 514
513 514 515
514 515
515 517
517
520 521
521 523 552
523 524
524
530 532
532 533 534
533 534
534 536
536 537 538
537 538
538 540
540
546 548
548 549 550
549 550
550 552
552
557
566 568
568 570
570 571 572
571 572 573
572 573
573 575
575
581
584 585 586
585 586
586
590 591
591 593
593 594 595
594 595
595
599 601
601 603
603
607 608 609
608 609
609
612 614
614 615
615
618 620
620 622
622 623
623
627 628
628
634 636
636 637
637 639
639
643
646 648
648 649 650
649 650 651
650 651
651 653
653
658 660
660
663
667 669
669 670
670
674
677 679
679 680
680
683
685 687
687 689
689
698 700
700 701
701 703
703 704
704
707 708
708 709
709 711
711 712 713
712 713
713 715
715
718
722 724
724 725 726
725 726 727
726 727 728
727 728
728 730
730 732
732 733
733 735
735 736
736
739 741
741 743
743
745 746
746
751 753
753 755
755
759
764
768 770
770
775
782 783
783
787 788
788 790
790 791 792
791 792
792 794
794 795
795 797
797 799
799
802
805 806 807
806 807
807 809
809 810 811
810 811
811
816 817 818
817 818
818 820
820 822
822
825 827
827 829
829
833
838 840
840 841 842
841 842
842 844
844 845
845
853 854 855
854 855
855 857
857
862 863 864
863 864 865
864 865
865
868
878 880
880
885 887
887
890
894 896
896 897
897
900 901 902
901 902
902
907 909
909
913
916
923 925
925 926
926 928
928 929 930
929 930 931
930 931
931 933
933
937
942 944
944
949 950
950
955 956 957
956 957 958
957 958 959
958 959 960
959 960
960 962
962
966 967
967 969
969
974 975
975 977
977
980
988 989
989 991
991 993
993 994
994
997 998
998
