#naive2.0.py
# GMT Fri Feb 14 13:34:35 2020
# 
0 998
3 4
4
6 7 8
7 8
8 10
10 11 12
11 12
12
17 18
18
23 25
25 27
27 29
29
33 34 35
34 35
35 37
37 38
38 40
40
45 46 47
46 47
47 49
49 51
51 52 53
52 53 54
53 54
54
61
68 70
70 71
71
77 78 79
78 79
79 81
81
84 85 86
85 86 87
86 87
87 89
89 91
91 92 93
92 93
93 95
95 96
96 97
97 99
99 101
101 102
102 104
104
109 110
110 112
112 114
114 115
115
118
121
129 130
130
136
143 145
145 146 147
146 147
147
150
153 154
154
160
167
170 171 172
171 172 173
172 173
173 175
175 177
177
182
185 187
187 189
189 190
190
193 194 195
194 195 196
195 196 197
196 197
197 199
199 200 201
200 201
201
204 205 206
205 206
206 208
208
211 212
212
215
219 221
221 735
222
225
228 229
229
232 233
233 235
235 237
236 237 238
237 238 239
238 239
239
243
247
252
255 257
257 258 259
258 259 260
259 260 261
260 261 262
261 262 263
262 263
263
271 272
272
275 277
277 278
278
281 282
282
286 287
287
290
298 300
300 301
301 303
303 304
304
310 312
312 314
314
318 319 320
319 320 321
320 321
321
326 327 328
327 328 329
328 329 330
329 330
330 332
332 333 334
333 334
334
341 342 343
342 343 344
343 344 345
344 345
345 347
347
351 352
352
355 356
356
362 363
363
368 370 436
370
373 375
375 377
377 379
379 381
381 382
382
385
390 392
392
395 397
397
400 402
402 403 404
403 404 405
404 405 406
405 406
406 408
408
411 413
413
416
421 422
422
426
429 431
431 432
432 434
434 436
436
439 440
440
443 445
445
448 450
450 451
451
455 456 457
456 457
457 459
459 460 461
460 461
461
464 465 466
465 466 467
466 467 468
467 468 469
468 469 470
469 470
470 472
472 473 474
473 474
474
477 478 479
478 479
479
482 483 484
483 484
484
489
494
497
501 503
503
506
509
512 514
514 516
516 517
517
520
524 525
525 527
527 529
529
531 532 533
532 533
533
537 539
539 541
541 542 543
542 543
543 545
545 547
547 548 549
548 549
549
552 553
553
557 558 559
558 559 560
559 560 561
560 561 562
561 562
562 564
564
567
570 571
571 573
573 574 575
574 575
575 577
577
586 587
587
592 594
594 596
596 597
597 599
599
602 603
603
609
614 616
616
619
623
627 628 629
628 629
629
632 634
634 635 636
635 636 637
636 637
637
641 643
643 644
644 646
646
649
652
658 659
659 661
661 662
662
667
677 678
678
682
695 696 697
696 697
697
700 701
701
706 707 708
707 708
708 709
709 711
711
714 716
716 718
718 719
719 721
721 723
723
727 728 729
728 729 730
729 730 731
730 731
731 733
733 735
735 736 737
736 737 738
737 738 739
738 739 740
739 740
740 742
742
745
748 749 750
749 750
750 752
752 753
753 755
755 756 757
756 757 758
757 758
758 760
760 761
761
768 770
770 771 772
771 772
772 774
774
777 778
778 780
780
785 786
786 788
788
792 793 794
793 794
794
797 799
799 801
801 803
803 804
804
807 808
808
811 813
813 814
814
817 818 819
818 819 820
819 820 821
820 821 822
821 822 823
822 823 824
823 824 825
824 825
825 827
827 828 829
828 829
829 831
831 833
833
836 838
838 840
840 842
842
845
851 853
853 855
855
858 860
860
863 865
865
869 870 871
870 871
871 873
873 875
875 877
877
885
888 890
890 891 892
891 892 893
892 893 894
893 894 895
894 895 896
895 896
896 898
898 900
900 901 902
901 902 903
902 903
903 905
905 906
906 908
908 909 910
909 910 911
910 911 912
911 912
912
915
918
923 925
925 927
927 929
929
932 933
933
936 937 938
937 938
938
941 942 943
942 943
943
946 947 948
947 948
948 950
950
953 954 955
954 955 956
955 956 957
956 957 958
957 958 959
958 959
959 961
961 963
963 964 965
964 965
965 967
967 969
969 970
970
974 975
975
984
991 992 993
992 993
993
996 998
998
