#naive2.0.py
# GMT Fri Feb 14 13:34:33 2020
# 
0 1 999
1 999
5 6
6 8
8 9 10
9 10
10 12
12
15
21 23
23
26 27
27 29
29
32
36 38
38 39 40
39 40
40
44 46
46
50
55 56 57
56 57
57
61 62
62
65
69
72
75
83 84
84
90 92
92 94
94
97 99
99
105 107
107 108 109 529
108 109 110
109 110
110 112
112 114
114 116
116 117 118
117 118 119
118 119 120
119 120
120
124 125 126
125 126
126
129
134 135 136
135 136
136 138
138 139 140
139 140 141
140 141
141 143
143
149 151
151 152 153
152 153 154
153 154 155
154 155 156
155 156
156 158
158 159
159
165 167
167 168 169
168 169
169
174 176
176 177 178
177 178
178
182 183
183 811
188 189
189
192 193
193 195
195 197
197 199
199 201
201 203
203 204
204
207 209
209 210 211
210 211 212
211 212
212 214
214 215
215
218 219 220
219 220 221
220 221
221
224 225
225
228 229
229
232 234
234
237 238 239
238 239
239
246
251 252 253
252 253
253 255
255 257
257
262
265
272
275 276 277
276 277 278
277 278 279
278 279
279
282
286 287
287
293 294 295
294 295
295
299 300
300
303
308
312 313
313 315
315 316
316
319 320
320
324
327
330 331 332
331 332
332
336
341
344 346
346
351 352 353
352 353
353
357
361 363
363
368 369 436
369
373
377 379
379 380 381
380 381 382
381 382
382
387 388 389
388 389
389
393 394 395
394 395 396
395 396 397
396 397
397
403
406 407
407
411
414 415
415
419
422
427 428 429
428 429 430
429 430
430 432
432 433 434
433 434
434 436
436
438 439 440
439 440
440 442
442
446
450 452
452 454
454
457 458 459
458 459 460
459 460 461
460 461
461
469 470
470
473 474
474
477 478 479
478 479 480
479 480
480
484
490 492
492 493 494
493 494 495
494 495
495
498 500
500
504 506
506 508
508 509 510
509 510
510 512
512
516 518
518
522 524
524 525 526
525 526
526 528
528 529
529
532
537 538
538
543 545
545
548 550
550 552
552 554
554 555
555 557
557 558
558
566
571 572 573
572 573
573
580
583
586 588
588
591 593
593 594 595
594 595 596
595 596 597
596 597
597
601
608 609
609 611
611 612
612 614
614 616
616 617 618
617 618 619
618 619
619 621
621
627
630 631
631
635
638
641
646 647
647 649
649 650
650 652
652 654
654
659 660 661
660 661
661
666
669 670
670
673 674 675
674 675 676
675 676
676 678
678
681
684
687 689
689 690
690 692
692 694
694 695
695 697
697 698
698
709 711
711 712
712
719
724 725 726
725 726 727
726 727 728
727 728
728 730
730
737
746
750
756
759 761
761 762 763
762 763
763
777 778
778 780
780
788 789 790
789 790
790
793 794
794 796
796 797
797
801 803
803 804 805
804 805
805 807
807 808 809
808 809 810
809 810 811
810 811
811
814 815 816
815 816
816
819
824 825
825 827
827 829
829 830 831
830 831 832
831 832 833
832 833
833
839 840
840
843 844
844 846
846 847
847
851 852
852
856
859
862
866
870
875 877
877 878 879
878 879
879 881
881 883
883 885
885
891
895 896 897
896 897
897
901 902 903
902 903 904
903 904
904 906
906
909 910
910
915
920 921
921 923
923 925
925
932 934
934
937 938
938
942
945 946 947
946 947 948
947 948
948 950
950
954
957 958
958 960
960 961 962
961 962
962
965 967
967
974 975 976
975 976 977
976 977
977 979
979
983
986
990
993 994 995
994 995 996
995 996
996
999
