#naive2.0.py
# GMT Fri Feb 14 13:34:30 2020
# 
0 1
1
4 5
5
10 12
12 13
13 15
15 17
17 18 19
18 19
19 21
21 23
23 24 25
24 25 26
25 26
26 28
28 29
29
33 34 35
34 35 36
35 36 37
36 37 38
37 38 39
38 39
39
42 43 44
43 44
44
47
50 51
51
56 57
57
60 62
62 64
64
67 68 69
68 69 70
69 70 71
70 71 72
71 72 73
72 73 74
73 74 75
74 75
75
79 81
81 82 83
82 83 84 636
83 84
84 86
86 87
87
90
98 99
99 101
101
104 105 106
105 106 107
106 107 108
107 108 109
108 109 110
109 110
110
114 115
115
120 122
122 123 124
123 124 707 887
124
127 128 129
128 129
129
132 133 134
133 134
134 136
136
139 141
141 143
143 144
144
150 151 152
151 152 153
152 153
153 155
155 156 157
156 157
157
164
167 168
168
172 174
174 176
176 177 178
177 178
178 180
180 181 182
181 182
182
185 186
186 188
188 190
190
195 196
196 198
198 199
199
203
206
212
216 217
217 219
219
224 226
226 227
227
230 232
232 233 234
233 234
234
241 243
243 244 245
244 245
245 247
247
250
253
256 257 258
257 258
258
262 263
263
270 271
271
274 276
276 278
278 279
279 281
281
284
287 288 289
288 289 290
289 290 291
290 291 292
291 292 293
292 293
293 295
295 297
297 298
298 300
300
307 308
308
313
316
319 321
321
324
327 329
329 331
331 332 333
332 333 334
333 334 335
334 335 336
335 336 337
336 337 338
337 338 339
338 339 340
339 340
340
345 347
347 348
348
352 354
354 356
356 357 358
357 358 359
358 359
359
362 364
364
368 370
370 371
371
374 375
375 377
377 378
378 380
380
387 389
389 391
391
397
403 404 405
404 405 406
405 406
406
409 410
410 412
412 413 414
413 414
414 416
416
419 421
421 423
423 424
424
429 430 431
430 431 432
431 432
432
437 439
439 441
441 442
442
447
450 451 452
451 452 453
452 453
453
456
459
463 464
464
470
477
480 481 482
481 482
482
488 490
490
493
497
500 501 502
501 502 503
502 503
503
514 515
515
519 520
520
524 525 526
525 526 527
526 527
527
532 533
533
537 538
538
541
546 547
547 549
549 550 551
550 551
551
555 557
557 559
559 560 561
560 561 562
561 562 563
562 563
563 565
565 566 567
566 567 568
567 568 569
568 569
569
573 574 575
574 575
575
578 579
579 972
582 583 584
583 584
584
587 589
589 590 591
590 591
591
596
600 601
601 603
603 604
604
608 610
610 612
612 614
614 615
615 617
617 619
619 620
620 622
622 623
623
631 632
632 634
634 635 636
635 636
636
645
650 651 652
651 652 653
652 653 654
653 654 655
654 655
655
660 662
662
665
668 670
670 672
672
675 676
676 678
678 680
680 682
682
685 686 687
686 687
687 689
689
692 693
693
698
701 702
702 704
704
707
709 710 711
710 711 712
711 712
712
716
720
723 724 725
724 725 726
725 726
726
729
732
735 737
737 738
738 740
740
744 745 746
745 746 747
746 747
747 749
749 751
751 752
752 754
754 756
756
767 768
768
774 775
775
781
787 788 789
788 789 790
789 790
790 792
792
796 798
798 799
799 801
801
804 805
805 807
807 808 809
808 809
809
812
817 818
818
829 831
831 832
832
836 837
837 839
839 840 841
840 841 842
841 842 843
842 843
843 845
845
848 849
849
855 856 857
856 857 858
857 858 859
858 859
859 861
861 862
862
866
871
875 877
877 879
879 880 881
880 881 882
881 882
882 884
884
887 888
888
896 897
897
900
904 905
905
909 911
911 913
913 914
914
917
920
925
929
933 934 935
934 935 936
935 936 937
936 937
937
939 940
940
946
949 950
950
953 955
955 957
957 959
959
964 965
965
969 970 971
970 971 972
971 972 973
972 973
973 975
975 976
976 978
978
981 982
982
985
992
996
