#naive2.0.py
# GMT Fri Feb 14 13:34:34 2020
# 
2
5 6
6
10 11
11
14
21 23
23 24
24
27 28 29
28 29
29
35 37
37 38
38 40
40
43 44 45
44 45
45
48
51 52
52 54
54 56
56 57
57 59
59 61
61 63
63 65
65 67
67 68
68
71
74 76
76
85 86 87
86 87
87 89
89 90
90 92
92 93 94
93 94
94
100
105 106 107
106 107
107 529
111 112 113
112 113
113
117 119
119 120
120
128 129 130
129 130
130
133 135
135 137
137 139
139
142 143
143 145
145 147
147 148
148
154
157 158 159
158 159 160
159 160 161
160 161
161
164 165 166
165 166
166
176 178
178 180
180 182
182 184
184 185
185
188
191 192 193
192 193 194
193 194 195
194 195
195
198 199
199
203 204
204
207 208 209
208 209 210
209 210 211
210 211 212
211 212 213
212 213
213 215
215 217
217 218 219
218 219
219
224 225 226
225 226
226 228
228 229
229
232
235 237
237 238 239
238 239 240
239 240
240 242
242 243
243
248
252
256
263
268 269 270
269 270 271
270 271 272
271 272 273
272 273 274
273 274
274 276
276
279 281
281 282
282
285 286 287
286 287
287 289
289 290 291
290 291
291
295 297
297 298
298 300
300 302
302 304
304 305 306
305 306
306 308
308
312 314
314 315 316
315 316
316
321 322 323
322 323
323 325
325
328 330
330 332
332
337 338
338 340
340 342
342
346 348
348 350
350
356 357
357
361 363
363 365
365 366 367
366 367
367 369
369 370 371
370 371 372
371 372 373
372 373
373
376
379 380 381
380 381 382
381 382 383
382 383 384
383 384 385
384 385 386
385 386
386 388
388 390
390 391 392
391 392
392 394
394
397 399
399
407 408 409
408 409
409
414
418
425 426 427
426 427
427
430
435 436 437
436 437
437
444 445
445 447
447
452
458 460
460
463
468 469
469 471
471 473
473 474 475
474 475 476
475 476 477
476 477
477 479
479
483 485
485 486
486
492 494
494 495
495
498
502 503
503 505
505 506 507
506 507
507 509
509 511
511
518 519
519
523 525
525 527
527 529
529
533 534
534 536
536 537 538
537 538
538
541 543
543 545
545 546 547
546 547
547
550
553
561
565
570 571
571 573
573
579 581 972
580 581
581 583
583 584
584
587 589
589
592 594
594
597
600
603 604
604
609
613
616 617
617 619
619 621
621
623 624 625
624 625
625
628
633 634
634 636
636
638 639 640
639 640 641
640 641 642
641 642 643
642 643
643 645
645 646
646
649 650
650
655
658 659
659
662 664
664 666
666 667
667 669
669 670
670 672
672 673
673 675
675 676 677
676 677
677
683 684
684 685 686
685 686
686 688
688
692
696
700 701
701 703
703
706
713
717 719
719 720 721
720 721
721
725
729 731
731 733
733 734
734
737 738
738
741 742 743
742 743
743
745 746
746
751
756
760 761
761
764 766
766 768
768 769
769
773 775
775 777
777
781
784
787 789
789 791
791
794 795 796
795 796
796 798
798 800
800 801
801
806 808
808
816
820 822
822 824
824 826
826 827 828
827 828
828
832 834
834 835 836
835 836
836 838
838
841 843
843 845
845 847
847 848 849
848 849 850
849 850 851
850 851
851 853
853
856
859 861
861
868 870
870 871 872
871 872 873
872 873 874
873 874
874
877
883 885
885 887
887
889 890 891
890 891
891
895 897
897 898 899
898 899 900
899 900
900 902
902 903 904
903 904
904
908 910
910 911
911
916 917
917
921 922 923
922 923 924
923 924
924
929 930
930 932
932 933
933
939 941
941
944 946
946
950 952
952 954
954 955 956
955 956 957
956 957 958
957 958 959
958 959 960
959 960 961
960 961
961 963
963 964
964
967
971 972 973
972 973 974
973 974
974 976
976 978
978 979 980
979 980
980 982
982 983
983 985
985 986
986 988
988 990
990 991
991 993
993 995
995
999
