#naive2.0.py
# GMT Fri Feb 14 13:34:28 2020
# 
0 999 2 998
2 3
3 5
5 6 7
6 7
7 9
9 10
10 12
12 13
13
16 17 18
17 18
18
24 25 26
25 26 27
26 27
27
32 33 34
33 34
34 36
36 37
37 39
39 41
41 42
42
47 49
49 50
50
53
58
62 63
63 65
65 67
67
70 72
72 73
73 75
75
78 80
80 82
82 636
86 87 88
87 88 89
88 89
89 91
91
98 99 100
99 100
100
103 105
105
108 110
110
115 117
117 118
118
122
126
130
137 138
138 140
140 141 142
141 142
142 144
144 146
146
149 150
150 152
152
155
158 159
159 161
161 162 163
162 163
163
166 168
168 169
169 171
171
176 177 178
177 178
178 180
180
187 188 189
188 189 190
189 190
190
193 194
194 196
196 197
197 199
199 201
201 203
203 204
204
207 208
208
211
214 216
216 217
217 219
219 221
221 223
223
224
229
233 234
234 236
236 238
238
241 242 243
242 243 244
243 244 245
244 245
245 247
247 248
248
251
261 262
262
266 267 268 621
267 268 269
268 269 270
269 270
270
273
276 277 278
277 278
278 280
280 282
282
285
288 289
289
294
297 298
298
301 302 303
302 303 304
303 304 305
304 305
305 307
307 308 309
308 309
309
312 313
313
316 318
318
321 323
323 325
325 326
326 328
328 329 330
329 330
330 332
332
336 338
338 339 340
339 340
340 342
342 343
343
346 347
347 349
349 351
351 353
353 354 355
354 355 356
355 356 357
356 357 358
357 358
358 360
360
365 367
367 369
369
372 373
373 375
375 376 377
376 377
377 379
379 380 381
380 381
381 383
383 385
385 387
387 389
389
392 393 394
393 394
394 396
396
399 400
400
404 405 406
405 406
406
409 410
410
414
417 418 419
418 419
419
425 427
427
432 434
434 436
436
438 439 440
439 440
440
443 445
445
448
451 453
453 454 455
454 455
455
459 460 461
460 461 462
461 462
462
465 467
467 468
468 470
470 471
471 473
473 475
475
481
484
491 492
492
499 500
500 502
502
506
510
513
516
522 523
523 525
525 526 527
526 527
527 529
529
531 532
532
537 538
538
541 543
543 544
544
549 550 551
550 551 552
551 552
552 554
554 555
555 557
557
560 562
562 564
564
567
572 574
574
583
588
592 593
593 595
595
598
602 603 604
603 604 605
604 605 606
605 606
606
609
615
619 620 621
620 621
621
624 625
625 627
627 628 629
628 629
629
632 633 634
633 634
634 636
636
638
642 643
643
646 647
647 649
649
653
657 658
658
662 663
663 665
665 667
667 669
669
675
679 681
681 683
683
685
688
691
695
698 700
700 702
702 704
704 706
706 707
707
709
715 716
716
721 722
722 724
724
727 729
729 730
730 732
732 733
733
737
744
749 751
751 752 753
752 753
753
756
760 761
761 763
763 764
764 766
766 768
768 769
769 771
771 773
773 775
775 777
777
781 782 783
782 783
783 785
785 786
786 788
788
791 792 793
792 793
793
796 798
798
803 805
805 806 807
806 807
807
811 812
812
816 817 818
817 818 819
818 819 820
819 820
820
823
826 827 828
827 828 829
828 829 830
829 830
830
834 835
835 918
837
841
846
849 850
850 852
852 854
854
859 860 861
860 861 862
861 862 863
862 863
863
866
869
872 873
873 875
875 877
877 878
878
881 882 883
882 883 884
883 884
884
890 891
891
894 895
895 897
897
900 901
901 903
903 904
904
907
912
916 918
918 919 920
919 920 921
920 921
921
925 926
926 928
928 929 930
929 930
930 932
932 934
934 935
935 937
937
939 940
940 942
942
945
948 949 950
949 950 951
950 951
951
955 957
957 958
958
965
968 969 970
969 970
970 972
972
975
980 981
981
985 987
987 988
988
991
995
998 999
999
