#naive2.0.py
# GMT Fri Feb 14 13:34:30 2020
# 
1
4
9 10
10 12
12
15 16 17
16 17
17 19
19 20
20
23 24 25
24 25
25 27
27 28 29
28 29 30
29 30
30
37 39
39 40
40 42
42
45 47
47 48
48
51 52 53
52 53 54
53 54
54 56
56 57 58
57 58 59
58 59 60
59 60
60
65 66
66
69
73
76 78
78 79
79
83 84
84
88
92 93
93
97 98 99
98 99
99
104 105
105
110
113 114
114
118 120
120 121
121
126
131 132 133
132 133
133
138 139 140
139 140 141
140 141
141
145 146
146
149 150
150 152
152 153
153 155
155 156 157
156 157
157
162 164
164 165
165
172 174
174 176
176 177
177
180 182
182
185 186
186 188
188
191 192 193
192 193 194
193 194 195
194 195 196
195 196 197
196 197 198
197 198 199
198 199 200
199 200 201
200 201
201 203
203
206
211 212
212 214
214 216
216 217
217
220 222
222 224
224 225
225 227
227 228
228 230
230 232
232
236 237 238
237 238
238
242 243 244
243 244
244
249
255 256
256 258
258 259
259 261
261 263
263 264
264
269
273
286
294
298
302
305
308 309
309
312
318 319 320
319 320 321
320 321
321 323
323 325
325 326
326
330
335 336
336
340 342
342 344
344
347 348 349
348 349 350
349 350 351
350 351 352
351 352 353
352 353 354
353 354
354 356
356
360 362
362 363
363
366 368
368 369 370
369 370 371
370 371 372
371 372
372
382 383
383 385
385 387
387 388
388 390
390
393
396 397
397
406 408
408 410
410
417
420 422
422 424
424
427 428
428
433
437 438
438
442 444
444
448 450
450
453 455
455 457
457 458
458
461 463
463 464
464 466
466 467
467
471
475
479 480
480 482
482 484
484 485
485 487
487 489
489 491
491
495
498 499 500
499 500
500
503 505
505
508 510
510 512
512 513 514
513 514 515
514 515 516
515 516
516
520 521
521 523 552
523
530 531 532
531 532 533
532 533
533
539 540
540 542
542 544
544 546
546
549
552 554
554 555 556
555 556
556
559 561
561
565
569 570 571
570 571
571 573
573 574
574
577 578
578
583 584
584 586
586 587
587 589
589
592
595 596
596
599 600 601
600 601 602
601 602
602 604
604 606
606
610 612
612 614
614 615
615 617
617
620 621
621
623
628
633 634
634 636
636
638 639
639
645 646
646
653
656 657
657 659
659 660 661
660 661
661
664 665
665
669 670
670
674 675
675
678 680
680 681 682
681 682
682
685 686 687
686 687 688
687 688
688
693 695
695
700 701
701 703
703 705
705 706
706
715
718 719
719 721
721 723
723 724
724
728 729
729
733 734 735
734 735
735 737
737 738
738 740
740 741 742
741 742 743
742 743
743 951
746 747 748
747 748
748 750
750
754 755
755 757
757 758 759
758 759
759 761
761 763
763 764
764 766
766
769 770
770 772
772 773 774
773 774
774
779 781
781 782
782
785 786
786
790 792
792 793
793
798 800
800 802
802 803
803
806 807
807 809
809
819 820 821
820 821 822
821 822 823
822 823
823
829 830
830 832
832 834
834
837 838
838
842
846 847 848
847 848 849
848 849 850
849 850
850
857
861 862
862
867
875 876
876 878
878 879 880
879 880
880
884 886
886
889
895
900
904 906
906
911 912 913
912 913 914
913 914 915
914 915 916
915 916
916 918
918
923 924
924 926
926
934
938
941 942
942
947
951 952
952 954
954
958 960
960 961
961
964
968
973 975
975 976 977
976 977 978
977 978
978 980
980 981
981
988 989
989 991
991 992
992
995 997
997 998
998
