#naive2.0.py
# GMT Fri Feb 14 13:34:32 2020
# 
1 999
6 7
7 9
9 10 11
10 11 12
11 12
12
15 16
16 18
18
22 23
23
28 29 30
29 30
30
34 36
36
39 40
40 42
42 43
43
48 50
50 51
51 53
53 54 55
54 55 56
55 56
56
59
65 67
67 68 69
68 69
69 71
71
74 76
76 77
77 79
79 81
81 82
82 84 636
84 85
85
88
96 97
97 99
99 100 101
100 101
101 103
103 104 105
104 105
105 107
107 108 529
108
111 112
112
117 118 119
118 119
119 121
121 123
123 707 887
140 142
142 144
144 146
146
152 153 154
153 154 155
154 155 156
155 156
156
159 160
160
163
166 167
167
171 173
173 175
175
178
181 182
182 184
184
187
190
193 194
194
197 199
199 201
201
204
207 209
209 211
211
217 219
219
222 223
223 225
225 226 227
226 227 228
227 228
228 230
230 232
232 233 234
233 234
234
237 238
238
246
249
254 255
255
258 260
260 261 262
261 262 263
262 263 264
263 264
264
268
274
279 280 281
280 281
281
284 286
286
290
294 296
296 297 298
297 298 299
298 299
299
302 303
303
307 309
309
312 313
313 315
315 316
316
321 323
323
326 328
328
333
336 337
337 339
339 340
340
345
348 349 350
349 350 351
350 351 352
351 352 353
352 353
353
356 357 358
357 358 359
358 359 360
359 360
360 362
362
366 367 368
367 368
368 436
371 372 373
372 373 374
373 374
374 376
376 378
378
385 387
387 389
389 390
390
393 394 395
394 395 396
395 396
396
399 401
401 403
403 404
404
408 409
409 411
411 412
412
415 417
417
421
424 426
426 427 428
427 428
428
432 433
433
436 437
437
443 444 445
444 445 446
445 446 447
446 447 448
447 448
448
452 454
454 455 456
455 456
456
459 460
460
463 464 465
464 465 466
465 466 467
466 467
467
470 472
472
481 482
482
485 487
487 488 489
488 489
489 491
491 493
493 494
494 496
496 497
497
501 502 503
502 503 504
503 504
504 506
506
510
513 515
515 516
516 518
518
521
522
527 529
529
532 534
534 535
535
540 542
542
547
553 555
555 557
557 558 559
558 559
559
562
565 566 567
566 567 568
567 568
568
571
574 575
575
578 580
580 581
581
584 585
585
588
594
597
602
605 606
606 608
608
611 613
613
616 618
618
623 625
625 627
627 628 629
628 629 630
629 630 631
630 631
631
635 636 637
636 637
637
644 646
646
650 652
652
658
664
669 670 671
670 671 672
671 672 673
672 673
673
676 678
678
681 682
682 684
684 685 686
685 686
686
691
694 696
696 698
698 699 700
699 700
700
704 706
706 707
707
712 714
714 716
716 717 718
717 718 719
718 719
719
722
725 727
727 728
728
734 735 736
735 736
736 738
738 739
739
742 744
744 746
746 748
748 749
749
753
756 758
758
761 762
762
767 768
768
771 772
772 774
774 775
775 777
777 778 779
778 779 780
779 780
780
785 787
787 788
788 790
790
794 795 796
795 796 797
796 797
797 799
799 800 801
800 801 802
801 802 803
802 803
803 805
805 807
807 809
809 811
811 812 813
812 813 814
813 814 815
814 815
815
819
827 828
828
835
837 838 839
838 839
839 841
841
845
848 850
850 852
852 853
853 855
855 857
857 858 859
858 859
859
867
873 874
874
886 887 888
887 888
888 890
890 892
892 894
894 896
896
903 905
905 906
906 908
908 909
909
913 914
914
920 921 922
921 922 923
922 923 924
923 924 925
924 925 926
925 926
926
930 931 932
931 932
932
935 936
936
939 940 941
940 941 942
941 942
942 944
944
947 948
948 950
950
953
957
962 964
964
967
972 973
973
979 981
981 982
982
988 989
989 991
991
994 996
996 997 998
997 998 999
998 999
999
