#naive2.0.py
# GMT Fri Feb 14 13:34:29 2020
# 
1 999
6
14
17
21
24 26
26
29 31
31 32 33
32 33 34
33 34 35
34 35
35 37
37 38
38 40
40 42
42 43
43
54 55 56
55 56
56
61 62
62 64
64 66
66 67 68
67 68
68
71 72 73
72 73 74
73 74 75
74 75 76
75 76
76
80 81 82
81 82 83
82 83
83 85
85
89 90 91
90 91
91
94
100 102
102 103
103
109 110 111
110 111 112
111 112
112 114
114 115 116
115 116 117
116 117
117 119
119
122
126
129 130 131
130 131 132
131 132 133
132 133 134
133 134
134 136
136 137 138
137 138
138
141
145 146 147
146 147 148
147 148
148
152 153
153
160
163
166 168
168
171
175 176
176
182
189 190 191
190 191
191 193
193 194 195
194 195
195
199 201
201 203
203 204 205
204 205 206
205 206
206 208
208 210
210 212
212 213 214
213 214 215
214 215 216
215 216
216 218
218
223 429
228 230
230 232
232
236 237
237 239
239 241
241
247
252 253 254
253 254 255
254 255 256
255 256
256
260 261 262
261 262 263
262 263 264
263 264 265
264 265 266
265 266 267
266 267 268 621
267 268 269
268 269 270
269 270
270
279 280
280 282
282 283
283 285
285 286 287
286 287
287
292 294
294 296
296 297 298
297 298 299
298 299 300
299 300 301
300 301
301 303
303 305
305 306 307
306 307 308
307 308
308 310
310
316 317 318
317 318
318 320
320 321 322
321 322 323
322 323
323
326 328
328 329
329
334 335 336
335 336 337
336 337
337 339
339 340 341
340 341 342
341 342
342
348 349
349
356 358
358 359 360
359 360
360 362
362 363
363
366 367 368
367 368
368 370 436
370 372
372 373
373 375
375 377
377
381 382 383
382 383
383 385
385
388 389
389
392
398
402
405
409 410
410
413 414
414 416
416 417 418
417 418 419
418 419 420
419 420 421
420 421
421
426 428
428 429
429
435 436 437
436 437
437 439
439 440
440 442
442
446 447 448
447 448
448
454
457 459
459 461
461 462 463
462 463
463
467 469
469 470 471
470 471 472
471 472 473
472 473
473 475
475
478
481 482 483
482 483 484
483 484
484 486
486 487
487 489
489
493 494
494
498 499 500
499 500
500 502
502 503
503 505
505
511 512
512
516 517 518
517 518 519
518 519
519 521
521 552
524 525 526
525 526
526
529
531
534 535
535
538
541 543
543
547 548 549
548 549 550
549 550
550 552
552 553
553
562
566 568
568 569 570
569 570
570
573 575
575 576
576
579 581 972
581 582
582 584
584 586
586 587 588
587 588
588
592
596
599 601
601 603
603
607 609
609 611
611 612
612
621
623 625
625 626 627
626 627 628
627 628 629
628 629
629
633
637 639
639
645
651
660 662
662 664
664 665
665
670
674
679
683 684
684 686
686 688
688 690
690 691
691
694
698
701 703
703 704
704
708
711 712 713
712 713
713 715
715 716 717
716 717
717
720
727
732 733
733
744
747 748
748 750
750
757
762
766 767 768
767 768
768
775 776 777
776 777 778
777 778
778 780
780
785 786
786
792 793
793 795
795 796
796
799 800
800 802
802
805
808 810
810 811 812
811 812
812
815
818 820
820 821
821 823
823 825
825 826
826 828
828
832 834
834 835 836
835 836 918
836 837 838
837 838
838
844
859 860
860
863 864
864
868
871
874 875
875 877
877 879
879 880 881
880 881
881 883
883 884
884 886
886
889
895 896 897
896 897 898
897 898
898 900
900
905
909 910 911
910 911
911 913
913 914
914 916
916 917 918
917 918
918
921 922
922 924
924 926
926 928
928 929 930
929 930 931
930 931 932
931 932 933
932 933
933
938 939 940
939 940
940
943 944 945
944 945 946
945 946
946
953
956 957 958
957 958
958 960
960 962
962 963
963
966 967
967
971 972 973
972 973
973 975
975
982 983 984
983 984
984 986
986 988
988 990
990
998 999
999
