#naive2.0.py
# GMT Fri Feb 14 13:34:29 2020
# 
0 2 998
2 3
3
8
11 12
12
19 21
21 22 23
22 23
23
26
30 31
31
34
38 39
39 41
41 43
43
46 47
47
50 52
52 54
54 56
56 57
57
60 61 62
61 62
62 64
64 66
66
70
79 80 81
80 81 82
81 82 83
82 83
83 85
85 87
87 88 89
88 89
89
93 94 95
94 95 96
95 96
96 98
98
103 105
105
109
114 115
115
121 123
123 124
124
128 130
130 131 132
131 132
132 134
134 135 136
135 136
136 138
138 139
139 141
141 142 143
142 143 144
143 144 145
144 145 146
145 146 147
146 147 148
147 148
148 150
150 151
151 153
153
156
159 160
160 162
162 164
164 165 166
165 166
166
170 172
172 173
173 175
175
178 180
180 181 182
181 182
182 184
184 185
185 187
187 188 189
188 189
189 191
191 193
193
196 197 198
197 198
198
202 204
204
207 209
209 210 211
210 211 212
211 212
212
219 220 221
220 221
221 735
224
231 232 233
232 233
233 235
235 582
236 238
238 240
240
243 244 245
244 245
245
249 250
250 252
252 253
253 255
255
258 259
259
263 265
265 267
267 268 269
268 269
269
272 274
274
277
281 282
282
286 287
287
291 292 293
292 293 294
293 294
294
297
300
307 308 309
308 309 310
309 310
310
313
317
323 325
325
329 330
330
334 336
336 338
338 339
339 341
341
344 346
346 347
347 349
349 351
351 352
352 354
354 356
356 358
358
361 362
362
365 366
366
369
373
379
382 383
383 385
385 386
386 388
388 389
389
394 395 396
395 396 397
396 397
397 399
399
402 404
404 405 406
405 406
406 408
408 410
410 411 412
411 412
412
415
418
422 423
423
428
432 434
434 436
436 437
437 439
439
444 445
445
449
452
455 456 457
456 457 458
457 458 459
458 459 460
459 460 461
460 461
461
466 467
467
475 477
477 478 479
478 479
479
482
488 489
489 491
491 492
492 494
494 495 496
495 496
496 498
498
503
506 507
507 509
509 510
510 512
512 514
514 515 516
515 516
516 518
518 519
519
526 528
528 530
530
535 537
537 539
539
543 545
545 546 547
546 547 548
547 548 549
548 549
549
553 555
555 556
556
562 563
563 565
565 566
566
570 571
571 573
573 574 575
574 575
575
578 579
579
582
587 589
589 590 591
590 591 592
591 592 593
592 593 594
593 594
594 596
596
600 601
601 603
603 605
605
611 612
612
615
619 620 621
620 621
621
624 626
626 628
628
635
638 640
640
646 648
648 649
649
652 654
654 655
655
658 660
660 661
661
664 666
666
669
672
675 676 677
676 677 678
677 678
678
685 686
686 688
688 689 690
689 690 691
690 691 692
691 692
692 694
694 695
695 697
697 698
698 700
700 701 702
701 702
702 704
704 706
706
715 716
716
724 725 726
725 726 727
726 727 728
727 728
728 730
730 732
732
735 737
737 739
739 741
741
746 748
748
753 755
755 757
757
760 761 762
761 762
762
770
775
780 782
782 783
783 785
785 786
786 788
788 789 790
789 790
790 792
792 793
793 795
795 796
796
799
803 804
804 806
806 807 808
807 808 809
808 809
809 811
811
815
820 821
821
824 825 826
825 826
826 828
828
833 835
835 836
836 837
837
842
845 847
847 849
849 850
850 852
852 853 854
853 854
854
858 859 860
859 860 861
860 861 862
861 862
862
866 868
868 870
870 871
871 873
873
877
880 882
882 883
883
886 888
888 889
889 891
891 892
892
897 898
898
901 902 903
902 903 904
903 904 905
904 905
905 907
907 909
909 910 911
910 911
911 913
913 914
914
919 921
921 922
922
927 928 929
928 929 930
929 930 931
930 931 932
931 932
932
939
945 947
947 948
948
954 955 956
955 956 957
956 957 958
957 958 959
958 959
959 961
961 963
963 965
965 967
967 968
968
973
977 979
979 980 981
980 981 982
981 982 983
982 983
983
988 989 990
989 990
990 992
992 993
993
996 998
998
