#naive2.0.py
# GMT Fri Feb 14 13:34:28 2020
# 
0 1 999 998
1 3 999
3 4
4 868
9
12 13 14
13 14 15
14 15 16
15 16 17
16 17
17
20 22
22 23 24
23 24
24 26
26 28
28 29 30
29 30 31
30 31 32
31 32
32
37
42 43
43 45
45 46 47
46 47
47
50 51 52
51 52
52
55
58
61 63
63
66 68
68 69 70
69 70 71
70 71
71 73
73 74 75
74 75
75
79
82 636
85 87
87
90 91
91
95
97
100
107 109 529
109
112 113
113 115
115
118 119
119
122
127
131 132 133
132 133
133
136 137
137
140
143 144
144
147
151 152
152 154
154
158 159
159 161
161 162
162
165 167
167
173
179
184 185
185 187
187 188
188
192 194
194 195 196
195 196
196
201 203
203
209 210
210
215 216
216
220 221
221 735
224
227 228
228
231
238
242 243 244
243 244
244
247 249
249 250
250
253 255
255
261
264
268 269 270
269 270
270
274 275
275 277
277 278
278 280
280 281
281
286 287
287
290 292
292
295 296 297
296 297 298
297 298
298 300
300
304 306
306 308
308 309
309
313
316
324 326
326 327
327 329
329 331
331
334 336
336 337 338
337 338 339
338 339 340
339 340 341
340 341
341 343
343
347 348 349
348 349
349 351
351 352
352
355 356
356 358
358
362 364
364 365
365
371
376 377
377
380 381
381
386 388
388
393 395
395 396
396
399
402 404
404 405 406
405 406 407
406 407
407 409
409 410
410
415
418 420
420 421
421
427 429
429
436
440 441
441 443
443
448 449
449
452 454
454 455
455 457
457 458
458
463
467 468
468
471 473
473 474
474
477
481 482 483
482 483 484
483 484
484
487
490 491 492
491 492
492
496 498
498 500
500 502
502
505 506
506
510 512
512 513
513
516 517
517
520 522
522 524
524
527 529
529
534 535 536
535 536
536
539 540
540
543
546 547
547
550 551 552
551 552 553
552 553 554
553 554 555
554 555
555
558 560
560
564 565 566
565 566
566 568
568 569
569 571
571 573
573 574
574 576
576
579 581 972
581
584
589 590 591
590 591
591
594
599
603
606 607
607 609
609 610
610
614 615
615
618 619 620
619 620 621
620 621
621
627 629
629 630
630
636 637
637 638 639
638 639
639
642
646
649 650 651
650 651
651
654 655
655
660
664 666
666
669 670 671
670 671
671 673
673 674
674
678
681 683
683 684
684 685
685 687
687 688
688
691
696 698
698 699
699 701
701 703
703 704
704
709 711
711 712 713
712 713
713 715
715 716 717
716 717 718
717 718
718
722 723
723
727
733 735
735 736 737
736 737 738
737 738 739
738 739 740
739 740 741
740 741 742
741 742
742
745 747
747 749
749
755
759
762 763
763 765
765
768 770
770
775 776
776 778
778
789 790 791
790 791 792
791 792 793
792 793
793 795
795 796
796 798
798 799
799 801
801
805 806 807
806 807 808
807 808 809
808 809 810
809 810 811
810 811 812
811 812
812 814
814 815
815
821 822
822 824
824 825
825 827
827 829
829
833 834
834
838 839 840
839 840
840
845
849 850 851
850 851
851 853
853 854
854
857
862
865 866
866 868
868
871 872
872
875
879 880 881
880 881 882
881 882 883
882 883 884
883 884 885
884 885 886
885 886
886
889
896 897 898
897 898 899
898 899
899 901
901 902 903
902 903
903
906 907
907
910
913 914 915
914 915
915 917
917 918
918 920
920 922
922 923
923
926 927 928
927 928
928 930
930 931 932
931 932 933
932 933
933
937 938
938 939
939
942 944
944 945 946
945 946
946
951 953
953
959 960 961
960 961 962
961 962
962 964
964 965
965
970 972
972
976
979
983 984
984
988 990
990 991 992
991 992
992
995 996 997
996 997 998
997 998 999
998 999
999
