#naive2.0.py
# GMT Fri Feb 14 13:34:34 2020
# 
0 999 998
3
13 14 15
14 15 16
15 16
16 18
18
21 22 23
22 23
23 25
25
30
33 35
35 36 37
36 37 38
37 38
38 40
40 42
42 43
43 45
45 46
46 48
48
51 52
52
55 57
57
61
64 65
65
69 70
70 72
72 73
73
76 77 78
77 78 79
78 79 80
79 80 81
80 81 82
81 82 83
82 83 84
83 84 85
84 85
85
88 89
89
92 93
93
99
102
112 113
113 115
115 117
117 118
118
121 123
123 124 887
124 126
126 127 128
127 128
128 130
130
133
137
145 147
147 149
149 151
151 153
153
156 157 158
157 158 159
158 159
159
162 163
163 165
165 166 167
166 167 168
167 168
168
176 177
177
181 182 183
182 183 184
183
184 186
186 187
187
191 193
193
196
199 200 201
200 201
201
204 206
206 207 208
207 208
208
213
217 218
218 220
220 221 222
221 735
222
227 229
229 230
230 232
232 233 234
233 234 235
234 235
235 237
237 238
238
247 249
249 250 251
250 251 252
251 252 253
252 253 254
253 254 255
254 255
255 257
257 258 259
258 259 260
259 260
260 262
262 264
264 265 266
265 266
266 268
268
271 272
272
275 276
276
279 280
280
284 286
286 287 288
287 288 289
288 289
289 291
291
297 298
298
301
305 306
306 308
308 309 310
309 310
310 312
312
317 319
319
324
327
330 332
332 333 334
333 334 335
334 335 336
335 336
336
341
344
347 348
348
351 353
353 354
354 356
356 358
358 360
360 361 362
361 362 363
362 363
363 365
365 367
367 368 369
368 369 436
369
372 374
374 375
375 377
377 378
378 380
380
386
390 391 392
391 392
392 394
394 395 396
395 396
396
402 404
404
407
411 413
413 414
414 416
416
421 423
423 424 425
424 425 426
425 426 427
426 427 428
427 428
428
431 432 433
432 433
433 435
435 436
436
438
442 443
443
448
453
456
463
471
474 476
476
480 482
482
486
490 492
492 494
494
497
502
510 512
512
516 518
518 519
519 521
521 552
522 524
524 525 526
525 526 527
526 527 528
527 528 529
528 529
529
532 533
533 535
535 536 537
536 537
537 539
539
542
545 547
547 549
549
552
555
560
574
577 578 579
578 579
579 581
581 583
583 584
584
587
592 594
594
597
600 601
601 603
603 604
604
607 608 609
608 609
609
612
622
625 626 627
626 627
627
633
637 639
639 641
641 643
643
650 651 652
651 652 653
652 653
653
661 662 663
662 663
663 665
665 666
666
669
672 673
673 675
675 677
677 679
679 680 681
680 681 682
681 682 683
682 683 684
683 684
684
689
692
700
704
708 709
709 711
711 713
713 715
715 716 717
716 717
717 719
719
725
728 730
730 732
732
735 736
736 738
738 739 740
739 740 741
740 741 742
741 742
742 744
744
747 748
748 750
750 751 752
751 752 753
752 753
753 755
755 756
756 758
758 759 760
759 760
760
763 764 765
764 765
765
769
776
781
784
787 789
789 790 791
790 791
791 793
793 794
794 796
796 798
798
805 806 807
806 807 808
807 808
808 810
810
817 818
818
821 823
823
828 829 830
829 830 831
830 831 832
831 832 833
832 833 834
833 834 835
834 835
835
837 838
838 840
840
843 844 845
844 845
845 847
847
853 855
855 856
856
859 861
861 862 863
862 863 864
863 864
864
867 937
871 872
872
875 877
877 878
878 880
880 882
882 884
884 885
885 887
887
891
894 895 896
895 896
896 898
898 899 900
899 900
900
903 904 905
904 905
905 907
907 908
908 910
910 912
912 914
914
919 920
920
924 925
925
928 929
929
933 934
934
937
939 941
941 943
943 945
945
948 949 950
949 950
950 952
952 954
954 956
956
959 961
961 962 963
962 963
963 965
965 966 967
966 967 968
967 968
968 970
970 971
971
975 976
976
979 980
980 982
982
989 991
991 992 993
992 993
993 995
995 997
997 998 999
998 999
999
