#naive2.0.py
# GMT Fri Feb 14 13:34:31 2020
# 
1 2
2
5 6
6 8
8 9
9
12 13 14
13 14 15
14 15
15
18
22
26
29 30
30
35
38 39
39 41
41 42
42 44
44 45 46
45 46
46 48
48 49
49 51
51
58
61
64
67 69
69 71
71 73
73
77
80 81
81 83
83
86 88
88 89 90
89 90 91
90 91 92
91 92
92 94
94
97
106
109 111
111
114 115 116
115 116
116
120 121
121 123
123 125
125 127
127 128
128 130
130 131 132
131 132 133
132 133
133 135
135 136 137
136 137
137 139
139
142 143
143 145
145 146
146 148
148 149
149
152 154
154 155
155
158 159 160
159 160 161
160 161 162
161 162
162 164
164 165
165 167
167 168
168
173 175
175 177
177
180
183 185
185 187
187
190 192
192
195 196
196
199 200
200
205
208
215 217
217
221
224 226
226 227 228
227 228 229
228 229
229
235 237
237
240 241 242
241 242 243
242 243
243
248 249 250
249 250 251
250 251 252
251 252 253
252 253 254
253 254
254
259
262 264
264 265
265
273
276 278
278
281
288 289
289 291
291
294 295 296
295 296
296 298
298
301 303
303 304
304 306
306 307
307
310
313 315
315 316 317
316 317
317 319
319 320 321
320 321
321 323
323 325
325 326
326
330 332
332
335
338
341 343
343
346 348
348
351
355 356
356
360
363
367 369
369 370
370 372
372 374
374 376
376
379
382 383 384
383 384 385
384 385 386
385 386 387
386 387 388
387 388 389
388 389 390
389 390 391
390 391
391
394
397
407
410
421
425 427
427
431
435 436 437
436 437
437 438 439
438 439
439
443 444 445
444 445
445 447
447 449
449
452 454
454 456
456
461
467 469
469 470 471
470 471 472
471 472 473
472 473
473
479 481
481 482
482
485 486
486
489 490
490 492
492 493
493 495
495 497
497 498 499
498 499 500
499 500 501
500 501
501
507 508
508 510
510 511 512
511 512 513
512 513 514
513 514 515
514 515
515
519 520 521
520 521 522
521 523 552
522 523 524
523 524
524 526
526 528
528
533 535
535 537
537 539
539 541
541
544
549 550
550 552
552 553
553
557 558
558 560
560 562
562
565
572 574
574 576
576 577 578
577 578 579
578 579
579 581 972
581 583
583 585
585 587
587 588 589
588 589 590
589 590 591
590 591
591 593
593
596 598
598 600
600
609 611
611 612
612 614
614 615
615
621
626
635 636 637
636 637
637
640 641 642
641 642 643
642 643 644
643 644 645
644 645
645 647
647 648 649
648 649
649
655 657
657 658
658 660
660 661 662
661 662
662 664
664 665 666
665 666
666
669 670
670
674
677 678 679
678 679 680
679 680
680
683 684
684
687
690
693
696 697 698
697 698
698
701
705
711 712
712 714
714 715 716
715 716 717
716 717 718
717 718
718 720
720 721
721
726
731 732 733
732 733
733
737
741 742 743
742 743 744
743 744
744
748 749 750
749 750
750 752
752 753 754
753 754
754
757
761 762
762
769 770
770 772
772 773
773
777 778 779
778 779
779 781
781
785 787
787 788 789
788 789 790
789 790
790
794 795 796
795 796 797
796 797
797
801
805
810 812
812
815 817
817 818 819
818 819 820
819 820
820 822
822 823
823
827
830
837 839
839
842 843 844
843 844
844
847 848 849
848 849 850
849 850
850
854 855 856
855 856
856 858
858
866
869 870
870
873
880 882
882 883
883
886 888
888 889 890
889 890 891
890 891 892
891 892
892
898
901 903
903 904 905
904 905
905
909 911
911 912
912
918
921 922
922
925 926 927
926 927
927
930 931 932
931 932
932 934
934 935 936
935 936 937
936 937 938
937 938
938
941 943
943 944
944
947 948 949
948 949
949
952 953
953
956
959
962 964
964 965 966
965 966
966
972 974
974 975 976
975 976 977
976 977 978
977 978
978 980
980 982
982
985
989
996 997
997
