#naive2.0.py
# GMT Fri Feb 14 13:34:31 2020
# 
4 5 868
5 6 7
6 7
7
11 12
12 14
14 15 16
15 16
16
19 20
20 22
22
27
30
37 38 39
38 39 40
39 40 41
40 41
41 43
43 44 45
44 45 46
45 46
46 48
48 49 50
49 50
50 52
52 53 54
53 54 55
54 55 56
55 56 57
56 57 58
57 58
58 60
60 61
61 63
63 65
65 67
67 69
69
72 73 74
73 74
74
81
87
90 91
91 93
93 94 95
94 95 96
95 96
96
99 101
101 103
103
106 107
107 529
113 114
114 116
116 118
118
122 124
124 125
125 127
127 129
129
133 135
135 136
136 138
138
141 142 143
142 143 144
143 144
144
147 149
149
153 155
155 156
156
160 161 162
161 162
162
165
169 171
171 173
173 174 175
174 175
175
179 181
181
185
188 190
190 192
192 193 194
193 194
194
198 200
200 201 202
201 202
202
205 206 207
206 207 208
207 208 209
208 209 210
209 210
210
213
219 221
221 223 735
223
224
227 229
229 231
231 233
233
239 241
241 243
243 244
244
248
251 252 253
252 253 254
253 254
254
257
261
264 266
266 267 268
267 268 269
268 269
269
272 273 274
273 274
274
278 279 280
279 280
280
284
288
291 293
293
300
304
308 309
309 311
311 313
313 314
314 316
316 317
317 319
319 320 321
320 321
321
324 325 326
325 326 327
326 327 328
327 328 329
328 329 330
329 330 331
330 331 332
331 332
332
336
339 340
340
345
348 349
349
353 355
355 356 357
356 357
357 359
359 360
360 362
362 363 364
363 364
364 366
366 367 368
367 368
368 436
371
374 375
375 377
377
380
383 385
385 386
386
389 390
390 392
392 393 394
393 394 395
394 395
395
400
404 406
406
409 410 411
410 411 412
411 412 413
412 413
413 415
415 416 417
416 417
417 419
419
426 427 428
427 428
428
431
434 436
436
439 440
440
443 445
445 447
447 449
449 450 451
450 451 452
451 452
452
455 457
457 458
458
462 463
463 465
465 466 467
466 467 468
467 468
468
473 474 475
474 475 476
475 476
476 478
478 479
479
483
489 490 491
490 491
491 493
493 494
494
498 500
500 501
501 503
503 504
504
507 508 509
508 509
509
512 513 514
513 514 515
514 515
515 517
517
521 523
522 523
523
526 527 528
527 528 529
528 529 530
529 530
530 532
532 533
533 535
535 537
537 538 539
538 539 540
539 540 541
540 541 542
541 542 543
542 543
543
548
554 555
555
558
561 563
563 565
565
571
575
578 579 580
579
580 582
582 584
584
588 590
590 592
592
603 605
605
609
612
616 617 618
617 618 619
618 619 620
619 620
620
624 625 626
625 626
626
631 632
632 634
634
637
641 642
642
647 648 649
648 649
649 651
651 652
652
655 657
657 658
658
664 665
665 667
667 668
668 670
670
679 680 681
680 681 682
681 682 683
682 683 684
683 684
684 685
685
689
694 695
695 697
697 698 699
698 699 700
699 700
700 702
702
705 706 707
706 707 708
707 708
708 710
710 712
712 713 714
713 714 715
714 715 716
715 716
716 718
718 719
719
722
725 726
726
729
733 734 735
734 735 736
735 736
736
740 741
741
744 746
746
750 752
752
758
761 762 763
762 763
763
768 769 770
769 770
770 772
772 773 774
773 774
774 776
776 777
777
780 781 782
781 782
782 784
784 786
786
789 790 791
790 791 792
791 792 793
792 793 794
793 794
794
797
802
805
810
815
820
823 824 825
824 825 826
825 826
826 828
828 830
830 831 832
831 832
832 834
834 836
836
845
850
855 857
857
864 865
865
868 869
869
874
879
888 890
890 891 892
891 892
892 894
894
898
902 903 904
903 904 905
904 905 906
905 906 907
906 907 908
907 908 909
908 909 910
909 910
910 912
912 914
914 915
915
918 919 920
919 920
920 922
922
926 928
928 930
930
933
936 937 938
937 938
938 940
940 941
941
944
948 949
949 951
951 953
953 954 955
954 955 956
955 956
956
961
964 966
966 967
967 969
969 971
971
977 978 979
978 979
979
983 984 985
984 985
985 987
987 988
988 990
990
993 994
994 996
996 998
998 999
999
