#naive2.0.py
# GMT Fri Feb 14 13:34:34 2020
# 
0 998
4 868
8 9 10
9 10
10 12
12 13 14
13 14 15
14 15
15 17
17 18
18 20
20 21 22
21 22 23
22 23
23
26 27
27
30 31
31
37 38
38 40
40
43
47
52 53
53
56
64
68 69
69
76 78
78 80
80 81 82
81 82 83
82 83 84
83 84
84 86
86
89
95
97
100 102
102 103
103 105
105 106 107
106 107 108
107 108 109 529
108 109 110
109 110 111
110 111
111
118
121
124
129 130
130 132
132 133 134
133 134 135
134 135
135 137
137
140 141
141
144
148 149
149 151
151 152 153
152 153 154
153 154
154
157
162
166 167 168
167 168
168 170
170 171 172
171 172
172 174
174
177 178
178
189 190 191
190 191
191 193
193 194
194 196
196
199 200
200
205 206 207
206 207
207
210
215 217
217 219
219
222 224
224
227 229
229 230 231
230 231
231 233
233 234
234 236
236 238
238
244
247 248 249
248 249 250
249 250
250
253 254 255
254 255
255
258 259
259 261
261 263
263
267 268
268
275 276 277
276 277 278
277 278 279
278 279 280
279 280 281
280 281 282
281 282
282
290 292
292 293 294
293 294
294
297
300 301
301 303
303 305
305
311
314 316
316 317 318
317 318
318 320
320 321 322
321 322 323
322 323
323 325
325 326
326 328
328 330
330 331
331 333
333 335
335 337
337 338
338 340
340
343 344
344
355 356 357
356 357 358
357 358 359
358 359 360
359 360
360
363
367
370 371 372
371 372 373
372 373 374
373 374
374 376
376
381 382
382
385
395 396
396
400
403 404
404 406
406
412 414
414 416
416 417 418
417 418 419
418 419
419
423
433 434 435
434 435
435 437
437 438
438 440
440 441
441
448 449
449
452 454
454 455 456
455 456 457
456 457
457
460
465
472 473 474
473 474 475
474 475 476
475 476 477
476 477 478
477 478
478 480
480
483 484 485
484 485
485 487
487
492 493
493 495
495
499 500
500 502
502 504
504
507 508
508
516 518
518 519 520
519 520 521
520 521
521 552
529
531 533
533 534
534
537 539
539
542 544
544 545
545 547
547
552 553
553
560
566 568
568 569 570
569 570
570 572
572 573
573 575
575 576
576 578
578
583 584
584 586
586 587
587 589
589 590
590 592
592
595 596
596
600 601
601 603
603 604
604
607 609
609 610
610
613 614 615
614 615 616
615 616
616
620 621
621
628 629
629 631
631 632
632 634
634 635
635
640 641
641 643
643 644
644 646
646
651
654
658 659
659
665
668 669
669 671
671 672
672
675 676 677
676 677 678
677 678
678 680
680
684 686
686 687 688
687 688
688
691 692 693
692 693 694
693 694 695
694 695
695
698 699 700
699 700 701
700 701 702
701 702 703
702 703
703
708 710
710 711 712
711 712
712 714
714 716
716
721 722
722
727 728 729
728 729 730
729 730
730 732
732
735 736 737
736 737 738
737 738
738
741 742
742
746 747
747
753
758 760
760
765 766 767
766 767 768
767 768
768
771 772
772 774
774 775
775 777
777 778
778 780
780 781 782
781 782 783
782 783
783
786 788
788 789
789
793 794 795
794 795 796
795 796
796
801
804
811 813
813 815
815 817
817
821 823
823 825
825
828
833
836 837 838
837 838 839
838 839
839
842 843
843
851 853
853 854
854
857 858 859
858 859
859
862
865 866 867
866 867 868
867 868 937
868
872 874
874 876
876 877
877 879
879 880 881
880 881
881
891 892
892
895
899 900 901
900 901
901 903
903 905
905 906
906
911
914 916
916 917
917
920 921 922
921 922 923
922 923 924
923 924 925
924 925 926
925 926 927
926 927 928
927 928
928 930
930 932
932 933 934
933 934
934
937 938
938 940
940 942
942 943
943
949 951
951 953
953 954
954
959 960
960 962
962 964
964 965 966
965 966 967
966 967
967
971 972 973
972 973 974
973 974 975
974 975 976
975 976
976
982
991 992
992
995 996 997
996 997 998
997 998
998
