#naive2.0.py
# GMT Fri Feb 14 13:34:33 2020
# 
2 3
3
8 9 10
9 10
10 12
12 13
13 15
15
19
23
31 32 33
32 33
33 35
35 36 37
36 37 38
37 38
38
41
49 50 51
50 51
51
55
61
65
77 79
79
87 88
88
91 93
93 95
95 96 585
96 97 98
97 98
98
102 103 104
103 104
104
107
110
113 114 115
114 115
115 117
117 118 119
118 119 120
119 120
120
125 126
126 128
128 130
130 131 132
131 132 133
132 133 134
133 134
134
138 139
139 141
141 143
143 144
144
147
151
154
159 160 161
160 161
161
164 166
166 167
167
173 174
174
177 179
179
186
191 192 193
192 193
193 195
195 196
196 198
198 199 200
199 200 201
200 201 202
201 202
202 204
204 205 206
205 206 207
206 207
207
211 213
213
216 217
217
224 225 226
225 226 227
226 227 228
227 228
228 230
230 231 232
231 232
232
235 582
242 243 244
243 244
244 246
246
250
254 256
256
259 260
260
264 265
265
268
272 273 274
273 274 275
274 275
275 277
277 278
278
281 283
283
290
297 298 299
298 299 300
299 300
300
303
307 309
309
314
317 318
318 320
320 321 322
321 322 323
322 323
323
328 330
330
335 336 337
336 337 338
337 338 339
338 339 340
339 340 341
340 341
341
344 345
345 347
347 348
348 350
350
353 354
354 356
356
360 361
361 363
363
366 367
367 369
369 370 371
370 371
371
374 376
376
379 381
381
385 387
387 389
389 391
391 392
392
396
400 402
402
408 410
410 411 412
411 412 413
412 413 414
413 414
414 416
416 417
417
420 421 422
421 422 423
422 423 424
423 424
424 426
426 427 428
427 428
428 430
430 431
431
435
438
443 444 445
444 445
445
449 450 451
450 451 452
451 452 453
452 453
453 455
455 456
456
459 461
461
464 465
465
470 471
471
475 476
476 478
478 480
480 482
482 483 484
483 484
484 486
486 487 488
487 488
488 490
490 492
492
495
504 506
506 508
508 510
510 511 512
511 512
512 514
514 515
515 517
517 519
519
524
528 530
530
535 536 537
536 537 538
537 538
538 540
540
545 546
546
549 551
551
554 555 556
555 556
556 558
558 560
560 562
562 563 564
563 564
564
567 568
568 570
570 571
571 573
573 574
574
577 578 579
578 579
579 581
581 582
582
585 586 587
586 587
587
593
597 599
599
602
605 606
606 608
608 609 610
609 610 611
610 611 612
611 612
612
615
623
628 630
630 631
631
634 636
636
640 642
642 644
644 646
646 647
647 649
649 651
651 652 653
652 653 654
653 654
654
657 658 659
658 659
659
665 666
666
670 671
671 673
673 674
674
679 680
680 682
682 683 684
683 684
684
688
692
695
699 701
701
705 706
706 708
708
711 713
713
716 718
718
721 722
722 724
724
729
732 733
733 735
735 736
736 738
738 739 740
739 740
740
746
749 751
751 753
753 754
754 756
756 758
758 759
759 761
761
764 765 766
765 766
766 768
768 769 770
769 770
770
776
780
786 787
787 789
789 790 791
790 791 792
791 792 793
792 793 794
793 794
794
797
800 801 802
801 802
802
806 807
807
810
813
816 818
818 819
819 821
821 823
823
826 827
827 829
829 830
830
833
836
840 841
841
844 846
846 848
848 849
849
853 854 855
854 855
855
859 860 861
860 861 862
861 862
862 864
864
868 869 870
869 870
870
874
878
882
887
890 891 892
891 892
892
898 900
900
904 905 906
905 906 907
906 907
907
911 912
912 914
914 915
915
921 922 923
922 923 924
923 924
924
927 928
928 930
930 931
931
935 936
936
941 942
942
946 947
947
950 951 952
951 952 953
952 953 954
953 954
954
957 958
958
965
968
973 974 975
974 975 976
975 976
976
979 981
981 982 983
982 983 984
983 984
984
992 993
993
996 998
998 999
999
