#naive2.0.py
# GMT Fri Feb 14 13:34:28 2020
# 
0 999 998
4 868
6 7
7 9
9 10 11
10 11 12
11 12
12 14
14 15
15
21 22
22
27 28
28
31
35
38 39
39
47 49
49 51
51 53
53 54 55
54 55
55 57
57 58
58
62 64
64 65 66
65 66
66
69 70 71
70 71
71 73
73 75
75 76
76 78
78 79
79 81
81
84 86
86 87 88
87 88
88
94 95 96
95 96 585
96 97 98
97 98
98
101 103
103 104
104 106
106
114 115
115
120 121
121
124 125
125
129
134 136
136 137 138
137 138 139
138 139 140
139 140
140 142
142 143 144
143 144
144
148
151
154 155
155
158 160
160 162
162 163 164
163 164
164 166
166 167
167
170 172
172 173 174
173 174 175
174 175 176
175 176 177
176 177 178
177 178
178
181 183
183 185 811
184 185
185
193 194 195
194 195
195
201 202
202 204
204 206
206 207
207
215 216
216
219 220 221
220 221 222
221 223
222 223 224
223 225
224 225
225
228
234 235 236
235 237 582
236 237 238
237 238 239
238 239 240
239 240 241
240 241 242
241 242
242
245 247
247 248
248 250
250 251 252
251 252
252 254
254
258
261 262 263
262 263 264
263 264
264
267 268
268
273
277
280 281
281
285
288 290
290
293 294
294 296
296
299 300
300
304 305
305
310 312
312 313
313
316 317
317
322
332 333 334
333 334
334 336
336 338
338
342 343
343
349
353 354
354 356
356 357 358
357 358
358
362
366 367 368
367 368
368
371 373
373 374 375
374 375
375
378
382 383
383
387 388 389
388 389
389 391
391
396
399 400 401
400 401 402
401 402 403
402 403
403
407 408 409
408 409 410
409 410
410
415 416
416
419 420
420 422
422 423
423 425
425 427
427
430 431
431 433
433
438 440
440
444
448 450
450 451
451 453
453 454 455
454 455
455
459 460
460
465 466 467
466 467 468
467 468
468 470
470
473 474
474
477 479
479 481
481
485 486
486 488
488
491 492
492
495
500
507 509
509
512 514
514 515
515 517
517 518 519
518 519
519
524
530 531 532
531 532
532 534
534 535
535
539 541
541 542 543
542 543
543 545
545
550 551 552
551 552 553
552 553
553
556 557 558
557 558 559
558 559 560
559 560 561
560 561 562
561 562
562
571 572
572
575 577
577
582 584
584 585 586
585 586 587
586 587
587 589
589
598 599 600
599 600 601
600 601 602
601 602 603
602 603
603 605
605
608 609
609 611
611 613
613 615
615
624 625
625 627
627 628 629
628 629
629 631
631 633
633
640 641
641 643
643
651 652
652
655 656 657
656 657 658 683
657 658
658 660
660 662
662
665 667
667 668
668
671 672 673
672 673
673
677 678
678
682 683
683
685
688 689 690
689 690 691
690 691
691 693
693 694 695
694 695
695 697
697 698 699
698 699 700
699 700 701
700 701
701 703
703 704 705
704 705 706
705 706 707
706 707
707
713
718 720
720 722
722 723 724
723 724 725
724 725
725
730
734
743 951
746 748
748
755 756
756
759
767 768
768 770
770 771 772
771 772
772
775 776
776
779
783
787 788 789
788 789 790
789 790
790 792
792 793
793 795
795
798 799
799 801
801 802 803
802 803 804
803 804
804 806
806
811 812
812 814
814
818
821 822
822 824
824
828 829
829 831
831 833
833 834 835
834 835
835 918
837 839
839
845 846 847
846 847
847
850
857 858
858 860
860 861
861 863
863
868 870
870 871
871
874 876
876 877
877 879
879 881
881 882
882
886 887
887
890 891
891
896
900 902
902 903 904
903 904
904 906
906 907 908
907 908
908 910
910 911
911
916 918
918
925
931 933
933 934
934 936
936
944 946
946 948
948 949
949 951
951
954 955 956
955 956 957
956 957
957 959
959 960 961
960 961 962
961 962
962 964
964 965 966
965 966 967
966 967 968
967 968 969
968 969 970
969 970 971
970 971 972
971 972 973
972 973 974
973 974
974 976
976 978
978 980
980 982
982 983 984
983 984
984 986
986 987 988
987 988
988
991
997 998 999
998 999
999
