#naive2.0.py
# GMT Fri Feb 14 13:34:30 2020
# 
0 2 998
2
6 8
8 9 10
9 10 11
10 11
11
16
19
22
25
28 30
30 31 32
31 32 33
32 33
33 35
35 36
36
40 41
41 43
43
50 51 52
51 52 53
52 53 54
53 54 55
54 55 56
55 56 57
56 57 58
57 58 59
58 59 60
59 60 61
60 61
61 63
63 64
64 66
66 67 68
67 68
68 70
70 71 72
71 72
72 74
74
78 79 80
79 80
80
84 85
85 87
87
93 94
94
98
103 105
105
109
114 115
115
120
124
128
131 133
133
136 138
138 140
140 141 142
141 142 143
142 143
143 145
145 147
147 148
148
152 153
153 155
155 157
157 158
158 160
160
163 165
165 166
166
169 170
170 172
172 174
174 175 176
175 176
176
180
184 185 186
185 186
186
191
198 199
199
203
206
210 211
211 213
213 214
214 216
216
224 226
226
231 232
232
238
245
248 250
250 251
251 253
253
257 258 259
258 259
259 261
261 262
262
265 266 267
266 267
267
271
274 275
275 277
277 278
278 280
280 281
281
284 286
286 287 288
287 288 289
288 289
289 291
291 293
293
296 297
297 299
299 301
301
305
311 312
312 314
314 315
315
322
329
332 333 334
333 334 335
334 335 336
335 336 337
336 337
337
345 346
346 348
348 349 350
349 350
350 352
352 353 354
353 354 355
354 355
355
358 360
360
367 368
368 370
370 371 372
371 372
372 374
374 375
375
378 380
380 381 382
381 382 383
382 383
383
386 387
387 389
389 390
390
395 396 397
396 397
397
401 403
403 404 405
404 405 406
405 406
406
410 411
411
414 415 416
415 416
416
420
423
426 427 428
427 428
428
432
437 438 439
438 439 440
439 440
440
443 444
444
452 453 454
453 454 455
454 455
455
458 460
460 461 462
461 462
462 464
464 465
465
469 470 471
470 471
471 473
473 474
474 476
476
479 480
480 482
482 483 484
483 484 485
484 485
485
488 489
489
496 497 498
497 498 499
498 499 500
499 500
500 502
502 503 504
503 504
504 506
506 507 508
507 508
508 510
510 512
512
517 518
518
522
526 527 528
527 528
528
538 540
540 542
542
546 548
548 550
550 551
551 553
553 554
554 556
556 557
557 559
559
562 563
563
566
569 570 571
570 571 572
571 572
572 574
574 576
576
579
582 583 584
583 584
584
591 592
592 594
594
597
600
604
610
613 614
614
617 618
618
622
627
631 633
633 634 635
634 635 636
635 636 637
636 637
637 639
639 640
640
647
651 653
653
657 658 659
658 659 660
659 660 661
660 661
661 663
663 664 665
664 665
665 667
667
672 673 674
673 674 675
674 675
675
682
686 688
688 689
689 691
691 692 693
692 693 694
693 694 695
694 695
695
700 702
702 703 704
703 704
704
709 711
711
714
723 725
725 726
726
734 735
735 737
737 739
739 741
741
745 746 747
746 747 748
747 748
748
752
755
759
762 764
764 765 766
765 766
766 768
768
772 773 774
773 774 775
774 775 776
775 776
776
780 782
782 783
783
788 790
790 791 792
791 792
792
800 801
801 803
803 804 805
804 805
805 807
807 808
808
811
815 816 817
816 817 818
817 818
818
823 824 825
824 825 826
825 826 827
826 827
827
830 831
831 833
833
838 840
840
845
849 851
851 852
852
856 857 858
857 858 859
858 859
859
870 871 872
871 872 873
872 873 874
873 874
874 876
876 877
877 879
879 881
881
884 886
886 887
887
889
892 893
893 895
895 896 897
896 897
897
902 904
904 906
906 907
907 909
909 910 911
910 911 912
911 912
912 914
914 916
916 918
918 920
920
924 925 926
925 926 927
926 927
927
931 932 933
932 933
933 935
935 937
937 938
938 939 940
939 940
940 942
942 944
944 945
945
948 949
949 951
951 952 953
952 953
953 955
955 957
957 959
959 960
960
969
974
977
980 981 982
981 982
982
986 987 988
987 988
988
991 992
992 994
994 995 996
995 996
996 998
998
