#naive2.0.py
# GMT Fri Feb 14 13:34:32 2020
# 
3
7 8
8
11
17 18 19
18 19
19
23 24 25
24 25
25
31 32
32 34
34
37
40
43 45
45 46
46 48
48 50
50
53
57 58 59
58 59
59
62
65 66 67
66 67
67
70 72
72
75 76
76
81 83
83 84
84
87
96 97 98
97 98 99
98 99 100
99 100
100 102
102 104
104 105
105
110 112
112 113
113
118 119
119 121
121 122
122 124
124
128 129
129
134 135
135 137
137 138
138
141 143
143 144 145
144 145
145 147
147 149
149 150 151
150 151
151 153
153
156 158
158 159 160
159 160
160
164
168
171
177
181
184
188
191 192
192 194
194 196
196 198
198
201
204 205
205 207
207 208
208 210
210 212
212 214
214
217 218
218
221
222 224
224 226
226 228
228
232
235 582
236 238
238
244 245
245 247
247 248 249
248 249
249
255 256 257
256 257 258
257 258
258
261
267 268 269
268 269 270
269 270
270
273 274
274 276
276 278
278 280
280 281 282
281 282
282
287
290 291 292
291 292
292 294
294
297 298
298
301 302 303
302 303
303
309 310 311
310 311 312
311 312
312 314
314 315
315
318
324 326
326 327
327
330
334 335
335
341 343
343
347 348 349
348 349
349 351
351
356 357
357
362 363 364
363 364
364 366
366
369 370
370 372
372 374
374
377
381
386 387 388
387 388
388 390
390
398 399
399 401
401 402
402
405 406
406 408
408
411 413
413 414 415
414 415
415 417
417 418 419
418 419 420
419 420
420
423
426 428
428
432 433 434
433 434 435
434 435 436
435 436 437
436 437
437 439
439 440
440
444
449
454 455
455
459 460 461
460 461 462
461 462 463
462 463 464
463 464
464 466
466
470
473
476 478
478
482
487 488
488
494 496
496 498
498 499 500
499 500 501
500 501 502
501 502
502
506 507
507
514 515 516
515 516
516 518
518 520
520 522
522
525 526
526 528
528 529 530
529 530
530
536 537
537 539
539 540
540 542
542 543 544
543 544 545
544 545 546
545 546 547
546 547
547
554 555 556
555 556
556 558
558 560
560
563 564 565
564 565 566
565 566 567
566 567
567
570 572
572
576 577
577 579
579
582 584
584 586
586 587
587
591
594 596
596
601 603
603 605
605 606 607
606 607
607 609
609
616
621
624 626
626 627
627
630
635 636
636
640 641
641 643
643 644
644
647 649
649
659
662 663 664
663 664
664 666
666 667
667 669
669 671
671 672 673
672 673
673 675
675 676
676
679
682 683
683
686 688
688
692 694
694 695 696
695 696
696 698
698 699 700
699 700
700
703 704
704
707 708
708 709 710
709 710 711
710 711
711
715 716 717
716 717 718
717 718 719
718 719 720
719 720
720 722
722
730
733
739
742 743 744
743 744
744 745 746
745 746 747
746 747
747
751
757 758 759
758 759 760
759 760 761
760 761
761 763
763
767
770 772
772 773 774
773 774
774 776
776 777 778
777 778
778
781 782
782
786
794
800
804 805 806
805 806
806
810
813 815
815 816
816
819 820 821
820 821
821 823
823 825
825
829 830 831
830 831 832
831 832
832 834
834
838 839
839
844 846
846 847 848
847 848
848 850
850 852
852
855
858 860
860 861 862
861 862 863
862 863 864
863 864
864 866
866 867 868
867 868 937
868
873 875
875 877
877
880
884
887 888
888 890
890
893 894
894 896
896
900 901
901 903
903 904 905
904 905
905
912 914
914 915
915
918 920
920
925 926
926 928
928 930
930 932
932 933
933
937 938
938 939
939 941
941 942
942
945 947
947 948
948 950
950 952
952 954
954 956
956
959
962
965 967
967 969
969 970
970
975 977
977 979
979 980 981
980 981 982
981 982 983
982 983 984
983 984
984 986
986 987
987
990
993 994
994 996
996 998
998
