#naive2.0.py
# GMT Fri Feb 14 13:34:36 2020
# 
2 3
3 5
5 6
6
9
14
24 26
26 27
27 29
29
32 34
34
39 40 41
40 41 42
41 42
42 44
44 45
45
48 49
49 51
51 53
53 55
55
61 62
62
65 66
66 68
68
72 73
73
76 77 78
77 78 79
78 79
79
82 83 84 636
83 84
84 86
86 87 88
87 88
88
95
101
104 105 106
105 106
106
111
115 117
117 119
119
127
131
136 137 138
137 138
138
141 143
143
146
151
156 157 158
157 158 159
158 159
159 161
161 163
163 164
164
171 172
172
175 176
176
179 181
181 183
183
188 189 190
189 190
190 192
192 194
194
197 198
198 200
200 201
201
204 205
205
215 216 217
216 217
217 219
219 220
220
223
231 232 233
232 233
233 235
235
238 239 240
239 240
240 242
242 243
243
252 253
253 255
255 256 257
256 257 258
257 258 259
258 259
259
264
267
273 274 275
274 275
275 277
277 278 279
278 279
279
282 283 284
283 284 285
284 285 286
285 286
286
290 291 292
291 292
292
295 296 297
296 297 298
297 298
298
304
307 309
309 311
311 312 313
312 313
313 315
315 316
316
322 323 324
323 324
324 326
326 327 328
327 328
328 330
330
333 334 335
334 335 336
335 336
336 338
338 339 340
339 340 341
340 341
341
344 346
346 347 348
347 348 349
348 349
349 351
351 352 353
352 353
353 355
355 356 357
356 357 358
357 358
358 360
360
363 364 365
364 365 366
365 366
366
374 375
375
379
386 388
388 389 390
389 390
390 392
392 394
394
398 400
400 401 402
401 402
402
405
409 410
410
415 417
417
420
423 424 425
424 425
425
428
432
436
441 442 443
442 443
443 445
445 446
446 448
448 449
449
453
456 457
457 459
459 461
461 463
463 464 465
464 465
465
468 469
469
474
477
480 481 482
481 482
482
488 490
490
494
498 499
499
503
506
509 511
511
515 517
517 518 519
518 519
519
523 524
524
529
532 533 534
533 534 535
534 535 536
535 536
536 538
538 540
540 542
542 544
544 546
546 547 548
547 548 549
548 549 550
549 550
550
554 555
555 557
557 559
559 560
560 562
562 563
563 565
565 566 567
566 567 568
567 568 569
568 569
569 571
571 572 573
572 573
573 575
575 577
577
589 591
591
597 599
599
603 604
604 606
606 607
607 609
609
612 613 614
613 614 615
614 615
615
620 622
622
628 629
629 631
631 632
632
635 636 637
636 637
637
642 643
643
647 648 649
648 649 650
649 650
650 652
652
657
662 664
664 665
665
669 670
670
673 674
674
678
681 683
683 684
684 686
686 687 688
687 688
688 690
690
695 697
697 698 699
698 699 700
699 700
700 702
702 703
703
706
709 710 711
710 711
711
714
718 720
720 721
721 723
723 725
725
728
733 735
735
743 951
746 747 748
747 748 749
748 749
749
753 754
754
757 758 759
758 759 760
759 760 761
760 761
761 763
763 765
765 766
766 768
768 769 770
769 770 771
770 771
771
774 775 776
775 776
776 778
778 779 780
779 780
780
783
787 788 789
788 789
789
794
797 798 799
798 799
799
802 803
803 805
805 806
806
810
813
816 817 818
817 818
818
821
824 825
825
830 831 832
831 832 833
832 833 834
833 834
834 836
836 838
838
841
847 849
849 851
851 853
853 855
855
858 859
859
863 864 865
864 865 866
865 866 867
866 867 868
867 868
868 870
870
873 875
875
880 882
882
886 888
888 889 890
889 890
890 892
892 893
893
897
901
905
910 911
911 913
913 915
915 917
917
923 924 925
924 925
925
934
940 941
941 943
943
946 948
948 949
949 951
951 953
953 955
955
958 959
959
965 966
966
970 971 972
971 972
972
978 980
980 981
981 983
983 985
985 986
986 988
988 989
989
993
996 998
998
