#naive2.0.py
# GMT Fri Feb 14 13:34:33 2020
# 
2 3
3
6
9 11
11 12 13
12 13 14
13 14
14 16
16
23
26 28
28 30
30 32
32 33
33
38 39 40
39 40 41
40 41 42
41 42 43
42 43
43 45
45 46
46
52
56 57 58
57 58
58 60
60 61 62
61 62 63
62 63
63
66
70 71
71
74 75
75
80
85
88 90
90
96 97
97 99
99
102 103 104
103 104
104
107 108
108
111
115
122 124
124 125
125
128
131 132
132
135 136 137
136 137 138
137 138 139
138 139 140
139 140
140 142
142 144
144 145 146
145 146 147
146 147 148
147 148 149
148 149
149
153 154
154 156
156
159
162 163
163
167 168
168 170
170 172
172 173
173
181 183
183
190 191
191 193
193 194
194 196
196 198
198
201 202 203
202 203
203
208 209 210
209 210
210 212
212 214
214 215
215 217
217 219
219 220
220
223 429
226
229 231
231
236 237 238
237 238 239
238 239
239
243 245
245 246
246
250
256 258
258 260
260 261 262
261 262 263
262 263 264
263 264
264
267 268
268 270
270 272
272
277 278
278
281 282 283
282 283 284
283 284 285
284 285
285
288 289 290
289 290
290 292
292
296
300 301 302
301 302 303
302 303
303 305
305 306
306
309
314
320
324 326
326 328
328 329 330
329 330 331
330 331 332
331 332
332
337 338
338
341 342
342
346 348
348 349 350
349 350
350
356 358
358 359 360
359 360
360
363
370
374 375 376
375 376
376
379 380
380 382
382 383
383
387 389
389 390 391
390 391
391
394 395
395
398 399 400
399 400
400 402
402
409 411
411
416
420 421
421 423
423 424 425
424 425
425
428 429 430
429 430
430
433 434 435
434 435 436
435 436 437
436 437
437
442 443
443
447 448
448
451 453
453 454
454
464 465
465
468
475
478 479 480
479 480 481
480 481
481
485 486 487
486 487
487 489
489 491
491 492 493
492 493
493
498
502 504
504 506
506 507 508
507 508 509
508 509
509 511
511
515 516
516 518
518
521
524 526
526 528
528
531
534
537
540
544
548
551 553
553 554
554
557 558 559
558 559
559
562 563 564
563 564
564
567 569
569 571
571
574
579 581 972
580 581
581 583
583 584 585
584 585
585 587
587 588 589
588 589 590
589 590 591
590 591 592
591 592
592
601 602 603
602 603
603 605
605
608 609
609
612 613
613
618 619 620
619 620 621
620 621
621
623
626 627 628
627 628 629
628 629 630
629 630 631
630 631 632
631 632
632 634
634 636
636
639 640 641
640 641 642
641 642
642
646
651 652
652 654
654 656
656 657 658 683
657 658
658
662 663 664
663 664
664 666
666 667
667
670 672
672 674
674 676
676 677
677
682 683
683
685 686
686 688
688
695 696 697
696 697 698
697 698 699
698 699 700
699 700
700 702
702 703 704
703 704
704 706
706
709 710
710
715 717
717 719
719 720
720
724 725 726
725 726
726 728
728 729
729
738 739 740
739 740 741
740 741
741 743
743 951
745 747
747
753
757 758 759
758 759
759
766
770 771
771 773
773
776 777
777
784
789
792 793
793 795
795
799
802
805 807
807
810 812
812
815 817
817
828 829
829 831
831 833
833 835
835 918
839 840
840
844 846
846 847
847
850 851 852
851 852
852
855 856
856
860 861
861
865 867
867 868 869
868 869 870
869 870 871
870 871 872
871 872
872 874
874
877
880
883 885
885 886
886 888
888 889 890
889 890
890
893
898 900
900 902
902 903
903
911 913
913 915
915
918 919
919 921
921
925 926 927
926 927 928
927 928
928 930
930
934 935
935
940 941
941 943
943
947
950 951
951 953
953 955
955 956
956
959 960
960
965 966
966 968
968
972
975 977
977
983 984 985
984 985
985 987
987 989
989 990
990
993 995
995
998 999
999
