#naive2.0.py
# GMT Fri Feb 14 13:34:31 2020
# 
2 4
4 5
5 6 7
6 7
7 9
9 10
10
20 21
21
25
34
39 40 41
40 41
41 43
43 44 45
44 45
45
48 50
50 52
52 54
54
57
61 63
63 64 65
64 65 66
65 66
66
71
75 77
77 78
78
83 84 85
84 85
85 87
87 88 89
88 89
89 91
91 92 93
92 93
93 95
95 96 585
96 97
97 99
99 100 101
100 101 102
101 102
102
106
109
112
122 124
124 125 126
125 126
126
129 131
131 133
133
137 139
139 140
140 142
142 143 144
143 144 145
144 145
145
148 149 150
149 150
150
153 154 155
154 155 156
155 156 157
156 157
157 159
159 160 161
160 161 162
161 162 163
162 163 164
163 164 165
164 165 166
165 166
166 168
168 170
170 171 172
171 172
172
177 179
179 181
181 182 183
182 183
183 185 811
185 187
187 188
188
192
196 197 198
197 198 199
198 199 200
199 200
200
209 210
210
215
220 221 222
221 735
222
225 227
227 228 229
228 229
229
239 240 241
240 241
241
245 246
246 248
248 249
249
252 254
254 255 256
255 256 257
256 257
257 259
259 260 261
260 261 262
261 262
262
265
268
271 272
272
275 276
276
279
285 286 287
286 287 288
287 288 289
288 289 290
289 290
290
295 296
296
301 302
302 304
304 305
305 307
307
311 312
312 314
314 315 316
315 316
316
319 320 321
320 321
321
324 325 326
325 326
326
329 331
331 332
332
338 339 340
339 340
340
343 344 345
344 345 346
345 346
346
349 350 351
350 351 352
351 352
352
355 357
357
360 361
361 363
363
366 367
367 369
369 370
370 372
372 373 374
373 374 375
374 375 376
375 376 377
376 377 378
377 378
378
381 383
383
386 388
388 390
390 392
392 393 394
393 394
394 396
396 397 398
397 398
398 400
400 401
401 403
403 405
405
408 409
409
413 414 415
414 415 416
415 416 417
416 417
417
420 421 422
421 422
422 424
424
427 429
429
433
436 437
437
441 443
443 444
444 446
446
450 451 452
451 452 453
452 453
453 455
455 457
457
460 461 462
461 462
462 464
464 465 466
465 466 467
466 467
467 469
469 470 471
470 471
471
474 475 476
475 476
476 478
478
481 482 483
482 483 484
483 484 485
484 485
485 487
487 488
488 490
490 491 492
491 492 493
492 493
493 495
495
499 500 501
500 501
501 503
503 504 505
504 505 506
505 506
506 508
508 510
510 511
511 513
513 515
515 516
516
519
523 524
524
528 529
529
531 533
533 535
535 537
537 538 539
538 539
539
542 544
544 545
545
550 551 552
551 552
552
555
559 560 561
560 561
561
568
572 573
573
577
581 582 583
582 583
583 585
585 586 587
586 587
587
593
597 598 599
598 599
599 601
601
605 606 607
606 607
607 609
609 610
610
615 616 617
616 617
617
621
627
630 631
631
635 636
636
640 642
642 643 644
643 644
644
648 649
649 651
651 653
653 654 655
654 655 656
655 656 657
656 657 658
657 658 659
658 659
659
662 663
663 665
665 666
666 668
668 669 670
669 670 671
670 671
671
674 675 676
675 676
676 678
678 679
679
682 684
684 685 686
685 686 687
686 687 688
687 688
688 690
690
693 695
695
699 700
700 702
702 703 704
703 704 705
704 705
705
710 711
711 713
713
716 718
718 719 720
719 720 721
720 721 722
721 722 723
722 723 724
723 724 725
724 725 726
725 726
726 728
728 729
729
733 735
735 736
736
741 743
743
745 746
746 748
748 750
750
754 755
755
763 764 765
764 765 766
765 766
766 768
768
773 774
774
779 780
780 782
782
786
791 792
792
795 797
797
805
808
811 812
812
818
822 823
823 825
825 826
826
829
836 837 838
837 838
838 840
840
843 844 845
844 845
845 847
847
852 853
853 855
855 856
856 858
858
862
865
870 872
872 873
873
878 879 880
879 880 881
880 881
881
884 885
885
888 889 890
889 890
890 892
892
897 898 899
898 899
899 901
901 902
902 904
904 905
905 907
907
910
922 924
924 925
925 927
927
932 934
934 936
936 938
938 939 940
939 940 941
940 941 942
941 942 943
942 943 944
943 944 945
944 945 946
945 946 947
946 947 948
947 948
948
952 954
954 955
955 957
957 958 959
958 959 960
959 960
960
963
972 973
973
978 979 980
979 980 981
980 981 982
981 982
982 984
984
992 994
994
