#naive2.0.py
# GMT Fri Feb 14 13:34:33 2020
# 
0 2 998
2 3
3 5
5 7
7 9
9 10
10
13 14 15
14 15
15
18 20
20
25 26 27
26 27
27
30
33
36 37
37 39
39
46 47
47
51
55
60 62
62 64
64 66
66
70
75 77
77 78
78 80
80 81 82
81 82 83
82 83 84 636
83 84
84
87 88 89
88 89
89
92
96
100 101 102
101 102
102
105
109 110
110 112
112 113
113 115
115 116
116
119 120
120
123 887
127 128
128 130
130
134
138
142
148 149
149 151
151 152
152 154
154
158
161
165 166
166 168
168
172
177 179
179 181
181 182 183
182 183
183 185 811
185 187
187 188
188 190
190
193 195
195 197
197 199
199 200 201
200 201
201
206 207
207 209
209
216 217 218
217 218 219
218 219
219
222 223
223 225
225
229 230 231
230 231
231
234
237 238 239
238 239
239
242 243
243 245
245 246
246
249 250
250 252
252
255
258 260
260
264
267 268 269
268 269
269
273 274
274 276
276 277 278
277 278
278
282 284
284
287 288
288
291 292 293
292 293 294
293 294
294 296
296 297
297 299
299 300
300
305 307
307 309
309
313 314
314 316
316
319
322 323
323 325
325 326 327
326 327
327 329
329 330 331
330 331 332
331 332
332 334
334 336
336 337 338
337 338 339
338 339
339
346
349 350 351
350 351 352
351 352
352
357
360 361 362
361 362 363
362 363
363
368 436
371 373
373 375
375
380
383
386
389 390
390
393 394
394
398 399 400
399 400 401
400 401
401
404 406
406 407 408
407 408
408
411
416
419
422 423
423
428 430
430
433 435
435 436
436
439 440 441
440 441
441 443
443 444 445
444 445
445 447
447 448 449
448 449 450
449 450 451
450 451
451
454 455
455
458 460
460 461
461
464 465 466
465 466
466 468
468 469
469
475 476
476 478
478 480
480
483
490 491
491
495 497
497 498
498
503
508
511
514
518
525
529 530
530
533 534
534 536
536
540
543 544 545
544 545
545
548 550
550
553
556 557 558
557 558
558 560
560 561
561 563
563 564 565
564 565
565
570 572
572
575
581
584 586
586 588
588
591 593
593 595
595 596
596
599
603 604 605
604 605
605
608 610
610 612
612 613 614
613 614 615
614 615 616
615 616 617
616 617 618
617 618 619
618 619 620
619 620 621
620 621
621
624 626
626
629 630 631
630 631 632
631 632
632
636
639 640 641
640 641
641
644 646
646 647 648
647 648
648 650
650
655
658 659 660
659 660
660 662
662 663 664
663 664
664
667 668
668 670
670 671 672
671 672
672
676 677
677
680
686 687
687 689
689
692 693 694
693 694
694 696
696
700
703
708 710
710 711
711
714 715 716
715 716 717
716 717
717
725 726
726
730 731
731
734
737 738 739
738 739
739 741
741 742 743
742 743 744
743 744 951
744
747 749
749 750
750
759 760 761
760 761 762
761 762
762 764
764 765 766
765 766
766 768
768 769
769
777 778 779
778 779 780
779 780
780 782
782 783
783 785
785 787
787
791
794 795
795 797
797 798
798 800
800
804 806
806
809 811
811 813
813 815
815 816 817
816 817 818
817 818 819
818 819 820
819 820 821
820 821
821 823
823 824 825
824 825
825 827
827 828
828 830
830 831
831
835 918
837
840 841
841
844 845
845
848 849 850
849 850
850
853 854
854
858 859
859 861
861 862
862
867 869 937
869 871
871 872 873
872 873 874
873 874
874
877 879
879
882 884
884 886
886 887 888
887 888
888 890
890 891
891
894
897
900 901 902
901 902
902
905 906
906 908
908 910
910 911
911 913
913 914 915
914 915 916
915 916 917
916 917 918
917 918
918
922 924
924
928 929
929
933
937 938
938 939
939
943 944
944 946
946
949 950 951
950 951 952
951 952
952 954
954 955 956
955 956
956 958
958 960
960 961
961
972
980 981 982
981 982
982
991 993
993 995
995
998
