#naive2.0.py
# GMT Fri Feb 14 13:34:34 2020
# 
0 2 998
2 3
3 5
5 7
7 8 9
8 9
9 11
11 12 13
12 13
13 15
15 16 17
16 17 18
17 18 19
18 19 20
19 20
20
25 26 27
26 27
27 29
29 31
31 32
32
38
41 42 43
42 43
43 45
45 46 47
46 47 48
47 48
48 50
50 51
51
55
58 60
60 62
62 63
63
67 68
68 70
70 72
72 74
74
77 79
79 80
80
83 84
84 86
86 87 88
87 88 89
88 89 90
89 90
90
95 585
97 99
99 101
101
104 105
105
113 114
114
124 126
126 127
127 129
129 130
130 132
132 133
133 135
135 136 137
136 137 138
137 138
138 140
140 141
141 143
143 144
144 146
146 148
148 150
150
153 154 155
154 155
155
158 160
160 162
162
165 167
167 169
169 170
170
175
178 180
180 181 182
181 182 183
182 183
183 185
185
191
196 197
197 199
199 201
201
205
208 209 210
209 210 211
210 211 212
211 212
212
215 216 217
216 217 218
217 218 219
218 219 220
219 220 221
220 221 222
221
222 224
224 226
226
229 230
230
234 235 236
235 582
236
243 244
244
248
252 254
254
257 259
259 260
260 262
262 263 264
263 264
264 266
266
269 270 271
270 271 272
271 272
272 274
274 275 276
275 276 277
276 277
277 279
279
286
291
294
298 299 300
299 300
300 302
302 304
304 306
306 307
307 309
309
316 317 318
317 318
318 320
320 321 322
321 322
322 324
324 326
326 328
328
336 337 338
337 338 339
338 339 340
339 340
340 342
342
354
359 360 361
360 361 362
361 362
362
365 366 367
366 367 368
367 368
368 436
371 372
372
375 377
377 378
378
381 382
382 384
384 385
385 387
387
390 391 392
391 392
392
396 398
398
406 407
407 409
409 410
410 412
412 413 414
413 414
414
418 419 420
419 420 421
420 421
421
427
430
436
438 440
440 441
441 443
443 444 445
444 445
445 447
447 449
449 450 451
450 451
451
456 458
458 460
460
469 471
471 473
473 474 475
474 475
475
479 481
481 482
482 484
484 485 486
485 486 487
486 487
487
490 491
491
494 496
496 497
497
500
506 507 508
507 508
508
513 514
514 516
516 517
517 519
519 520 521
520 521 522
521 552
522 524
524 526
526 528
528 529
529
532 534
534 535
535
539 540
540 542
542 543
543
547
551 552
552
555 557
557 558
558
562 563
563
566
569 570 571
570 571
571
574 575 576
575 576
576 578
578
582 583 584
583 584 585
584 585
585
589 590 591
590 591 592
591 592 593
592 593
593 595
595 596
596 598
598 599 600
599 600
600
605 606 607
606 607
607 609
609 611
611
614
617 619
619
622
628
634 636
636 637
637 639
639 640
640 642
642 643 644
643 644
644 646
646
649 650
650 652
652 654
654 656
656 657 658
657 658 659
658 659 660
659 660
660
664 665
665 667
667
672 673
673 675
675 677
677 679
679 680
680 682
682 684
684 686
686 688
688 689
689
694 695
695 697
697 698
698 700
700 701
701
705 707
707
709
712 714
714
719
723 724
724
728
731
734
739 741
741
744
747 749
749
756
760 761
761
767
770 771 772
771 772
772
775 776 777
776 777 778
777 778 779
778 779
779 781
781
784
790
794 795 796
795 796
796 798
798 800
800 801 802
801 802
802 804
804 805 806
805 806 807
806 807
807 809
809 810
810 812
812 814
814 815 816
815 816
816
821
825 827
827 828
828 830
830 831 832
831 832 833
832 833
833
837 838
838
842
845
848 849 850
849 850
850 852
852 853 854
853 854
854 856
856 858
858
864 866
866
870
874 876
876 877
877
880 882
882 883 884
883 884 885
884 885
885 887
887 888
888 889
889
892 893
893 895
895 896
896
899 900
900 902
902 904
904
908 910
910 911
911 913
913 914
914 916
916 918
918
921 922
922 924
924 926
926
932 933 934
933 934 935
934 935
935
939 941
941 943
943
950 952
952 953 954
953 954
954 956
956 957 958
957 958 959
958 959 960
959 960
960 962
962 963 964
963 964 965
964 965 966
965 966
966 968
968
972
976 977 978
977 978
978 980
980 981
981
985
988 989
989
992 993
993
996 997 998
997 998
998
