#naive2.0.py
# GMT Fri Feb 14 13:34:32 2020
# 
3
7
12
16 17
17
20
24
27 29
29 30 31
30 31 32
31 32 33
32 33
33
36 37
37 39
39 41
41 42 43
42 43
43 45
45
49
52 53
53
59 61
61 62
62
65 66 67
66 67
67
70 71
71
76
80
83 84 85
84 85 86
85 86 87
86 87
87
92 94
94 95 96
95 96 585
96 97 98
97 98
98
101
105 106
106 108
108 110
110
113 115
115 117
117
121
125 126 127
126 127 128
127 128
128 130
130 131 132
131 132
132
138 140
140
145 147
147
151 152 153
152 153
153 155
155 156
156 158
158 159 160
159 160
160 162
162
165 167
167 169
169 171
171
174 176
176
179 181
181 182
182 184
184 185 186
185 186
186
194 195
195
198
201 203
203 204
204
207 208
208 210
210 211
211
215 217
217 219
219 221
221 223 735
222 223 224
223
224 226
226
230
234
237 239
239 240
240
243 245
245 246 247
246 247 248
247 248
248
255
258 260
260 262
262 264
264
268 269
269
272 273
273 275
275 277
277
280 281
281 283
283
286 287
287 289
289
292
295
299
306 308
308
311 313
313
319 321
321
325 326 327
326 327
327 329
329 330 331
330 331 332
331 332 333
332 333
333
338
342 343
343 345
345 347
347 348
348
351 352 353
352 353
353
357 359
359
365 366 367
366 367 368
367 368
368 436
372 373 374
373 374
374 376
376 378
378 379 380
379 380
380 382
382
387
390 392
392 394
394 396
396 397
397 399
399 401
401
406 408
408 409
409
412
417 418 419
418 419 420
419 420
420 422
422
427 428
428 430
430 431 432
431 432 433
432 433
433
436
441
445 446 447
446 447 448
447 448
448 450
450
453 454
454
457 458
458
461 462
462 464
464
467 468
468 470
470 472
472 474
474 475
475
481
486
490
493 494 495
494 495 496
495 496
496
502
506
514 515
515 517
517 518
518
521 552
522
528 530
530 531 532
531 532 533
532 533 534
533 534
534
542 543 544
543 544
544
547
550 552
552
555
558
561
564 565 566
565 566
566 568
568 569
569
572 573 574
573 574
574 576
576 577 578
577 578
578
581 582
582
585 587
587 588 589
588 589 590
589 590 591
590 591
591
595
599 600
600
603 604
604
608 610
610 611
611 613
613 614
614
618 619
619 621
621 622
622 623
623 625
625
628
631
635
640
650 652
652 654
654 656
656 658
658 659
659 661
661 662 663
662 663
663
670
674
679 680
680 682
682 684
684 685
685
690
697 699
699 700
700
704 706
706 707
707
711 713
713 714 715
714 715
715 717
717
720 721
721 723
723 725
725 726 727
726 727
727
732 733
733 735
735
738 739 740
739 740 741
740 741
741
748
753 754
754 756
756 757
757
764 765 766
765 766 767
766 767
767
770 771
771
774
777 778 779
778 779 780
779 780
780 782
782 783 784
783 784
784 786
786 787 788
787 788
788
792 794
794
797 798
798
801
805
811 813
813 815
815 816 817
816 817
817
821
824 825 826
825 826 827
826 827 828
827 828
828
831 832 833
832 833
833 835
835 918
837 839
839 840
840 842
842 844
844 845 846
845 846
846
853
857 858
858
869 870
870
873 874 875
874 875
875 877
877
880 881 882
881 882 883
882 883 884
883 884
884
887
897
902
905 906 907
906 907 908
907 908
908
911
914 916
916 917 918
917 918
918
921
925 926
926 928
928 929
929
932 933 934
933 934 935
934 935
935
943
947
952 954
954 956
956 958
958 959 960
959 960 961
960 961
961
964 965 966
965 966
966
976 977
977
982
985
988
991 992
992
