#naive2.0.py
# GMT Fri Feb 14 13:34:30 2020
# 
1 2 999
2
5
9
12 13
13
16 17 18
17 18
18
21
24 26
26 28
28
31 32 33
32 33
33 35
35
38
44 46
46 48
48
51 52
52
55
59 61
61
65 67
67 69
69 71
71 72
72
75
78 79
79 81
81
85 87
87
92 93
93 95
95
99
103 104
104 106
106
113 114 115
114 115 116
115 116 117
116 117 118
117 118
118 120
120 121
121
124 125 126
125 126 127
126 127 128
127 128 129
128 129
129 131
131 132 133
132 133
133
138 139 140
139 140 141
140 141 142
141 142 143
142 143 144
143 144 145
144 145
145
150 151
151 153
153
156
159 160
160 162
162 163
163
167 168 169
168 169
169
173 175
175 176 177
176 177
177 179
179 180
180
188 190
190 191
191
195 196 197
196 197 198
197 198 199
198 199 200
199 200
200 202
202 204
204 205 206
205 206
206 208
208
211 212
212
216 218
218 219
219 221
221
225
228 229 230
229 230 231
230 231 232
231 232 233
232 233
233
247 249
249 251
251 252 253
252 253
253 255
255
263 265
265
271 273
273 275
275 276
276 278
278
281
284 286
286
290 292
292
297 298 299
298 299
299 301
301 302 303
302 303 304
303 304
304
309 310
310
316
326 328
328 329
329
332
337 338
338
341
344 345
345
348 349
349
353 355
355 357
357 359
359 360
360
363 364
364 366
366
371 373
373
376
381
384 385 386
385 386
386
391 393
393 394
394
397 398
398
406
411
414 415 416
415 416 417
416 417 418
417 418
418
422 423
423
427 428
428 430
430 432
432 433
433 435
435 436
436
438 439
439
443
446 447 448
447 448
448 450
450 451
451 453
453 454
454
457
460
466 468
468 469 470
469 470 471
470 471
471
474
477
481 482
482
486 487 488
487 488 489
488 489 490
489 490 491
490 491 492
491 492
492 494
494
498
503 504 505
504 505 506
505 506
506 508
508 509
509 511
511
514
519
522 524
524 526
526 527 528
527 528 529
528 529
529
531
539 540
540 542
542
547
550 551 552
551 552 553
552 553 554
553 554
554
558 559 560
559 560 561
560 561
561 563
563
569 570
570 572
572
578
582 584
584
590 591
591
594 595
595
598 599
599
605
608
617 619
619
625
628 629
629
635
638 640
640 642
642 643
643 645
645 646
646
652 653 654
653 654 655
654 655 656
655 656 657
656 657
657 659
659 660 661
660 661 662
661 662 663
662 663
663 665
665
671 672 673
672 673
673 675
675 676
676
679 681
681
684
692 693
693
697 698 699
698 699
699
703 704
704 706
706 707 708
707 708
708 710
710 712
712 713
713 715
715 716
716
719 720
720
724
729 730
730 732
732 733
733
736 737
737 739
739
742 744
744 745 746
745 746
746 748
748 749 750
749 750 751
750 751 752
751 752 753
752 753 754
753 754
754
762 763 764
763 764
764 766
766 767 768
767 768
768
774 775 776
775 776
776
779 780 781
780 781
781
784 785
785
788 790
790 792
792 793 794
793 794
794 796
796 798
798 799 800
799 800 801
800 801
801 803
803
809 810
810
813 814
814
817 818 819
818 819 820
819 820 821
820 821 822
821 822
822
825
828
833 834 835
834 835 836
835 836 918
836 838
838 839
839 841
841 842
842 844
844 845 846
845 846 847
846 847
847 849
849
853 854
854 856
856 857
857 859
859 861
861 863
863 864 865
864 865 866
865 866 867
866 867
867 869
869 870
870
873 875
875
878
881 883
883 884 885
884 885 886
885 886
886
890 892
892
895
900 901 902
901 902 903
902 903
903 905
905 907
907 908 909
908 909
909 911
911 912 913
912 913 914
913 914 915
914 915 916
915 916
916 918
918 920
920 921 922
921 922 923
922 923 924
923 924
924
931 932 933
932 933
933
938 940
940 941
941
946 948
948 950
950 951
951 953
953 954 955
954 955
955 957
957 958
958 960
960 961
961
964
972 974
974 975
975
978
981
985
988
995 996 997
996 997
997 999
999
