#naive2.0.py
# GMT Fri Feb 14 13:34:33 2020
# 
0 2
2 4
4 868
8 9 10
9 10
10
13 15
15 17
17 18
18
25 26 27
26 27 28
27 28
28
31 32 33
32 33 34
33 34
34 36
36 38
38 39
39
44 45 46
45 46
46
49 51
51 52 53
52 53
53 55
55 57
57 58
58
63
69 71
71 72
72 74
74 76
76 77 78
77 78 79
78 79
79 81
81 83
83
87 88
88 90
90
93 94 95
94 95 96
95 96 585
96
100 101
101 103
103 105
105
108
113 114
114
117 119
119 120 121
120 121 122
121 122
122
127 129
129
132 134
134 135 136
135 136
136
140
145 147
147 148
148 150
150 151 152
151 152
152
159 160
160
164
167 168
168
172
175 176 177
176 177 178
177 178
178
181 183
183 811
184 186
186 187 188
187 188
188 190
190 191
191 193
193 194 195
194 195 196
195 196
196
200 202
202 204
204
207 208 209
208 209
209 211
211 212
212
215 216
216
219 220 221
220 221
221 223 735
223
224
227 228 229
228 229
229
232
237 238 239
238 239 240
239 240 241
240 241 242
241 242 243
242 243 244
243 244 245
244 245 246
245 246 247
246 247
247
250 251 252
251 252
252
256 257 258
257 258 259
258 259 260
259 260
260 262
262 263
263
266 267 268
267 268
268 270
270 271
271 273
273 275
275 276
276
279
283
286 288
288 290
290 291 292
291 292
292 294
294
299 301
301 302
302 304
304 306
306 307
307 309
309 311
311 313
313 314 315
314 315
315 317
317 319
319 320
320 322
322
329
332
335 337
337 338 339
338 339
339
344 345
345
348 349
349
352 353
353 355
355
358
362 363 364
363 364 365
364 365
365 367
367 368
368
376
380 381 382
381 382
382 384
384 385
385
389 390 391
390 391
391 393
393
396 398
398
401 402
402 404
404 406
406 408
408 409 410
409 410
410
416 418
418 420
420
423
427 428
428 430
430 432
432 434
434
437 438 439
438 439
439 441
441 442 443
442 443 444
443 444
444 446
446 447 448
447 448
448
460 461 462
461 462
462 464
464 466
466
469 471
471 473
473
476 478
478 479
479 481
481 482
482 484
484 486
486 488
488 490
490 491
491 493
493 494 495
494 495 496
495 496 497
496 497
497 499
499 500 501
500 501 502
501 502 503
502 503 504
503 504
504
507 508 509
508 509
509
512
515 517
517
520 521
521 523 552
523 524
524
528 530
530 532
532
535 536 537
536 537
537 539
539
544 546
546 547 548
547 548 549
548 549
549 551
551 552 553
552 553
553 555
555 556
556 558
558 559
559
563 564
564 566
566 567
567
573 574 575
574 575
575 577
577 578 579
578 579 580
579 581 972
580 581 582
581 582 583
582 583 584
583 584 585
584 585 586
585 586
586
590
593 594
594
599
602 604
604 605
605
609 611
611 612 613
612 613
613
618 619 620
619 620
620
625 626
626
629 630 631
630 631
631 633
633 634 635
634 635 636
635 636 637
636 637
637 639
639 640 641
640 641
641 643
643 645
645 646 647
646 647 648
647 648
648
651 652 653
652 653 654
653 654
654
658 659 660
659 660
660 662
662
666 667 668
667 668
668
671 673
673
676 678
678 679
679 681
681 682
682 684
684
687 688
688 690
690 691 692
691 692 693
692 693
693 695
695 697
697 698
698
701 702
702 704
704 705
705
708
711
714 715
715 717
717 718
718
721
724 725 726
725 726
726
729
732 733 734
733 734 735
734 735 736
735 736
736
742 743
743 951
746 748
748 749 750
749 750
750
753 755
755 756 757
756 757 758
757 758
758
762
765 766
766
770 771
771
774 775
775
778
784
787 788 789
788 789 790
789 790 791
790 791
791 793
793 795
795 796 797
796 797 798
797 798
798
802 803 804
803 804
804
807
810 811
811 813
813 815
815 816 817
816 817 818
817 818
818 820
820 822
822
827 828 829
828 829 830
829 830 831
830 831
831 833
833
839
842 843
843 845
845 847
847 848
848
851 853
853 854 855
854 855 856
855 856
856 858
858 860
860 862
862 864
864 866
866 868
868 869 870
869 870
870 872
872 873 874
873 874
874 876
876 878
878 879 880
879 880 881
880 881
881 883
883
886 887 888
887 888
888 890
890 892
892
895 896 897
896 897 898
897 898 899
898 899 900
899 900 901
900 901
901 903
903 905
905
913 914
914 916
916 917
917 919
919 921
921 922
922
925 926
926 928
928
931 933
933 935
935 936
936 938
938 939
939
942 943
943
946 947
947 949
949 951
951 952 953
952 953
953 955
955 956
956 958
958 959
959
963 965
965
968 969
969
972 973
973 975
975 977
977 978
978 980
980
985 986
986
990 991
991 993
993 994 995
994 995 996
995 996 997
996 997
997
