#naive2.0.py
# GMT Fri Feb 14 13:34:33 2020
# 
2 4
4 5 868
5
9 10
10 12
12
16
23
28 29
29 31
31 32 33
32 33
33
39 40
40
43
46
55
63 64 65
64 65
65
68 69 70
69 70
70 72
72 74
74 76
76 78
78
81 82
82
88 89
89 91
91 92 93
92 93 94
93 94 95
94 95 96
95 96
96 97 98
97 98 99
98 99 100
99 100 101
100 101 102
101 102 103
102 103 104
103 104
104 106
106 107
107 109 529
109 111
111 112
112
116 118
118 119 120
119 120
120 122
122 124
124 125 126
125 126
126
129 130 131
130 131 132
131 132 133
132 133
133
137
140
150 151
151
155 156
156
159 161
161 162
162 164
164 165 166
165 166 167
166 167 168
167 168
168
172 174
174
177
180 182
182 183 184
183 185 811
184 185 186
185 186
186 188
188
191 192
192
196 197
197 199
199
202 203
203
207 208 209
208 209 210
209 210
210
214 215 216
215 216 217
216 217 218
217 218
218
222
225 227
227 229
229
236
242
247
252 253
253 255
255 256
256 258
258 259
259
262
266 621
269 271
271 273
273 274 275
274 275
275 277
277
280 281
281
287 289
289 290
290
295 296 297
296 297 298
297 298 299
298 299
299 301
301 302
302
309
313 314
314 316
316 317
317
322 323 324
323 324 325
324 325
325 327
327
330 331 332
331 332 333
332 333 334
333 334
334
338 340
340 342
342 343
343 345
345 347
347 349
349 350 351
350 351 352
351 352
352 354
354
360 361 362
361 362
362
375 376
376 378
378 380
380
383 384 385
384 385
385
389 391
391 392 393
392 393 394
393 394
394
399 400 401
400 401
401
404
408 409 410
409 410
410
413 414 415
414 415
415
419 420
420 422
422 423
423 425
425 427
427
430 431
431
439
443 445
445 446
446
450 451
451 453
453
456 457
457
460
465
469
473 475
475 476 477
476 477 478
477 478
478
484 486
486 488
488 489
489
492 493
493
497
503 505
505
508 510
510 512
512 513
513
520 521
521
524 526
526 527 528
527 528 529
528 529
529
531 533
533 534 535
534 535 536
535 536 537
536 537
537 539
539 540 541
540 541 542
541 542 543
542 543 544
543 544
544
547 548
548
551
555 556 557
556 557 558
557 558 559
558 559 560
559 560
560 562
562
565 566 567
566 567 568
567 568
568
572 573 574
573 574 575
574 575 576
575 576 577
576 577 578
577 578
578
582
586 588
588
592
597
600 601 602
601 602 603
602 603
603
606
616 617 618
617 618
618
621
625 626
626 628
628 629
629
632
641 642 643
642 643
643
648 650
650 651
651 653
653
656 658
658 659
659
662
666 667 668
667 668 669
668 669
669 671
671 672 673
672 673
673
676 678
678 680
680 681
681
684
687 688 689
688 689
689 691
691 692 693
692 693
693
696 697 698
697 698
698
702
714 715 716
715 716
716 718
718
721
724 725
725 727
727 728
728 730
730
734
738
741
744 745 746
745 746 747
746 747
747 749
749 750 751
750 751
751
754
758 759
759
763
767
775 776
776
779
784
789 790
790
796 798
798
801 802 803
802 803
803 805
805 806
806
810 811 812
811 812 813
812 813 814
813 814 815
814 815 816
815 816 817
816 817
817 819
819 821
821
824 825 826
825 826 827
826 827
827 829
829 830
830 832
832 833 834
833 834
834
837 839
839
849 850 851
850 851 852
851 852
852 854
854
857
862 864
864
867 868 869
868 869
869
872
875 876
876 878
878 879
879
883 885
885 886
886
889
893 894
894
898 899
899 901
901 902
902 904
904 905 906
905 906 907
906 907 908
907 908 909
908 909
909
912 914
914 916
916
919 921
921 922 923
922 923
923
926 927
927
932 933
933 935
935
940 941 942
941 942
942 944
944 945
945 947
947
950 951
951 953
953 954
954
962
966 967
967
970 972
972 974
974 975 976
975 976 977
976 977
977 979
979
982 983
983 985
985
989 990
990
995
