#naive2.0.py
# GMT Fri Feb 14 13:34:29 2020
# 
2
7
10
14 15
15 17
17 18
18 20
20 21
21 23
23 24
24
28 30
30 31
31
34 35 36
35 36
36
43
47
52 53 54
53 54
54
58 60
60
66 67 68
67 68
68
71 72
72
76 77 78
77 78
78
81 82
82
91
96 97
97
101 102 103
102 103 104
103 104
104
109 110
110
113
117 118 119
118 119
119 121
121 123
123 124 125 707 887
124 125 126
125 126 127
126 127
127
130 131
131
137 138 139
138 139 140
139 140
140
143 145
145 146 147
146 147
147
151
154 156
156 157 158
157 158
158
161 163
163 165
165 166
166
171 173
173 174 175
174 175 176
175 176 177
176 177
177
180
183 185 811
184 185 186
185 186
186 188
188 190
190
198 199
199
205 206
206
216 217
217 219
219 221
221 735
222
225 226 227
226 227
227
233 235
235
242 243
243 245
245 246
246 248
248 250
250 252
252 254
254 256
256
260
263 265
265 266
266 268 621
268
275 276
276
279 280 281
280 281
281
285 287
287
290 292
292
298
301 302 303
302 303 304
303 304
304
309
315 317
317 318
318
321 322 323
322 323
323
327 329
329
338
341
344
348 350
350 351
351 353
353 354
354 356
356 358
358 359
359 361
361
366
371
375 377
377 378 379
378 379 380
379 380 381
380 381 382
381 382
382
386 387
387
390
394 395
395 397
397 398
398
403 405
405 407
407 408
408
415
419 421
421 422 423
422 423 424
423 424
424
427 429
429 431
431 432
432
435 436 437
436 437
437 439
439 441
441
444 446
446 448
448
451
454 456
456
459
463 465
465 466
466 468
468 469 470
469 470 471
470 471 472
471 472
472 474
474 475 476
475 476 477
476 477 478
477 478 479
478 479
479
484 485 486
485 486 487
486 487
487
491
499 500
500 502
502 504
504 505 506
505 506 507
506 507 508
507 508 509
508 509 510
509 510 511
510 511 512
511 512
512 514
514 516
516 517 518
517 518
518 520
520
526 528
528 529 530
529 530
530
533
536 537 538
537 538 539
538 539 540
539 540
540 542
542
546 548
548 550
550 551 552
551 552
552
556
561 562
562
565 567
567 568 569
568 569
569
574
579 972
583 584 585
584 585
585
588 590
590 591
591
595 597
597 599
599
602 604
604 606
606 608
608 609 610
609 610
610
615 617
617 618 619
618 619 620
619 620 621
620 621
621
623
627 628 629
628 629
629 631
631 633
633 635
635 637
637 638
638 640
640
643 645
645 646
646
649 651
651 652 653
652 653
653
656 683
659 660
660
664 665 666
665 666 667
666 667
667
671 672 673
672 673
673 675
675
680
683
685 687
687 688
688 690
690 692
692
697
700
703 704
704 706
706 707 708
707 708
708 709 710
709 710 711
710 711
711 713
713 714
714
717 718
718 720
720 721 722
721 722
722
725 726
726 728
728 729
729
735
741 742
742 744
744 745
745
748 749 750
749 750
750
753
757
765
768
772
775 776
776
781 783
783 785
785 786
786
790 791
791
800 802
802 803 804
803 804 805
804 805 806
805 806 807
806 807 808
807 808
808 810
810 811 812
811 812
812
818
821
824 825
825
833 834
834 836
836
843 845
845 846 847
846 847
847 849
849
852
855 856 857
856 857 858
857 858
858
862 863
863 865
865 866
866
872 873 874
873 874
874
878 880
880 881
881 883
883 884 885
884 885 886
885 886 887
886 887
887
889 891
891
896 897 898
897 898
898
901
904 905
905
909
914 916
916
919
924
928 929
929 931
931
934
937 938
938 939
939 941
941 942
942 944
944
947 949
949 951
951
954 956
956 958
958
961 962
962 964
964
967
970 971 972
971 972 973
972 973
973
976 978
978 980
980 982
982
986 987 988
987 988
988 990
990
995 996
996
999
