#naive2.0.py
# GMT Fri Feb 14 13:34:33 2020
# 
0 2 998
2
7 8 9
8 9
9
25 26 27
26 27
27
36
39 40
40 42
42 44
44
47 49
49 50
50 52
52 53 54
53 54
54
58
63
66 67
67 69
69 70 71
70 71
71 73
73 74 75
74 75
75
81 82 83
82 83
83
86
89 91
91 92 93
92 93
93
96 98
98 99
99
107 109
109 110
110
114 115 116
115 116 117
116 117 118
117 118
118 120
120 121
121 123
123 707
127 128 129
128 129 130
129 130
130 132
132
135 136
136
143 145
145 146 147
146 147
147
150 152
152 154
154
159
163 164
164 166
166 168
168 169
169
174 175
175 177
177 178 179
178 179 180
179 180 181
180 181
181 183
183 811
186
189 190 191
190 191
191 193
193
196 198
198 199
199
203 205
205
208 210
210 211
211 213
213 214
214
217
220 222
222 224
224 226
226
229 231
231 232 233
232 233
233
237 239
239
245
248 249 250
249 250
250
254
257 259
259 260 261
260 261
261
264 266
266 267
267
270
273 274
274
277
281 282
282 284
284
287
290
294 295
295 297
297 298
298 300
300
305 306
306 308
308 310
310 312
312 314
314 315 316
315 316 317
316 317 318
317 318
318 320
320
325 326
326
330 332
332 333
333
344 345 346
345 346 347
346 347 348
347 348 349
348 349
349
353
356
359 361
361 362
362 364
364
368 369
369 371
371
374 376
376
380
383
387 388
388
391 392
392 394
394 395
395 397
397 399
399 401
401
404
407 409
409 410 411
410 411 412
411 412 413
412 413
413
418 419 420
419 420
420
423 425
425 426
426
429 431
431 432
432 434
434
437 438
438 440
440 442
442
445 446
446 448
448
455
458 459
459 461
461
464 466
466 467
467
470
473 474 475
474 475 476
475 476
476
479 481
481 482 483
482 483
483 485
485 487
487
491
495 496
496
499 500 501
500 501 502
501 502 503
502 503
503 505
505
508
514 516
516 518
518 519
519
524 525
525
531 533
533 534 535
534 535 536
535 536
536 538
538
545
550 551
551
554 555 556
555 556 557
556 557
557 559
559 560
560
564 565 566
565 566
566 568
568 569
569
572
576 578
578
581 583
583 584
584
587 588
588 590
590 591 592
591 592 593
592 593
593 595
595 597
597 598 599
598 599 600
599 600 601
600 601
601 603
603
606
609
612 613
613
616
623
630 632
632 634
634
638 640
640 642
642 643 644
643 644
644
648 649
649
657 658
658 660
660 661
661 663
663 665
665 666
666 668
668
671
674 675
675 677
677 679
679
683
686 687
687
690 691 692
691 692 693
692 693
693
700 702
702 704
704
707
713 714
714
717 719
719 720
720 722
722
725
732 733
733
740
743 744 951
744 745 746
745 746
746
750
753
757
760 762
762
765 767
767 768 769
768 769 770
769 770
770
775 777
777 778
778 780
780 781
781
784 785 786
785 786
786 788
788
793 795
795 797
797
800 801
801 803
803 804 805
804 805 806
805 806 807
806 807
807
811
814
817 818 819
818 819
819
823
827 829
829
833 834
834
837 839
839 841
841 842
842
845 847
847 848
848
851 852
852 854
854 855
855 857
857
860 862
862
866 867 868
867 868
868
873
876 877
877 879
879 880
880
886
891 892 893
892 893
893
896 898
898 899 900
899 900 901
900 901 902
901 902 903
902 903 904
903 904 905
904 905
905
908
913 915
915
919 921
921
926 927
927
933 935
935
938 940
940 941
941 943
943
946 948
948 949 950
949 950 951
950 951
951
954 956
956 958
958 959
959
966 967 968
967 968
968 970
970
975 976
976 978
978 979 980
979 980
980 982
982
986
989 990 991
990 991
991
994
997 998
998
