#naive2.0.py
# GMT Fri Feb 14 13:34:32 2020
# 
2 4
4 868
8 9 10
9 10 11
10 11 12
11 12
12
15
20
23
26 28
28 29 30
29 30 31
30 31
31 33
33 34
34
38 39
39 41
41 42 43
42 43 44
43 44
44 46
46 47
47
52 54
54 56
56
60 61
61
64 65
65 67
67 68
68 70
70
73 75
75 76 77
76 77 78
77 78 79
78 79 80
79 80
80 82
82 83 84
83 84 85
84 85 86
85 86 87
86 87 88
87 88
88
92 94
94 96
96 97
97 99
99
102
110
115
120 122
122 123
123 887
127
131
136
139 140
140 142
142 144
144 145 146
145 146
146
150 151
151
155 157
157
161
168 170
170
173
180 181
181
185 186 187
186 187
187
190
193 194
194 196
196
202
205 207
207 208 209
208 209 210
209 210
210 212
212
217
220 221 222
221
222
225
232 233
233 235
235 237
237 238
238
241
246 247 248
247 248
248
253
257 258
258
261 263
263 264 265
264 265
265
268 269 270
269 270
270
276
281
286 287 288
287 288 289
288 289
289
292
295 296
296 298
298 299
299 301
301
306
309 310
310
315
319 320
320
324 325 326
325 326 327
326 327
327 329
329 330
330 332
332
336 337 338
337 338
338 340
340 342
342 344
344 345
345
348 349
349 351
351 352 353
352 353 354
353 354
354 356
356 357
357
360
363 365
365
368 369 370
369 370 371
370 371
371
374 375 376
375 376 377
376 377
377
383
390
394 396
396 398
398
401
405
410
414
420 421
421
424 425
425
437 439
439 440
440 442
442
445
450 451 452
451 452
452
457 459
459
462 463 464
463 464
464
469
473 474
474
481
484 486
486 487
487
493
502 503 504
503 504 505
504 505
505
509 510 511
510 511
511
514
519 520
520
523 524 525
524 525 526
525 526
526 528
528 530
530 531
531
537 539
539 540
540
543 544
544
548
552 553 554
553 554
554
557 558 559
558 559 560
559 560
560
565
573
576 577 578
577 578
578 580
580
584 585 586
585 586
586 588
588 589 590
589 590
590
596 597
597
602 604
604 605
605 607
607 608
608
611 612 613
612 613 614
613 614
614
618 619 620
619 620 621
620 621
621
624 625
625 627
627 628 629
628 629
629
632
635
639 641
641 643
643 645
645
649
654 656
656 657 683
657 659
659
664
668 669
669 671
671 673
673 674
674 676
676 678
678 680
680 682
682 683
683
686
691 692 693
692 693 694
693 694 695
694 695 696
695 696 697
696 697 698
697 698
698 700
700
704 705 706
705 706
706 708
708 709
709
713 714
714
719 720 721
720 721
721
724
729 730 731
730 731
731
736 737 738
737 738 739
738 739 740
739 740 741
740 741
741 743
743 744 951
744 746
746 748
748 750
750 751 752
751 752
752 754
754
759 760 761
760 761 762
761 762
762 764
764 766
766 767 768
767 768
768 770
770 771
771
776 777 778
777 778
778 780
780
783
791 792
792 794
794 796
796
800 801
801
804
808 810
810
813 814 815
814 815
815 817
817 819
819
823 825
825 827
827 828 829
828 829
829
833
836 838
838
843 844
844
848 850
850
855
858
861 862 863
862 863 864
863 864 865
864 865
865 867
867 868 869 937
868 869
869 871
871
875 876 877
876 877 878
877 878 879
878 879 880
879 880 881
880 881 882
881 882 883
882 883
883
887 888
888 890
890 892
892
899 900
900 902
902 904
904
910
913 914 915
914 915 916
915 916
916
920 922
922
925 926
926 928
928 929
929 931
931 933
933
937
939
943 944 945
944 945 946
945 946 947
946 947 948
947 948 949
948 949
949 951
951 952 953
952 953
953
957 958 959
958 959 960
959 960
960
964 966
966 967
967
970
973 974
974
979 980
980
983
987 989
989
997 998
998
