#naive2.0.py
# GMT Fri Feb 14 13:34:28 2020
# 
6 7
7
11 12 13
12 13
13 15
15 16 17
16 17
17
23 24
24
28
32
35 36
36 38
38
43 45
45 47
47 48
48 50
50 52
52 53 54
53 54 55
54 55
55
58
62
65 66
66
69 70
70 72
72 73 74
73 74
74 76
76
82
85
89 90
90 92
92 94
94 95
95
97 98 99
98 99
99 101
101
104
107 108 529
108
113 114
114 116
116 118
118 119
119
123 125 707
125 127
127
136
140 142
142 143
143 145
145
149 150
150
153 154 155
154 155
155
159
165 167
167
171 172
172 174
174
189 190 191
190 191 192
191 192
192
195 196
196
199
203 205
205 206 207
206 207 208
207 208 209
208 209 210
209 210 211
210 211 212
211 212 213
212 213
213 215
215 216 217
216 217
217
223 225
224 225 226
225 226 227
226 227 228
227 228 229
228 229 230
229 230
230 232
232
235
236 238
238 240
240 241
241 243
243 244 245
244 245 246
245 246
246 248
248 250
250 251
251 253
253
256 257
257
265 266 267
266 267 268 621
267 268
268
271 272 273
272 273
273
276
281 282
282
288 289
289
292 293 294
293 294 295
294 295 296
295 296 297
296 297 298
297 298 299
298 299
299
303 305
305
308 310
310 312
312 313
313 315
315 316
316
321 322 323
322 323 324
323 324 325
324 325
325
330 331 332
331 332 333
332 333 334
333 334 335
334 335 336
335 336 337
336 337
337
340 342
342 344
344
347 349
349
352 353 354
353 354
354
359 360 361
360 361 362
361 362
362
365 367
367
371 372 373
372 373
373 375
375 376
376
385
389 391
391 392 393
392 393
393
396 397 398
397 398 399
398 399 400
399 400 401
400 401
401
407 409
409 410
410
414
417 418
418
421
424 425 426
425 426
426
430 432
432 433
433
437 438 439
438 439
439
450 451 452
451 452
452
456 458
458 460
460 461 462
461 462
462
465 466 467
466 467 468
467 468
468 470
470 471 472
471 472
472
476 478
478
481 482
482 484
484 485
485
491 492
492
497 498 499
498 499
499 501
501
507 508
508
511
516
519 521
521 552
522 524
524
529
531 533
533 534 535
534 535
535
538 540
540 542
542
545
550 552
552 554
554
559 561
561 562
562 564
564 565
565
570 571
571
577 579
579 972
583
589 590
590 592
592 593
593 595
595 596 597
596 597
597 599
599
602 603 604
603 604
604 606
606
614 616
616 618
618
621 622
622
625 626
626
629 630 631
630 631 632
631 632
632
635
641 643
643 644 645
644 645
645 647
647
651 652 653
652 653
653
658
665 666
666
669 671
671
676 677 678
677 678
678
681 682
682 684
684 686
686
689 690
690
693
696 698
698 699
699 701
701 702
702
707
711 712 713
712 713
713 715
715
718
721
726 727 728
727 728
728
735
738 739
739
744 745
745
748 750
750 751 752
751 752
752
757 758
758
762 763 764
763 764
764 766
766 767 768
767 768
768
772
777 779
779 781
781 782
782 784
784 786
786
790 791
791 793
793 794 795
794 795 796
795 796 797
796 797 798
797 798
798
803 805
805 807
807 808
808 810
810
813 814
814
818 819 820
819 820
820 822
822 823
823
830 831
831
834 835
835
839
846 847
847
855 857
857
861 862
862 864
864
869 871
871 873
873 874
874 876
876 878
878 880
880 881 882
881 882
882 884
884
892 893
893 895
895 896
896
899 900
900 902
902
906 907
907 909
909 910 911
910 911
911 913
913 914
914 916
916
919
923
927 928 929
928 929 930
929 930
930 932
932
935 936 937
936 937 938
937 938
938 939 940
939 940
940
943
946
949 950 951
950 951 952
951 952 953
952 953 954
953 954
954
960
964
967 969
969 970
970 972
972 973
973
976
979
983
987 988 989
988 989
989 991
991 992 993
992 993 994
993 994
994
