#naive2.0.py
# GMT Fri Feb 14 13:34:33 2020
# 
1 2 999
2 4
4
11
16 17 18
17 18
18
27
30 32
32
35
39 40
40 42
42 44
44
47 49
49 50
50
53 54 55
54 55
55 57
57
60
64
67 68 69
68 69 70
69 70
70
74
79 80 81
80 81
81 83
83 85
85 86
86 88
88 89 90
89 90
90
93 94 95
94 95 96
95 96 585
96 97 98
97 98
98
102
105 106 107
106 107
107 529
110 111
111 113
113 114
114 116
116
119 120 121
120 121 122
121 122
122
126 128
128
131 132
132
135
140
144 145
145
151 153
153 154 155
154 155
155 157
157 158
158 160
160 161 162
161 162 163
162 163
163 165
165 166
166 168
168 169 170
169 170
170
175
178 179
179 181
181 182
182
186 187 188
187 188 189
188 189
189 191
191
194 195
195
198 199 200
199 200 201
200 201
201
204 205 206
205 206 207
206 207 208
207 208
208
211
214 215
215
221
222 224
224
228 229 230
229 230
230
233 234
234 236
236 237
237
240 242
242 244
244 245 246
245 246
246
249 251
251 252 253
252 253
253 255
255 256 257
256 257 258
257 258 259
258 259
259 261
261 262
262
266 268 621
268
275
279
282 283 284
283 284
284
287 288 289
288 289
289 291
291 292
292
296 297
297 299
299 301
301
306 307 308
307 308 309
308 309 310
309 310 311
310 311
311 313
313 314
314 316
316
319
325 326
326 328
328 329
329
334 335 336
335 336 337
336 337
337
342 343 344
343 344 345
344 345 346
345 346
346
349 351
351 352 353
352 353
353
363 364
364
367
371
375
379
385 386 387
386 387 388
387 388
388
391 392 393
392 393 394
393 394 395
394 395 396
395 396 397
396 397
397 399
399 400 401
400 401
401 403
403
407
410 411 412
411 412
412 414
414 416
416 417
417
424 425
425
429 430
430
435 436 437
436 437
437 439
439 440
440
446 447
447 449
449 451
451 452 453
452 453 454
453 454 455
454 455
455
458 459
459 461
461
465
468 469 470
469 470 471
470 471 472
471 472
472 474
474
482 484
484 485 486
485 486
486 488
488
498 500
500
503
506
509 511
511 513
513 515
515
518 519 520
519 520
520
524 525
525
528 529 530
529 530
530
535
538 539
539 541
541 542
542
545 546 547
546 547 548
547 548
548
553 554
554
557 559
559 561
561 562 563
562 563
563 565
565 566
566 568
568 569 570
569 570
570
575 577
577 578
578
581 583
583 585
585 587
587 588
588
592 594
594 595 596
595 596 597
596 597 598
597 598
598 600
600
606 607 608
607 608 609
608 609
609 611
611
614 615
615 617
617
620 621
621
623 625
625 626
626 628
628 629
629 631
631 632 633
632 633
633 635
635 637
637 639
639
642 644
644 645
645
648 649 650
649 650 651
650 651
651 653
653 655
655 656
656 658 683
658 659
659 661
661 662
662 664
664
668 670
670
674
677
680
683 684
684
687 688
688
691 692 693
692 693 694
693 694
694
697 698
698 700
700 701 702
701 702 703
702 703 704
703 704
704 706
706 708
708 709 710
709 710
710
713 714 715
714 715 716
715 716
716 718
718 720
720
723 724
724 726
726 727
727 729
729
732 733 734
733 734
734 736
736
741 742 743
742 743
743 951
745 747
747 748
748
752 754
754 756
756 757 758
757 758
758
762 763 764
763 764 765
764 765 766
765 766
766
771 772 773
772 773
773 775
775 776 777
776 777 778
777 778 779
778 779 780
779 780 781
780 781 782
781 782
782
785 786
786 788
788 789
789 791
791
795 797
797 798 799
798 799
799 801
801 802
802 804
804 805 806
805 806
806
811
814
820 821
821
826
829 830 831
830 831 832
831 832
832 834
834 835 836
835 836 918
836 838
838 839
839 841
841 842 843
842 843
843 845
845 847
847 848
848
856
859
862 863
863 865
865 866 867
866 867
867 937
870 871 872
871 872
872
875 876
876
880 881
881
885
888 889
889 891
891 892 893
892 893
893
896 897 898
897 898 899
898 899 900
899 900
900 902
902 903
903 905
905
913 914
914 916
916 917 918
917 918
918 920
920 922
922 923
923
929
932
935 937
937
939 941
941 942 943
942 943
943
948
951
954 955 956
955 956
956
959 960
960 962
962 963 964
963 964
964 966
966
969
972 973 974
973 974
974 976
976
982 984
984 986
986 987
987
990 992
992 994
994
997 998 999
998 999
999
