#naive2.0.py
# GMT Fri Feb 14 13:34:31 2020
# 
3 4 5
4 5 868
5
8
11 12
12
15
19
22
25 26
26 28
28 29
29
32 33
33
40 42
42 43 44
43 44
44
48 50
50 51 52
51 52 53
52 53
53
56 57
57
60
63
66 67
67
71 73
73 75
75 77
77 78 79
78 79
79
83 84 85
84 85 86
85 86 87
86 87 88
87 88 89
88 89 90
89 90 91
90 91 92
91 92
92 94
94
97
102
106 108
108 109
109 111
111
114 115 116
115 116
116
120 121
121 123
123 124 125 707
124 125 126
125 126
126 128
128 129
129
135 136
136
140 141
141 143
143 144
144 146
146
150 152
152 154
154
157 158
158
163 164 165
164 165
165
168 169 170
169 170
170 172
172 174
174
177 179
179
189
194 196
196
200 201
201 203
203 205
205 206 207
206 207
207 209
209
212
216 218
218 220
220
224 225
225
231 232
232
236 238
238 239
239
242 243
243
246
252
255 256
256
259 260
260
263 264 265
264 265
265 267
267
270 271
271 273
273
276 277
277
280 281 282
281 282 283
282 283
283
288 289
289 291
291 293
293 294
294 296
296 297
297
300 302
302
308 310
310 311 312
311 312
312 314
314 316
316 317
317
325 326 327
326 327 328
327 328
328
333
336 337 338
337 338 339
338 339 340
339 340
340 342
342 343 344
343 344 345
344 345
345 347
347 348 349
348 349
349 351
351 352 353
352 353
353 355
355 356
356
359 360 361
360 361
361 363
363 364
364 366
366
369 371
371 372
372 374
374
377 378 379
378 379 380
379 380
380
385 386
386
389 390
390
393 394
394
397
406 407 408
407 408 409
408 409 410
409 410
410 412
412 414
414
418 419 420
419 420
420 422
422
425
428 430
430
433 434
434 436
436
439 440 441
440 441
441
444 445
445
448 449 450
449 450 451
450 451
451
454
457
462 464
464 466
466 467 468
467 468 469
468 469 470
469 470
470
475
479 480
480 482
482 483 484
483 484
484
487 488 489
488 489
489 491
491 492 493
492 493
493 495
495 496 497
496 497
497 499
499 500 501
500 501
501 503
503 504
504 506
506 508
508 509
509 511
511 512 513
512 513
513 515
515 516
516 518
518
522 524
524 525 526
525 526 527
526 527
527 529
529 530
530 531
531
534 535 536
535 536 537
536 537
537
540 541 542
541 542
542 544
544 545
545
549
552
555 556 557
556 557
557 559
559 560
560
564 565 566
565 566
566 568
568 569 570
569 570
570
573 574 575
574 575
575
579
583 585
585 587
587 589
589 590 591
590 591 592
591 592
592
596
599 601
601
606 607 608
607 608
608 610
610 611 612
611 612
612
615 617
617 618
618
621
624
629 630
630
636
638
642 643 644
643 644 645
644 645
645 647
647 649
649 651
651 652 653
652 653 654
653 654 655
654 655
655 657
657 658 659
658 659
659
662
666
672 674
674 675
675 677
677 678
678
681
684 685 686
685 686 687
686 687 688
687 688
688 690
690
694 695
695
699 700 701
700 701 702
701 702
702
705 706 707
706 707
707
709 711
711
716
720
723 725
725 727
727
730 731 732
731 732
732
735 736 737
736 737
737
741 742
742 744
744 745 746
745 746
746 748
748 749
749
752 754
754 755
755
759 760
760 762
762 763 764
763 764 765
764 765 766
765 766 767
766 767
767
770 772
772 773 774
773 774
774 776
776
780 781 782
781 782 783
782 783 784
783 784 785
784 785 786
785 786
786 788
788
791 792
792 794
794 795 796
795 796
796
800 801 802
801 802
802 804
804 805
805
809
817
820 821 822
821 822 823
822 823
823 825
825
829 831
831 832
832 834
834 836
836 838
838 839
839 841
841
844 845
845 847
847 849
849
853 854
854
857 858
858
862
866 868
868
871
875 876 877
876 877
877
883 884
884 886
886
892 893 894
893 894 895
894 895
895 897
897 898
898
904 905
905 907
907 908
908
912 913
913
917 918 919
918 919 920
919 920
920 922
922
925 927
927 929
929
938 939 940
939 940 941
940 941
941 943
943
946 948
948
951 952
952
955
958
961
964 966
966 968
968 969
969
973 974 975
974 975
975
978 979
979
984 985 986
985 986 987
986 987 988
987 988 989
988 989 990
989 990
990 992
992 993
993 995
995 996
996 998
998
