#naive2.0.py
# GMT Fri Feb 14 13:34:31 2020
# 
0 999 2
2 3
3
8 9
9
12 13 14
13 14
14 16
16
19 21
21 23
23 24
24
29
33
38 39 40
39 40
40
46 47
47 49
49 51
51 52 53
52 53 54
53 54
54 56
56
60 61 62
61 62
62
66 67
67
78 80
80 81
81 83
83 84
84 86
86
91 93
93 94
94
98 99
99
104 105
105 107
107 108 529
108
111 112
112 114
114 115
115 117
117
120 122
122 124
124 126
126 128
128
133 134 135
134 135 136
135 136 137
136 137 138
137 138 139
138 139 140
139 140
140 142
142 143
143
146
151 153
153 154 155
154 155
155
158 159
159 161
161 163
163 164 165
164 165 166
165 166
166 168
168 169
169 171
171 172
172
179 181
181 182 183
182 183 184
183
184
187
193
199 201
201 202
202
207 208
208
214 216
216 217 218
217 218 219
218 219 220
219 220 221
220 221
221
224
227 229
229
232
238
243 245
245 246
246 248
248 249
249
252 253 254
253 254 255
254 255
255
259 261
261
264
267
271 272
272 274
274
277 278 279
278 279
279 281
281 283
283
291
294 295
295
302 303
303
315 316 317
316 317 318
317 318 319
318 319
319
322 323
323 325
325
330 331
331
336 337 338
337 338 339
338 339 340
339 340
340
345 347
347 349
349 351
351
354
357 359
359 360
360
370 371
371
374 376
376 378
378 380
380
384 385 386
385 386 387
386 387 388
387 388
388 390
390 391
391 393
393 395
395 397
397 398 399
398 399
399
406 408
408 410
410 412
412 414
414
421 422
422
425 426 427
426 427
427
431 432 433
432 433
433 435
435 436
436
438
442 443 444
443 444
444
448 449
449 451
451 452 453
452 453
453 455
455 457
457 458
458
462 464
464
467 468 469
468 469 470
469 470
470
473
477
482 484
484 486
486 487 488
487 488
488
493 494 495
494 495
495
498 499
499 501
501 503
503 504
504 506
506 507
507
511
514 515 516
515 516
516
519 520
520
523
526 528
528 529 530
529 530
530 532
532 533 534
533 534 535
534 535 536
535 536 537
536 537
537
540 541
541 543
543
546 547 548
547 548
548
554 555 556
555 556 557
556 557 558
557 558 559
558 559 560
559 560
560 562
562 563 564
563 564 565
564 565 566
565 566 567
566 567
567
570
575 576 577
576 577 578
577 578 579
578 579
579
583 584
584 586
586 587
587 589
589 591
591
596
601 603
603 604
604 606
606
610 612
612 614
614 615 616
615 616 617
616 617
617
622 623 624
623 624
624
627 628
628
633 635
635 636 637
636 637
637 638 639
638 639
639 641
641 643
643 645
645 646
646
654 656
656 658 683
658
662
665 667
667 669
669
673 675
675
678 679 680
679 680
680 682
682 683
683
686 688
688 690
690 691 692
691 692 693
692 693
693 695
695
700 701 702
701 702
702
706 707
707
712 713 714
713 714
714
717
720
723 724 725
724 725 726
725 726
726 728
728
732 734
734
739 740
740
743
747 748
748
751
756 757
757 759
759 760 761
760 761 762
761 762
762 764
764
768 770
770 771 772
771 772
772
775 776 777
776 777
777 779
779
783
786 787 788
787 788 789
788 789
789 791
791 793
793
797
802
806 807 808
807 808
808
812 813 814
813 814 815
814 815
815
819 821
821
825
830 831
831
835
837 839
839
847
851 852
852 854
854
857
860 862
862 863
863
869 870
870
873 874 875
874 875
875
879 880
880
883 884 885
884 885 886
885 886
886
891 892
892
895 896 897
896 897 898
897 898
898
902
905
909 911
911 912
912
917 919
919
922 923
923
928 930
930
935
938 940
940 941
941
944 945 946
945 946 947
946 947
947 949
949 950
950
954
957 958 959
958 959
959
970
973
977 979
979
983 984 985
984 985 986
985 986
986
989 991
991
995 997
997 999
999
