#naive2.0.py
# GMT Fri Feb 14 13:34:35 2020
# 
1 2
2 4
4 5 868
5 6 7
6 7
7 9
9 11
11 12
12 14
14
17 19
19 21
21 22
22
25 26 27
26 27
27 29
29 30
30
33 35
35 36
36 38
38 39 40
39 40
40 42
42
45 46
46
50 51
51 53
53 55
55 56
56 58
58 59 60
59 60
60 62
62 63
63 65
65
68 69 70
69 70 71
70 71
71 73
73
77 79
79 80 81
80 81 82
81 82 83
82 83 636
83
86 87 88
87 88 89
88 89
89 91
91 93
93 94 95
94 95
95 585
99 100
100 102
102
112
115 117
117
120 121
121 123
123 707
126 127
127
131
136
139 141
141 142 143
142 143
143 145
145 146 147
146 147
147 149
149
152
161 163
163 165
165
168 170
170 171 172
171 172 173
172 173
173 175
175 176
176
181
187 188 189
188 189 190
189 190
190 192
192
195 197
197 199
199
202
205 206
206 208
208 209
209
212
216 218
218
222 224
224 225 226
225 226
226
229 231
231
234 235
235 237
237 238
238
242
247 248 249
248 249 250
249 250 251
250 251 252
251 252 253
252 253
253
257 259
259 260
260
264
267
270 271
271
276 278
278
282 284
284 286
286 287 288
287 288
288
291 293
293 295
295 296
296
300 302
302 303 304
303 304
304 306
306 308
308 309
309
312
320 321
321
327 328 329
328 329
329
334
338 339 340
339 340
340
344 345
345
350 351 352
351 352 353
352 353
353 355
355 357
357 358 359
358 359 360
359 360 361
360 361 362
361 362
362
365 366
366
369
372 373
373 375
375 376 377
376 377 378
377 378
378
383
389 390 391
390 391
391
397 398 399
398 399
399 401
401 403
403 404 405
404 405
405 407
407 408
408
412
415 416 417
416 417
417
420 421 422
421 422
422 424
424 426
426 427
427
432 433
433
440 441 442
441 442 443
442 443 444
443 444 445
444 445
445
449
452 454
454 455 456
455 456 457
456 457
457
460
463 464
464 466
466 467
467
470 471 472
471 472 473
472 473
473
476 478
478
481 483
483
486 487 488
487 488 489
488 489
489 491
491
494
501 502
502
506 507 508
507 508 509
508 509 510
509 510
510 512
512
515 516
516 518
518 520
520
524 525 526
525 526 527
526 527 528
527 528
528
531 533
533 534 535
534 535 536
535 536
536 538
538 539 540
539 540 541
540 541 542
541 542
542
545 546
546 548
548 549
549
552 553
553
558 559
559
564 565
565
569 570
570
574
578 580
580 581
581 583
583 585
585 587
587 589
589
592
595 597
597 599
599 601
601 603
603 605
605 607
607 608
608
614
626 628
628 630
630 632
632 633 634
633 634
634 636
636
638
645 646 647
646 647
647
650 651 652
651 652 653
652 653
653 655
655
659
662 663
663 665
665 666 667
666 667
667
670
680 682
682 683
683
689 690
690 692
692
696
703 704
704
707
710
714 715
715 717
717 719
719 720 721
720 721 722
721 722 723
722 723 724
723 724 725
724 725
725 727
727 728
728
734 735 736
735 736
736
740 741 742
741 742 743
742 743
743
745 746
746
753 755
755 756
756 758
758
761
764 765
765
770
773
777
780
786
791 793
793 794
794
800 801
801 803
803 804 805
804 805 806
805 806 807
806 807 808
807 808
808 810
810 812
812 813
813 815
815
820 821
821 823
823
826 827 828
827 828 829
828 829 830
829 830 831
830 831
831
838 840
840 841
841 843
843 845
845 846 847
846 847
847
852 853
853 855
855 857
857 859
859
863
866 868
868
871 872
872
880 881
881 883
883 884 885
884 885 886
885 886
886 888
888 889
889 891
891 892
892
895 896 897
896 897
897
900 901
901 903
903 905
905 906
906 908
908
917
921 922
922
927
930 931 932
931 932 933
932 933
933
936
939 940 941
940 941 942
941 942
942 944
944 945
945 947
947 948
948
954 956
956
966
969 970 971
970 971
971 973
973 974
974
977 979
979 980
980
984 985 986
985 986
986 988
988 989 990
989 990 991
990 991 992
991 992
992
995 996
996 998
998
