#naive2.0.py
# GMT Fri Feb 14 13:34:28 2020
# 
0 2
2
5 6
6 8
8
13
16 17
17
21 22 23
22 23 24
23 24 25
24 25
25
28 29 30
29 30 31
30 31 32
31 32 33
32 33 34
33 34 35
34 35
35
39 40
40
43
46 47 48
47 48
48 50
50 51
51
54
57 58
58 60
60 61
61 63
63 64
64
67 69
69 70 71
70 71
71
76 77
77
82 83 636
83
87 89
89
92 93
93
96 98
98 100
100 101 102
101 102 103
102 103
103
106 108
108 109 110
109 110
110
114
117 119
119 120
120
124
127 128 129
128 129
129 131
131 132 133
132 133
133
141
144
152 153
153
156
159 160 161
160 161
161
164 165
165 167
167 169
169
173 174
174 176
176 178
178 179
179
182 183
183 185
185 186
186
193 194
194
197 199
199 200
200
204
209 210
210 212
212
217
223
226 227 228
227 228
228 230
230
237 239
239 240 241
240 241 242
241 242 243
242 243
243 245
245
248 250
250 252
252 253
253
256 258
258 260
260 262
262 264
264 265
265 267
267
275 276 277
276 277
277 279
279 281
281 283
283 284 285
284 285 286
285 286
286 288
288 289 290
289 290 291
290 291
291
294 295 296
295 296
296
299
302 303
303
306
313 314
314
319
322
326 327
327 329
329 330 331
330 331
331 333
333 335
335
338 340
340 341
341
344 345
345 347
347 348 349
348 349
349
353
358 360
360 362
362
366 368
368 369 370
369 370 371
370 371 372
371 372 373
372 373
373 375
375
378 379
379
382
386 388
388
391 393
393 394 395
394 395 396
395 396
396 398
398 399
399 401
401 403
403
406 408
408 410
410 411
411 413
413 414 415
414 415 416
415 416 417
416 417 418
417 418 419
418 419 420
419 420 421
420 421
421
424 425 426
425 426 427
426 427 428
427 428
428 430
430 431 432
431 432
432
439 441
441 443
443 444
444 446
446 448
448
452
456 457
457
460 462
462 463
463 465
465 467
467
471 472
472
478
483 485
485
488 489 490
489 490
490
493
497 498 499
498 499 500
499 500
500 502
502 503 504
503 504
504 506
506
509 510
510
513 515
515
519 520
520 522
522
528 529 530
529 530
530
535
539 540
540 542
542
546 547
547 549
549
553 555
555
558 559 560
559 560 561
560 561 562
561 562
562 564
564 565
565 567
567 568 569
568 569 570
569 570 571
570 571 572
571 572 573
572 573 574
573 574
574 576
576 578
578 579 580
579 581
580 581 582
581 582
582
585
589
594
597
601 602 603
602 603 604
603 604
604 606
606 608
608
611
616 617 618
617 618 619
618 619
619 621
621 622
622
625 626 627
626 627
627
631 632
632
636 637
637 638
638
643 645
645
648
654
661 663
663 665
665
668
671 672 673
672 673 674
673 674 675
674 675
675 677
677 679
679 681
681
684 685
685 687
687 688
688
691 692 693
692 693
693 695
695 696 697
696 697
697 699
699 700
700 702
702
710 712
712 713 714
713 714
714
717 718 719
718 719
719
722 723
723
726 728
728
731 732 733
732 733
733
738 740
740 741 742
741 742
742
745 747
747 748
748
752 754
754 756
756
761 762
762 764
764 766
766 768
768 770
770
773 774 775
774 775 776
775 776 777
776 777 778
777 778 779
778 779
779
782 783
783 785
785 787
787 788 789
788 789 790
789 790 791
790 791
791
794 796
796 798
798 800
800 801 802
801 802
802 804
804
808 810
810 812
812
818 819
819
822 824
824 825 826
825 826 827
826 827
827
830 831
831 833
833
837 838 839
838 839 840
839 840 841
840 841 842
841 842
842
845 846 847
846 847 848
847 848
848
851 852
852
858
865
872 873 874
873 874 875
874 875 876
875 876 877
876 877
877
882
886 887
887
889
892 894
894 896
896 897 898
897 898
898 900
900 902
902 903 904
903 904
904 906
906 908
908 909
909 911
911 912
912
918
921 922 923
922 923 924
923 924 925
924 925 926
925 926
926
930
933
936 938
938 939
939
942 943 944
943 944 945
944 945 946
945 946 947
946 947
947 949
949 950 951
950 951 952
951 952 953
952 953
953
956 957
957 959
959 961
961
964
970
976 978
978 979 980
979 980 981
980 981 982
981 982
982
985 986 987
986 987 988
987 988 989
988 989
989 991
991 993
993 994
994
