#naive2.0.py
# GMT Fri Feb 14 13:34:35 2020
# 
2 4
4
9
13
17
22
26 27 28
27 28 29
28 29 30
29 30 31
30 31
31 33
33 34 35
34 35 36
35 36
36 38
38
42 43 44
43 44
44
47
50
53 54
54
57
60
64 66
66
70
73 74
74
78 80
80 82
82 83 84 636
83 84 85
84 85 86
85 86
86 88
88
93 95
95
97 98
98 100
100 101 102
101 102 103
102 103
103
106 108
108 109 110
109 110 111
110 111 112
111 112
112 114
114 115 116
115 116
116 118
118 120
120 121 122
121 122 123
122 123
123 707
136 138
138 139 140
139 140 141
140 141
141
144 146
146 147
147 149
149 150 151
150 151
151
154
157 158 159
158 159
159
162
166
172 173
173
179 181
181 183
183 185
185 187
187
190 191 192
191 192
192
195 197
197 198
198
206 207
207
212 213 214
213 214 215
214 215 216
215 216 217
216 217 218
217 218 219
218 219
219
222 224
224 226
226 228
228
233
236 237 238
237 238 239
238 239
239
242 243
243
248 249
249
252 253
253
256 258
258 260
260 261 262
261 262
262
265
268 270
270 271 272
271 272
272
276
282
288 289
289
293
296 298
298
304 305 306
305 306 307
306 307
307
311 313
313 315
315 317
317 319
319
324 325
325 327
327 329
329 331
331 332 333
332 333
333 335
335 337
337 339
339 340
340
343 344 345
344 345
345
350
354 356
356 357 358
357 358
358
361 363
363 364 365
364 365 366
365 366
366 368
368
375 376
376
380 381
381 383
383 384 385
384 385
385
388
393 395
395 396 397
396 397 398
397 398 399
398 399
399
407 408
408 410
410 411 412
411 412
412
416 417 418
417 418 419
418 419
419 421
421 422
422 424
424 426
426 427
427
431
434
437 438
438 440
440 441 442
441 442 443
442 443 444
443 444
444 446
446 447
447
450 452
452
456 457 458
457 458
458
464
467 468
468 470
470
474 475
475 477
477 479
479
482
486 487
487
491
494 496
496 497
497 499
499 501
501 502
502
509
513 514 515
514 515
515
524 525
525 527
527 528
528
536 537
537 539
539
547 548
548
552
556 557
557 559
559
563 564 565
564 565
565
569 571
571 573
573 574
574
577 578
578 580
580 582
582 584
584 586
586 588
588
593
596 597 598
597 598 599
598 599 600
599 600
600
605 606
606
611 612 613
612 613
613
617
620
623 624
624 626
626
629 631
631 632 633
632 633
633 635
635 636 637
636 637
637
641 643
643 645
645
648
652 653
653 655
655 657
657 658 659
658 659
659
662 663 664
663 664
664 666
666 668
668 670
670
676 678
678 679 680
679 680
680 682
682 684
684
687
690
693
698
701 702
702
705 707
707 708
708 709 710
709 710
710
716
720 722
722 723 724
723 724 725
724 725 726
725 726
726
731
734
740 741
741
748 749 750
749 750 751
750 751
751 753
753
757 759
759 761
761 763
763 764 765
764 765
765
773 775
775
778 780
780 781 782
781 782 783
782 783
783 785
785 787
787 788
788 790
790
796
800
804 805
805 807
807
812 813
813 815
815 817
817 818
818 820
820
823 824 825
824 825 826
825 826
826 828
828
831 832
832
835 836
836 838
838 840
840 841
841
844
847
850
853 854 855
854 855 856
855 856 857
856 857 858
857 858 859
858 859 860
859 860
860
865 867
867 937
871
877
881 883
883 885
885 886
886 888
888
892 894
894 896
896 898
898 899
899
903 904
904 906
906 908
908
911
914 916
916
920
924 925
925
929 930
930 932
932 934
934 936
936 937
937
939 940
940
943 944 945
944 945 946
945 946
946 948
948
951
954 955 956
955 956
956
961
964
967 968
968 970
970 971 972
971 972 973
972 973 974
973 974
974 976
976 977
977 979
979 980 981
980 981
981
985 986 987
986 987
987 989
989 990
990 992
992 994
994 995
995
999
