#naive2.0.py
# GMT Fri Feb 14 13:34:29 2020
# 
0 999 998
4 5 868
5
9 10
10
13 15
15 16 17
16 17
17
21
24 26
26
29 30
30 32
32
39 40
40
44 46
46 47
47
54 55 56
55 56
56 58
58 60
60
64
68 69
69
73 74
74 76
76 78
78 79 80
79 80
80 82
82 84
84 86
86 88
88 89
89
92 93
93 95
95
102 104
104 105 106
105 106
106
109 110
110 112
112 113
113
124 126
126
134 135
135 137
137 138 139
138 139 140
139 140
140
143
150 152
152
162 163 164
163 164 165
164 165
165 167
167 169
169 170
170 172
172 173
173
177
180 182
182 183 184
183
184
187 188 189
188 189 190
189 190
190
193 194 195
194 195 196
195 196 197
196 197 198
197 198 199
198 199 200
199 200
200
203
206
209 210 211
210 211
211
214
218 219
219
223 429
232 234
234 235 236
235 237
236 237 238
237 238
238 240
240
249
254
257 258 259
258 259
259
264
269 270
270 272
272 273 274
273 274
274 276
276 277
277 279
279 281
281 282 283
282 283 284
283 284 285
284 285 286
285 286
286
289 290 291
290 291
291
301
305
309
312 313
313
316
324
327 328
328 330
330 332
332
335 337
337 339
339 341
341 343
343 345
345
351
355 356
356
360 361 362
361 362
362 364
364 365 366
365 366
366
370
374 376
376 377
377
382 383
383
386 388
388 389
389
392 393
393
396 398
398 400
400 401
401
406 408
408 409
409 411
411
420
423
426 427
427 429
429
434 435
435
440 442
442 444
444
447 449
449 451
451 453
453 454 455
454 455
455 457
457
460 461 462
461 462
462
466 468
468 469 470
469 470
470
473 475
475
478 479
479 481
481 483
483 484 485
484 485
485
488
496 497
497
504
507 508
508 510
510 511
511 513
513 515
515 516
516
519 521
521
527 528 529
528 529 530
529 530
530 531
531
540 541 542
541 542
542
545
549 550
550
553 554
554 556
556 557 558
557 558 559
558 559 560
559 560 561
560 561
561
564
568
572 573
573 575
575 576
576 578
578 579 580
579 972
580
587 589
589 590 591
590 591
591 593
593 594
594
597
600
604 605
605
608 610
610 612
612 613
613
618 620
620
631 632
632
635 637
637 639
639
642
648 650
650
653 654
654
658 659 660
659 660 661
660 661
661 663
663 665
665
668 670
670 671
671
674
677 679
679 680
680 682
682
685 686
686
691 692
692 694
694 695
695
699
702
705 706 707
706 707
707
709 710 711
710 711
711 713
713 714
714
717 719
719
723
730 731
731
734 735
735 737
737 738
738
741 742 743
742 743 744
743 744
744 745
745 747
747 748 749
748 749
749 751
751 752
752
758 760
760 762
762 764
764 766
766
771 772
772 774
774
777 778
778
784 785 786
785 786
786
789 790 791
790 791 792
791 792 793
792 793
793
796 797 798
797 798 799
798 799
799
803
806 808
808
812 813
813
817
820
825 826
826
829 830
830 832
832 833
833
836
841 842
842 844
844 845 846
845 846 847
846 847 848
847 848 849
848 849 850
849 850 851
850 851
851 853
853 855
855
858 860
860
866 868
868 870
870 871
871 873
873
879 881
881 883
883 884
884
887 888
888 890
890 891 892
891 892 893
892 893
893 895
895 896 897
896 897 898
897 898 899
898 899 900
899 900 901
900 901 902
901 902
902
906
909 910
910 912
912
916 917 918
917 918
918 920
920 922
922
925
929 931
931
935 936 937
936 937
937
943 945
945
949 950
950 952
952
956
959 960
960 962
962 963 964
963 964 965
964 965 966
965 966
966
969 970 971
970 971 972
971 972 973
972 973 974
973 974 975
974 975 976
975 976
976
980 981 982
981 982
982 984
984 985
985
990
993 995
995 996
996 998
998 999
999
