#naive2.0.py
# GMT Fri Feb 14 13:34:34 2020
# 
4 868
7 9
9 11
11 13
13
16 17
17 19
19 20
20 22
22 23
23 25
25 26
26
31 33
33 34 35
34 35
35 37
37
42
47
51 53
53 54 55
54 55 56
55 56
56
60
63
66 68
68 69
69
73 74 75
74 75 76
75 76 77
76 77
77
80
83 84 85
84 85
85
88 89
89
93 94
94
98 99 100
99 100 101
100 101
101 103
103
106 107
107 529
112 113 114
113 114 115
114 115 116
115 116
116 118
118
121 122 123
122 123 124
123 124 887
124 126
126 128
128
134 135
135 137
137
142
147 148
148
153 155
155 156
156 158
158 159 160
159 160
160 162
162 163 164
163 164
164 166
166 168
168 169 170
169 170 171
170 171 172
171 172
172
178 179
179 181
181 182 183
182 183
183 811
187 188 189
188 189
189
192 193
193
200
203 204
204 206
206
212 214
214
218 219
219
225 226
226 228
228 230
230 231
231
234 235
235 237
237 238
238 240
240 242
242 244
244 245 246
245 246 247
246 247
247
251 252 253
252 253 254
253 254 255
254 255
255 257
257 258
258 260
260
263 264
264
267 269
269
273
276 277
277
282 283
283
289 290
290
293 294
294 296
296 297 298
297 298 299
298 299
299
303 304
304 306
306 307 308
307 308
308 310
310 311 312
311 312
312 314
314 316
316 317 318
317 318 319
318 319
319 321
321 322
322
328 330
330 332
332 333 334
333 334
334 336
336 337 338
337 338
338 340
340 342
342 343
343
346 347
347 349
349 351
351
355 356 357
356 357 358
357 358 359
358 359
359 361
361 362
362 364
364 365
365
370 371 372
371 372
372
375
378 379 380
379 380
380
393 395
395 396
396 398
398 399 400
399 400
400
404 405
405 407
407
413 414 415
414 415 416
415 416
416
419
423 424 425
424 425
425 427
427 429
429 431
431 433
433 435
435
438 439
439
442
445
448 450
450 451 452
451 452 453
452 453
453 455
455
460
463
467
470 471 472
471 472 473
472 473 474
473 474 475
474 475 476
475 476 477
476 477
477
485
488 489
489 491
491 492
492
501 502
502
505
508
511 512
512 514
514 516
516
529
535
541 542
542 544
544 546
546 548
548 550
550 551
551 553
553 555
555 556 557
556 557
557 559
559 560
560 562
562
566 567
567 569
569 570 571
570 571
571 573
573 575
575
578 579
579
583 584 585
584 585 586
585 586 587
586 587
587
590 591
591
594 595 596
595 596 597
596 597 598
597 598
598
602 603 604
603 604
604 606
606 607 608
607 608
608
611 612 613
612 613 614
613 614
614
617
622
627 629
629 631
631
641
644
647 649
649 650
650 652
652 654
654 656
656 658
658 659 660
659 660
660
663
671
674
677 679
679 680 681
680 681 682
681 682
682 684
684 685
685 687
687
690
693 695
695
700 701 702
701 702
702 704
704
710
713 714
714
717 718
718
721 722
722
726 727 728
727 728 729
728 729
729
735 736
736 738
738 740
740
743 744 951
744 745 746
745 746
746 748
748
751 752
752
759
763 764
764
768
771 773
773
779
784 786
786 787
787 789
789 790 791
790 791
791
797
802
805
808
811 813
813
816 818
818 819 820
819 820 821
820 821 822
821 822 823
822 823
823 825
825
828
831 833
833 834 835
834 835
835
837 838
838 840
840
846
852 853
853 855
855 856
856
859 860 861
860 861
861 863
863
866 867 868
867 868 869
868 869 870
869 870 871
870 871 872
871 872
872
877 879
879
882
887
892 894
894 896
896
900 901 902
901 902 903
902 903 904
903 904 905
904 905 906
905 906 907
906 907
907 909
909 910
910
915 916
916
924 925
925 927
927 929
929 930 931
930 931
931 933
933 934
934
940
943 944
944 946
946 948
948 950
950 951 952
951 952 953
952 953
953
957 958 959
958 959
959 961
961
964 965 966
965 966
966 968
968
973 974
974
980
984
988
992
996 998
998 999
999
