#naive2.0.py
# GMT Fri Feb 14 13:34:35 2020
# 
2 3 4
3 4 5
4 5
5
8
11 12 13
12 13 14
13 14 15
14 15 16
15 16
16
19 20
20
23 24 25
24 25 26
25 26 27
26 27 28
27 28
28
31 32 33
32 33
33
36 37
37
44
47
59
66 67
67
70 71 72
71 72
72 74
74
85
89 90 91
90 91
91 93
93
96 97
97 99
99 101
101 103
103 105
105
108 109
109 111
111 113
113 115
115 116
116
120
125 127
127 128
128
131
135 136
136
140 141 142
141 142
142
146 147 148
147 148
148 150
150 151 152
151 152 153
152 153
153
159 160 161
160 161
161
166
173 174
174
177 178
178
181
186 187
187
192 194
194 195 196
195 196 197
196 197
197
200
204 206
206 208
208 209
209
216 217
217 219
219
222 223
223 225
225
229
235 237
237 238 239
238 239 240
239 240
240
243
248 250
250 251
251
263
270 271 272
271 272 273
272 273 274
273 274
274 276
276 277 278
277 278
278
281 282 283
282 283 284
283 284 285
284 285
285 287
287 288
288
291 292
292
297
300
303 304
304 306
306 307
307
311
315 316
316 318
318 320
320
323 325
325 327
327
335
341 342 343
342 343 344
343 344
344
351
358 360
360 361
361
364 366
366 367
367 369
369 370
370
376
379 380
380
383 385
385 386
386
389 390
390 392
392
397 399
399 400
400 402
402
407
411 412 413
412 413 414
413 414
414
418
421 422 423
422 423
423
428 430
430
433 435
435
438 440
440
443 444
444
447 448
448
454
461
464 466
466
471 472
472
476 477
477 479
479 481
481 483
483
486
492
496 497 498
497 498
498 500
500 501 502
501 502
502 504
504 506
506 508
508
511 512
512
515 516 517
516 517 518
517 518 519
518 519 520
519 520
520
524 525 526
525 526
526 528
528 530
530 532
532 534
534 535
535
538
543 544
544
548
552 553
553
557 559
559
562 564
564 566
566
575 576
576
580
583
587 589
589 591
591 592
592 594
594 595
595
598
601 602 603
602 603
603 605
605
608 610
610 611
611 613
613
616
621
629
633
636 637
637
644 645
645 647
647 648
648
651
654
659 661
661
664
674 675
675 677
677 678 679
678 679
679 681
681 683
683
686
689 691
691 693
693 694 695
694 695 696
695 696
696 698
698 699
699 701
701 702 703
702 703 704
703 704
704
708 709
709 711
711
715 716 717
716 717 718
717 718
718
721
724 725 726
725 726 727
726 727 728
727 728
728 730
730 731
731 733
733 734
734 736
736
741 742 743
742 743
743 951
752 753 754
753 754 755
754 755
755
763
769
773 774
774
778 779
779 781
781 782 783
782 783 784
783 784
784
788
793 795
795 796
796
799
803 805
805
808 809
809
813 815
815 817
817 819
819
822 824
824 826
826 827
827
830 831 832
831 832
832
838 839
839 841
841
852
855 856 857
856 857 858
857 858
858
862 863
863
866 867
867 869 937
869 870 871
870 871
871
875 876
876
882
885 886
886 888
888
891 892
892
896 897 898
897 898 899
898 899
899
902 903 904
903 904
904
907 908 909
908 909
909
913 914
914 916
916
920 921 922
921 922
922
925
928 930
930 932
932 934
934 935
935 937
937
941 942 943
942 943 944
943 944
944
947 948
948
951 952
952
957 958 959
958 959
959
963
966 967 968
967 968
968 970
970
974 975 976
975 976 977
976 977
977
980 981
981
984 986
986 987 988
987 988
988
992 993 994
993 994 995
994 995 996
995 996 997
996 997 998
997 998 999
998 999
999
