#naive2.0.py
# GMT Fri Feb 14 13:34:31 2020
# 
4 5
5
9 10
10 12
12
15 16 17
16 17
17 19
19 21
21 22
22
26
29
34 36
36 37 38
37 38 39
38 39
39 41
41
47 48 49
48 49 50
49 50
50
53 54 55
54 55
55
60 62
62 63 64
63 64 65
64 65
65 67
67
70 72
72
80
86 87
87
90 91 92
91 92
92
96 98
98 99 100
99 100
100 102
102
105 106 107
106 107
107 529
110 111 112
111 112
112 114
114 115
115
118 120
120 121
121
126
130 131
131
134 135
135
139 141
141 143
143 144 145
144 145 146
145 146 147
146 147
147
151 153
153 155
155 157
157 158 159
158 159 160
159 160
160 162
162
166 167 168
167 168
168
173 174
174 176
176
181
185
188
192 193 194
193 194 195
194 195
195
198 199 200
199 200 201
200 201 202
201 202
202 204
204 205 206
205 206
206 208
208 210
210 211 212
211 212
212 214
214 215 216
215 216
216 218
218 220
220 221
221
224 226
226
231 232 233
232 233 234
233 234 235
234 235
235 237 582
237 238 239
238 239
239 241
241 242 243
242 243 244
243 244 245
244 245 246
245 246
246 248
248
253 254
254 256
256 258
258
264 265
265
269
274
277 278
278
286 288
288 289
289 291
291 292
292 294
294 296
296
302 303
303 305
305 306
306 308
308
312
315 317
317 318 319
318 319
319 321
321 323
323 324 325
324 325 326
325 326 327
326 327 328
327 328
328
333 334 335
334 335
335 337
337 338 339
338 339 340
339 340 341
340 341
341 343
343 345
345 346 347
346 347 348
347 348
348
351 352 353
352 353
353 355
355
358
362
365 366 367
366 367
367
370 372
372 373
373 375
375 377
377
380
384 386
386 387 388
387 388 389
388 389 390
389 390
390 392
392 393 394
393 394
394 396
396 398
398
401
405 406 407
406 407
407 409
409 410
410 412
412
415 416 417
416 417
417 419
419 421
421 422 423
422 423
423
435 437
437 438
438
445
450
455 457
457 458
458 460
460 461
461 463
463
467 468 469
468 469
469 471
471 473
473 474
474 476
476 477 478
477 478
478 480
480 481
481 483
483 484
484
489 490 491
490 491
491 493
493 495
495
500 502
502 503
503 505
505 506 507
506 507 508
507 508 509
508 509 510
509 510 511
510 511 512
511 512
512
516 517 518
517 518 519
518 519
519
522 524
524
527 528 529
528 529
529
531 532
532
537
545 546
546 548
548 549 550
549 550
550
553 554
554
558 559
559 561
561 562
562
567
570 571
571
575 576
576
579 581
581 582 583
582 583
583
587 589
589 590 591
590 591
591
594
600 602
602 604
604 605 606
605 606
606
611 612 613
612 613
613
616 617
617 619
619 621
621 622
622 623 624
623 624
624 626
626 628
628 629
629 631
631
634
639
642 643 644
643 644 645
644 645 646
645 646 647
646 647
647 649
649 650
650 652
652
655 656
656
660 661
661 663
663
666 667 668
667 668
668
671 672 673
672 673 674
673 674
674 676
676 678
678
682
685
688
691 692 693
692 693 694
693 694
694 696
696 697
697
701 702
702 704
704
707 708
708 710
710 712
712 713 714
713 714 715
714 715 716
715 716 717
716 717
717
722 724
724 726
726 728
728 729
729 731
731
736 737
737
742 743
743
745
752
755
761 763
763
766 768
768
771 772
772 774
774 776
776
781 783
783 784
784
788 789 790
789 790
790
793
797 798
798 800
800 801
801 803
803
806 808
808
814 815
815
818 819 820
819 820
820
823
828 830
830 831
831 833
833 834
834 836
836
839 841
841 843
843 844
844
849 851
851 852 853
852 853
853 855
855 856 857
856 857
857 859
859
864 865 866
865 866 867
866 867
867 937
871
874
879 880 881
880 881 882
881 882
882
887
889 890
890 892
892 894
894 895 896
895 896
896
899 901
901
906 907 908
907 908
908 910
910
918 919 920
919 920
920
923 924 925
924 925
925
928 930
930 931 932
931 932 933
932 933 934
933 934
934 936
936 937 938
937 938
938 940
940 942
942
948 949
949
952 954
954 956
956
959 960
960
966 968
968 970
970 971
971 973
973 974
974
977
982 983 984
983 984 985
984 985
985
993
996 997
997
