#naive2.0.py
# GMT Fri Feb 14 13:34:33 2020
# 
0 1 999 2 998
1 2 3 999
2 3 4
3 4
4
7
10 11
11 13
13 14
14
20 21 22
21 22 23
22 23 24
23 24 25
24 25 26
25 26
26 28
28 29
29 31
31
34 35
35
38 40
40 42
42 44
44
48 49 50
49 50
50
53 54 55
54 55 56
55 56
56
60
64
67 69
69 70
70 72
72 74
74 76
76
79
83 84 85
84 85 86
85 86 87
86 87 88
87 88 89
88 89 90
89 90 91
90 91 92
91 92
92
95 96 585
96
99 101
101 103
103 105
105 106 107
106 107
107
111 112 113
112 113 114
113 114
114
117
121 123
123 124 707 887
124 126
126 127
127
130 131
131 133
133
137 139
139
143
146 147 148
147 148
148 150
150 152
152 154
154
159 160 161
160 161 162
161 162
162
166
169
174 175 176
175 176 177
176 177 178
177 178
178 180
180 181
181 183
183
184
188 190
190
193 194
194
202 203
203 205
205 207
207
211 213
213
217 218 219
218 219 220
219 220 221
220 221 222
221
222
225 227
227 228 229
228 229
229 231
231 232 233
232 233 234
233 234 235
234 235 236
235 582
236 238
238 240
240 241 242
241 242
242 244
244
247 249
249 250
250
254
258 259
259 261
261 263
263 265
265
268 270
270 272
272 274
274 275
275 277
277 278
278
283 284
284 286
286
289 290 291
290 291
291
299 300
300
303 305
305
308
311 312 313
312 313
313
321
327 328
328
334 336
336
340 342
342
346
349
352
355 357
357
360 361
361
365
374
377 378 379
378 379 380
379 380 381
380 381 382
381 382
382
388 390
390
393 394
394
397 398 399
398 399 400
399 400
400 402
402 403 404
403 404
404
410 411
411
418 419 420
419 420
420
424 426
426 428
428 429 430
429 430 431
430 431 432
431 432
432
442
445 447
447 448
448 450
450 451 452
451 452
452
456 457
457 459
459 461
461 463
463 464 465
464 465
465 467
467 468
468
474 475 476
475 476
476
480 481
481 483
483 484
484 486
486 488
488 490
490 491 492
491 492
492 494
494 496
496 497
497 499
499
504 505
505
510 512
512 513 514
513 514 515
514 515 516
515 516
516
519 521
521
524 525
525
530
533 534
534 536
536 537
537 539
539
543
546 547 548
547 548
548
551
555
563 564
564 566
566
570 571 572
571 572
572 574
574 576
576 577 578
577 578
578
581 582 583
582 583 584
583 584 585
584 585
585
589 591
591 592 593
592 593
593 595
595 596
596
602 604
604 606
606 607 608
607 608 609
608 609
609 611
611 613
613 615
615 616
616
619
623
626
629
632 634
634 636
636
639 640 641
640 641
641
644 646
646
651
654
659
662 663 664
663 664
664
669 670 671
670 671 672
671 672 673
672 673 674
673 674
674
680
683
685
690
694 696
696 697
697
700 701
701 703
703 705
705 707
707
710
717 718
718 720
720
723 725
725 726
726 728
728 730
730
740
743 744 951
744 745 746
745 746
746
751 752
752
756 757 758
757 758
758 760
760
763 764
764
767 768 769
768 769 770
769 770
770
773 774
774
777 778
778
783 784 785
784 785 786
785 786
786
789 791
791 792
792
800 801 802
801 802 803
802 803 804
803 804 805
804 805 806
805 806
806
812 813
813 815
815
818
821
825 827
827 829
829 831
831
834 836
836 837 838
837 838
838
843 844
844
847 848
848 850
850
853 854
854 856
856 857 858
857 858
858
863
866 867
867
874 876
876 877
877
880 881
881
885 887
887 888
888 889
889 891
891
894 895 896
895 896 897
896 897
897 899
899
907 909
909 911
911 912
912 914
914 915
915 917
917 918 919
918 919
919 921
921 922 923
922 923
923
926 927 928
927 928
928
932 933
933
938 939 940
939 940 941
940 941 942
941 942
942
947 948 949
948 949 950
949 950 951
950 951 952
951 952 953
952 953
953
959
962
969 970 971
970 971
971
980 981
981 983
983
986
990 992
992 993 994
993 994
994 996
996 998
998 999
999
