#naive2.0.py
# GMT Fri Feb 14 13:34:31 2020
# 
0 999
3 4 5
4 5
5 6
6
11 12 13
12 13
13 15
15 16
16
20
26 27
27
31 32 33
32 33
33
37 39
39 40
40
45 46 47
46 47
47 49
49 50 51
50 51
51
54 55 56
55 56 57
56 57 58
57 58
58
62
65 66 67
66 67 68
67 68 69
68 69 70
69 70 71
70 71 72
71 72 73
72 73
73 75
75 76 77
76 77 78
77 78
78 80
80 81
81
84 86
86 87 88
87 88 89
88 89 90
89 90 91
90 91
91
99 100 101
100 101
101 103
103 105
105 106
106 108
108 110
110
114
121 122 123
122 123
123
126 127
127
132 133
133
142 144
144 145
145 147
147 148 149
148 149 150
149 150 151
150 151 152
151 152 153
152 153 154
153 154 155
154 155
155
158
161 163
163
166 168
168
173
179
182 183
183
188 189 190
189 190 191
190 191 192
191 192
192 194
194
200 202
202 203
203
206 207
207 209
209
216 217 218
217 218 219
218 219
219
222
228
231 232
232
235 582
236
239 241
241 242
242
245 246
246
249 251
251 253
253 255
255 257
257 258
258 260
260 261 262
261 262
262
265 266 267
266 267 268
267 268 269
268 269 270
269 270
270
276 278
278 279
279 281
281
284 285 286
285 286 287
286 287
287
290 291
291
295 296
296 298
298 299
299 301
301
310 311 312
311 312 313
312 313
313
319 320 321
320 321
321
325
329 331
331 332 333
332 333
333
339 340 341
340 341 342
341 342 343
342 343
343 345
345 347
347
350 351
351 353
353 355
355 356
356 358
358 360
360 362
362
365 366 367
366 367
367 369
369 371
371
377 378
378
381 382
382 384
384 385 386
385 386 387
386 387
387
393
396 397 398
397 398 399
398 399
399
405
409 410 411
410 411
411
418 419 420
419 420 421
420 421 422
421 422 423
422 423
423 425
425
428 429 430
429 430 431
430 431
431 433
433 435
435 436
436
438
444 446
446 447
447 449
449
452 453
453
456 457
457 459
459 461
461
466 467 468
467 468 469
468 469
469
472 474
474 475
475 477
477
480
483 484
484 486
486 488
488 489 490
489 490 491
490 491
491
494
504 505 506
505 506
506
509
512
515 516
516 518
518 519
519 521
521 523
522 523
523 525
525 527
527
530 531 532
531 532
532 534
534 535 536
535 536 537
536 537 538
537 538
538
541 543
543 545
545
550
554
557 559
559
565
571
578 579 580
579 972
580 582
582 583 584
583 584
584
587 589
589
592 593
593
596
601 603
603 605
605 606
606
613 615
615
622
625 627
627
630 631
631
637 638 639
638 639
639
644 645
645
649 651
651 652
652
657 659
659 661
661 663
663 664 665
664 665
665
669 670
670 672
672 673
673 675
675 676 677
676 677
677
682 684
684 685
685
692 694
694 695
695
698 699
699 701
701 702 703
702 703
703
708
716 717
717 719
719 721
721 723
723 724
724
729 731
731 732 733
732 733 734
733 734 735
734 735
735
739 740
740 742
742 744
744 745
745 747
747 748 749
748 749 750
749 750
750
760 761 762
761 762
762
767 769
769
777 778
778 780
780
783 784 785
784 785
785
788 789
789
793
797 798
798
801 802 803
802 803 804
803 804 805
804 805 806
805 806 807
806 807
807
812 813 814
813 814
814
818
823
827 828
828
833 834 835
834 835 836
835 836 918
836
839
846
849 851
851 852 853
852 853 854
853 854
854
857 859
859
862 864
864 865
865
869 871
871
876
881
884 885
885
888 890
890 892
892
895 896
896 898
898
903
907 909
909 910 911
910 911 912
911 912
912
917 918 919
918 919
919 921
921
928 929
929
932 933
933
938 939
939
943
949 951
951 952
952 954
954 955
955 957
957
964
967
970 972
972 973
973
976
981 982
982
986 988
988 990
990 992
992
996 997
997 999
999
