#naive2.0.py
# GMT Fri Feb 14 13:34:35 2020
# 
0 2
2
6
9 10 11
10 11
11
14 16
16 17 18
17 18 19
18 19 20
19 20
20
23 25
25 26 27
26 27 28
27 28 29
28 29 30
29 30
30
33
36 38
38 40
40
45
48 49 50
49 50
50 52
52 53
53
56 58
58 60
60
64 65
65
74 75
75
79 80 81
80 81 82
81 82 83
82 83
83 85
85 86 87
86 87 88
87 88 89
88 89
89
96 98
98 100
100 101 102
101 102 103
102 103
103 105
105
108 110
110 111 112
111 112 113
112 113
113 115
115 117
117 119
119 120 121
120 121 122
121 122 123
122 123
123 887
127 129
129 130 131
130 131 132
131 132 133
132 133 134
133 134 135
134 135 136
135 136 137
136 137 138
137 138
138 140
140 141 142
141 142
142
146 148
148 150
150 152
152 153 154
153 154 155
154 155 156
155 156
156
160 161
161 163
163
166
169 171
171 173
173
177 178 179
178 179
179
184 186
186
192 193 194
193 194 195
194 195
195 197
197 198 199
198 199 200
199 200
200 202
202 204
204 205
205
208 209
209
216 217
217
224
227
230 231
231
234 235 236
235 237
236 237
237 239
239 241
241 242
242 244
244 245 246
245 246 247
246 247
247
252
255
259 260 261
260 261
261 263
263
266 267 268 621
267 268 269
268 269 270
269 270 271
270 271
271
274 276
276 277
277
280
283 284 285
284 285
285
289 290 291
290 291
291 293
293 294
294 296
296 297
297
300
304
307
313 315
315 316 317
316 317
317 319
319 320
320 322
322
325 327
327
330 332
332 334
334 335
335
339 340
340 342
342 344
344 345
345
352 353
353
356 358
358 360
360
363 364
364
370 371
371
378 379 380
379 380 381
380 381
381 383
383 384 385
384 385 386
385 386 387
386 387
387
390 391
391
395
398 399 400
399 400
400
404 406
406
410
413 414
414 416
416 418
418 419 420
419 420 421
420 421
421 423
423 424 425
424 425 426
425 426 427
426 427 428
427 428
428
431
434 435
435 437
437 438 439
438 439
439 441
441
447 449
449 451
451
461 463
463 465
465 466
466
469 470 471
470 471 472
471 472 473
472 473
473
476
479
482
485 486 487
486 487 488
487 488
488 490
490
497
503 505
505 507
507
510
516 518
518 519 520
519 520 521
520 521
521 552
525
528
531 532
532 534
534
541 543
543
546 547 548
547 548 549
548 549 550
549 550
550 552
552
556 558
558
561 563
563 564
564
568
571 573
573 574
574
577 578
578 580
580
583
589 590 591
590 591
591
597
601 603
603 604 605
604 605 606
605 606 607
606 607 608
607 608
608 610
610 611 612
611 612 613
612 613
613 615
615 617
617 619
619 621
621 622
622 623 624
623 624
624
627 628 629
628 629
629
643
646 647
647 649
649
653 654 655
654 655
655 657
657
662
666 667
667 669
669 671
671 673
673 674
674
680 682
682 683
683
685 687
687 688
688
693 694 695
694 695
695
700 702
702 704
704 705
705
708
711 712
712
718 719 720
719 720 721
720 721
721
728 730
730 732
732
737 738
738 740
740 742
742 743
743 951
750 752
752 753 754
753 754 755
754 755
755
758 759 760
759 760 761
760 761 762
761 762
762
766 768
768 769
769 771
771 772
772
776 777
777 779
779
782
785 786
786
790 792
792 793
793 795
795 796 797
796 797
797 799
799 801
801 803
803 805
805 806
806 808
808 809 810
809 810 811
810 811 812
811 812
812
815
819 821
821 823
823 825
825 827
827
830
834
837 838 839
838 839 840
839 840
840 842
842 843 844
843 844 845
844 845
845 847
847
850
855 856
856
863 865
865 866
866
869 870
870
873 874 875
874 875
875
878 879
879
885 887
887
889 891
891 893
893 894
894
898 899
899
903 904
904
910
914 915
915 917
917 918
918 920
920 921
921
926 927
927 929
929 931
931 932 933
932 933
933 935
935 937
937 938
938 939 940
939 940 941
940 941
941 943
943 944 945
944 945 946
945 946
946
949 951
951 952
952 954
954
957
961 963
963 964 965
964 965
965
968 970
970
975 977
977 979
979 980
980 982
982 983
983 985
985 986
986
991 992
992
996 997
997
