#naive2.0.py
# GMT Fri Feb 14 13:34:29 2020
# 
0 2 998
2 3 4
3 4 5
4 5
5 6
6 8
8 9
9 11
11 12 13
12 13 14
13 14
14 16
16 17 18
17 18
18 20
20
23 25
25
30 31
31 33
33
42 44
44 45 46
45 46
46 48
48 49 50
49 50
50
54 56
56 57
57
60 61
61
64 65 66
65 66
66 68
68
72 73 74
73 74
74
79
85 86 87
86 87
87 89
89 91
91 92
92
96 98
98 100
100
104 105 106
105 106
106
110
113 115
115
119 120
120 122
122 124
124 126
126
131
134 136
136
140 141 142
141 142
142 144
144 146
146
150 151 152
151 152
152
155 156
156
159 161
161
164 166
166 167
167 169
169 171
171 172 173
172 173 174
173 174
174
178
182 183
183
186 188
188 189
189 191
191
196 197 198
197 198
198
201 202
202
213 215
215 216 217
216 217 218
217 218
218
225 226 227
226 227
227 229
229 230 231
230 231
231 233
233 234
234
237 238
238
242 243 244
243 244 245
244 245 246
245 246
246
251 252
252
255
259
262
268 270
270 271 272
271 272
272
277 278 279
278 279
279 281
281 282
282
285 287
287 288
288
291
295 297
297 298 299
298 299
299 301
301 302
302
306 307 308
307 308 309
308 309
309 311
311
314
317 319
319 320 321
320 321
321 323
323
326
331 332 333
332 333
333 335
335
338 339 340
339 340
340 342
342 344
344
348 350
350 351
351 353
353 355
355 356 357
356 357
357
363 365
365 367
367 368 369
368 369 370
369 370
370
375
379
382 383
383
386 388
388 389
389
393 394
394
397 398
398 400
400 401
401
404 405
405
408
412 413 414
413 414
414 416
416 418
418
422
432 433
433
439
443 445
445
448 449 450
449 450
450
453
456 457
457
466
470
473 475
475
478 479 480
479 480 481
480 481
481 483
483 485
485 486 487
486 487 488
487 488 489
488 489
489 491
491 492
492
495 497
497 498
498
502 504
504
507 508
508 510
510 512
512 514
514
517
521 523 552
523 525
525 526 527
526 527
527
531
536 537 538
537 538
538 540
540 541
541 543
543
546 547
547 549
549 550
550 552
552 554
554 556
556 557 558
557 558
558
563
566
573 574 575
574 575
575 577
577 578
578 580
580 581 582
581 582
582
589 590
590
595 596
596 598
598
601 602 603
602 603 604
603 604
604
612 613
613
616 618
618
621
626 627 628
627 628
628
631
634 635
635
638
641 642 643
642 643
643 645
645 646 647
646 647
647
654 655
655
660
665 666
666
670 672
672 673 674
673 674
674 676
676
682 683
683
686
692 694
694 695
695
699
705 706 707
706 707
707
710 712
712 714
714 716
716 717 718
717 718 719
718 719
719 721
721 723
723
727 728
728 730
730 731
731 733
733 735
735
738 740
740
746 747 748
747 748
748
755
758 760
760
764
768
771 772 773
772 773 774
773 774 775
774 775 776
775 776
776 778
778 780
780 781
781
789 791
791 793
793 794
794 796
796 797
797
800 801
801 803
803 805
805 806 807
806 807
807
810
813 814
814 816
816
820 822
822 824
824
829
832 834
834
837
841 842 843
842 843
843 845
845 846
846 848
848 849 850
849 850
850 852
852 853
853
856 857 858
857 858
858
862 863 864
863 864
864
867 869
869 871
871 873
873
878 879 880
879 880
880
883 885
885 886
886 888
888 890
890 892
892 893
893 895
895 896
896
901 902
902
905 906
906 908
908 909 910
909 910
910
913 914 915
914 915
915 917
917 918
918
921 923
923 924
924
930 931 932
931 932
932 934
934 935 936
935 936
936 938
938 940
940 942
942 943 944
943 944 945
944 945
945 947
947 949
949 950 951
950 951
951
954 955 956
955 956
956 958
958 959 960
959 960 961
960 961 962
961 962
962 964
964 965
965
968
971 972
972
976
980
986
989
992 993
993
998
