#naive2.0.py
# GMT Fri Feb 14 13:34:34 2020
# 
2
5 6 7
6 7 8
7 8
8 10
10 12
12
15 16 17
16 17
17 19
19 20 21
20 21 22
21 22 23
22 23
23 25
25 27
27 28 29
28 29 30
29 30
30
33
36 38
38 39 40
39 40
40 42
42 44
44 45 46
45 46
46 48
48 49 50
49 50
50
53 54 55
54 55
55 57
57 58 59
58 59 60
59 60
60 62
62 63 64
63 64 65
64 65 66
65 66
66
74 75
75
81 82
82 84
84
88 89
89
93 95
95 585
97 98 99
98 99 100
99 100
100 102
102 103
103 105
105 107
107 108
108
112
115
118 120
120 121 122
121 122
122
126 127
127 129
129 130
130
133 134
134 136
136 137 138
137 138
138 140
140
146 147
147 149
149 150
150
153 155
155 157
157 159
159 161
161 162
162
165
170 171
171
174 175
175
180 182
182
187 188 189
188 189 190
189 190 191
190 191
191 193
193 195
195 196
196 198
198 200
200
204 206
206 207
207
210
218 220
220 222
222 223 224
223
224
228 230
230
233 234 235
234 235 236
235 237
236 237
237
240
244 246
246 247 248
247 248 249
248 249
249
257 259
259 260 261
260 261
261 263
263 264
264
268 270
270 272
272
277 279
279 281
281 282 283
282 283 284
283 284 285
284 285
285 287
287 288 289
288 289 290
289 290 291
290 291
291 293
293 294
294 296
296
299 300
300 302
302 304
304 305
305
308
313 314
314 316
316 317 318
317 318
318 320
320 321 322
321 322
322 324
324 326
326 328
328 329
329
332 333
333
336 337
337
340 342
342
350 351
351 353
353 354
354 356
356
360
363 365
365 366
366 368
368 436
371
378 379
379
383 384 385
384 385 386
385 386
386
389 390 391
390 391 392
391 392 393
392 393
393
396 397 398
397 398 399
398 399 400
399 400 401
400 401 402
401 402 403
402 403
403 405
405 407
407 408 409
408 409
409 411
411 413
413 414
414
418 419
419
423 424
424 426
426
431
434 435 436
435 436 437
436 437
437
440
446 448
448 450
450 451
451 453
453 454 455
454 455 456
455 456 457
456 457
457 459
459 460 461
460 461
461
466 467
467 469
469 471
471 472
472
479 481
481 483
483 484 485
484 485 486
485 486 487
486 487 488
487 488
488 490
490 491 492
491 492 493
492 493 494
493 494
494
499 500 501
500 501 502
501 502 503
502 503 504
503 504
504 506
506 507 508
507 508 509
508 509 510
509 510 511
510 511 512
511 512 513
512 513
513 515
515 516 517
516 517
517
521 523
522 523
523 525
525 526
526 528
528 530
530 531
531
536 538
538 539
539
542 544
544 545 546
545 546
546
551 553
553 554
554
557
560
564 565
565
571 573
573 575
575 576
576
583 585
585 587
587 588 589
588 589
589
592 593
593
600 602
602 603 604
603 604 605
604 605 606
605 606 607
606 607 608
607 608
608
613 615
615 616
616
619
623 625
625
628 629 630
629 630
630 632
632
642 644
644 646
646 647
647 649
649
653
657
661 662
662 664
664 665 666
665 666 667
666 667
667
670 672
672 673
673 675
675
678 680
680
685 687
687
690 691
691
695 696 697
696 697
697 699
699 701
701 702
702 704
704 705 706
705 706 707
706 707 708
707 708
708 709 710
709 710 711
710 711 712
711 712
712 714
714
718
722 723 724
723 724
724 726
726 728
728 729
729
732 734
734
738 740
740 741
741 743
743 951
746 748
748
753
756 757 758
757 758 759
758 759 760
759 760
760 762
762 763 764
763 764 765
764 765 766
765 766
766 768
768 769
769 771
771 773
773 774
774 776
776 778
778 779
779 781
781 782
782
787 788 789
788 789 790
789 790
790
795 797
797 798 799
798 799
799 801
801 802 803
802 803 804
803 804
804
807
810 812
812 814
814 816
816 817 818
817 818 819
818 819 820
819 820 821
820 821 822
821 822 823
822 823
823 825
825 826 827
826 827
827 829
829
834 835
835
837 839
839 841
841 842 843
842 843
843
846 848
848 849
849 851
851 853
853
856 857
857
860 861 862
861 862
862
865 867
867 937
870
873
876 877
877
880 881 882
881 882
882
887
889 891
891 893
893 894
894
897 898
898
901 903
903 904 905
904 905
905
908
911 912 913
912 913
913 915
915 916
916
919
926 928
928 929 930
929 930 931
930 931 932
931 932
932 934
934
937
939 941
941 942 943
942 943
943 945
945
950 951
951 953
953
957
961
966 968
968 969
969
972
975
978 980
980
983
986 987 988
987 988 989
988 989 990
989 990 991
990 991 992
991 992 993
992 993
993
997 998
998
