#naive2.0.py
# GMT Fri Feb 14 13:34:32 2020
# 
0 1 2
1 2 3
2 3
3
6 7
7 9
9 11
11 12 13
12 13
13 15
15
18
21
24 25 26
25 26 27
26 27
27
32
35 37
37 38
38
44 45
45 47
47 48 49
48 49 50
49 50
50
53 55
55 56
56 58
58
61
68 69 70
69 70 71
70 71
71 73
73
76 78
78 79 80
79 80
80
85 86
86
90 91
91 93
93 95
95 585
99 100
100
103
106
109 110 111
110 111 112
111 112
112 114
114 115
115 117
117 118
118
122 123
123 125
125 126
126 128
128
132 133
133 135
135 137
137
141 142 143
142 143
143
147
150 152
152 154
154 156
156 157
157
161 162
162
165
170 172
172 174
174
177 179
179 181
181
186
190 191 192
191 192 193
192 193
193 195
195 196
196 198
198 200
200 201
201 203
203 204
204
207 208 209
208 209
209 211
211
217 219
219
222 223
223 225 429
225 226
226
229 230 231
230 231 232
231 232 233
232 233
233
239
242 243
243 245
245 247
247
252
255
258 260
260 261
261 263
263
266 267 268 621
267 268
268
271
276 277
277
280 281
281 283
283
287 289
289 291
291
295 296
296 298
298 299
299
302 303 304
303 304
304 306
306
311
314 315
315 317
317 319
319 321
321 322 323
322 323
323
330
334 336
336
339
343
346
351 352 353
352 353 354
353 354 355
354 355 356
355 356 357
356 357 358
357 358
358
367 368 369
368 369 436
369
372 374
374 376
376 377 378
377 378 379
378 379 380
379 380
380
385 387
387
392 393
393
396 397
397
401 402
402 404
404 405
405 407
407 409
409 410 411
410 411 412
411 412
412 414
414 415
415 417
417 419
419 420
420 422
422 423
423 425
425
429 431
431
436 437
437 438 439
438 439
439 441
441 442
442 444
444
448 449
449
453 455
455
458 460
460
463 464
464
467 468 469
468 469 470
469 470 471
470 471
471
477 479
479 480
480
484 486
486
490 491
491
496 497
497
500 502
502
506 508
508
511 512
512
516
522 524
524
529
533 534 535
534 535
535
538 539 540
539 540 541
540 541 542
541 542 543
542 543 544
543 544 545
544 545 546
545 546 547
546 547
547
552 553
553 555
555 556
556
560 561
561 563
563 565
565 566
566
573
577 578
578
581
585 586
586 588
588 589
589 591
591 592
592 594
594 595
595 597
597
600 602
602 604
604 605 606
605 606 607
606 607
607 609
609
614 616
616 618
618 619
619 621
621 622
622 623 624
623 624
624
627 629
629 630
630
633
639 640
640 642
642 643 644
643 644 645
644 645 646
645 646
646
651
654 656
656 657 683
657 659
659 660
660
663 664
664
669 670
670
677
680 681
681 683
683
685 686 687
686 687
687
690 692
692 694
694 696
696 697
697
700 701 702
701 702
702 704
704 705
705
708 710
710 711
711
714 716
716 717 718
717 718
718 720
720 721 722
721 722 723
722 723 724
723 724
724 726
726
730 732
732 733
733 735
735 736 737
736 737 738
737 738
738 740
740 742
742 744
744 745
745
748 750
750 751
751
755
759
763 764 765
764 765 766
765 766 767
766 767
767
770 772
772
776 777 778
777 778 779
778 779 780
779 780 781
780 781 782
781 782
782
786
789 790
790 792
792 793
793
796 798
798 800
800
803
806 807 808
807 808 809
808 809 810
809 810
810
815
818 820
820 821 822
821 822
822 824
824 825
825 827
827
831 832 833
832 833 834
833 834 835
834 835
835 918
839 841
841
844 845
845 847
847 849
849 850 851
850 851 852
851 852
852 854
854 855 856
855 856 857
856 857
857 859
859 861
861 862
862
866
871 872
872 874
874 875
875
883
886 888
888 889
889
896 897 898
897 898 899
898 899
899 901
901 902 903
902 903
903 905
905 906
906 908
908 909
909
912 914
914 915 916
915 916
916 918
918 919 920
919 920
920 922
922 923
923
928
932 933
933
937
940
944 945 946
945 946 947
946 947
947 949
949 950
950
954 956
956 957
957 959
959 961
961 963
963
966 968
968 969
969
972 974
974
978 979 980
979 980 981
980 981
981
984 986
986 987 988
987 988
988
993 995
995
