#naive2.0.py
# GMT Fri Feb 14 13:34:30 2020
# 
0 1 999 998
1 999
10 11 12
11 12 13
12 13 14
13 14 15
14 15 16
15 16
16
20 21
21
26 27
27
30
33 35
35 37
37 38
38 40
40 42
42 44
44
47 48
48
51
54
58 59
59
62 63
63 65
65
69 70 71
70 71
71
74 75 76
75 76
76 78
78 80
80
86 87 88
87 88 89
88 89
89 91
91 92 93
92 93
93 95
95
98 100
100
103 105
105 106 107
106 107
107
111 112
112
117 119
119 121
121
126 128
128
134 135
135
138 139 140
139 140
140
143 145
145
149
161 162
162 164
164 166
166 168
168 169 170
169 170 171
170 171 172
171 172 173
172 173
173 175
175 176
176
180 181 182
181 182
182
185
192 194
194 196
196 197
197 199
199
203 204
204
210
213 214
214 216
216
220
225 226
226 228
228 230
230 232
232
236 237
237
240 241 242
241 242
242
249 250
250
253
256 257 258
257 258 259
258 259 260
259 260
260
267
270 272
272 274
274 276
276 277 278
277 278 279
278 279 280
279 280 281
280 281 282
281 282 283
282 283 284
283 284
284 286
286 287
287 289
289 290
290 292
292
296 298
298 299
299 301
301
307 309
309 310 311
310 311
311
316 318
318 320
320 322
322
325 326
326 328
328 330
330
333 334
334 336
336 337 338
337 338
338 340
340
343 344
344
348 349
349
353 354 355
354 355 356
355 356
356
359
362 363
363 365
365
368
375 376
376
379 380 381
380 381 382
381 382 383
382 383 384
383 384
384
389 390 391
390 391
391 393
393 395
395
399
402 404
404 405
405
408 409
409 411
411 412 413
412 413
413
417
423 425
425 426 427
426 427 428
427 428
428
432
437 438 439
438 439 440
439 440
440 442
442 443
443 445
445 447
447 449
449
452 453
453 455
455
458
461
465 467
467 468
468
471
474 475 476
475 476 477
476 477
477 479
479
482 483 484
483 484
484 486
486
489
493 494
494 496
496 497
497 499
499 500
500 502
502 503
503 505
505 506 507
506 507
507 509
509 511
511 512
512
518 519 520
519 520
520 522
522 523 524
523 524
524 526
526
534 535 536
535 536 537
536 537 538
537 538 539
538 539 540
539 540 541
540 541
541 543
543 545
545
549 550
550
557 558
558
562 563 564
563 564 565
564 565 566
565 566 567
566 567
567
572 573
573 575
575
578
581 583
583
586 588
588 589
589 591
591 593
593 594 595
594 595
595 597
597 599
599 600 601
600 601 602
601 602
602
609
613 615
615 616
616 618
618 619 620
619 620
620
623 624
624
631 632 633
632 633 634
633 634
634
637 638 639
638 639 640
639 640
640 642
642 643 644
643 644
644 646
646 647 648
647 648 649
648 649
649
654 655
655
661
666 668
668
671 672 673
672 673
673
678
681 682
682 684
684
687
693
697 698
698
701 702 703
702 703 704
703 704 705
704 705 706
705 706
706
710
714
727 728 729
728 729
729 731
731 732 733
732 733 734
733 734
734
740
752
755 756
756
761 763
763 764 765
764 765
765 767
767
772
776 777 778
777 778 779
778 779 780
779 780
780 782
782 783
783 785
785 786
786 788
788 789 790
789 790 791
790 791
791
794
797 799
799
803 805
805 807
807 808
808 810
810 811
811
815 816 817
816 817 818
817 818
818
821 823
823 825
825 827
827
834 835 836
835 836 918
836 838
838
843
846 847
847
850 851
851 853
853 854
854
857 858
858 860
860
866 867 868
867 868 937
868 870
870 872
872
879
882 883 884
883 884
884 886
886 887
887
889 890 891
890 891
891 893
893 895
895
899 900 901
900 901 902
901 902
902
905
909
918 919
919 921
921
924 926
926 928
928 929
929 931
931
934
937 938
938 939 940
939 940 941
940 941 942
941 942
942
945
948 949
949
954 956
956 958
958 959
959
963 964 965
964 965 966
965 966 967
966 967
967
972
976 977 978
977 978 979
978 979 980
979 980
980 982
982
989
998 999
999
