#naive2.0.py
# GMT Fri Feb 14 13:34:34 2020
# 
1 2 3
2 3 4
3 4 5
4 5
5
8 10
10 11 12
11 12 13
12 13 14
13 14
14 16
16 17
17 19
19
24
27
30 31
31
37 38 39
38 39 40
39 40
40 42
42 43 44
43 44
44 46
46 47 48
47 48
48
51 53
53
60 62
62 64
64 65
65
69 70
70
79 80 81
80 81
81
85 86 87
86 87 88
87 88
88 90
90
99 100 101
100 101
101
105
108 110
110 112
112 113
113 115
115 116
116
119
124
130 132
132 133
133
136
139 141
141 143
143 144 145
144 145
145 147
147 149
149 151
151 153
153
157
161
167
171
176
179
183 185
185 187
187
195 196
196 198
198
201
204
207 209
209
215
218 219 220
219 220
220
223 429
226
231 232 233
232 233
233 235
235
238
241 243
243 245
245 246
246 248
248
251 252
252 254
254
257
261 263
263 264
264
268 269 270
269 270 271
270 271
271
276 277
277 279
279 280 281
280 281
281
286 287 288
287 288 289
288 289
289
292
298 300
300 301
301
310 311
311
316 318
318
321 323
323
329 331
331 333
333 335
335 336
336
339 340 341
340 341 342
341 342
342
345 346 347
346 347
347
350 352
352
355 357
357
360 361
361
366 368
368 370
370 371
371 373
373 374 375
374 375
375 377
377
380
383 385
385 386 387
386 387 388
387 388
388
395 397
397
401
405 406
406 408
408 410
410 411 412
411 412
412
415
418
421
427 428 429
428 429
429
432 433 434
433 434
434
437 438 439
438 439
439 441
441
445 447
447
452 453 454
453 454
454 456
456 457
457
460
463 465
465 466
466 468
468
471 472
472 474
474 476
476 477
477 479
479 480
480 482
482 484
484 486
486
489 490
490
494
498 499
499 501
501 502
502 504
504 505
505
511 512 513
512 513 514
513 514 515
514 515
515 517
517 518
518
521 552
522
525
528
532 533 534
533 534
534
537 538 539
538 539 540
539 540 541
540 541 542
541 542 543
542 543
543
547 549
549
552
555
558 559 560
559 560 561
560 561
561
565 567
567 569
569
572 573
573
577 578
578
581 583
583 585
585
588 589
589 591
591 592
592 594
594 595
595
599 600
600 602
602 604
604 605 606
605 606 607
606 607 608
607 608
608 610
610
613 614
614
617 618 619
618 619
619 621
621
624 626
626 627
627
633 635
635 636 637
636 637
637 639
639
644
648
651
654 656
656 683
662 663 664
663 664
664
673 674 675
674 675
675 677
677
680 682
682 683
683
685 686
686 688
688 690
690
694 695
695
704 705
705 707
707 708
708 709 710
709 710
710 712
712
717
725 726 727
726 727
727
734 736
736 737
737
740
744 745
745
751 752 753
752 753 754
753 754
754
758 760
760 761
761 763
763
766
774 776
776 777
777 779
779 780 781
780 781
781
785 786
786 788
788 790
790
793 794 795
794 795 796
795 796
796
805
809 810
810
821 823
823 824
824 826
826
829 830
830
834 836
836
839 841
841 843
843
847 849
849 850 851
850 851 852
851 852
852 854
854 855 856
855 856
856 858
858 859 860
859 860
860
865 866
866
869 870
870
873 874 875
874 875
875
882 883
883
886 888
888 889 890
889 890 891
890 891 892
891 892 893
892 893 894
893 894
894 896
896 898
898 899
899 901
901 902
902
905
910 911 912
911 912
912 914
914 915
915 917
917 919
919 920 921
920 921
921 923
923
930
933 934 935
934 935 936
935 936
936
939 940
940 942
942 944
944 946
946
949 950
950 952
952 953 954
953 954
954 956
956 957
957 959
959 961
961
964 965 966
965 966 967
966 967 968
967 968
968
971 972
972
975
978 979
979
983 984
984 986
986 988
988 989 990
989 990
990
993 994
994 996
996 998
998
