#naive2.0.py
# GMT Fri Feb 14 13:34:36 2020
# 
0 1 999 998
1 3 999
3 4
4
6
13 15
15
18 20
20
28 30
30
33 35
35
39
43
46 47
47 49
49
52 53
53
56
64
67 68 69
68 69
69 71
71 72
72 74
74 76
76 78
78 79
79
83 84
84
87 88
88
91
94 95
95
100 101 102
101 102 103
102 103
103 105
105 106 107
106 107 108
107 108 529
108 110
110 111
111 113
113 115
115 116
116 118
118
122 123 124
123 124 125 707
124 125
125
128 129
129
132
135 137
137 139
139
142 143
143 145
145 147
147 148 149
148 149
149
152
155 157
157 159
159 160
160
164
168 170
170 171
171
174 175
175 177
177
181
192 194
194
197 198
198 200
200 201 202
201 202
202
206 207
207
210
213 215
215 217
217
220 221
221 735
224
227
238
243 244 245
244 245
245 247
247 248
248
251 252
252
255
259
266 267 621
267
273 274 275
274 275
275 277
277 278
278 280
280
284
288
294 295
295
298 300
300 301 302
301 302
302 304
304 306
306
314
318
321 323
323 324
324 326
326
331 332
332
336 338
338 340
340 341 342
341 342
342 344
344 345
345
349
352 353
353
357
363
366
370 371 372
371 372 373
372 373 374
373 374
374
377 379
379 380 381
380 381 382
381 382
382 384
384
388
391 392
392
396
399 400
400 402
402 403
403 405
405
408 409
409
412
416 417 418
417 418 419
418 419 420
419 420 421
420 421
421 423
423 425
425 427
427
431 433
433 435
435 436
436
439 440
440
444 446
446 448
448 449
449 451
451 452
452
455
458
461 463
463 464
464
467
470
474 476
476 478
478 479
479
482
485
493 494
494 496
496
499
504 505 506
505 506
506
509
513 514
514
527 528 529
528 529
529
535 536 537
536 537
537 539
539 540
540
544 545
545
549
554
560 561
561
564 565
565
568 569
569
575
579 581
581 582
582 584
584 586
586 587
587
591
595 596
596
600 601
601
605 606
606 608
608 609 610
609 610 611
610 611
611
616 617
617
621 622
622 624
624 625
625 627
627 628 629
628 629 630
629 630
630
634
637 639
639 641
641 643
643
646 648
648 649
649 651
651 653
653 655
655 656 657
656 657 683
657 659
659 660 661
660 661 662
661 662 663
662 663
663
667
672 674
674 675 676
675 676
676 678
678
682 683
683
691 693
693 694
694 696
696
700
704
707
713
717 718 719
718 719 720
719 720
720
724 725 726
725 726 727
726 727
727
731 732
732
735
741 743
743 744
744
747 748 749
748 749 750
749 750
750
756 757
757
761 763
763
766
769 771
771
774
779 780
780
784 785
785
790 791 792
791 792 793
792 793
793 795
795 796
796
803 805
805
808 809 810
809 810 811
810 811 812
811 812 813
812 813
813 815
815 816 817
816 817
817
820 822
822 823 824
823 824 825
824 825 826
825 826 827
826 827
827 829
829 831
831 832 833
832 833 834
833 834
834
837
842 843 844
843 844
844
851 853
853
856 858
858 860
860
864 865
865 867
867 869
869 870
870 872
872
877
882 883 884
883 884
884
891 892
892
895 896
896 898
898
903 905
905 907
907 908
908
911 913
913 915
915 917
917 919
919
923 925
925 926 927
926 927 928
927 928
928 930
930
934 936
936
939 940 941
940 941 942
941 942
942
946
950
953 954 955
954 955
955
961 962 963
962 963
963 965
965
969 970 971
970 971
971 973
973 975
975 976
976
982 984
984 986
986
990 991 992
991 992 993
992 993
993 995
995 996 997
996 997 998
997 998 999
998 999
999
