#naive2.0.py
# GMT Fri Feb 14 13:34:35 2020
# 
1 2 3
2 3
3 5
5
8 9 10
9 10
10 12
12 13
13 15
15
18 20
20 21 22
21 22 23
22 23 24
23 24
24 26
26
30 31
31
37 38 39
38 39 40
39 40
40
43
46
52 53
53
59 60 61
60 61 62
61 62
62
65 67
67 68 69
68 69 70
69 70 71
70 71
71 73
73 74
74
77 79
79 80
80 82
82 84 636
84 85 86
85 86 87
86 87 88
87 88
88
91 92
92
95
100
103 105
105 107
107
112
116 117
117
120 121 122
121 122
122
127 129
129 131
131
135 136 137
136 137
137 139
139 140 141
140 141
141
144
148 149 150
149 150 151
150 151 152
151 152 153
152 153
153 155
155 157
157
162
167 168 169
168 169 170
169 170 171
170 171
171 173
173 174
174
183 811
184 186
186
189 191
191 193
193 194 195
194 195 196
195 196
196 198
198 199
199
203
210 212
212 213
213 215
215
218 219
219 221
221 223
223 225 429
225
231 232
232 234
234 235 236
235
236
242 244
244 245 246
245 246 247
246 247 248
247 248
248
252 253 254
253 254 255
254 255
255
258 260
260 262
262 263 264
263 264
264 266
266 268 621
268
273
277
280 281 282
281 282
282 284
284
291 293
293
300 302
302 303
303 305
305 306
306
310
313 314 315
314 315 316
315 316 317
316 317 318
317 318
318
329 330 331
330 331
331
335
339 340 341
340 341 342
341 342 343
342 343 344
343 344 345
344 345
345 347
347 349
349
353
360 361 362
361 362 363
362 363 364
363 364
364 366
366 367 368
367 368 369
368 369 370
369 370
370 372
372 374
374 375
375 377
377 378
378 380
380 381
381 383
383
386
390
393 395
395 397
397 398 399
398 399 400
399 400 401
400 401 402
401 402 403
402 403 404
403 404 405
404 405
405 407
407 408 409
408 409 410
409 410 411
410 411
411
416
419 420
420 422
422 424
424 425
425
429 430
430 432
432 433 434
433 434 435
434 435
435 437
437
441
444
447
451 452
452
455
462 464
464 466
466 468
468
471 472
472 474
474
477 478 479
478 479 480
479 480
480
483
490 492
492 493
493 495
495 496 497
496 497 498
497 498 499
498 499
499 501
501 502
502
506 507
507
513 514 515
514 515 516
515 516 517
516 517 518
517 518 519
518 519 520
519 520 521
520 521 522
521
522
525 526 527
526 527
527
531 533
533 535
535 537
537
541 542
542
545
551
554 555 556
555 556
556 558
558 559
559
564 566
566
571
576 577
577
584 586
586 587
587 589
589
593
596 598
598
601
604
609 610
610 612
612
615 617
617 619
619 621
621
625
630 631
631 633
633
636 637
637 639
639 641
641 642 643
642 643 644
643 644
644 646
646
650 651
651 653
653 655
655 656 657
656 657 683
657 659
659 660
660 662
662 664
664 665
665
668 670
670 671 672
671 672
672
675 677
677 678 679
678 679
679
682 683
683
686
689 690 691
690 691 692
691 692 693
692 693 694
693 694 695
694 695
695 697
697
703
706 708
708 710
710 712
712
715
721 722
722 724
724 725
725 727
727
730 731 732
731 732
732
737
741 743
743 744 951
744 745 746
745 746
746
751 752 753
752 753 754
753 754
754 756
756 758
758 759 760
759 760
760
763 764 765
764 765
765
769 770 771
770 771
771 773
773 774
774
777 778
778 780
780 781
781 783
783 784
784 786
786 788
788 789 790
789 790
790 792
792 793
793 795
795
798
802
807 808
808
811
814 815
815 817
817 818 819
818 819
819
824 826
826 828
828
831
834 835
835 918
838 839 840
839 840 841
840 841 842
841 842
842
845 847
847 848 849
848 849
849 851
851 852 853
852 853
853
858 859
859
862 863
863
867 868 937
868
876
879 881
881 882 883
882 883 884
883 884
884
887
889
893
898 900
900
906
909 910
910 912
912 914
914 915
915
918 919
919
926 927 928
927 928
928
933 934
934
937 938
938
943 944
944
948 949
949 951
951 953
953
956
959 960 961
960 961 962
961 962
962
965 966 967
966 967 968
967 968 969
968 969
969 971
971 972 973
972 973 974
973 974 975
974 975 976
975 976
976 978
978 979 980
979 980
980
984 985
985
988
991 993
993
996 997 998
997 998
998
