#naive2.0.py
# GMT Fri Feb 14 13:34:34 2020
# 
2 3
3
6
9 11
11 12
12 14
14
20
24 25
25
29 30 31
30 31
31
36 38
38 39 40
39 40
40
44 45 46
45 46 47
46 47
47
50 51 52
51 52 53
52 53
53 55
55
58 60
60 62
62 64
64
68 69
69 71
71 72
72 74
74 75 76
75 76 77
76 77
77
81 82
82
85 87
87 89
89 91
91
94 95
95
98
101 103
103 104 105
104 105
105
111 112 113
112 113
113 115
115 116
116 118
118 119
119 121
121 123
123 887
126 127
127 129
129 130
130
133
140 141
141
144 145
145
150
153
156 158
158 159
159 161
161
164 165
165 167
167
170 172
172
175 177
177 179
179 181
181
184
189 191
191
194 196
196 197
197 199
199
205
208 210
210
213 215
215 216 217
216 217
217 219
219 220
220
224 226
226 227
227
233 234
234 236
236 237
237
245 246
246
250 251
251 253
253 254 255
254 255
255 257
257 258 259
258 259
259
263 264
264
267 268 269
268 269
269
273 274
274 276
276 278
278 279 280
279 280
280 282
282 284
284 286
286 287 288
287 288
288
292
297 298
298
304 305
305 307
307 308
308
311 312 313
312 313
313
317
324
333 334 335
334 335 336
335 336 337
336 337
337
340 342
342
345 346 347
346 347
347
350
354 355
355 357
357 359
359
362 363
363
366 367
367
372 373 374
373 374
374 376
376 377
377
380 381
381 383
383 384 385
384 385 386
385 386
386
389 390
390
393 394
394
400 402
402
405 406
406 408
408 409
409 411
411 413
413 415
415 416 417
416 417 418
417 418
418
421
424 425
425 427
427
430
433 435
435 437
437
440
447 448 449
448 449 450
449 450
450
454
457
462 463
463 465
465 466 467
466 467
467 469
469 470 471
470 471 472
471 472 473
472 473
473 475
475
479 480 481
480 481 482
481 482
482
485 486 487
486 487
487 489
489
492 494
494 495 496
495 496 497
496 497
497
505
509
512 514
514 516
516 517
517 519
519 521
521 523
522 523
523
530
535 536
536
540
544 546
546
554 555
555
559
562 564
564 566
566 567 568
567 568
568
573
576 578
578
586 587
587
591
596
599 601
601
604 605
605 607
607 609
609
612
616 617 618
617 618
618 620
620
625 626
626
629 630 631
630 631 632
631 632 633
632 633
633 635
635
639 640 641
640 641 642
641 642
642 644
644
648 650
650
658
663 665
665
668 669 670
669 670
670
675 676
676
679
684 686
686 687
687
695 696
696 698
698 700
700 701
701 703
703 705
705
708 709 710
709 710
710 712
712 713 714
713 714 715
714 715 716
715 716 717
716 717
717 719
719 720 721
720 721
721 723
723
726 727 728
727 728 729
728 729 730
729 730
730 732
732 734
734 735
735 737
737 739
739
742 744
744 745
745
762 763
763
766
769 770 771
770 771 772
771 772 773
772 773
773 775
775 776
776 778
778 779
779 781
781
784 786
786
789
794 795 796
795 796 797
796 797 798
797 798 799
798 799
799
802
805 807
807 809
809
813 814 815
814 815 816
815 816 817
816 817
817
821 823
823 824
824 826
826 827 828
827 828
828 830
830 831
831
835
839
845
848 849
849 851
851 853
853
856
861 863
863 865
865
868 870
870
873 874
874
881 882
882 884
884 886
886 887 888
887 888
888 890
890 892
892 894
894
899
902
906
913 914
914 916
916
923 924 925
924 925
925 927
927 928
928 930
930 931 932
931 932 933
932 933 934
933 934
934 936
936 938
938 940
940 942
942 943 944
943 944
944
950 951 952
951 952 953
952 953 954
953 954
954
958 959 960
959 960 961
960 961 962
961 962
962
965 967
967 968
968
971
976 978
978
984
992
996
999
