#naive2.0.py
# GMT Fri Feb 14 13:34:28 2020
# 
0 1 2
1 2
2 4
4
7 9
9 10 11
10 11
11 13
13 14
14 16
16 17 18
17 18 19
18 19
19 21
21 22 23
22 23
23 25
25 26
26
30
33
36 37
37
42 43
43
47 48 49
48 49 50
49 50
50
54
57 58
58
61
65 66
66 68
68 69 70
69 70 71
70 71 72
71 72 73
72 73
73 75
75
78 79 80
79 80
80
83 84
84
87 89
89
92 94
94 96
96 97
97 99
99 100
100
104 105 106
105 106 107
106 107
107 109
109
116 118
118 119
119 121
121 122 123
122 123 124
123 124 125 887
124 125 126
125 126
126 128
128 129 130
129 130 131
130 131
131 133
133 134
134 136
136 137 138
137 138 139
138 139
139
142 143 144
143 144
144 146
146 148
148
151 152
152 154
154 155
155
158 159
159
162
165 167
167
171 172
172
176 178
178
183 185
184 185
185 187
187
190 191
191 193
193
196 198
198 199 200
199 200
200
205
209 211
211 213
213 215
215
218 219
219
224 226
226 228
228 230
230 231
231 233
233 234 235
234 235
235 237 582
237 238 239
238 239
239
245
251 253
253
256 258
258
270 272
272 273 274
273 274
274
277
280 281 282
281 282
282 284
284
289
293
296 298
298 300
300 301
301 303
303
306 307
307
310 311
311
318
323
328
339
343
346 347 348
347 348
348 350
350
355 357
357
362
365 366
366
369 370
370
374
380 381 382
381 382 383
382 383
383 385
385 387
387 388
388 390
390 392
392
396
402 403
403 405
405
408 409 410
409 410
410 412
412
416
424 425
425 427
427 428
428
432 434
434 435
435
439
444
448 449 450
449 450 451
450 451
451
456
459 461
461
465 466 467
466 467 468
467 468
468
471
474 476
476 478
478 479
479 481
481
488
495 497
497 498 499
498 499 500
499 500
500 502
502
505
509 510
510
513 514
514
517 519
519
523 524
524 526
526 528
528 530
530
533 535
535 536
536 538
538 539 540
539 540
540 542
542 543
543
546 547
547 549
549 550 551
550 551
551
554 556
556 557 558
557 558
558 560
560 561
561 563
563 565
565 566 567
566 567 568
567 568
568
576
580 582
582
585 587
587 588
588 590
590
593 594 595
594 595
595
598 599 600
599 600
600 602
602
606
612 613
613
616 617
617
620 621 622
621 622
622 624
624 625
625 627
627
633 635
635 637
637 639
639 640 641
640 641 642
641 642
642 644
644 645
645 647
647
652 653
653
658 659
659
664 666
666 668
668 670
670
673 675
675 676
676 678
678
682 683
683
685 686
686
690 691 692
691 692 693
692 693
693
696 697
697 699
699 700
700 702
702 703
703
706 708
708 709 710
709 710
710
713
717
721
724 726
726 728
728
731 733
733 734 735
734 735 736
735 736 737
736 737 738
737 738
738 740
740 741
741 743
743 744 951
744
749 750 751
750 751
751
756 757 758
757 758 759
758 759
759
763 765
765
768 770
770 771 772
771 772
772 774
774 775
775 777
777 778
778
781 783
783
790 791
791
794
797 798 799
798 799 800
799 800
800
803
810
814 816
816 817 818
817 818 819
818 819 820
819 820
820
828 829 830
829 830 831
830 831 832
831 832 833
832 833
833 835
835 918
837 839
839
843 844 845
844 845
845
848 850
850 851
851 853
853 854
854 856
856 858
858 859
859
862
871
876 877
877
880 881 882
881 882
882
886 887
887
893 894
894
897
905 906
906
911 913
913 914 915
914 915
915 917
917 918 919
918 919 920
919 920
920 922
922 924
924
929
933 934 935
934 935 936
935 936 937
936 937
937
939
943
950 951
951
954
957 958 959
958 959
959 961
961 962
962
969
972
975
978 979 980
979 980
980
984 985 986
985 986
986
989 991
991
994 995
995 997
997
