#naive2.0.py
# GMT Fri Feb 14 13:34:34 2020
# 
1 999
4 5 868
5 7
7 8 9
8 9
9
12 14
14
20
25 27
27 29
29 30
30 32
32 33
33 35
35 36
36
41 42 43
42 43 44
43 44 45
44 45 46
45 46 47
46 47
47
50
54 56
56 57
57 59
59 60 61
60 61 62
61 62
62 64
64
67 68
68 70
70 72
72
76
79
88 89 90
89 90 91
90 91 92
91 92 93
92 93 94
93 94 95
94 95
95 585
97 98
98 100
100
104
108
115
118 120
120 122
122
125 126 127
126 127 128
127 128
128
131 132 133
132 133 134
133 134 135
134 135 136
135 136 137
136 137 138
137 138 139
138 139
139
143 145
145
148 150
150 151
151
158 159 160
159 160
160
164 165 166
165 166 167
166 167
167
171
174 176
176 177 178
177 178
178
184
189 190
190
193
198 200
200
203 204 205
204 205
205
208 209
209
214 215
215
219 220
220 222
222 224
224
230
233 234
234 236
236
239 241
241 243
243 245
245 247
247 248
248 250
250 252
252 254
254
257 258 259
258 259 260
259 260
260 262
262 263 264
263 264
264
267 269
269 271
271 273
273 275
275
281 282
282
285 287
287 289
289
293
296
299
303 304
304
308
311
314 315 316
315 316 317
316 317
317
320 321 322
321 322
322 324
324 325 326
325 326 327
326 327 328
327 328
328
331 332
332
335 337
337 338 339
338 339
339
344
348 350
350
357 358
358
362 363
363 365
365 367
367 368 369
368 369 436
369
376 377
377 379
379 380 381
380 381 382
381 382
382
386 387 388
387 388 389
388 389 390
389 390 391
390 391
391
396 397 398
397 398
398 400
400 401
401
404 406
406 408
408
413 414 415
414 415
415 417
417 418 419
418 419
419
431 433
433 434 435
434 435 436
435 436
436
438
443
446 447 448
447 448 449
448 449 450
449 450
450
454 455
455
461 463
463
466 467
467 469
469 470
470 472
472
475 477
477
483 484
484
494
497 498 499
498 499
499
504 505
505 507
507 508 509
508 509
509 511
511
515 516
516
520 521
521 523
523 524
524
527 528
528 530
530 531 532
531 532
532
535 536
536 538
538 540
540 541
541
546 547 548
547 548 549
548 549
549
554 555 556
555 556
556 558
558
563
566 568
568 570
570 572
572 574
574 576
576
582 583 584
583 584 585
584 585
585
589 591
591 593
593 594
594
597
601 603
603 604 605
604 605
605 607
607 608
608 610
610 611
611
614 616
616
619 620
620 622
622 623
623 625
625 626
626
629 631
631 632 633
632 633
633
639 641
641 643
643 644
644 646
646 648
648 650
650 651
651
654 655
655
658
663 664
664
669 670
670 672
672 674
674 675 676
675 676
676
680 681 682
681 682
682
686 688
688 689
689
692
700 701
701
704
707
710
713 714 715
714 715 716
715 716 717
716 717
717
721 722 723
722 723 724
723 724 725
724 725 726
725 726
726 728
728 730
730 731 732
731 732 733
732 733
733
736 738
738 739
739
743 744
744
747 748 749
748 749
749 751
751 752 753
752 753
753 755
755
772 774
774 775 776
775 776
776 778
778 779 780
779 780 781
780 781
781 783
783 784
784
791
794 795
795
798 799
799
804 805 806
805 806
806
809
815
820 821
821
826 827
827
833
836 838
838 840
840 842
842 843 844
843 844
844 846
846 848
848
855 856
856
861 863
863 864
864 866
866 868
868 869
869
872 873
873
880
884
887 888
888 890
890 892
892
897 898 899
898 899
899
902
912 913 914
913 914
914
919 921
921
925 927
927 929
929
933
943 944
944
949 950
950
953 954 955
954 955 956
955 956
956
959 960
960
963 964
964
967
975 976 977
976 977
977
981
984 986
986
989 990
990
994 996
996 998
998 999
999
