#naive2.0.py
# GMT Fri Feb 14 13:34:32 2020
# 
0 999 998
3 5
5 6
6
9 11
11 12
12
17 19
19 21
21 22
22 24
24
28 30
30
33 35
35 37
37 39
39
42
45 46
46
49 50
50 52
52 53
53
57 58
58 60
60 61 62
61 62 63
62 63
63 65
65 66
66
74 75
75 77
77
80 81 82
81 82 83
82 83
83 85
85 87
87
95 585
98
101 102 103
102 103 104
103 104
104
108
112 113
113
120
124 125 126
125 126 127
126 127 128
127 128
128 130
130 131 132
131 132 133
132 133
133 135
135 136
136 138
138
141
144
147 149
149
152 153 154
153 154 155
154 155 156
155 156 157
156 157
157 159
159
162
166 168
168
181 182 183
182 183
183 185
185
188
193 194
194
197 198 199
198 199
199
202
206
209
212
216
221 223
223 225
225 226 227
226 227
227
231 233
233 234
234
238 239
239
246 248
248 249 250
249 250 251
250 251 252
251 252
252 254
254
258 259 260
259 260 261
260 261
261 263
263
266 268 621
268 269
269 271
271 273
273
276 278
278
281 282
282
285 287
287 288 289
288 289
289 291
291 292
292 294
294
297
302
305 306 307
306 307 308
307 308 309
308 309
309
313 314 315
314 315 316
315 316
316
319 321
321 322 323
322 323
323
327 328
328
331
335 336
336
339 340
340 342
342 343
343
349 350
350
354 355 356
355 356
356 358
358 359 360
359 360
360 362
362
366 368
368 369 370
369 370 371
370 371
371 373
373 375
375 377
377 378 379
378 379
379
384 385 386
385 386
386 388
388 390
390
393 394 395
394 395
395
401 402 403
402 403 404
403 404
404
407
410
414
421 423
423 425
425
433 434 435
434 435
435 437
437 438
438 440
440
443 444 445
444 445 446
445 446
446 448
448 449 450
449 450
450 452
452 453 454
453 454 455
454 455 456
455 456
456
465 466 467
466 467
467 469
469
474 475 476
475 476 477
476 477
477 479
479 480 481
480 481
481 483
483 484
484 486
486 488
488 489
489 491
491 493
493 494
494
497 498 499
498 499 500
499 500
500 502
502
508 509
509 511
511 512
512
515 517
517
522 523 524
523 524 525
524 525
525
530 532
532
536 538
538 540
540 541
541 543
543 545
545
550 551 552
551 552 553
552 553 554
553 554 555
554 555 556
555 556 557
556 557
557
561
565
569
573
576
579 581 972
580 581
581
585 586 587
586 587 588
587 588
588
593
596 598
598
603
606 607 608
607 608 609
608 609 610
609 610 611
610 611 612
611 612 613
612 613 614
613 614
614 616
616
619 620 621
620 621
621
623 625
625
628 629
629 631
631 632 633
632 633 634
633 634
634
638
641
644 645
645
650 651 652
651 652
652
657 658
658
664
669 670
670
675 676
676
681 682
682
691
699 701
701 702
702 704
704 705
705
708 709 710
709 710
710 712
712
723 724 725
724 725 726
725 726
726 728
728 729 730
729 730
730 732
732 733
733
736 738
738 739
739
742 743 744
743 744
744 746
746 747
747
751 752 753
752 753
753
758 760
760 762
762 763
763
767
774 776
776 777
777 779
779 781
781
784
790 791
791
797 799
799 800
800 802
802 804
804 806
806 807
807 809
809
812 814
814 816
816 817 818
817 818
818
823 825
825 826 827
826 827 828
827 828
828
831 833
833 834 835
834 835 836
835 836 918
836 838
838 839 840
839 840 841
840 841
841 843
843 844
844 846
846 847 848
847 848
848
852 853
853 855
855 856
856 858
858 859 860
859 860
860 862
862 863
863 865
865 866
866
870 872
872 874
874
880 882
882 883
883 885
885 886
886
890
893 894 895
894 895 896
895 896
896 898
898 900
900 901
901
905 906
906
909 910
910
913 915
915
918
921 922
922
925 927
927 928
928
935 936
936
940 942
942 944
944 945 946
945 946 947
946 947
947
954 956
956
959 961
961 963
963
968 969 970
969 970 971
970 971 972
971 972 973
972 973
973
976 977 978
977 978 979
978 979
979
984 985
985 987
987 988 989
988 989 990
989 990 991
990 991 992
991 992
992
995 996 997
996 997 998
997 998 999
998 999
999
