#naive2.0.py
# GMT Fri Feb 14 13:34:29 2020
# 
4 5
5 6 7
6 7
7 9
9 10
10 12
12
15
20 21 22
21 22
22 24
24
27
30 32
32
35
40 41 42
41 42
42 44
44
47
50 52
52 53 54
53 54 55
54 55 56
55 56 57
56 57
57
60 61
61
64 66
66 67
67
70 72
72 73
73 75
75 76
76 78
78 79 80
79 80 81
80 81 82
81 82
82 84 636
84 85
85 87
87 88
88
91 93
93 94 95
94 95
95
100 101
101
105 106
106
110 112
112 114
114
119 120 121
120 121
121 123
123 707
126 128
128 129
129 131
131 132
132
137 138
138
143 145
145 146 147
146 147
147
153 154
154
157
161 163
163 164 165
164 165
165 167
167 168 169
168 169
169 171
171 173
173
176 178
178
181 183
183 185
184 185
185
192 193
193
196
199 200
200 202
202 203 204
203 204 205
204 205 206
205 206 207
206 207
207
210 211
211 213
213 214
214
217
221 223 735
222 223 224
223 225
224 225 226
225 226
226 228
228 229 230
229 230
230
234 236
236
239
242
246
249 250 251
250 251 252
251 252 253
252 253 254
253 254
254
257 258 259
258 259 260
259 260 261
260 261 262
261 262 263
262 263
263 265
265 266 267
266 267
267
270 271
271 273
273
278 279 280
279 280
280
283 285
285 286
286 288
288
296 298
298 299 300
299 300
300 302
302
309 310 311
310 311
311
320
330
334
338 339 340
339 340 341
340 341
341
348
351 352 353
352 353
353
359 361
361 362
362
366 368
368 370 436
370 371
371
375 376
376 378
378 379
379
385 386
386
389 391
391
396 397 398
397 398 399
398 399
399 401
401
406 408
408 410
410 411 412
411 412 413
412 413 414
413 414 415
414 415
415
418
421 422
422
425 426 427
426 427
427
434 436
436
438 439
439
444
448
452
457
462
465
468 469
469
473
477
480 482
482 483 484
483 484 485
484 485 486
485 486
486 488
488 489 490
489 490
490
495 496
496
504 505 506
505 506
506 508
508 509
509
512 513 514
513 514 515
514 515
515
518 519 520
519 520
520 522
522
527 528 529
528 529
529
531 533
533 534 535
534 535 536
535 536
536
540
544 546
546
551 552
552
558 559
559
565 566
566 568
568
571 572 573
572 573
573 575
575 577
577 579
579
580 582
582
586 587 588
587 588 589
588 589
589
593 595
595 596 597
596 597
597
605
609 610 611
610 611 612
611 612
612
616
623
627 629
629 630
630 632
632 633
633
636 637
637 639
639 640
640 642
642
645
648
651 652
652
655
659 661
661 662
662
665 667
667
670
675 676
676 678
678
683 684
684
687 688 689
688 689 690
689 690 691
690 691
691
696 697
697
702
706 707
707
709 711
711
715
718 720
720
724
727 729
729 730
730
735 737
737 738 739
738 739 740
739 740 741
740 741 742
741 742
742 744
744 745
745 747
747 748
748
751 752
752
762 764
764 765 766
765 766
766 768
768 770
770 771
771
774
778 780
780 781 782
781 782
782
786
791
795 797
797 798 799
798 799 800
799 800
800 802
802
805 806
806
814 815 816
815 816 817
816 817 818
817 818
818 820
820 821
821
826 828
828
831
835 836 918
836
839 840
840
847 849
849 850 851
850 851 852
851 852 853
852 853
853
856 857
857
860 861
861 863
863 864 865
864 865 866
865 866
866
874 876
876 877 878
877 878
878 880
880 881
881
884 886
886 888
888 890
890
894
899 900 901
900 901 902
901 902
902
906 907
907
914 915
915
918 919 920
919 920
920
923
927 929
929 930 931
930 931
931
936
939 941
941 943
943 945
945 946
946
949 950 951
950 951
951 953
953 955
955 956
956
960 961 962
961 962
962
965
978
982 983
983 985
985 986 987
986 987 988
987 988
988
991
994
