#naive2.0.py
# GMT Fri Feb 14 13:34:34 2020
# 
1 2
2 4
4 5 868
5 7
7 8
8 10
10
14 15 16
15 16 17
16 17 18
17 18 19
18 19
19 21
21 22 23
22 23 24
23 24
24 26
26 28
28 30
30 31
31
35 36
36 38
38 40
40 41 42
41 42
42
47 48
48 50
50 52
52 54
54 55 56
55 56 57
56 57
57 59
59 60 61
60 61
61
65 67
67 69
69 70
70
73
76 77
77
80 81 82
81 82
82 84
84 85 86
85 86 87
86 87 88
87 88
88
91
96
104 106
106 107 108
107 108 529
108 110
110
113 114 115
114 115
115 117
117 119
119 120
120 122
122 123 124
123 124
124 126
126 127 128
127 128 129
128 129 130
129 130 131
130 131
131 133
133
136 137
137
145
150 152
152
156 157
157
161
166
170 171
171
174 175
175 177
177 178 179
178 179
179 181
181 183
183 811
184 186
186
189 190 191
190 191
191
196 197
197
201
204
207
212 213 214
213 214 215
214 215
215 217
217 218
218
222 224
224
227 228 229
228 229
229
233 235
235 237
236 237
237
243 244 245
244 245
245
248 250
250 252
252
261 262 263
262 263 264
263 264
264 266
266 267 621
267 269
269 270 271
270 271 272
271 272
272 274
274
277
282 284
284 285
285
288 289 290
289 290
290
293 294
294 296
296 298
298 299 300
299 300 301
300 301 302
301 302
302 304
304 305
305 307
307 309
309
312
315 317
317
320 321
321 323
323
326
329 331
331 332
332
336 338
338
341 342
342 344
344 345 346
345 346 347
346 347
347
350 352
352 353
353
360
363
367
371 372
372
375 377
377
380
384 385 386
385 386
386
389
393 395
395 397
397 399
399 400 401
400 401 402
401 402
402
406
413 415
415
418
423 424
424
427
432 433
433
437 438
438
444 445
445
452 453
453 455
455
459
464
472 473 474
473 474 475
474 475
475
479 480
480 482
482
485 486 487
486 487 488
487 488
488 490
490 491 492
491 492
492 494
494 495
495 497
497 498 499
498 499
499 501
501 502 503
502 503
503
506 508
508
514 515 516
515 516 517
516 517
517
520
524 525
525 527
527 529
529 530
530 531 532
531 532
532 534
534 535
535 537
537 538 539
538 539
539 541
541
545
548 549
549 551
551 552
552 554
554
557
563
566 568
568 569 570
569 570 571
570 571 572
571 572 573
572 573
573 575
575
578 579
579
589 590 591
590 591 592
591 592
592 594
594 595
595
602 604
604
610 612
612 613 614
613 614
614 616
616 617 618
617 618
618 620
620 621
621
625 626 627
626 627
627 629
629 630
630
633 634
634
637 639
639
644 646
646 647 648
647 648
648
651 652 653
652 653 654
653 654 655
654 655
655
659
664 665 666
665 666 667
666 667
667
670
673
677
680 682
682 684
684 686
686
690 691
691
694 696
696 697
697
701 702
702 704
704 705
705
708 709 710
709 710
710 712
712 713
713
717
720 721 722
721 722 723
722 723
723 725
725 726 727
726 727 728
727 728
728 730
730 732
732 733 734
733 734 735
734 735 736
735 736
736
740
745 747
747
752 754
754
757 759
759
767 768
768 770
770 771
771
775 776 777
776 777
777 779
779
782
786 787
787
791
794 796
796
801 803
803
807 808 809
808 809 810
809 810 811
810 811
811
814 815 816
815 816 817
816 817 818
817 818 819
818 819 820
819 820 821
820 821 822
821 822
822 824
824 826
826 827
827
832
836 838
838 839 840
839 840
840 842
842 843 844
843 844 845
844 845 846
845 846 847
846 847
847
850 852
852 853 854
853 854
854
859 860 861
860 861 862
861 862
862 864
864 865
865 867
867 868 869
868 869
869 871
871
878
881 882
882
888 889 890
889 890
890
895 896
896 898
898 900
900 901 902
901 902 903
902 903
903 905
905
908
911 913
913 914 915
914 915 916
915 916 917
916 917 918
917 918 919
918 919
919
922
926 927
927
930 931 932
931 932 933
932 933
933
939 940 941
940 941
941
951 953
953 955
955 957
957
961 962
962
967
971
974 975
975 977
977 978 979
978 979 980
979 980
980
984
988 989
989 991
991 992
992
995 996 997
996 997
997
