#naive2.0.py
# GMT Fri Feb 14 13:34:30 2020
# 
1 3 999
3
8
11 12
12
17 18
18
22 23
23
29 30
30
33 34 35
34 35
35 37
37
40 41 42
41 42
42 44
44 45 46
45 46
46 48
48
52
60 61
61 63
63 65
65 66 67
66 67
67
71 73
73 74
74
77
85
88 90
90 91
91 93
93
96
101
104 105
105 107
107 529
111 113
113 115
115 116
116 118
118 119 120
119 120
120
124 126
126 128
128
131 133
133 134 135
134 135 136
135 136
136
140 141
141 143
143
147
150 151
151
156 157
157
161 162
162 164
164
168 170
170 172
172 173
173
176
179
189 190
190 192
192 193
193 195
195
198 199
199 201
201 202 203
202 203
203
211
214 215 216
215 216 217
216 217 218
217 218
218
221
222
229 230
230 232
232 234
234 235
235 237 582
237 238
238
243
246
249 251
251 253
253
256
259 260
260 262
262 264
264 265
265 267
267
272 273
273 275
275 276 277
276 277 278
277 278
278 280
280 281 282
281 282
282 284
284 286
286 287
287
290
294
299 300
300 302
302 304
304 306
306
310
314 315
315
320 322
322 324
324 325 326
325 326 327
326 327 328
327 328
328
335 336
336 338
338 339
339 341
341 342 343
342 343
343 345
345 346
346
352 353 354
353 354
354 356
356 358
358 359
359
363 365
365 366 367
366 367
367 369
369 370 371
370 371
371 373
373
378 379 380
379 380 381
380 381 382
381 382
382
388 389
389
396 397
397
401 402
402 404
404
408 409
409 411
411 412
412 414
414 415
415 417
417 418
418
424
428 429
429
434
438 439 440
439 440
440 442
442
445 446
446
450 451 452
451 452
452
456
459 461
461 463
463 464 465
464 465
465
469 470 471
470 471
471
474 475 476
475 476
476
480 481
481
485
491 493
493 495
495
498 499 500
499 500
500 502
502 503 504
503 504
504 506
506 507
507 509
509 510
510
513 514
514 516
516 518
518 519
519 521
521 552
524 526
526 528
528 529
529
532 533 534
533 534 535
534 535
535 537
537 538
538 540
540 542
542 543 544
543 544 545
544 545 546
545 546
546
550 551 552
551 552 553
552 553 554
553 554 555
554 555 556
555 556 557
556 557
557
561
564
569 570 571
570 571
571 573
573
578 579
579 972
582 583 584
583 584 585
584 585 586
585 586
586
591 593
593 594 595
594 595
595
598 599
599
604
608 609
609 611
611 612 613
612 613 614
613 614 615
614 615 616
615 616 617
616 617
617
620
623
627 629
629 631
631 632
632
636
638 639 640
639 640
640
643
648
651 652 653
652 653 654
653 654 655
654 655 656
655 656 657
656 657 683
657 659
659 660 661
660 661
661 663
663 665
665
668 670
670 672
672 673 674
673 674
674 676
676 677 678
677 678 679
678 679 680
679 680 681
680 681
681 683
683 684
684 685
685
688 689
689
692 694
694
697 698 699
698 699 700
699 700 701
700 701
701
705 706
706
709 710
710 712
712
717
721 722 723
722 723
723
727
731 732
732 734
734 736
736 738
738
741 743
743 744 951
744 745
745 747
747
751 752
752 754
754 755
755 757
757
762 763 764
763 764
764
769 771
771 772
772 774
774
777 778
778 780
780 781 782
781 782
782 784
784
789 790
790
797 799
799 801
801 802
802
805 806
806 808
808 809
809 811
811 812
812 814
814 815
815 817
817 819
819
823 825
825 826 827
826 827 828
827 828 829
828 829
829
835 836
836 838
838 839 840
839 840 841
840 841 842
841 842
842
845 847
847
851 852
852
856 857 858
857 858
858 860
860
868 869
869 871
871 872
872
878 879 880
879 880
880 882
882 883 884
883 884
884
889 890
890 892
892 893
893 895
895 896 897
896 897
897
900 901 902
901 902
902
905 907
907
911 912
912 914
914 915 916
915 916
916
919
923 925
925 927
927
931 932 933
932 933
933 935
935 936 937
936 937 938
937 938
938 939
939 941
941
944 945
945
949 950 951
950 951 952
951 952
952 954
954
958
962
965 967
967 969
969 970 971
970 971 972
971 972
972 974
974 975 976
975 976 977
976 977 978
977 978 979
978 979 980
979 980
980
985 986
986
989
995 996 997
996 997 998
997 998 999
998 999
999
