#naive2.0.py
# GMT Fri Feb 14 13:34:29 2020
# 
1 2 999
2
5 7
7 9
9 11
11 13
13 14 15
14 15 16
15 16
16
21
26 27
27 29
29 31
31 32 33
32 33 34
33 34 35
34 35
35 37
37
40 41 42
41 42 43
42 43
43
51 52
52
55
58 59
59 61
61 63
63 64 65
64 65
65
68 69
69 71
71 72
72
75 76 77
76 77
77
81 82
82 84 636
84 86
86 88
88
91
94 95
95 585
97 98 99
98 99
99
105 106
106
109 110 111
110 111 112
111 112
112 114
114
118 120
120 121 122
121 122 123
122 123
123 707
131
135 137
137
142 144
144 145
145 147
147
153 154
154
159 160 161
160 161
161
164
170 171
171 173
173 174
174
179 180
180 182
182
185 187
187 189
189 190 191
190 191 192
191 192 193
192 193
193 195
195 197
197
202
207
212
216 218
218
222 223 224
223
224
230 232
232 233
233 235
235
236 238
238 240
240 241 242
241 242 243
242 243
243 245
245 246
246
249 251
251 252 253
252 253
253
256
260 262
262 264
264
267
272 273 274
273 274 275
274 275 276
275 276 277
276 277 278
277 278
278 280
280 281
281
286
291 292
292 294
294 295
295 297
297
302 304
304 305 306
305 306 307
306 307 308
307 308
308 310
310 311 312
311 312
312
316
320
323 325
325 326
326 328
328 329 330
329 330
330 332
332 333
333
336
339 340
340
344
350 351
351
354 355
355 357
357 359
359 360
360
365 366
366 368
368 369 370 436
369 370 371
370 371 372
371 372 373
372 373
373
378 379
379
384 385 386
385 386 387
386 387
387 389
389 390
390 392
392 393
393
396 397
397
404 405 406
405 406
406
409 410 411
410 411 412
411 412 413
412 413
413
417 419
419 421
421 423
423
428
431
435 436
436
440 441 442
441 442 443
442 443
443
446 447
447 449
449 451
451
454
461
465 466 467
466 467 468
467 468
468 470
470 471
471
474 476
476
479
484
489 490 491
490 491
491 493
493 495
495 497
497
501 502 503
502 503
503 505
505 506 507
506 507 508
507 508
508 510
510
514
517 518
518
521 523 552
523 525
525 527
527
530 531
531 533
533
536 538
538 539
539 541
541 542
542
549 551
551 552
552 554
554 556
556 558
558
561 562
562 564
564 565 566
565 566
566
570 571
571
575
585
589 590 591
590 591
591
594 595 596
595 596 597
596 597
597 599
599
604
613
618
621
623 624
624 626
626 628
628
632 633 634
633 634 635
634 635 636
635 636 637
636 637
637 638
638
642 643
643 645
645 646 647
646 647 648
647 648
648
652 653
653 655
655 657
657
660 661 662
661 662 663
662 663
663 665
665
669
675 676 677
676 677 678
677 678
678
683 684
684 686
686
692
695
700 701 702
701 702
702
705 707
707
709 710
710
713 714
714 716
716 718
718 720
720
725 726
726
730
734
737 738
738 740
740
743 744 951
744
748 750
750 752
752 753
753 755
755
758 759 760
759 760
760
763 764 765
764 765
765 767
767 769
769 771
771
774
777
781 782 783
782 783 784
783 784
784 786
786 787
787 789
789
793 794 795
794 795 796
795 796
796 798
798 800
800
811
817 819
819
825 827
827 828 829
828 829 830
829 830
830
837
841 842
842
847 848
848 850
850 851 852
851 852
852
855 856 857
856 857 858
857 858
858
861 863
863 864
864 866
866
872 874
874
881 882
882
885 886
886
889
893
901 902 903
902 903 904
903 904
904
907 908
908
912 913
913 915
915
918 920
920 922
922
929 930
930
934 936
936 937
937
939 941
941
945 947
947
950 951
951
954 956
956 957 958
957 958 959
958 959
959 961
961 963
963 965
965
970
981
984 986
986
990 992
992 993 994
993 994 995
994 995
995
999
