#naive2.0.py
# GMT Fri Feb 14 13:34:35 2020
# 
2 4
4 868
7
11
15
18
21 22
22
25 26 27
26 27 28
27 28 29
28 29 30
29 30
30 32
32 33
33
37 39
39 40 41
40 41
41
47 48 49
48 49 50
49 50
50 52
52
57 59
59 61
61 62 63
62 63 64
63 64
64 66
66
69 70
70 72
72 73
73
81 82 83
82 83
83
87 88
88
92 93
93
96 97 98
97 98 99
98 99
99 101
101 102
102
106 107 108
107 108 109 529
108 109
109 111
111 112 113
112 113 114
113 114
114 116
116 118
118 119 120
119 120 121
120 121
121
124
129 130
130 132
132 134
134 136
136 137 138
137 138
138
143
146
151 152 153
152 153 154
153 154 155
154 155 156
155 156 157
156 157
157 159
159 160 161
160 161
161
164 165
165 167
167
170 171 172
171 172
172
177
180 181 182
181 182 183
182 183
183 185 811
185 187
187
190
194
200 201 202
201 202 203
202 203
203
206 208
208 209
209
213
217 218 219
218 219
219
224 225 226
225 226 227
226 227 228
227 228
228
232
239 241
241 242 243
242 243 244
243 244 245
244 245 246
245 246
246
249 250
250 252
252
257 259
259 260
260
264
267
273 275
275
279
282
286
291
297 299
299 300
300 302
302 303
303
306 307 308
307 308 309
308 309
309
314 315 316
315 316 317
316 317
317
320 322
322 323
323
329 330
330 332
332 333
333
336 337
337
340
344 345
345
351 353
353 354
354 356
356 358
358 359
359
362 363 364
363 364 365
364 365
365
370 372
372 373 374
373 374
374
377 378
378 380
380 381 382
381 382 383
382 383
383
386 387 388
387 388
388 390
390 391
391
394 395
395
398
402
406 408
408
411 412
412 414
414 416
416 418
418
421
424 425
425
434 435
435 437
437
441 443
443
450 452
452 453 454
453 454
454
458
461 463
463 464
464 466
466 467
467
473 475
475 476 477
476 477
477 479
479 480
480
484 485
485
489 490
490
495 497
497 498 499
498 499
499
502
505 507
507 509
509
513 514 515
514 515 516
515 516
516 518
518 520
520 521
521 523
523 524 525
524 525
525 527
527 528 529
528 529 530
529 530
530 531 532
531 532 533
532 533
533
536 537
537 539
539 540
540
544 545 546
545 546
546
554
557 559
559
562 563 564
563 564
564 566
566 568
568 569 570
569 570
570
573
576 577 578
577 578
578
581 583
583 584 585
584 585 586
585 586 587
586 587
587
592
596 598
598
601
606 607 608
607 608 609
608 609 610
609 610
610 612
612
620 621
621
623 624
624
627 628
628
632
638 639 640
639 640 641
640 641 642
641 642
642
647
650 651
651 653
653 654
654
657 659
659 661
661
664
670 671 672
671 672
672
677 679
679
684 686
686 687 688
687 688 689
688 689 690
689 690 691
690 691 692
691 692 693
692 693 694
693 694
694 696
696 698
698 699 700
699 700 701
700 701 702
701 702
702 704
704 706
706 707 708
707 708
708
712
715 717
717 718
718 720
720
723
726 728
728
731 733
733 734
734
741
747 749
749 751
751
755 756
756
762 764
764 765 766
765 766 767
766 767 768
767 768
768 770
770 771 772
771 772
772 774
774 775
775 777
777 778
778 780
780
783
788 789 790
789 790
790
793
796
800 801
801
804 805 806
805 806
806
809 810 811
810 811
811
815 816
816
820 821 822
821 822 823
822 823 824
823 824
824 826
826 827
827
830
835 918
837
840
846 847
847
854 855 856
855 856 857
856 857
857 859
859 860
860
863
867 868 937
868
872
875
879 880
880 882
882
885 886 887
886 887 888
887 888
888
897
902 903 904
903 904 905
904 905 906
905 906 907
906 907 908
907 908 909
908 909
909
913
916 918
918 919 920
919 920
920
924 925 926
925 926
926
930 931
931
936 937 938
937 938
938
944
947 948 949
948 949
949
954
958 959
959 961
961 962
962
965
969
973 974
974
978 980
980
983 984 985
984 985
985 987
987
990
993 994 995
994 995
995 997
997
