#naive2.0.py
# GMT Fri Feb 14 13:34:31 2020
# 
0 999 998
4 5 868
5 6 7
6 7 8
7 8
8
14
19
22
25 26
26 28
28 30
30
33 35
35
39 40 41
40 41 42
41 42
42
50 51 52
51 52 53
52 53
53
57 59
59 60 61
60 61
61 63
63 64
64
69
72 73
73
79
83
88 89
89
94 95 96
95 96 585
96
102
105 107
107 108 109 529
108 109 110
109 110 111
110 111
111 113
113
116 118
118 119 120
119 120
120
123 124
124
127 128
128 130
130 132
132
136 138
138
143 144
144
147
150 151
151
154 155
155 157
157
160 162
162 163
163
166 167
167 169
169
173 174
174
178 179
179
184 186
186 188
188 189
189
194 195 196
195 196 197
196 197 198
197 198
198 200
200 202
202
205 206
206 208
208
213
217 218 219
218 219 220
219 220 221
220 221 222
221 735
222
225 226
226 228
228 230
230 231
231 233
233 234
234
237
242 244
244 246
246
250
255 256
256 258
258 259 260
259 260
260 262
262 263
263
266 621
269 271
271
277 278 279
278 279
279 281
281 283
283 285
285
288
294 295
295
298 299
299 301
301 303
303
307
310 311 312
311 312
312 314
314
317 318
318 320
320 321
321
326
329
333
338
346 347
347
351
356 358
358 359 360
359 360
360 362
362 363
363
367
371 372
372
375 376 377
376 377 378
377 378
378
387
392 393
393 395
395
399 400 401
400 401 402
401 402 403
402 403
403
407
413 414 415
414 415
415
420 422
422
426 427 428
427 428
428
431
435
439 440
440
449 450
450
455 457
457 459
459 460
460 462
462 463 464
463 464 465
464 465
465
470
473
479 480 481
480 481
481 483
483 484 485
484 485 486
485 486 487
486 487 488
487 488 489
488 489 490
489 490
490
496 498
498 500
500
506 507 508
507 508 509
508 509 510
509 510 511
510 511 512
511 512
512 514
514 515
515 517
517
523 525
525 527
527 528 529
528 529
529
533 535
535
538 539 540
539 540
540 542
542 543
543 545
545 547
547 549
549 550 551
550 551
551
555 556
556 558
558
561
566
573
576
583 585
585
588
591 593
593 594 595
594 595
595
600 601 602
601 602
602
606
611
616 618
618 620
620 621
621
625 627
627 628
628
631 633
633 634 635
634 635
635 637
637 638
638
643 644
644
647 648
648 650
650 651
651
654 655
655
659 660 661
660 661
661 663
663
666
669
673 675
675 677
677 678
678
683
685 686 687
686 687
687
690 692
692
696 697
697
700 702
702
708
713 714
714
717 719
719 720
720
723 725
725 726
726 728
728
733 735
735
738 739
739 741
741 743
743 744
744 745
745 747
747 748 749
748 749
749
754
757 758
758 760
760 762
762 764
764 766
766 767 768
767 768 769
768 769 770
769 770
770 772
772 773
773
776
779 780
780 782
782
786 788
788 789 790
789 790 791
790 791 792
791 792
792
795 796 797
796 797 798
797 798 799
798 799
799 801
801 802 803
802 803 804
803 804
804
808
812 813
813
816
822 823
823
826 827 828
827 828
828
832 833
833
839 840
840
844 845
845 847
847
850
855
858 860
860 862
862
866 868
868 869
869
876 877 878
877 878
878 880
880 881 882
881 882 883
882 883 884
883 884 885
884 885 886
885 886
886
890 891
891
894 896
896 897 898
897 898
898 900
900
904 905 906
905 906
906 908
908
916
920 922
922
931 933
933
939
944
947 948 949
948 949
949
952 953 954
953 954
954 956
956 957 958
957 958
958 960
960
963
966
969 970 971
970 971
971 973
973 975
975 976
976 978
978 979
979
986
989 990 991
990 991 992
991 992
992 994
994
997 998 999
998 999
999
