#naive2.0.py
# GMT Fri Feb 14 13:34:32 2020
# 
1 3
3 4 5
4 5
5 6
6
9
12 13
13
16 17 18
17 18
18
21 23
23
28 29
29 31
31
37 38 39
38 39 40
39 40 41
40 41 42
41 42 43
42 43 44
43 44
44 46
46
49 51
51 52 53
52 53 54
53 54 55
54 55 56
55 56
56 58
58 59
59
62
67
72 73
73 75
75 77
77 79
79 80 81
80 81 82
81 82
82
85 86
86
90 91
91 93
93 94
94 96
96
100
103 104 105
104 105
105
109
112
119 121
121 122 123
122 123
123 887
126 127
127
130 132
132
135
140
145 147
147 148 149
148 149
149
155
159
163
167 169
169 170 171
170 171 172
171 172 173
172 173
173 175
175
181
184
187 188
188
194 196
196
199 200 201
200 201 202
201 202 203
202 203 204
203 204
204 206
206
209 210 211
210 211 212
211 212 213
212 213
213
216
221 223
222 223
223
229 231
231 233
233
238 240
240 241
241 243
243
246 248
248 250
250 251 252
251 252
252 254
254 255
255 257
257 258 259
258 259 260
259 260 261
260 261
261
264
269
272 273 274
273 274
274 276
276 278
278
282
286 287
287
291 292 293
292 293 294
293 294 295
294 295
295
299 301
301 303
303 304
304
307 309
309 310
310
316 317 318
317 318
318
322 324
324 326
326 327 328
327 328
328 330
330
333 335
335 336 337
336 337 338
337 338
338 340
340
347 349
349
352
359 361
361 363
363 364
364
368 436
373
376
384
390
394 395
395
398 399
399 401
401 403
403 404 405
404 405
405
409 411
411 412 413
412 413 414
413 414
414
417 419
419 421
421 423
423
427 428
428
436
441 443
443 445
445
448 450
450 451 452
451 452 453
452 453 454
453 454 455
454 455
455
458
461 463
463 464 465
464 465
465
475 476 477
476 477
477 479
479 480 481
480 481
481 483
483 484 485
484 485
485
488 489
489 491
491 492 493
492 493 494
493 494
494
500 502
502 503
503 505
505
509
515 516
516
519 521
521 552
524
528 529
529
532
535 537
537
540 541
541 543
543 545
545 547
547 548
548
551 552
552
555 557
557 558 559
558 559 560
559 560 561
560 561
561 563
563 565
565 566
566 568
568
571
574 575
575 577
577
580 581 582
581 582
582 584
584 586
586 588
588 589 590
589 590
590
593 595
595
599 601
601 603
603 604
604
607 608 609
608 609
609
614 615
615 617
617 618
618
621
623 624 625
624 625 626
625 626 627
626 627 628
627 628 629
628 629 630
629 630 631
630 631
631
639 640 641
640 641
641 643
643 645
645
650 651
651 653
653
659
662
665
671 672 673
672 673
673
679 681
681
684 685
685 687
687 688 689
688 689
689 691
691 692
692
696
702
709 710 711
710 711 712
711 712
712
717 718 719
718 719 720
719 720
720
723
728
732 734
734
741 742 743
742 743
743 951
748 749
749
752 754
754 755
755
760 761 762
761 762 763
762 763
763
768 769
769 771
771 772
772 774
774 775
775
778
781 782
782 784
784 785 786
785 786
786
790
794 796
796 798
798 799 800
799 800
800 802
802 804
804
811 812
812 814
814 815
815 817
817 819
819 820 821
820 821 822
821 822 823
822 823
823 825
825 827
827
830 831
831
835 836
836 838
838 840
840 841 842
841 842
842
848 849
849
856 857 858
857 858
858
861 862 863
862 863 864
863 864 865
864 865 866
865 866 867
866 867
867 869 937
869 871
871 872 873
872 873 874
873 874 875
874 875
875 877
877
883 884
884 886
886 887
887
891 892
892
896 897
897
901 903
903 905
905
909 911
911 912 913
912 913 914
913 914
914
917
920 922
922 923
923 925
925 927
927 928 929
928 929
929
933 935
935 937
937
944 945
945
950 951
951 953
953 954
954 956
956 957 958
957 958 959
958 959 960
959 960
960
963
967 969
969
973 975
975 976 977
976 977 978
977 978
978
981
984 986
986 987
987
990 992
992 994
994 996
996 997 998
997 998
998
