#naive2.0.py
# GMT Fri Feb 14 13:34:31 2020
# 
0 1 2 998
1 2 3
2 3
3
9 10 11
10 11
11 13
13 15
15 17
17 18
18
22
25 27
27 29
29
34
37 38
38
41
44 46
46
55 57
57 58
58 60
60 61 62
61 62
62
67 68
68 70
70 71 72
71 72 73
72 73 74
73 74
74 76
76 77
77
80 81
81
85 87
87 89
89 90
90
94
97 98 99
98 99 100
99 100
100
103 104 105
104 105 106
105 106
106
109
112
115 116 117
116 117
117
123 124 887
124 126
126 128
128 129 130
129 130 131
130 131 132
131 132
132
135 137
137 138 139
138 139
139 141
141
145 146 147
146 147 148
147 148 149
148 149
149
153
157 158
158 160
160 161 162
161 162
162
167
173
176
179 180
180
184 185
185
189
193
196 197 198
197 198
198
202
206 208
208 209
209
214 215
215
219 220
220 222
222 224
224 226
226 227
227 229
229 230 231
230 231 232
231 232
232 234
234 235 236
235 237 582
236 237
237
241
245
248
251
255
261
264
268
271
274 276
276 277 278
277 278
278
282 284
284 285
285
292 294
294 295
295 297
297
302 303 304
303 304
304
307 308
308
311 312
312
315
318 320
320 321 322
321 322
322 324
324 325
325
329 331
331 332 333
332 333
333 335
335 337
337
340 341
341 343
343 345
345 346 347
346 347 348
347 348 349
348 349 350
349 350
350
354 355 356
355 356 357
356 357 358
357 358
358
361 362 363
362 363
363
368 436
372 373
373
382 384
384 386
386
390
393 394 395
394 395 396
395 396
396
400 401 402
401 402 403
402 403 404
403 404
404
407
412 413
413 415
415 416
416
419 420 421
420 421 422
421 422 423
422 423
423 425
425
430 431
431
435 436 437
436 437
437 439
439
443 444 445
444 445
445 447
447
451 452
452
458
461 463
463 464 465
464 465
465 467
467
471 472
472
475 476 477
476 477 478
477 478
478
481 483
483
486 487
487
490 491 492
491 492 493
492 493 494
493 494
494 496
496 497 498
497 498
498
501 502
502 504
504 506
506 507
507 509
509 511
511 513
513 514 515
514 515
515
519 520
520 522
522 524
524 525 526
525 526
526 528
528 529 530
529 530
530 532
532 534
534
540 541
541
544 545 546
545 546 547
546 547 548
547 548
548
554 556
556
559 560 561
560 561
561
566 567 568
567 568
568
571 572 573
572 573
573 575
575 576 577
576 577 578
577 578 579
578 579
579
582
589
595 597
597 598 599
598 599 600
599 600
600 602
602
608 610
610 611
611
614 616
616 617 618
617 618 619
618 619
619
625 626
626
630
633
636
639 640
640 642
642 643 644
643 644
644
651
655 656 657
656 657 658 683
657 658
658
661 662
662 664
664 666
666 667 668
667 668 669
668 669 670
669 670 671
670 671 672
671 672
672
675 676
676 678
678 679 680
679 680 681
680 681
681 683
683 684
684 686
686
689
692 693 694
693 694 695
694 695 696
695 696
696
699 701
701
710
714 716
716 717
717 719
719 720
720
724
728
731
734 735
735
739 741
741 742 743
742 743
743 951
747 748
748
751 752
752 754
754 755
755 757
757
760 761 762
761 762 763
762 763
763 765
765
768 770
770
778 779 780
779 780
780
788
796
802 804
804 805 806
805 806 807
806 807 808
807 808
808 810
810 811
811
821
825 827
827 829
829 830 831
830 831 832
831 832 833
832 833
833
836 838
838 840
840 842
842 843 844
843 844
844
847
851 852
852 854
854 855
855 857
857 858 859
858 859 860
859 860
860 862
862
873 874
874 876
876
879
886 887
887
891
899
902 903 904
903 904 905
904 905
905 907
907 909
909 910 911
910 911
911
915 917
917
922 923
923 925
925 927
927
932 934
934 936
936
939
942 943
943
947 948
948
951 952
952 954
954 956
956
964
967 968 969
968 969
969
973
977 978 979
978 979
979 981
981
984 985 986
985 986
986 988
988
991 992 993
992 993
993
997 998
998
