#naive2.0.py
# GMT Fri Feb 14 13:34:32 2020
# 
1 2 3 999
2 3 4
3 4 5
4 5 868
5
12 13 14
13 14 15
14 15
15 17
17 18
18
23 25
25 26 27
26 27 28
27 28 29
28 29
29
32
35 36
36
39 40
40 42
42 43 44
43 44
44 46
46 47 48
47 48 49
48 49 50
49 50
50 52
52
55 56 57
56 57
57 59
59 60 61
60 61
61
64 65 66
65 66
66
71 73
73 74
74 76
76 77
77 79
79
83 84
84 86
86
89
92
96 97 98
97 98 99
98 99 100
99 100 101
100 101 102
101 102
102 104
104 105
105
108 109
109
112
120 121 122
121 122
122 124
124 125
125 127
127 128
128
133 135
135 136 137
136 137
137
140 142
142 143 144
143 144 145
144 145
145
148
151 152
152
155 157
157 158
158
161 163
163 165
165
168 170
170 172
172 173 174
173 174
174
182 183 184
183 185 811
184 185
185
188 189 190
189 190 191
190 191 192
191 192
192
196
201
204 205
205
211 212 213
212 213 214
213 214 215
214 215
215
218 219 220
219 220
220 222
222 223 224
223 225 429
224 225
225
228 229 230
229 230
230
235
236
239 240 241
240 241 242
241 242 243
242 243
243
249
253
256 258
258
261 262
262
265 266 267
266 267
267
271 273
273 275
275
278 279 280
279 280
280
284 285 286
285 286 287
286 287 288
287 288
288 290
290
293
297 298 299
298 299
299 301
301 302 303
302 303 304
303 304 305
304 305 306
305 306 307
306 307
307
310 312
312
316
320 321 322
321 322 323
322 323 324
323 324
324 326
326
330
333 335
335
339 340 341
340 341 342
341 342 343
342 343 344
343 344
344
347 349
349
352
356 357 358
357 358
358 360
360 361 362
361 362 363
362 363 364
363 364
364 366
366 367
367
375 377
377
380 381 382
381 382
382
385 386 387
386 387 388
387 388
388 390
390
393
396
399 400
400 402
402 404
404 405
405 407
407 409
409
413
416 418
418 419
419
426
429 430
430
433
440 441
441 443
443 444 445
444 445
445 447
447
450
454 456
456 457
457
460 462
462
465
469
475
478
487 488
488
493
496 497 498
497 498
498
501 502
502 504
504
507
511
517 518 519
518 519 520
519 520 521
520 521
521 552
524 525 526
525 526
526
530 532
532 533
533 535
535
541
544 545 546
545 546 547
546 547
547 549
549 550 551
550 551 552
551 552 553
552 553
553 555
555 557
557 558
558
561
564 566
566 567
567 569
569 571
571
578
583
586 587 588
587 588
588 590
590 591
591 593
593
596 598
598 599
599
603 604
604 606
606
609 610
610
613 615
615 616
616
622 624
624 626
626 627
627
631 633
633 634
634 636
636 637
637 638
638 640
640 642
642 643
643 645
645 646
646 648
648
652
655 657
657 658
658
664 665
665
668 670
670 672
672
675
679 680
680
683 684
684
687 688
688 690
690 692
692 693
693 695
695 696 697
696 697
697
701 702 703
702 703
703
706 707
707
709 710 711
710 711 712
711 712
712
715 716
716 718
718 719
719
722
726
729 730 731
730 731
731
734
737 738 739
738 739 740
739 740
740
744 745
745 747
747 748 749
748 749 750
749 750
750
753
756
763 765
765 766
766
772 773 774
773 774
774
777
780 781 782
781 782 783
782 783 784
783 784
784
795
798
801 802
802
805 807
807
811 813
813
817 818
818
821
824 826
826
830 831
831 833
833
837 838
838
841 842
842
846 847
847
850 851 852
851 852
852
856
859
867 868 937
868
871 872
872 874
874 876
876
879 880 881
880 881
881 883
883 884 885
884 885
885 887
887 888
888 889 890
889 890
890 892
892 893 894
893 894
894
897 898
898 900
900
903 904 905
904 905 906
905 906
906
911 912 913
912 913 914
913 914
914
919 920
920
923 925
925 927
927 929
929
934
937 938
938 940
940
944 945
945
948 949
949 951
951
959 960 961
960 961
961
967 969
969 970
970
973 974 975
974 975
975 977
977
980 981
981
985 987
987 989
989 991
991
995 997
997 999
999
