#naive2.0.py
# GMT Fri Feb 14 13:34:29 2020
# 
2
6
13 14
14
17
21 22 23
22 23
23
27 29
29
33 34
34
37
40
43 44 45
44 45 46
45 46 47
46 47 48
47 48
48 50
50 51
51 53
53 55
55 57
57
63 64 65
64 65
65 67
67 68
68
74 75
75 77
77
81 83
83 85
85 86 87
86 87 88
87 88 89
88 89
89 91
91 92
92 94
94
101
105
109 110 111
110 111
111
114 115 116
115 116
116 118
118 119 120
119 120
120
128 129
129 131
131 132
132
136
139 140 141
140 141
141 143
143
146 147 148
147 148
148
152 153
153
159 160 161
160 161
161 163
163 164 165
164 165 166
165 166
166
169 170 171
170 171 172
171 172
172 174
174 175
175
179 180 181
180 181
181 183
183 185
184 185
185 187
187 188
188
195 196 197
196 197
197 199
199 200 201
200 201
201
207 208
208 210
210
215 217
217
221 223
222 223 224
223 225
224 225 226
225 226 227
226 227 228
227 228 229
228 229 230
229 230
230
233
236 237
237
249
252 253 254
253 254
254 256
256 258
258 259 260
259 260
260
263 264
264
268 270
270
274
277 279
279 280 281
280 281
281
284 285 286
285 286
286
291
294 295 296
295 296 297
296 297 298
297 298 299
298 299
299
302 304
304 305 306
305 306
306
309
312
324 325
325 327
327
330
334
338
341 343
343
347
351
354 356
356
359 361
361 363
363
366
371 372
372 374
374
380 381
381
384
391 392
392
396 397 398
397 398
398
403
406 408
408 409 410
409 410
410
415
420 422
422 423
423
428
432 434
434
438 439 440
439 440
440
443 444
444 446
446 448
448 450
450 452
452
455
458
463 464
464 466
466 468
468 470
470 471 472
471 472
472
477 478 479
478 479 480
479 480
480
483
486
490 491
491 493
493 495
495 497
497 498
498
502 503 504
503 504 505
504 505
505
509 510
510
516 517 518
517 518
518 520
520
528 529
529
532 533 534
533 534
534 536
536 537 538
537 538
538 540
540
543 544
544
547 549
549 550
550 552
552 553 554
553 554 555
554 555 556
555 556
556 558
558 559 560
559 560 561
560 561 562
561 562 563
562 563 564
563 564
564
567 569
569 570 571
570 571
571
580 581 582
581 582
582 584
584
590
593 595
595
599 601
601 603
603 605
605 606 607
606 607
607
610
613 615
615 616 617
616 617
617 619
619 620
620
625 626
626
630 632
632 634
634 635
635 637
637
641 643
643
646 648
648 650
650 651
651
658 659 660
659 660
660 662
662 664
664
667 668
668
671 672
672
675 676 677
676 677
677
688 690
690 692
692 694
694 696
696 698
698
709 711
711 713
713 715
715
720 722
722 723
723
726 728
728
731
737 738 739
738 739
739
743 744
744
749 751
751 753
753
756 758
758
762
765 766
766 768
768 769
769
773 775
775 776 777
776 777
777 779
779
782 783
783
788 789
789 791
791 793
793
803 805
805 806
806 808
808 809
809
812 813 814
813 814 815
814 815 816
815 816 817
816 817
817 819
819 820 821
820 821 822
821 822 823
822 823
823 825
825 826 827
826 827
827
830 831 832
831 832 833
832 833 834
833 834 835
834 835 836
835 836
836
839 841
841 842
842 844
844 845
845 847
847
851 852 853
852 853
853
856 858
858 859 860
859 860
860 862
862 864
864 866
866 868
868 869
869
872
875 876 877
876 877
877
882
886 887 888
887 888
888 889
889
892 893
893 895
895 896
896
902 903 904
903 904
904 906
906 907
907
911 912 913
912 913
913 915
915 916
916
920 921
921 923
923
926 927
927 929
929 930
930 932
932 933
933
936 938
938 940
940 941
941
946 947
947
952
955 956
956
960 962
962 963 964
963 964 965
964 965 966
965 966 967
966 967 968
967 968
968
972 973 974
973 974 975
974 975 976
975 976 977
976 977
977
980 981 982
981 982 983
982 983 984
983 984
984
987 988
988 990
990 991 992
991 992 993
992 993
993 995
995 997
997 998
998
