#naive2.0.py
# GMT Fri Feb 14 13:34:32 2020
# 
0 1 2 998
1 2
2 4
4 5
5 6
6
11 12
12 14
14 16
16
19
24 25
25 27
27 28 29
28 29 30
29 30
30 32
32
41
44
50 51
51 53
53 54 55
54 55 56
55 56 57
56 57
57
60
65 66
66 68
68 70
70 71
71 73
73
81 82 83
82 83 636
83
87 88 89
88 89
89 91
91
94
104 106
106
109 110 111
110 111
111
114 115
115 117
117 118
118
124 125
125
128 129
129 131
131
136 138
138 140
140 142
142
146
150 151 152
151 152 153
152 153
153
158
164 165 166
165 166 167
166 167 168
167 168
168
172 174
174
177
181 182
182
189
195 196 197
196 197
197 199
199 201
201 202 203
202 203
203 205
205 207
207
211
215 216
216 218
218 219
219 221
221 735
222 224
224 225
225 227
227
235 582
236
240 241
241
245 247
247 248
248 250
250
254
257
266
270 272
272 273
273
277 278 279
278 279
279
284 285
285 287
287
293
298 300
300 301 302
301 302
302
306
312 314
314 316
316
319 320
320
329 331
331 332
332
336 337
337 339
339 341
341 343
343 344 345
344 345
345
349 350
350 352
352 354
354 355
355
360
363 364
364
369 371
371
374 375 376
375 376 377
376 377
377 379
379
383 385
385 387
387
392 394
394
397 399
399 401
401
404 406
406 407
407 409
409 411
411
414 416
416 417
417 419
419
422 423
423
428 429
429
433 434 435
434 435
435 437
437
440
443 444 445
444 445 446
445 446
446 448
448 450
450 451
451 453
453
458
461 463
463 464
464 466
466 468
468 469 470
469 470 471
470 471 472
471 472
472 474
474
477
481
485 487
487
490
493
497 499
499 501
501
505 506 507
506 507
507 509
509 510 511
510 511
511 513
513 514 515
514 515
515 517
517 518 519
518 519
519
523 524 525
524 525 526
525 526 527
526 527
527 529
529
532
535 537
537 539
539 541
541 543
543
547
550 552
552 554
554 555
555 557
557
565 566
566
571 572
572
575
579 581 972
580 581 582
581 582
582 584
584
587 588 589
588 589
589
599
604 606
606 608
608 609
609 611
611 612
612 614
614 615
615 617
617
622 624
624
627
632 634
634 636
636
638
641 642
642
646 647 648
647 648 649
648 649
649 651
651 653
653 655
655 656 657
656 657 683
657
664 665 666
665 666
666
675 676 677
676 677 678
677 678 679
678 679 680
679 680 681
680 681 682
681 682 683
682 683
683
690 691
691
696
700 701
701 703
703
710 711
711 713
713 714 715
714 715
715
718 719
719 721
721 722
722
725 726 727
726 727
727 729
729 730
730 732
732 734
734 735
735 737
737 739
739 740
740 742
742 743
743
749 750
750 752
752 753 754
753 754 755
754 755
755
758 759
759
762
766 768
768
772 773
773 775
775 776 777
776 777 778
777 778
778
782 783 784
783 784
784
789
792 793 794
793 794
794 796
796 797 798
797 798 799
798 799 800
799 800
800
803 804
804
809 811
811 812 813
812 813
813
816 817 818
817 818 819
818 819 820
819 820 821
820 821 822
821 822 823
822 823 824
823 824
824
827
830 832
832 834
834
837 839
839 841
841 842 843
842 843
843
846
849
854 855
855 857
857 859
859 860
860 862
862
867
870 871
871
874
877 879
879
883
889 891
891
894
897
902 904
904
909 910
910
916 918
918 919
919
924 925 926
925 926 927
926 927
927
930 931
931 933
933
938 940
940 941 942
941 942 943
942 943
943 945
945
949
954
960 962
962 964
964
967 969
969
972 973
973
980 981
981
984 985 986
985 986 987
986 987
987 989
989 991
991 993
993
997 998
998
