#naive2.0.py
# GMT Fri Feb 14 13:34:36 2020
# 
0 1 999 2
1 2 999
2 4
4 5
5
8 10
10 11 12
11 12 13
12 13
13
16 17 18
17 18
18 20
20 21 22
21 22
22
25 27
27 28
28 30
30 32
32 33
33 35
35 37
37 38 39
38 39
39
48 49 50
49 50
50 52
52
59
62 63
63
66
69
78
82 83 84 636
83 84
84
87 88
88
91
96
104 105
105 107
107 529
115
119 121
121 122
122
126 127 128
127 128 129
128 129
129
134 135 136
135 136 137
136 137
137
142 143
143 145
145 146 147
146 147
147 149
149 150 151
150 151 152
151 152
152
155
159 160
160
164
167
177
183
184
187 188
188
191 192
192 194
194 195
195
200 202
202 203
203
206 207
207
213 215
215 217
217 218
218 220
220 221
221 223
223
224
227 228
228
236 237 238
237 238
238
241
244 245
245 247
247 248
248 250
250 251
251
258 259 260
259 260
260
263
266 268
268 270
270 272
272 273 274
273 274
274 276
276 277 278
277 278 279
278 279
279
283 284 285
284 285 286
285 286
286 288
288 289
289
293 294
294
297 299
299 301
301 302 303
302 303 304
303 304
304 306
306 307
307
310
314 315
315 317
317 319
319 321
321 322 323
322 323
323
326
332 334
334 335
335 337
337 338
338
341
344
351 352 353
352 353
353
358
361 363
363
369
374 375 376
375 376 377
376 377
377
380 381
381 383
383 384 385
384 385 386
385 386
386
397 398 399
398 399 400
399 400 401
400 401
401
405
409
412
416 418
418
423 424
424
430 432
432 434
434
438 440
440
443 444
444
447 449
449 451
451 452 453
452 453
453
457 458
458 460
460 462
462 464
464 465 466
465 466 467
466 467 468
467 468 469
468 469 470
469 470
470
474 475 476
475 476 477
476 477 478
477 478
478 480
480 482
482 483
483 485
485 486 487
486 487
487
490 492
492 493
493
496
500 501
501 503
503
506 507
507
515 516
516
520 521
521 523
523 524
524 526
526 528
528 529 530
529 530
530 531 532
531 532 533
532 533
533 535
535 536 537
536 537
537
543 544
544
549
553 554
554
558 560
560 561 562
561 562 563
562 563 564
563 564 565
564 565
565 567
567 569
569
573 575
575 577
577 578
578 580
580 582
582 584
584 586
586
593 595
595 596
596
600 602
602 603
603
607 608
608
611
618 619
619
623 624
624
627 629
629 630
630
633 634
634 636
636
641 642
642
646 647
647
650 652
652 654
654 655
655 657
657 658
658 660
660 661 662
661 662 663
662 663 664
663 664
664 666
666 667
667
673 675
675 676 677
676 677 678
677 678
678 680
680 681
681 683
683 684
684 685 686
685 686
686
692
699
703 704 705
704 705
705
719 720
720 722
722 723 724
723 724 725
724 725 726
725 726 727
726 727
727
736 738
738 739
739
742 743 744
743 744
744
750 751 752
751 752
752
755 756
756
765
768 770
770 772
772 774
774 775
775
781 782 783
782 783 784
783 784
784
788 790
790 791 792
791 792
792
797 799
799 800
800
803 804
804
807 808
808
814 815 816
815 816
816
819 820
820
823 825
825
828
832 834
834 836
836 837 838
837 838 839
838 839 840
839 840
840 842
842
847 848 849
848 849
849
852
855 856 857
856 857 858
857 858
858
861 862 863
862 863 864
863 864
864
867 869 937
869 871
871
874 876
876
880 881
881 883
883 884 885
884 885
885 887
887 888
888 889
889 891
891
896 897 898
897 898 899
898 899 900
899 900
900
908
914 915
915 917
917
921 923
923
926 927 928
927 928 929
928 929
929 931
931
935 936 937
936 937
937
939 941
941 943
943 944 945
944 945 946
945 946
946
949 950
950
953 954 955
954 955 956
955 956 957
956 957
957 959
959 960 961
960 961
961
964
969
972 973
973 975
975
980 982
982 983
983
988 990
990 991 992
991 992
992
995 997
997 999
999
