#naive2.0.py
# GMT Fri Feb 14 13:34:34 2020
# 
0 999 2 998
2 4
4 868
8
11 12
12 14
14
17 18 19
18 19
19 21
21 22
22 24
24 26
26 27 28
27 28 29
28 29 30
29 30 31
30 31
31 33
33 35
35 36 37
36 37
37
41 42 43
42 43 44
43 44
44
47 49
49 50 51
50 51
51 53
53 54
54 56
56 57
57
60 61 62
61 62
62 64
64 65 66
65 66 67
66 67 68
67 68 69
68 69 70
69 70
70
77 78
78
81
84 86
86 88
88
93 94 95
94 95 96
95 96
96
101 102 103
102 103 104
103 104 105
104 105
105 107
107
112 113
113
118 119
119
127
135 137
137 138 139
138 139
139 141
141
145
148 149 150
149 150
150
153 155
155 156
156 158
158 159
159 161
161 162
162
165 167
167 168 169
168 169
169 171
171 172 173
172 173
173 175
175
179
183 185
184 185 186
185 186 187
186 187 188
187 188 189
188 189 190
189 190 191
190 191
191
195
198 199
199
203 204
204 206
206 207 208
207 208 209
208 209 210
209 210
210
216 217 218
217 218
218 220
220 221 222
221 223 735
222 223
223 225 429
225
229 231
231 232 233
232 233
233
236
240
243 245
245
249
252 254
254 255 256
255 256 257
256 257
257
261 262 263
262 263
263
266 621
269 270 271
270 271
271
278 279 280
279 280
280 282
282 283
283
292 294
294
299
303
306 307
307
311
314 316
316
320 322
322 323 324
323 324
324
327 328
328
332 333 334
333 334
334 336
336
340 341
341 343
343 344
344 346
346 347
347 349
349 351
351 352 353
352 353 354
353 354
354 356
356 357 358
357 358 359
358 359
359
362 363
363
366 368
368 370
370
373 374
374 376
376 378
378 379
379
382 384
384
387
392
395
398 399 400
399 400
400 402
402 403
403
406 407 408
407 408
408
421 423
423 425
425 426
426
429
432 433
433 435
435 437
437 439
439 441
441
446 447
447
451 453
453
459 460 461
460 461
461
464 465 466
465 466 467
466 467
467 469
469 470
470 472
472
475 476
476 478
478 479
479
483 484
484
488 489 490
489 490 491
490 491 492
491 492
492 494
494
499 500 501
500 501 502
501 502
502
505 507
507 508 509
508 509
509 511
511 512
512 514
514 515 516
515 516 517
516 517 518
517 518
518 520
520 521 522
521 523 552
522 523 524
523 524 525
524 525 526
525 526
526
535 536 537
536 537 538
537 538
538
541 543
543
546 547
547
550 552
552
556
560 561 562
561 562 563
562 563
563 565
565
569 570 571
570 571
571
574 576
576 577
577
581 583
583
586
589 590 591
590 591 592
591 592
592
595 596
596 598
598 599 600
599 600
600 602
602
608 609
609
612 614
614
618
621
624 626
626 628
628 629
629 631
631 633
633 634 635
634 635
635 637
637 638
638
642 644
644 645 646
645 646
646
651
655 656
656
660 661
661 663
663 665
665 666
666
669 670 671
670 671 672
671 672 673
672 673 674
673 674 675
674 675 676
675 676 677
676 677 678
677 678
678 680
680 682
682 684
684 685
685 687
687 688
688 690
690
693 694 695
694 695 696
695 696 697
696 697
697
707
709 710 711
710 711
711
716 717 718
717 718
718 720
720 722
722 724
724 725 726
725 726 727
726 727
727
731 733
733 734 735
734 735 736
735 736
736 738
738 740
740 742
742 743 744
743 744
744 745 746
745 746 747
746 747
747 749
749
752 753
753 755
755 757
757 759
759 760
760 762
762 763
763
766 767
767
772 773
773
776
781
784 786
786 787 788
787 788
788
791 793
793 794 795
794 795 796
795 796 797
796 797 798
797 798 799
798 799
799
802 804
804 805
805 807
807
813 814 815
814 815
815
818 819
819
824 825 826
825 826
826
829 831
831
834
837 838 839
838 839 840
839 840
840 842
842 844
844 845 846
845 846
846
850
856 857 858
857 858
858
865
868 869 870
869 870 871
870 871 872
871 872
872
877 878 879
878 879 880
879 880 881
880 881
881 883
883 885
885
888 889
889 891
891 892 893
892 893 894
893 894
894 896
896
902
905 906
906
909 910
910
915 917
917 918
918
921 922
922 924
924 925
925
928 929 930
929 930 931
930 931 932
931 932 933
932 933
933 935
935 937
937
939 941
941
944 945
945 947
947 948
948
952 953
953
956 957
957
961 962 963
962 963
963 965
965 966 967
966 967
967
975
979
985 986 987
986 987 988
987 988
988 990
990 991 992
991 992 993
992 993
993
998 999
999
