#naive2.0.py
# GMT Fri Feb 14 13:34:33 2020
# 
0 1
1
4 5 868
5
8 10
10
13 15
15
19 20
20 22
22
27 28 29
28 29
29 31
31 32
32
38 39 40
39 40 41
40 41
41 43
43 44
44 46
46 48
48 50
50 52
52
57 58 59
58 59 60
59 60
60
67
70
77 79
79 81
81 82 83
82 83 84
83 84 85
84 85
85 87
87
90 91
91 93
93 94
94
97 99
99 101
101 103
103
106 108
108 110
110 111 112
111 112 113
112 113
113 115
115 116 117
116 117 118
117 118 119
118 119
119
123 707 887
128 129
129
135 137
137
140 141
141 143
143
146 147 148
147 148
148
151 153
153 155
155 156
156
161 162
162
165 166
166
169 170 171
170 171
171 173
173 175
175 176 177
176 177 178
177 178
178 180
180 182
182 184
184 185 186
185 186
186 188
188
194 195
195 197
197 198
198
202
209 211
211
214 216
216 217
217
223 225
224 225 226
225 226
226 228
228
231 233
233 235
235 582
240 241
241
247 249
249 250
250
253 255
255 257
257
260 261 262
261 262
262 264
264 266
266 268
268 269 270
269 270
270
275
278 279
279 281
281 282
282 284
284
287 288
288 290
290
293 294
294
299 300 301
300 301 302
301 302 303
302 303 304
303 304 305
304 305 306
305 306
306 308
308 309
309
315 317
317 319
319 321
321 323
323
328 329
329 331
331 333
333 334
334 336
336 337
337 339
339
342 343
343 345
345 346
346 348
348 349 350
349 350 351
350 351
351 353
353
356 358
358 359
359
367 368
368 370 436
370 372
372
377 378
378 380
380 382
382 383 384
383 384 385
384 385
385 387
387
393 394 395
394 395
395
400 401
401
407
411 412
412 414
414 415 416
415 416 417
416 417 418
417 418 419
418 419 420
419 420
420
425 426 427
426 427 428
427 428
428
433 434
434 436
436
438 439
439 441
441
444 446
446
449 450
450 452
452
455 456 457
456 457
457 459
459 460
460
463
467
470
473
479 481
481 482 483
482 483 484
483 484 485
484 485
485 487
487
491 493
493
496 497
497
503 504 505
504 505 506
505 506 507
506 507
507
510 511 512
511 512 513
512 513
513 515
515 516
516
519 520
520 522
522 523
523 525
525 526 527
526 527
527
532 533 534
533 534
534 536
536 537
537 539
539 540
540 542
542 544
544
547 549
549 551
551 552
552 554
554 555
555
563 564
564 566
566
569 570
570 572
572 573
573 575
575 577
577 578 579
578 579 580
579 581 972
580 581 582
581 582
582
585 586
586
589 590
590
599
602
607 608 609
608 609 610
609 610
610
613 614 615
614 615 616
615 616
616
620
624 625 626
625 626
626
630
633
638 639
639
643
649
652 653
653 655
655 656 657
656 657
657 659
659 660 661
660 661 662
661 662
662
666 667
667 669
669
672 673 674
673 674 675
674 675
675
679 681
681
685
689 691
691
695 697
697 698 699
698 699
699
702 704
704 706
706 707 708
707 708
708 709
709 711
711
715 716
716
719 720
720
723 725
725 726 727
726 727
727
732 733
733 735
735 736
736
739 741
741 742
742
749
752 753
753 755
755 756
756
759 761
761
764 766
766 767 768
767 768 769
768 769
769 771
771 772
772 774
774
778 780
780 781 782
781 782 783
782 783
783
787 788
788
792 794
794
797
801 803
803
806 808
808 809 810
809 810
810 812
812
818 819
819
822 824
824 825 826
825 826 827
826 827 828
827 828 829
828 829
829
832 833 834
833 834
834
839 840
840 842
842 844
844 846
846 847 848
847 848
848 850
850 852
852 853
853 855
855 856
856
860 862
862 863
863
866 867 868
867 868
868
877 878 879
878 879
879
885 887
887
889 890
890
895 896
896 898
898 900
900
903 905
905 906 907
906 907
907 909
909 911
911 913
913 914
914 916
916
920 921
921 923
923
926 927 928
927 928
928
931 932 933
932 933 934
933 934 935
934 935 936
935 936
936 938
938 940
940 941 942
941 942
942
955 957
957
960 961 962
961 962 963
962 963
963 965
965
968 969 970
969 970 971
970 971 972
971 972
972
975 976 977
976 977
977 979
979
983 984
984 986
986 987 988
987 988
988
991 992 993
992 993 994
993 994 995
994 995
995 997
997
