#naive2.0.py
# GMT Fri Feb 14 13:34:35 2020
# 
1 3
3
7 8 9
8 9
9 11
11
15 16
16
20 22
22 24
24
29 30 31
30 31
31 33
33
39 41
41 42
42
46 47
47 49
49 50
50
56 57 58
57 58
58
61 62 63
62 63 64
63 64
64 66
66
70 72
72 73 74
73 74
74 76
76
82 84 636
84 86
86 88
88 89
89
92 93
93
100 101 102
101 102 103
102 103
103 105
105 106 107
106 107
107 529
113 114
114 116
116 117
117 119
119 121
121
124 125
125
128 130
130
133
136
141 143
143 144
144
150
157 158 159
158 159 160
159 160
160 162
162 164
164 166
166
170 172
172 174
174
177
180 181
181 183
183 185 811
185 186 187
186 187
187 189
189 190
190
195
199 200 201
200 201 202
201 202 203
202 203 204
203 204 205
204 205
205 207
207 208 209
208 209
209
212
215 217
217
225
231 232 233
232 233
233 235
235 237 582
237 239
239
243
249
254 256
256
259 261
261
267 268 269
268 269
269
272
278 279 280
279 280
280
284 286
286 287
287
290 291
291
294
297 299
299
307 308
308
313 314
314
317
320 321
321 323
323 325
325
330 331
331
334 335
335
338
341 342
342
347
351 352 353
352 353 354
353 354
354 356
356 358
358 360
360 362
362 364
364 366
366
370 372
372
375 376
376 378
378 380
380 382
382 383
383
386 388
388
392 394
394 395
395
398 400
400 401
401
406 407
407
413 414 415
414 415
415
420 421
421 423
423 425
425 426
426
430 432
432 434
434 435
435
439
445
449 450
450
454 456
456 457
457
461 463
463 465
465
468
477 478
478
482 483
483 485
485 486 487
486 487
487 489
489 490
490
494 496
496 497
497
506 507
507 509
509 511
511 513
513
516
519 521
521 523 552
523 525
525
528 529 530
529 530
530 532
532 533 534
533 534 535
534 535
535 537
537 539
539
542 544
544
550 551 552
551 552 553
552 553
553 555
555 557
557 558
558 560
560 561
561
579 581
581 582
582
585 587
587 588
588
591 592 593
592 593 594
593 594 595
594 595 596
595 596
596 598
598 600
600 601
601
605 606 607
606 607
607
611 613
613 615
615
618 620
620
624
627 628
628
632 634
634 636
636 637
637 638
638 640
640 641
641
646
649 650
650
655 657
657 659
659 661
661 663
663
668 669 670
669 670 671
670 671
671 673
673 675
675 676 677
676 677 678
677 678 679
678 679
679
685
688 689
689
692
695 696 697
696 697 698
697 698
698
701
708
711 712
712 714
714 716
716 718
718 719 720
719 720 721
720 721
721
724
728 730
730
733 735
735 736
736 738
738 739 740
739 740
740
743 744 951
744 745
745 747
747
750 751
751
757 759
759 761
761 762 763
762 763
763 765
765 766
766 768
768 770
770 771 772
771 772
772 774
774
777 778
778
781
789
793 795
795 796
796
800 801 802
801 802
802
811
814 816
816 817
817
820 821 822
821 822
822 824
824
832 833
833
836
839 840 841
840 841
841
847 848 849
848 849 850
849 850 851
850 851 852
851 852
852
856
861 863
863
867
870 871 872
871 872
872 874
874
877
882 883
883
886 887
887
889 890
890 892
892 894
894 895 896
895 896
896 898
898
901 903
903 904 905
904 905 906
905 906
906 908
908
912 914
914
917 919
919 920
920 922
922 924
924 926
926 928
928
931 932
932 934
934 935
935
942 943 944
943 944 945
944 945
945
949 951
951 952
952 954
954
958
961 962
962 964
964 965
965
969 971
971 973
973 975
975
983 984
984
988
991
997
