#naive2.0.py
# GMT Fri Feb 14 13:34:34 2020
# 
0 1 999 2
1 2 999
2 4
4 5
5
8 9 10
9 10
10 12
12 14
14 16
16
21 22 23
22 23 24
23 24 25
24 25 26
25 26
26 28
28
32 33 34
33 34 35
34 35 36
35 36
36
40
46 48
48 49 50
49 50 51
50 51 52
51 52
52 54
54 55 56
55 56
56
60
64 66
66 67 68
67 68 69
68 69 70
69 70 71
70 71 72
71 72
72
75
81 83
83
86
89 90
90
93 94 95
94 95
95
97 98 99
98 99
99
102 103 104
103 104
104 106
106 108
108
111
114 115
115
119 120
120 122
122 123
123
126 128
128
131 133
133 135
135 136 137
136 137
137
142 143
143 145
145
149
157 159
159 160
160
165 166 167
166 167
167 169
169
176 178
178
181 182
182
185 186
186
189
193 195
195 196
196 198
198 200
200 201
201
207 208
208
214 216
216 218
218 219 220
219 220
220 222
222
225
230
233
237 239
239 240 241
240 241 242
241 242 243
242 243
243
246 247
247
252
266
272 273 274
273 274 275
274 275 276
275 276 277
276 277
277 279
279 280
280
283 284 285
284 285 286
285 286 287
286 287
287 289
289 291
291
296 298
298 299
299 301
301 302 303
302 303
303
306 307
307
310 311
311
314 315 316
315 316
316
319
323 324 325
324 325 326
325 326 327
326 327
327
331
334
339 340
340
344
347 348 349
348 349 350
349 350 351
350 351 352
351 352 353
352 353
353 355
355 356
356
361
364 365 366
365 366
366 368
368 369
369 371
371
374 375 376
375 376 377
376 377
377 379
379
383 384
384
388 389
389 391
391 392
392
400 401 402
401 402
402
406
409
412 414
414 415 416
415 416
416 418
418 419 420
419 420 421
420 421
421
425 426 427
426 427
427
430
435
440 442
442
446 447
447
450 452
452
455
458
465 467
467 468
468 470
470
476
480
484 485 486
485 486 487
486 487
487
492
495 497
497
500 501
501 503
503
508 510
510 511
511
516 517 518
517 518
518 520
520 521 522
521 552
522
525 527
527 528
528
531
534 535
535 537
537
541
544 546
546
549 550 551
550 551 552
551 552 553
552 553 554
553 554 555
554 555 556
555 556
556
559
562 563
563
568 570
570
577
580 582
582 583
583
587 589
589 590
590
596 597 598
597 598
598 600
600 601
601
604 605
605
608 609
609
614 615 616
615 616
616
623
627 629
629
634 635 636
635 636 637
636 637
637 639
639
650 651 652
651 652
652 654
654 655 656
655 656 657
656 657 683
657 659
659 660
660 662
662 663
663 665
665 667
667 668
668
671 672 673
672 673 674
673 674 675
674 675 676
675 676 677
676 677
677 679
679 680 681
680 681
681 683
683 684
684 686
686
693
697
700 701
701
706 708
708 710
710 711 712
711 712
712 714
714 716
716 718
718 720
720 722
722 723 724
723 724 725
724 725 726
725 726
726
729 730
730
734
737 738
738 740
740 741
741
744 745 746
745 746 747
746 747
747
750
754 755
755 757
757 758 759
758 759
759 761
761 763
763 764 765
764 765
765 767
767 769
769 770
770
773 775
775
778
783
786 788
788 789
789 791
791 793
793 794
794 796
796
799 800 801
800 801 802
801 802 803
802 803 804
803 804
804
808 810
810 811
811
815 817
817 818
818
822 824
824 825 826
825 826 827
826 827
827
831 832 833
832 833 834
833 834
834 836
836 838
838 840
840 841
841
844 846
846
849 851
851
856
859 860
860 862
862
865 866
866
870 872
872 873 874
873 874
874
877 879
879 880 881
880 881
881 883
883
888 889
889
892
895 896
896
903 905
905 906
906 908
908
912
916 917
917 919
919 920
920
923 924
924
928 929
929
932 933 934
933 934
934 936
936 938
938
941
945 946
946
949 951
951 953
953 954
954
961 962 963
962 963 964
963 964 965
964 965 966
965 966 967
966 967 968
967 968
968 970
970 971 972
971 972
972
976 977
977
981
984
988
991
994
997 999
999
