#naive2.0.py
# GMT Fri Feb 14 13:34:30 2020
# 
3 5
5 7
7 8
8 10
10 12
12 13 14
13 14 15
14 15 16
15 16 17
16 17
17 19
19 20 21
20 21 22
21 22
22
25 26 27
26 27
27
30 31
31
34
37
42 43
43
46 47
47
50 51
51 53
53
56
61 62
62 64
64 65
65
71 73
73 75
75
78
81
89 90
90 92
92 93
93
96 97 98
97 98 99
98 99 100
99 100 101
100 101
101
104 106
106 107
107
110 112
112 114
114
117 118
118 120
120 122
122 123 124
123 124 125
124 125
125 127
127 128
128 130
130
138 140
140
143 144
144
147 149
149 150
150
153 154 155
154 155 156
155 156 157
156 157
157
160
163 165
165 167
167
171
175 177
177 178 179
178 179
179 181
181 182 183
182 183 184
183 185 811
184 185 186
185 186
186
192 194
194 196
196
201 202 203
202 203 204
203 204
204
208 209 210
209 210 211
210 211
211
215 216
216 218
218 219
219
223 225
225 227
227
230
233 235
235
239 240
240
243
246 248
248 249 250
249 250
250
254 256
256 257 258
257 258
258
262
265 266
266 268
268 269 270
269 270 271
270 271
271
275
278 279 280
279 280 281
280 281
281 283
283 284
284 286
286
289 291
291 293
293
299 301
301 302
302
306 307
307
318
321 323
323 325
325 326 327
326 327 328
327 328 329
328 329
329 331
331 333
333 334
334
337 339
339 340 341
340 341 342
341 342 343
342 343 344
343 344 345
344 345
345 347
347
350
353 355
355
358
362
365 366
366 368
368 370
370 371
371
374
377 379
379 380 381
380 381
381
384 386
386 388
388 390
390 391 392
391 392 393
392 393 394
393 394
394
399 400
400 402
402 403 404
403 404 405
404 405 406
405 406
406
414 415
415 417
417 418 419
418 419 420
419 420 421
420 421
421 423
423 425
425 426
426
431 432
432
440 441
441
447 448 449
448 449
449
452 453
453
456 457
457
460
463 464 465
464 465
465
470 471
471
475 476
476 478
478
481 482
482
486 487
487 489
489 491
491 492 493
492 493
493 495
495 496
496 498
498
502 504
504
509 510
510 512
512 513 514
513 514 515
514 515
515
518
523 524 525
524 525 526
525 526 527
526 527 528
527 528
528
532 534
534 536
536 537
537
542
547 548 549
548 549
549 551
551 552 553
552 553
553
556 558
558
563 564
564 566
566 568
568
571 572 573
572 573 574
573 574 575
574 575 576
575 576 577
576 577 578
577 578 579
578 579
579
584 585 586
585 586
586 588
588
593
596 598
598 599 600
599 600
600 602
602 603
603
609 610
610
615
619 620
620 622
622 624
624 626
626 627
627
630 631
631 633
633 635
635 637
637
640
643
653
660 661 662
661 662 663
662 663 664
663 664
664 666
666 668
668 669 670
669 670
670 672
672 674
674 676
676 678
678 679
679 681
681 682
682
685
694
697 698
698 700
700 702
702 703 704
703 704 705
704 705
705
710 712
712 714
714 715
715
718 720
720 722
722 724
724 726
726 727 728
727 728
728 730
730 731 732
731 732
732 734
734 735 736
735 736 737
736 737 738
737 738
738
741 742 743
742 743
743
746
750 752
752 753 754
753 754
754 756
756 757
757 759
759 760
760
763 765
765 767
767
771 772
772
776 778
778
783
786 787 788
787 788
788
792
795 796
796
799 801
801 802
802
805 807
807 808 809
808 809 810
809 810 811
810 811
811 813
813 814 815
814 815 816
815 816 817
816 817
817 819
819 821
821 823
823 825
825 826 827
826 827 828
827 828
828
831 832 833
832 833 834
833 834 835
834 835
835
837 838 839
838 839 840
839 840 841
840 841 842
841 842 843
842 843 844
843 844
844
851 853
853 855
855 857
857 858
858
861 862
862
865
868 870
870 872
872 873 874
873 874
874
882 884
884 885 886
885 886
886 888
888
891 893
893
897
901 903
903 904 905
904 905
905 907
907
916 917
917
920
923 924 925
924 925 926
925 926
926
929
932
937 938
938
942
947
950
953 954 955
954 955
955 957
957 959
959 960
960
964 965
965
968 969
969
974 975
975
980 981
981
984
988 990
990
993
997 998
998
