#naive2.0.py
# GMT Fri Feb 14 13:34:32 2020
# 
1 3 999
3
7
10
20 22
22 23
23 25
25 27
27
31
38
42 43
43
47 49
49 51
51 52
52 54
54 55
55 57
57 59
59 61
61 62
62
65 66 67
66 67 68
67 68
68 70
70
75 76
76
82 636
86 87
87
92 93
93 95
95 585
97
100 101 102
101 102 103
102 103 104
103 104 105
104 105
105 107
107
110 111 112
111 112
112
116 118
118 119
119
124 126
126
131 133
133 134 135
134 135 136
135 136
136
141 142 143
142 143
143 145
145 147
147 149
149
152 153
153
165
168 170
170 172
172
176 177 178
177 178 179
178 179 180
179 180 181
180 181
181
189 190 191
190 191 192
191 192
192
196 197 198
197 198
198
203 204
204 206
206
210 212
212 213 214
213 214 215
214 215
215
219 220
220
225 226
226
230 232
232
235 237 582
237 239
239 241
241
244 245
245
249
253
256 257 258
257 258 259
258 259 260
259 260 261
260 261
261 263
263 264
264
268 269 270
269 270 271
270 271
271
274 275
275
278 279
279
283 284
284 286
286 287 288
287 288
288 290
290
293 295
295 296 297
296 297
297 299
299
303 304 305
304 305 306
305 306 307
306 307 308
307 308
308
312 314
314 315
315
319 320 321
320 321
321
325 326
326 328
328
331 333
333 334
334
338 339 340
339 340 341
340 341 342
341 342
342
346
353 354
354
360 362
362 364
364 365
365 367
367 368 369
368 369
369
372 373 374
373 374
374 376
376
384 385
385
388 390
390
394 395 396
395 396 397
396 397 398
397 398
398 400
400
406 408
408 409 410
409 410 411
410 411
411 413
413 414
414
417 418 419
418 419
419 421
421 423
423 425
425 426
426
431 432
432 434
434 435
435 437
437 438
438
442
445 447
447
450 451
451
454 455 456
455 456 457
456 457 458
457 458 459
458 459 460
459 460 461
460 461 462
461 462
462
465
470
475 476 477
476 477 478
477 478 479
478 479
479
482 484
484 486
486
492
495 496
496 498
498 499 500
499 500
500 502
502 503
503 505
505
509
512
515 516
516 518
518
521 523 552
523
532
536
539 540 541
540 541 542
541 542
542
546 547 548
547 548 549
548 549
549
552 554
554
560
563 564
564 566
566 567 568
567 568
568 570
570 572
572 573
573
576 577
577
581 582
582
585 587
587 588 589
588 589
589 591
591 592
592
598 599
599 601
601 602
602 604
604 606
606 607
607 609
609 610
610
615
618
621
625 626 627
626 627
627
630
634 636
636 637
637 639
639 640
640 642
642 643 644
643 644
644 646
646 647 648
647 648 649
648 649
649 651
651 653
653 655
655
659 660
660 662
662 663
663 665
665 666 667
666 667
667
673 674 675
674 675
675 677
677 679
679 680 681
680 681
681 683
683 684
684 685 686
685 686 687
686 687
687 689
689 690 691
690 691
691
695 697
697
701 703
703 704
704
707
710 711 712
711 712 713
712 713
713 715
715
719 720
720
723 725
725 726 727
726 727
727 729
729
736 737
737 739
739 740 741
740 741 742
741 742 743
742 743
743
745 746
746 748
748
751 752
752
757 758 759
758 759
759 761
761
764
767 768
768
771 773
773 775
775 776 777
776 777
777
781 782
782
785 786 787
786 787 788
787 788
788 790
790 791
791 793
793 795
795 797
797
800 802
802 804
804 806
806 807
807
812 813
813
816 817 818
817 818
818
821 823
823 824
824
827 828
828 830
830 832
832 833 834
833 834 835
834 835 836
835 836
836
840 841
841
844 845
845
854 856
856 857
857 859
859 860 861
860 861 862
861 862 863
862 863
863 865
865 866
866 868
868 869
869
880 881
881
885
888
896 897
897 899
899 901
901
906 908
908 909
909 911
911 912 913
912 913 914
913 914 915
914 915 916
915 916
916
919 920 921
920 921 922
921 922 923
922 923
923 925
925 926 927
926 927 928
927 928
928
931 932 933
932 933
933
936 937 938
937 938
938 939
939 941
941 943
943
946 947 948
947 948
948
956
959 961
961
964 966
966 967 968
967 968 969
968 969
969
973 975
975 977
977
984 985
985
988 990
990
993 994 995
994 995
995 997
997 999
999
