#naive2.0.py
# GMT Fri Feb 14 13:34:29 2020
# 
0 2
2 4
4
12
15
19 21
21 22
22
26 27 28
27 28
28 30
30
34 35
35
38
42 44
44
48 49
49 51
51
56
62
65 67
67
72 74
74 75
75 77
77 78
78
82 84
84
90
96
102
105 107
107
111 113
113 115
115
118 119 120
119 120 121
120 121
121 123
123 125
125 127
127
138 140
140
144
153 154
154
157 158 159
158 159
159 161
161 162
162
165 167
167 168 169
168 169
169
173 175
175 177
177 178 179
178 179
179 181
181 183
183 185 811
184 185 186
185 186 187
186 187
187
190 192
192 193 194
193 194
194
198 199 200
199 200
200
203 204
204
207 209
209 211
211 212
212 214
214
219
222 223
223 429
227
230
239 241
241 242
242 244
244
247 249
249
254
257 259
259 260 261
260 261
261
264 266
266 268 621
268
271 272 273
272 273 274
273 274
274 276
276 277 278
277 278 279
278 279 280
279 280
280 282
282 284
284 286
286 287 288
287 288 289
288 289
289
292 294
294
297 299
299 300
300
303 305
305 307
307
314 315
315 317
317 319
319 320
320
323 324 325
324 325 326
325 326
326
332 333
333 335
335 337
337
344 345 346
345 346 347
346 347
347
351 353
353 355
355
358 360
360 361 362
361 362 363
362 363 364
363 364
364
367 368 369
368 369 370
369 370 371
370 371
371 373
373 375
375 377
377
380 382
382 383 384
383 384 385
384 385
385
394
397 399
399 401
401 403
403
407 409
409
416 417
417 419
419 420
420
425 427
427 428 429
428 429 430
429 430 431
430 431
431
435
438
445 446
446
450 452
452 454
454 455
455 457
457 458
458 460
460 461
461 463
463 464 465
464 465
465
469 470
470
475 477
477 478
478 480
480
483 484 485
484 485 486
485 486 487
486 487 488
487 488 489
488 489
489
494 495
495
502
506 507
507 509
509 510 511
510 511
511 513
513 515
515 517
517 519
519 521
521
524
528 530
530 532
532 533
533 535
535 537
537 538
538 540
540 541 542
541 542 543
542 543
543 545
545 546
546
549
556
560 562
562
565 567
567 568 569
568 569
569 571
571 573
573
578 580
580 581 582
581 582
582 584
584 586
586
590 591
591
594
597
600 601 602
601 602 603
602 603
603
608
611
617 619
619 620 621
620 621
621
623 625
625 626 627
626 627
627 629
629 630 631
630 631
631
637 638 639
638 639 640
639 640 641
640 641 642
641 642
642
646 647
647 649
649 650 651
650 651 652
651 652 653
652 653 654
653 654
654
659 660
660
663 664
664 666
666 667 668
667 668 669
668 669
669
675 676
676
681
685
689
692 693
693
696 698
698 700
700
703 704
704 706
706
712 713 714
713 714
714
718 720
720 722
722
725 726
726 728
728 730
730 731
731
736 737
737
740
748
751 752
752 754
754
757 759
759 760
760
763 764 765
764 765
765
769 770
770
773 774
774 776
776 777
777 779
779 781
781
788 789
789
792 793 794
793 794 795
794 795 796
795 796
796
807
811 812
812
815 816 817
816 817
817 819
819 820 821
820 821
821
824 826
826
830 831
831
835
839
842
847 848
848 850
850 852
852
856 857 858
857 858
858 860
860
863
871 873
873 875
875 876 877
876 877 878
877 878 879
878 879 880
879 880 881
880 881
881
884 886
886
889 890 891
890 891 892
891 892 893
892 893
893 895
895
899 900 901
900 901
901 903
903
910 911 912
911 912
912
915 916
916
921 922
922
925 926
926
930 931 932
931 932
932
936 937 938
937 938
938
941 942 943
942 943 944
943 944 945
944 945
945 947
947 948 949
948 949
949 951
951
955 956
956
959
963 965
965 967
967 969
969 970
970
973 974 975
974 975
975
980 981
981
984 985 986
985 986
986
989
993 994
994
997
