#naive2.0.py
# GMT Fri Feb 14 13:34:34 2020
# 
0 999
4
6
11
15 16 17
16 17
17
21 23
23 25
25 26
26 28
28
32 33
33 35
35 36
36
39 40
40
43 44 45
44 45
45
49
55 57
57 58 59
58 59 60
59 60 61
60 61 62
61 62 63
62 63
63
67 69
69 70 71
70 71
71 73
73 74
74
77
81
84
87
90 91 92
91 92 93
92 93
93 95
95
101
108 109 110
109 110
110
114 115 116
115 116 117
116 117
117
120 121 122
121 122 123
122 123 124
123 124 125
124 125
125 127
127 128
128
132 133 134
133 134 135
134 135
135 137
137 139
139 140
140 142
142 143
143
149 150 151
150 151 152
151 152 153
152 153 154
153 154 155
154 155
155 157
157
163
167 168 169
168 169 170
169 170
170
173
177
180 182
182 183 184
183
184
189 190
190 192
192
197 199
199
204 205
205
209 210
210 212
212 214
214
217
226 227 228
227 228 229
228 229 230
229 230 231
230 231 232
231 232 233
232 233
233 235
235 237 582
237 238
238
241 242 243
242 243
243 245
245 247
247 248
248 250
250 251
251 253
253 255
255
258 259 260
259 260 261
260 261
261
268 269
269
272
278
281 282
282 284
284
287 289
289 290
290
295 297
297 298 299
298 299
299
303 304
304 306
306 308
308 310
310
315 316
316
319 320 321
320 321
321 323
323
327 328
328
332 333 334
333 334
334
339
342 343
343
346 347 348
347 348
348
356 358
358 359
359
362 364
364 366
366 368
368 369
369
376
379
382
386 387
387 389
389 390 391
390 391 392
391 392 393
392 393 394
393 394 395
394 395 396
395 396 397
396 397
397
400 402
402
405
408 410
410 412
412 413 414
413 414
414
421 422
422 424
424
428
432
439 440 441
440 441
441 443
443 445
445
448 449 450
449 450 451
450 451 452
451 452
452
455 457
457
460
464 466
466
471 472
472
475 477
477 478 479
478 479
479 481
481
484
490
497 499
499
503
506
512 514
514
518 520
520 521 522
521
522
525 526
526 528
528
531 532
532 534
534 535
535 537
537
541
548 549
549 551
551 553
553 554
554 556
556 557
557
560
563 564 565
564 565
565
570
574 575
575
580 581 582
581 582 583
582 583
583
586 588
588 590
590 591
591 593
593 595
595 596
596 598
598
601 602 603
602 603
603 605
605 606 607
606 607
607 609
609
612 614
614 616
616 618
618
621 622
622
627
630 631
631 633
633 634 635
634 635
635 637
637 638
638 640
640
643 645
645
652
658 660
660 662
662 663
663 665
665 666
666
670 671
671
674
679
682 683 684
683 684
684 686
686 688
688
695 697
697
700 701
701 703
703 704
704 706
706
711 712 713
712 713
713 715
715 716
716 718
718 719
719 721
721
728 730
730 732
732 733
733
736 737 738
737 738
738
742
745 746
746
750 751
751
760 761 762
761 762 763
762 763 764
763 764
764 766
766 767
767
770 771 772
771 772 773
772 773
773
778 779 780
779 780
780
786 788
788
791 792 793
792 793
793 795
795 796
796 798
798 800
800 802
802 804
804
807 809
809 810
810
813
816
819
822
825 827
827 829
829 830
830
839 840 841
840 841
841
844 845 846
845 846
846 848
848 849 850
849 850 851
850 851 852
851 852
852 854
854 856
856
859 860 861
860 861 862
861 862
862
865
870 871 872
871 872 873
872 873
873
880 881 882
881 882
882
886 888
888
891 892 893
892 893 894
893 894
894
897 899
899 900 901
900 901 902
901 902 903
902 903
903
907
910 911 912
911 912
912 914
914
919 921
921 922 923
922 923 924
923 924 925
924 925
925
929
932 933
933
937
939 940 941
940 941
941
944 945 946
945 946
946
949 950
950 952
952 953
953
959 961
961 962 963
962 963 964
963 964 965
964 965 966
965 966 967
966 967 968
967 968 969
968 969
969 971
971
977 979
979 980
980
984 985 986
985 986 987
986 987
987
991 992 993
992 993
993
996 997
997 999
999
