#naive2.0.py
# GMT Fri Feb 14 13:34:32 2020
# 
0 1 999 2
1 2 3 999
2 3
3 5
5
8
13 14
14
17
23 24
24 26
26 28
28 29 30
29 30
30
33 34 35
34 35
35
38 40
40 41 42
41 42 43
42 43 44
43 44
44 46
46
50 51 52
51 52 53
52 53
53 55
55 56
56 58
58 60
60 61 62
61 62 63
62 63
63
68
72 74
74 75
75 77
77 78
78
81 82 83
82 83 84
83 84 85
84 85
85 87
87 89
89 90
90
96
102
106 107
107
111 112 113
112 113
113 115
115
121 122 123
122 123 124
123 124
124 126
126 128
128 129
129
133
136 138
138 140
140 141 142
141 142 143
142 143 144
143 144
144 146
146
149 150
150
153 155
155 156
156
161 162
162 164
164 165
165 167
167 169
169
172 173
173
176
184
189
195
199 201
201
204 206
206 208
208 210
210
215 217
217 219
219 221
221 223 735
223 225
225
229 230 231
230 231
231 233
233 234
234 236
236 237
237
241 242 243
242 243 244
243 244 245
244 245
245
248
251
255 256
256
262 263
263 265
265 266
266 268
268 269 270
269 270 271
270 271 272
271 272 273
272 273
273 275
275 276 277
276 277
277
282 283
283
286
290
294
297
308
311 312
312
315
318
326 328
328 329
329 331
331 332
332 334
334 335
335
339 340 341
340 341
341 343
343 345
345
348
354 356
356 358
358 360
360 361
361
365 367
367
371 373
373
376 377
377
383
387 389
389
393
399 400
400 402
402
406
409 410
410
415
418 419 420
419 420
420 422
422 423
423
427
431
434 435
435 437
437
441 442 443
442 443
443
446 448
448 449 450
449 450 451
450 451
451 453
453
456
461 462 463
462 463
463 465
465 466 467
466 467 468
467 468 469
468 469
469
472 473
473 475
475 476
476 478
478 479 480
479 480
480 482
482 483
483 485
485 486 487
486 487
487 489
489
493 494
494 496
496 497
497 499
499 500 501
500 501
501 503
503 504
504
507 509
509
517 518
518 520
520 521
521 552
525 527
527 528
528 530
530 531
531
534
538 540
540 542
542 543 544
543 544 545
544 545 546
545 546 547
546 547 548
547 548
548 550
550 552
552 553
553 555
555 556 557
556 557 558
557 558
558
562 563
563 565
565 567
567 569
569
572 574
574 575
575 577
577
580 581 582
581 582 583
582 583
583 585
585 587
587 589
589
592 594
594
598 599 600
599 600
600 602
602 603
603
606
609
612 613 614
613 614
614 616
616 618
618 620
620
626 627
627
634 635
635
639
644 645 646
645 646
646 648
648 649
649 651
651 652
652 654
654 655 656
655 656 657
656 657
657
661 663
663 665
665 666 667
666 667
667
670
673 674
674
681
684
688 689
689
692
701 702 703
702 703
703 705
705 706
706
710
713 715
715 716
716
720 721
721
725
730 731
731 733
733 735
735 736 737
736 737
737 739
739 740
740
746 747 748
747 748 749
748 749
749
754 755
755
758 759 760
759 760
760 762
762 763 764
763 764
764 766
766
769 771
771 772 773
772 773 774
773 774 775
774 775 776
775 776 777
776 777
777
782
785 787
787 789
789 791
791 792 793
792 793 794
793 794
794 796
796 798
798 799 800
799 800
800
804 806
806 808
808
813
816 818
818 820
820 821 822
821 822 823
822 823
823 825
825 826
826
829 831
831 832
832 834
834
837
840 842
842 844
844
854 856
856
860
864 865
865
868 869 870
869 870 871
870 871 872
871 872
872
879
884
889 890
890
893 894
894
899 900
900
904 906
906
913
917 918
918
923 924 925
924 925 926
925 926
926 928
928
932 934
934 935
935 937
937
944 946
946 947 948
947 948
948
951
954 955 956
955 956 957
956 957 958
957 958 959
958 959
959
962
965
970 971
971 973
973 975
975 976 977
976 977
977 979
979
982
985 986
986 988
988
991 992 993
992 993
993
996
999
