#naive2.0.py
# GMT Fri Feb 14 13:34:29 2020
# 
0 998
4 5
5 7
7 8
8
12 14
14 16
16
19
29 31
31 32 33
32 33 34
33 34
34 36
36 37
37 39
39
43 44 45
44 45 46
45 46
46
51
56
60 62
62
65 67
67 68 69
68 69
69
72 74
74
78 79
79
83 84
84 86
86 88
88
91 93
93 94
94 96
96 97
97 99
99
106
109 111
111 113
113 115
115 116 117
116 117
117
120 121
121 123
123
126
130 132
132
135
141
144 145 146
145 146
146 148
148
151 152 153
152 153 154
153 154 155
154 155
155 157
157 158 159
158 159 160
159 160 161
160 161 162
161 162
162
166 168
168 170
170
174 175
175
183 811
184
187 188 189
188 189 190
189 190
190 192
192 193 194
193 194 195
194 195
195
200 202
202 203
203
206 207 208
207 208 209
208 209 210
209 210 211
210 211
211 213
213
217 218
218
221 223
223 225
224 225
225
228 229
229 231
231 232 233
232 233
233 235
235 582
245 246 247
246 247
247
250 251
251 253
253 255
255
258 260
260
266 267
267 269
269
273
276 278
278
285 286 287
286 287 288
287 288 289
288 289
289
292 294
294
297 299
299
302 303
303
308
311
315
318
321 322
322 324
324 325 326
325 326
326 328
328 330
330 332
332
336 337
337
341
344 346
346 347 348
347 348
348
355
358 359
359
362
366 367 368
367 368
368
371 372
372
375
378
385
389
396
401
406
410
413 414
414
419 420
420
425 426
426
430
435
439
442 443
443
446 447
447
451 452 453
452 453
453 455
455
458
461 463
463 465
465
469
473
477 478
478 480
480 481 482
481 482
482 484
484 486
486 487 488
487 488
488 490
490
496
502
505
508
511
514 515 516
515 516
516 518
518 519 520
519 520 521
520 521
521
524
527 529
529
531
534 536
536
539 540 541
540 541
541 543
543
548
551 553
553 555
555
558 559
559
563 564
564 566
566 568
568 570
570 571
571 573
573
577 578
578
582
585
590 592
592
598 599 600
599 600 601
600 601
601
604 605
605 607
607 609
609 610
610
613
616
620
623 624 625
624 625 626
625 626 627
626 627 628
627 628
628 630
630 631
631
634
640
643 645
645 647
647 649
649
652
659 661
661 662 663
662 663 664
663 664 665
664 665
665 667
667 669
669 671
671
675 676 677
676 677 678
677 678 679
678 679
679
683 684
684 685
685 687
687
698
701
706 708
708 709 710
709 710
710 712
712 713
713
718
726
729 730
730
733
736 737
737 739
739
743
746
750 752
752
755 756
756 758
758 759 760
759 760
760
763
766
769
772 773 774
773 774
774
777 778
778
783 784
784
788
791 792 793
792 793 794
793 794 795
794 795 796
795 796
796
803 804
804 806
806 807 808
807 808 809
808 809
809 811
811 812 813
812 813
813
816 818
818 819
819
824 825
825 827
827 828 829
828 829 830
829 830 831
830 831 832
831 832 833
832 833
833 835
835
842 844
844
847 849
849
854 856
856 858
858 859
859 861
861
867 937
870 872
872 873 874
873 874
874
879
882
886
893
897
900 902
902 903
903
906
909 911
911 912 913
912 913 914
913 914 915
914 915
915 917
917 919
919 921
921
924 926
926 928
928 930
930 932
932
935 937
937 938
938 939
939 941
941 942 943
942 943
943
946 947
947
952
955 957
957 959
959 960 961
960 961
961 963
963 964
964
967 969
969 971
971
977 978
978 980
980 982
982 983 984
983 984 985
984 985
985
988
991 993
993 994
994
998
