#naive2.0.py
# GMT Fri Feb 14 13:34:32 2020
# 
2 3 4
3 4 5
4 5
5 7
7 8
8
12 13
13 15
15 16
16 18
18
22
27
31 32 33
32 33
33
40 41 42
41 42
42 44
44 45 46
45 46
46 48
48 49
49 51
51 53
53 54 55
54 55 56
55 56
56
60 62
62
65 67
67 68
68 70
70
76 77
77
80
83 84
84
87 88
88
96 97 98
97 98
98
103 105
105
109 110 111
110 111
111
118
121 122
122
125 127
127
133
136 137 138
137 138
138 140
140 142
142 144
144 145 146
145 146 147
146 147
147
150 152
152 153
153
157 158
158 160
160 162
162 163
163
167 168 169
168 169 170
169 170
170
173
176 177
177
183 185
185 187
187
191 192 193
192 193 194
193 194
194 196
196
199
202 203
203 205
205
208 210
210 211
211
214
221
225 226
226
229 230 231
230 231 232
231 232
232
236
239 240 241
240 241 242
241 242 243
242 243
243
246 248
248 249
249 251
251 252
252 254
254 256
256
259
262 263 264
263 264 265
264 265
265 267
267 268
268
272
275 276
276 278
278 280
280 281 282
281 282
282
288
291
294 295
295 297
297
302
305 306
306
309 311
311
315 317
317 318 319
318 319 320
319 320 321
320 321 322
321 322
322
326 328
328
331 333
333 334 335
334 335
335
338 340
340 342
342 344
344 345 346
345 346 347
346 347
347
353
357 359
359 360
360
363
368 369 370
369 370
370
373 374 375
374 375 376
375 376
376
381 382
382
386 387
387
390 392
392 393
393
396 398
398 399
399
406 408
408
415 417
417
427 428
428
431
437 439
439 440 441
440 441
441
446 447 448
447 448
448 450
450
455 456
456
460
465
468
472 473 474
473 474
474 476
476 477 478
477 478 479
478 479 480
479 480 481
480 481
481
484
487 488 489
488 489 490
489 490 491
490 491 492
491 492 493
492 493
493
498 499
499 501
501 503
503 504
504
507 508
508
511 512
512
515 516 517
516 517
517 519
519
523 525
525
529
535 536
536
539 540 541
540 541 542
541 542
542 544
544 546
546 547 548
547 548
548
551
555 556 557
556 557 558
557 558 559
558 559 560
559 560 561
560 561 562
561 562 563
562 563
563
570 571
571
574 576
576
584
587 588
588 590
590 591 592
591 592
592
595
600 601 602
601 602
602 604
604 605 606
605 606
606
609 610
610
613 614
614
617 619
619
623
627 629
629 630
630 632
632 634
634 636
636
639 640
640
645 647
647 648
648 650
650 652
652
658
662 663
663
668
671
674
682
688
691
707 708
708
714 716
716 717
717 719
719 720
720 722
722 724
724 726
726 727
727
730
733
737
740 741
741
747 749
749 750 751
750 751
751
754
757 759
759 761
761
764 765 766
765 766 767
766 767
767
770 772
772 774
774 775
775
778 779
779
785 787
787 788 789
788 789 790
789 790
790 792
792 793
793
796 797
797 799
799 800
800 802
802 803 804
803 804
804 806
806 808
808 809
809
812
815 816 817
816 817
817
820 821 822
821 822 823
822 823 824
823 824 825
824 825 826
825 826 827
826 827 828
827 828
828
832 834
834 835 836
835 836 918
836
839 840 841
840 841 842
841 842
842
845
850
853 854 855
854 855 856
855 856 857
856 857
857 859
859 860
860 862
862 863 864
863 864
864 866
866 867
867
870
873 874 875
874 875 876
875 876 877
876 877
877 879
879 881
881 882
882
888
897 899
899 901
901 903
903 904
904
910 911 912
911 912
912
915
918
923 925
925 926
926 928
928 930
930
933
938 939
939 941
941
954 955 956
955 956
956
960 961 962
961 962
962
966 967
967
970
973
976
984
988
991
995 996
996
999
