#naive2.0.py
# GMT Fri Feb 14 13:34:29 2020
# 
0 999 998
3
7 8
8 10
10
13 14 15
14 15
15
18 19
19
22 23
23
28 30
30 31
31
36 37
37 39
39 40
40
43
47 48 49
48 49
49
52 53 54
53 54
54 56
56
60 61
61 63
63 65
65
69
72 74
74 75 76
75 76
76
81 83
83
88 90
90 92
92 94
94
102 103 104
103 104
104
107
111 112
112 114
114 115
115
118
123 125 887
125 126 127
126 127 128
127 128
128
132 133
133
137
140 141 142
141 142
142
147
151 152
152
161 163
163 164
164
169 170
170 172
172 174
174 176
176 178
178
185
190 192
192 193 194
193 194 195
194 195 196
195 196
196 198
198 199 200
199 200 201
200 201
201
205 206 207
206 207
207
213
216
221
227
231 233
233 234
234
248 250
250 251
251 253
253 255
255
263 264 265
264 265 266
265 266 267
266 267 268
267 268 269
268 269 270
269 270 271
270 271 272
271 272
272 274
274 275 276
275 276
276
279 280 281
280 281
281 283
283
286 287 288
287 288 289
288 289
289
294 295
295 297
297 299
299 301
301 302
302
312
315 317
317 319
319
322
327 329
329
335 336 337
336 337 338
337 338 339
338 339
339 341
341 342
342
346
350 352
352
355
358 359 360
359 360
360
363 364 365
364 365 366
365 366
366 368
368 369 370
369 370
370 372
372 374
374 375 376
375 376 377
376 377
377 379
379 381
381 382
382
388 389 390
389 390
390 392
392 393 394
393 394
394
397 398 399
398 399 400
399 400 401
400 401 402
401 402
402
406 408
408 409
409
412 414
414
417
420 421 422
421 422
422
425
428 429 430
429 430 431
430 431 432
431 432
432
435
438
441 443
443 445
445 446
446
453 455
455 456
456
462
466 467
467
472 473 474
473 474 475
474 475
475 477
477 479
479 480
480 482
482 483 484
483 484
484
493 495
495
499
505
509 511
511 513
513
516
519 520 521
520 521
521 523
523 525
525
528
532 533 534
533 534
534
538
542
548 550
550
553 554
554
560 562
562 563 564
563 564 565
564 565 566
565 566 567
566 567
567
571
576 577
577
580 582
582 584
584
588
592
602 603
603
607 609
609 611
611
614 615
615
619
622 623
623 625
625
635
639 640
640 642
642 644
644 645
645 647
647 648
648 650
650 651 652
651 652
652 654
654
657
667 669
669
672 674
674 676
676 678
678
681
686 687
687 689
689 690 691
690 691 692
691 692
692
696
701 702
702
709
713 714 715
714 715 716
715 716 717
716 717
717 719
719 720 721
720 721
721
730 731
731
739 740
740
744
750 751
751 753
753 754 755
754 755
755
759 761
761
765
768 769
769 771
771 772 773
772 773
773 775
775 776 777
776 777
777
783
786 788
788 789 790
789 790 791
790 791 792
791 792 793
792 793
793
796 797
797 799
799 801
801
811 813
813 815
815
818
822 823 824
823 824
824
827
832 833
833
836 838
838 839
839
842 843
843 845
845 846 847
846 847
847
851 852
852
855
858
863 864
864
868 869 870
869 870 871
870 871 872
871 872 873
872 873 874
873 874
874 876
876 877
877 879
879 881
881 882
882
887
892
895 896
896 898
898 899
899 901
901 902 903
902 903
903
909
914
917 918
918
923
930 931
931
935 936
936 938
938 939
939
943
946 948
948 949 950
949 950
950 952
952 953
953
956 958
958 960
960 961
961
965 966 967
966 967
967 969
969 970
970 972
972 973
973
977
982 983
983
988 990
990 991
991 993
993
997 998 999
998 999
999
