#naive2.0.py
# GMT Fri Feb 14 13:34:30 2020
# 
0 1 999
1 999
5 6
6 8
8 9 10
9 10
10
14
20 22
22
26
34
38 39 40
39 40
40 42
42 44
44
47 48 49
48 49 50
49 50 51
50 51
51
56 57
57 59
59 61
61
66
69
75 77
77
83 84
84 86
86
90
93 94
94
97 98 99
98 99
99 101
101 102
102
107
110
116 117 118
117 118
118 120
120 122
122 123
123 125 707 887
125
129
132 133 134
133 134
134
140 142
142 143 144
143 144 145
144 145
145
152 153
153
159
165 166 167
166 167
167
170
173 175
175
178 179 180
179 180 181
180 181
181 183
183 185 811
185
190 191
191 193
193
196 197 198
197 198 199
198 199
199 201
201 202
202 204
204 206
206 208
208 209
209
213
216
219
224 225 226
225 226
226
229 230
230
234
237 239
239
243 244
244 246
246 248
248 250
250
253 255
255 257
257 259
259
263 264
264
267 269
269 270 271
270 271
271 273
273 275
275 277
277 278
278
282
287 288
288 290
290 291
291 293
293 295
295 296 297
296 297 298
297 298
298
302
306
311 312 313
312 313
313 315
315
318
322 323 324
323 324 325
324 325 326
325 326
326
331
337
343
347
350 351
351 353
353 354
354 356
356
359
362 363 364
363 364
364 366
366 368
368
371 372
372 374
374 375 376
375 376
376 378
378
383 385
385 387
387
391
397 398
398 400
400 401
401
404
410 412
412 413
413 415
415
418 419 420
419 420
420
423 424 425
424 425
425
428 430
430 432
432 433
433 435
435
438 439
439 441
441 442
442 444
444 445 446
445 446
446
449 450
450 452
452 454
454
459 460
460 462
462 464
464 465
465
471 473
473
478 480
480 481 482
481 482
482 484
484 485 486
485 486
486
489 490 491
490 491 492
491 492
492
501 503
503
506 507 508
507 508
508 510
510
513 514 515
514 515
515
519 520 521
520 521 522
521 552
522
527
530 531
531
534
537
541 542 543
542 543 544
543 544
544 546
546 547 548
547 548
548
552
556 558
558 560
560 561 562
561 562 563
562 563 564
563 564
564 566
566 567
567 569
569
573 574 575
574 575 576
575 576
576
582 584
584
587
590
594
598 600
600 601 602
601 602 603
602 603
603 605
605 606
606
610 611
611 613
613 614
614 616
616
620
623 625
625 627
627 628
628
632
638 639
639 641
641 642
642
647 649
649 650
650
655
658
662 664
664 666
666 667
667 669
669 671
671 672
672
675
684 686
686 687
687 689
689 690
690
695
698
703 705
705 706 707
706 707
707
712 713
713 715
715 716
716 718
718 719
719 721
721 722 723
722 723 724
723 724 725
724 725
725 727
727 729
729
734 736
736 737
737
741 743
743 744 951
744
749 751
751 752
752
758
761 762
762
765 767
767 769
769
773 774
774
777
781 783
783 785
785
788 789 790
789 790 791
790 791
791 793
793
796 797 798
797 798
798 800
800
803 805
805 806 807
806 807 808
807 808 809
808 809
809 811
811
815
818 820
820 821 822
821 822 823
822 823
823
830 831 832
831 832
832
837
840
844
848
851 852
852
856 857 858
857 858 859
858 859 860
859 860
860 862
862 864
864 865
865 867
867 937
874
877 878 879
878 879
879 881
881 882
882
885 887
887
898 900
900
904 905 906
905 906
906
909
912 913
913
921 923
923 924 925
924 925 926
925 926 927
926 927
927
937
942 943
943 945
945
948 949 950
949 950 951
950 951 952
951 952 953
952 953 954
953 954
954 956
956 957 958
957 958 959
958 959 960
959 960
960 962
962 964
964
967 968
968
971 972 973
972 973 974
973 974 975
974 975
975
982 983
983 985
985 987
987
991
994 995 996
995 996
996
999
