#naive2.0.py
# GMT Fri Feb 14 13:34:31 2020
# 
0 999 998
4 5
5 6 7
6 7
7
10 11
11
15 17
17 18
18
22 24
24 26
26 27
27 29
29 30 31
30 31
31
34 35 36
35 36 37
36 37
37 39
39 40 41
40 41 42
41 42
42 44
44
48
51 52
52 54
54 55 56
55 56 57
56 57
57
62
65
71 72
72
75 76
76 78
78 80
80 81
81
88 89
89
92 94
94 96
96 97
97
101
104 105
105
111
115 117
117 118 119
118 119
119
123 124 125 707
124 125
125
129 130 131
130 131
131
134 135 136
135 136
136 138
138
142 143 144
143 144 145
144 145 146
145 146 147
146 147
147 149
149
155 156
156
159 161
161 162 163
162 163
163 165
165
168 169
169
172
176 178
178 180
180
184 186
186 188
188 190
190 191
191
195 197
197
200
205 207
207
211 213
213
217 218 219
218 219
219
222 223
223 225
225 226 227
226 227
227
233 234
234 236
236
239 240 241
240 241 242
241 242 243
242 243 244
243 244 245
244 245
245 247
247 248
248
251
257 259
259 260
260 262
262
266 267
267 269
269 270 271
270 271
271
281 283
283 284 285
284 285 286
285 286
286
289 290
290 292
292 293
293 295
295 296
296
300 301
301
305 306
306 308
308
311 313
313 314 315
314 315 316
315 316 317
316 317 318
317 318
318 320
320 322
322
326 327 328
327 328
328
331 332 333
332 333 334
333 334 335
334 335 336
335 336 337
336 337
337 339
339 340 341
340 341
341
344 345
345
359 361
361 363
363 365
365 367
367 368
368 436
374 376
376 377
377 379
379 381
381
387
390 392
392 393 394
393 394
394
397 399
399 401
401 403
403 405
405 407
407 408 409
408 409 410
409 410
410 412
412
417 418
418 420
420 421
421 423
423 425
425 426 427
426 427 428
427 428
428
431 432
432
436
440 441 442
441 442
442 444
444
448 450
450
453
464 465
465 467
467
470 472
472
475 476
476 478
478 480
480 482
482 483
483
486 488
488 490
490 492
492
495
498 500
500 502
502 504
504 505
505
510 511
511 513
513 515
515 517
517 518
518
521 523 552
522 523 524
523 524
524 526
526 527
527
531 532 533
532 533
533
536 538
538 539 540
539 540
540
545
549 550 551
550 551 552
551 552
552 554
554 555
555 557
557
566
570
576
579 581
581
585 586
586
595 597
597 598
598 600
600 602
602 603
603 605
605 606
606 608
608 610
610 612
612 614
614
617 618
618 620
620
625 626
626
630 631
631 633
633 634 635
634 635
635 637
637
644
647 648 649
648 649
649 651
651 652 653
652 653
653
662 663
663
666 668
668 669
669 671
671
674 675
675
681
687 689
689
692 693
693 695
695 696
696
703 704
704
707
709 711
711 712 713
712 713
713 715
715
718
723
728 730
730 732
732 733
733
737 738
738
741 743
743 744 951
744 746
746
749 751
751
755 757
757 759
759 761
761
764
768 769
769 771
771 772
772 774
774
778
783 785
785 787
787 788 789
788 789 790
789 790 791
790 791 792
791 792
792
795 796 797
796 797 798
797 798
798 800
800 801 802
801 802
802
805 807
807 808 809
808 809
809 811
811 812
812 814
814 815 816
815 816 817
816 817 818
817 818
818 820
820
824 825
825 827
827 829
829 830 831
830 831
831
839 840
840 842
842 843
843 845
845
849
854
858
861
865
871 872
872 874
874 875
875 877
877
880 881 882
881 882 883
882 883 884
883 884
884
888 889 890
889 890 891
890 891 892
891 892
892
897 899
899 900 901
900 901
901
908
911 912
912
915 916
916
919 921
921
924
928 929 930
929 930 931
930 931
931
937
942
947
950 951
951
955 956
956
959
963 965
965 967
967 969
969
974
977 978
978 980
980 981
981
984 985
985
990 991
991 993
993
996 998
998 999
999
