#naive2.0.py
# GMT Fri Feb 14 13:34:31 2020
# 
0 998
3
8 9
9
13 15
15 16 17
16 17 18
17 18
18
22 23 24
23 24
24
29
33
36 37
37
41 43
43
46
52 54
54 55 56
55 56 57
56 57
57
60 61
61 63
63
69 70
70
73
82 84
84 86
86
92
95 585
97 99
99 100 101
100 101
101 103
103 104
104 106
106 108
108 109 110
109 110 111
110 111
111 113
113 114 115
114 115 116
115 116
116 118
118 119
119
123 124
124 126
126 127 128
127 128
128
132
135 136
136 138
138 140
140 141 142
141 142
142
145
149 150
150 152
152
155 157
157 159
159 161
161 162
162 164
164 165 166
165 166 167
166 167
167 169
169 170 171
170 171
171 173
173
177 178 179
178 179 180
179 180
180
183 185
184 185
185 187
187
190 191
191 193
193 195
195
200 201 202
201 202 203
202 203 204
203 204
204 206
206 207
207 209
209 211
211 212 213
212 213 214
213 214
214 216
216
219 220
220
226 228
228 229 230
229 230
230 232
232 233
233
238
241 242
242 244
244
249 250
250
257
261 262 263
262 263
263 265
265 267
267 268
268 270
270
273 275
275 277
277 278
278 280
280 281 282
281 282 283
282 283
283
290
293 294
294 296
296
300 301
301
307 308
308
313
319 320 321
320 321
321
324 325
325 327
327 329
329
333 335
335
339
342 343 344
343 344 345
344 345
345
349 350
350 352
352 354
354 356
356
360
363
366
370 371 372
371 372
372
375 376 377
376 377
377
383
386 387 388
387 388
388
392
395 397
397 398 399
398 399
399
402 404
404 406
406
410 411
411 413
413 414
414 416
416 417 418
417 418
418
421 422 423
422 423
423 425
425 427
427 429
429 430 431
430 431 432
431 432
432 434
434 435
435
438
441
445 446 447
446 447
447
450 452
452
458 459
459
462 464
464
472
475 477
477 478 479
478 479
479
483 485
485 486 487
486 487 488
487 488
488 490
490 492
492
495
499
502
506 507 508
507 508 509
508 509
509 511
511 513
513 514
514
518 519 520
519 520 521
520 521
521 523
523 524 525
524 525 526
525 526
526 528
528
531 533
533 534 535
534 535
535 537
537 538 539
538 539
539 541
541
548 550
550
553
557 559
559 561
561 563
563 565
565 566
566
569
572 574
574 575 576
575 576 577
576 577
577
581 583
583 584 585
584 585
585 587
587 588
588 590
590
594
600
603
607
612 613
613 615
615 617
617
625
630 631 632
631 632
632 634
634
637 638 639
638 639
639 641
641
644 645
645
650 651 652
651 652
652 654
654 655
655
658 659
659 661
661 663
663 664 665
664 665 666
665 666
666 668
668 669
669
672
676 677
677
681 683
683
685 686 687
686 687
687
690
693
696 698
698 699
699
702 703
703
706
714 715
715
718 719
719 721
721 723
723 724 725
724 725 726
725 726
726
730 731 732
731 732
732
737 738 739
738 739
739
742 743
743 951
745 747
747 748
748
751
755 756
756
759 760
760
765 766
766
769 771
771
774 776
776 777
777 779
779
782 784
784 785 786
785 786
786
793 794
794
799 800
800
810
816 818
818 819 820
819 820 821
820 821
821
824 825
825 827
827 828
828
831 832
832 834
834
837
841 843
843 845
845 846 847
846 847
847
851
858 860
860 861 862
861 862 863
862 863 864
863 864
864 866
866 867
867 869
869 870 871
870 871
871 873
873
876
879 880 881
880 881
881 883
883 885
885
892 894
894
900
903 904 905
904 905
905
910
917 918
918 920
920 921 922
921 922 923
922 923 924
923 924
924 926
926 927
927
930 931
931
938
941 942 943
942 943 944
943 944 945
944 945 946
945 946
946 948
948 949
949 951
951 952 953
952 953 954
953 954
954
959 960 961
960 961
961
964 965 966
965 966
966 968
968 970
970
974
977 979
979 981
981 983
983 984
984 986
986 988
988 990
990 991 992
991 992 993
992 993
993
996 997 998
997 998
998
