#naive2.0.py
# GMT Fri Feb 14 13:34:31 2020
# 
1 2 999
2
6 7 8
7 8
8
12 13 14
13 14
14
17 18 19
18 19
19
24
30 31 32
31 32
32 34
34 36
36 37
37
40 42
42 43
43
48
51
55
58 59 60
59 60 61
60 61
61
64 65
65
68 69
69
73 75
75 76
76 78
78 79
79 81
81 82 83
82 83 636
83
90 91 92
91 92 93
92 93
93 95
95 585
97 99
99
106 107
107 529
113
117 118 119
118 119 120
119 120
120
123 125
125
129
132 134
134 135 136
135 136 137
136 137 138
137 138
138
143 145
145 147
147 148 149
148 149
149
153 155
155 156
156
159
165
168 169
169 171
171 172 173
172 173
173
176 177 178
177 178 179
178 179
179
184 185
185 187
187 188 189
188 189 190
189 190
190
194 196
196 197 198
197 198
198 200
200 202
202 203
203 205
205
209 211
211
214 215
215 217
217 219
219 220
220
224 225
225
228 230
230 232
232 234
234 236
236
245 246 247
246 247
247 249
249 250
250
253 254
254 256
256 257
257 259
259 260
260 262
262
267 268
268 270
270
273
277
281 282
282
285
288 289
289 291
291
295 297
297
302 304
304 306
306 307 308
307 308
308
311 312
312
317 318
318 320
320 321
321 323
323 325
325 327
327 328
328
332 333 334
333 334 335
334 335 336
335 336 337
336 337
337 339
339
343
346
349 351
351
354 355 356
355 356
356 358
358 359
359 361
361 362
362 364
364
367
371 373
373 375
375
379
382
385 386
386 388
388 389
389 391
391 392
392
397
400
409 410
410
415
418 419
419 421
421 423
423 425
425 426 427
426 427 428
427 428
428 430
430 431 432
431 432
432
445
450 451
451
456 458
458 460
460 462
462
468 469
469 471
471
477 478
478 480
480 481
481 483
483 485
485 486
486 488
488 489
489
493 494 495
494 495
495
498 500
500 501 502
501 502
502 504
504 506
506 507
507
512 514
514 516
516
519 521
521 523 552
522 523
523 525
525
528 529
529
532 533 534
533 534 535
534 535
535 537
537 538 539
538 539 540
539 540 541
540 541
541 543
543
547 548
548
551 552 553
552 553
553 555
555
559 560
560
564 566
566 567
567 569
569 570 571
570 571 572
571 572
572 574
574 576
576 577
577
580 581
581
585 587
587 589
589 590
590 592
592 593
593
599 601
601 603
603
606 608
608 609
609
615 616
616
621
623 624
624 626
626 627 628
627 628 629
628 629 630
629 630
630
633
636 637
637 638
638
642 643
643 645
645 646 647
646 647 648
647 648 649
648 649 650
649 650
650 652
652
655 657
657
660
665
669 670 671
670 671 672
671 672
672
677 678
678
681
684 686
686
691 692 693
692 693
693 695
695
699
705 706
706
715 717
717 719
719 721
721 722 723
722 723
723
727 728 729
728 729 730
729 730 731
730 731 732
731 732 733
732 733
733 735
735 737
737 739
739
747 748
748
751 752 753
752 753 754
753 754
754
757 758 759
758 759 760
759 760
760
764 765
765
768
771
774
779 780 781
780 781
781
786 788
788
792 793
793
799
804 805
805 807
807 809
809
812 814
814 816
816 817
817
822 824
824 825
825
828 829 830
829 830
830
840 841
841 843
843
848
857 858 859
858 859
859 861
861 862
862 864
864 866
866 867
867 937
870
874 875 876
875 876
876
884 886
886 888
888
892 893
893 895
895
900
903 905
905 906
906
909 911
911 912 913
912 913
913 915
915 917
917 919
919 920
920 922
922
930
935 936 937
936 937 938
937 938
938
941 942
942 944
944 946
946
950 951 952
951 952
952
955 956
956
961 962 963
962 963 964
963 964
964
967 968
968 970
970
973
978 979
979
983 984
984 986
986 987
987
991 993
993 995
995
999
