#naive2.0.py
# GMT Fri Feb 14 13:34:34 2020
# 
0 999 998
3 4 5
4 5
5 7
7 8 9
8 9
9
12 13
13 15
15 16
16
19
22 23
23 25
25
31 32
32 34
34
37
40 42
42
46
52 54
54 55 56
55 56
56
59 61
61 63
63
70
78 79
79 81
81
84 85 86
85 86
86
91 92
92
96
105 107
107 109
109 110 111
110 111
111
118 120
120 122
122 123
123 707 887
126
131 132 133
132 133
133
139 140
140
143 145
145 146
146 148
148
151 152
152 154
154 155 156
155 156
156
160 161
161 163
163 164 165
164 165
165 167
167 169
169 171
171
174 176
176 177
177
180
186 187
187
192 193 194
193 194 195
194 195
195
200 202
202 204
204 205 206
205 206
206
211 213
213 214 215
214 215
215
218 219
219 221
221 735
224 225
225 227
227 228 229
228 229
229
232 233
233
236 237
237 239
239 240
240
251
254 255
255 257
257 258 259
258 259
259
262 263 264
263 264
264 266
266 268 621
268 269
269
272 273 274
273 274 275
274 275
275
280 282
282 283 284
283 284
284
287 288 289
288 289 290
289 290
290
293
297 298 299
298 299 300
299 300 301
300 301
301
306 308
308 309 310
309 310
310
313 314 315
314 315
315
318 319
319 321
321 323
323 324
324
329
332
338
343 344 345
344 345
345 347
347
350
357 359
359
367 368
368 370
370 372
372 373 374
373 374
374 376
376 377
377 379
379 381
381
384 385 386
385 386 387
386 387
387 389
389 390 391
390 391 392
391 392 393
392 393 394
393 394
394
397 398
398 400
400
403 404
404 406
406 407
407 409
409
413
418 420
420 422
422
427 429
429
438 439 440
439 440
440 442
442 443 444
443 444 445
444 445 446
445 446
446
452 454
454 456
456 457
457
460
463 464 465
464 465 466
465 466 467
466 467
467 469
469 470
470
473 474
474
477 479
479 480
480
488 489 490
489 490 491
490 491
491
495 496
496
500 502
502 503
503
506 507
507
511 512
512 514
514
518
521 523 552
522 523 524
523 524
524
528
534 535
535 537
537 538
538
541 542 543
542 543 544
543 544
544
547
551 552
552
555 556
556 558
558
562 563
563
566 567 568
567 568 569
568 569 570
569 570 571
570 571
571 573
573 575
575 576 577
576 577
577
585 587
587 588 589
588 589 590
589 590 591
590 591
591 593
593 594 595
594 595 596
595 596
596 598
598 599 600
599 600
600
606 608
608 609 610
609 610
610 612
612 613 614
613 614
614 616
616
621
623
628 629
629 631
631 632 633
632 633 634
633 634
634 636
636 637
637 639
639 641
641 642 643
642 643
643
648
652 654
654 656
656 658
658
662
667 668 669
668 669 670
669 670 671
670 671 672
671 672 673
672 673
673
680 681 682
681 682
682 684
684
687
690 691 692
691 692 693
692 693 694
693 694
694 696
696 697
697
700
703 705
705 707
707
711 713
713 715
715
719
722 723
723
729 730 731
730 731
731 733
733 735
735 736
736 738
738 739 740
739 740
740 742
742 743
743
747 748 749
748 749 750
749 750
750
753 755
755
759 760
760 762
762
765 766
766
770 772
772 773 774
773 774 775
774 775
775 777
777
784
787
790 791 792
791 792
792 794
794 795
795
798 800
800 802
802 804
804 805
805
808
811 812
812
816 817
817
820 821
821 823
823 825
825 827
827 828 829
828 829 830
829 830
830
837 839
839 840
840
843 844 845
844 845 846
845 846
846
850 852
852 853 854
853 854 855
854 855 856
855 856
856
859 861
861
865 867
867 869
869 870 871
870 871
871
876
879 880
880
883 885
885 887
887 888
888 889
889 891
891 892
892 894
894 895 896
895 896 897
896 897
897 899
899 900
900 902
902 904
904 905
905 907
907
911 912 913
912 913 914
913 914
914
917 918
918
922 923
923
929 930 931
930 931 932
931 932 933
932 933
933
938 940
940 941
941 943
943 944
944
947 948 949
948 949
949
953 954
954 956
956 957 958
957 958
958
961
966
969
972 974
974
978 980
980 981
981 983
983 984 985
984 985 986
985 986 987
986 987 988
987 988
988 990
990 991
991
997 998 999
998 999
999
