#naive2.0.py
# GMT Fri Feb 14 13:34:29 2020
# 
1 3
3
7 8
8
11 12 13
12 13
13
16 17
17
22 24
24 25
25
28
32 34
34
38 39 40
39 40
40
44 46
46
50 51 52
51 52
52
55 56 57
56 57
57
60 61 62
61 62
62
67
72 74
74 76
76
84 86
86 87 88
87 88
88 90
90
98 99 100
99 100
100
105 106 107
106 107 108
107 108 109 529
108 109
109 111
111 112 113
112 113
113
117 119
119 121
121 122
122 124
124 125
125 127
127 128
128 130
130 132
132 133
133 135
135 136
136
143 145
145 146 147
146 147 148
147 148 149
148 149 150
149 150
150 152
152 154
154
158 160
160
165
168 169
169 171
171 172 173
172 173
173
181 183
183 185 811
185 186
186
193 194
194 196
196
202 204
204 205
205
209 210 211
210 211
211 213
213
217 219
219 221
221 223 735
223
230
233 234 235
234 235
235 237
237
241 242
242
247 248
248
251 252
252
256
259 260
260 262
262
265
269 270 271
270 271
271
274 275
275
278 280
280 281 282
281 282 283
282 283
283
289 290
290
293 294 295
294 295 296
295 296 297
296 297
297 299
299 301
301 302 303
302 303
303 305
305 306
306
309 310
310 312
312 314
314 316
316
319
322 323
323
328 329 330
329 330
330
335
341
345 346
346
351 352
352
357 359
359 360 361
360 361
361
364
374 376
376 377
377
380
383 384 385
384 385
385 387
387
391 392 393
392 393
393
396 397
397
401 402 403
402 403
403 405
405 406
406 408
408
411 413
413 414
414 416
416 417
417
420
425 426
426 428
428 430
430 431
431
446
450
454
459 460 461
460 461 462
461 462 463
462 463
463 465
465
471 473
473 474
474
478 480
480 481 482
481 482
482
488 489
489 491
491 493
493 494 495
494 495 496
495 496 497
496 497
497 499
499 501
501 502 503
502 503 504
503 504 505
504 505 506
505 506 507
506 507 508
507 508
508
511 513
513
516 518
518 519
519 521
521 523 552
523 525
525 526 527
526 527 528
527 528 529
528 529
529
536 537 538
537 538 539
538 539
539
542
547 548
548
551 552 553
552 553
553
557 558 559
558 559
559 561
561 562
562
565 566
566
569 571
571 572
572
575
579
583 584 585
584 585
585
589 591
591 592
592 594
594 595
595 597
597 599
599 601
601
607
612 614
614 616
616 617 618
617 618
618
621 622
622 623 624
623 624 625
624 625 626
625 626
626
632 634
634 636
636 637
637
640 642
642 644
644 645 646
645 646
646
653 655
655 657
657
660 662
662
666 667
667
674 675
675
678 680
680
684 686
686
696
701
704 705
705 707
707
714
717 718
718
722 724
724 725
725
729 730
730
735 736
736 738
738 740
740 741
741 743
743
745 747
747 749
749 750
750
753 754
754
758 760
760 762
762 764
764
767 769
769 771
771 772 773
772 773
773
777 779
779
787
798
801 803
803 804
804
811 813
813 815
815
818 819 820
819 820 821
820 821 822
821 822
822
825
832 833 834
833 834 835
834 835
835 918
839
843 845
845 846
846
849 850 851
850 851 852
851 852
852
855 857
857 859
859 860
860
863 864 865
864 865 866
865 866
866 868
868 869
869
872 873
873 875
875 876
876 878
878 879
879
884 885 886
885 886
886 888
888 889
889 891
891
896 898
898
901 903
903
906 907
907 909
909 910 911
910 911 912
911 912
912
915 916
916 918
918 919
919 921
921 922 923
922 923
923 925
925 927
927 929
929 930
930 932
932 933 934
933 934
934
938 939
939
943 944
944
947 949
949
955 956 957
956 957
957 959
959 961
961 962 963
962 963
963
966
971
980 981
981 983
983
986 987
987 989
989 991
991 992 993
992 993
993 995
995 997
997 998
998
