#naive2.0.py
# GMT Fri Feb 14 13:34:32 2020
# 
1 3
3
6
11 13
13
17 19
19 21
21
24 25
25 27
27 28 29
28 29
29 31
31 33
33 35
35 36 37
36 37 38
37 38 39
38 39
39
42
45 47
47 48
48
51 53
53 54
54 56
56
59 60 61
60 61
61 63
63 65
65
71
74 75 76
75 76 77
76 77 78
77 78
78
81
86
91
94 95 96
95 96
96 97
97
100 102
102 104
104 105
105
108 109 110
109 110 111
110 111 112
111 112 113
112 113
113 115
115 116
116
121
124 126
126
131 133
133
140 141
141 143
143
147 148 149
148 149 150
149 150 151
150 151
151 153
153
156 157 158
157 158 159
158 159
159 161
161 162
162 164
164
167
170 171
171 173
173
176 177 178
177 178
178 180
180
184 185 186
185 186 187
186 187
187
191 193
193 195
195
202 204
204
207
211 212
212 214
214 216
216 217
217 219
219 221
221
225
228 229 230
229 230
230
242
245 247
247 249
249 250
250
253 254 255
254 255 256
255 256
256 258
258 260
260 262
262 263
263
266 267
267
270
273
278 280
280 282
282 283 284
283 284 285
284 285
285
292 294
294 295 296
295 296
296 298
298 299 300
299 300
300
304
307 308
308
314 315
315
320 321 322
321 322
322
326
329 331
331
334 335 336
335 336 337
336 337 338
337 338
338
341 342
342
345 346
346
354 355 356
355 356
356
359 361
361 362
362
365
368 436
376 377 378
377 378
378 380
380 382
382 383
383
387
391 393
393 395
395 396
396 398
398 400
400 401 402
401 402 403
402 403
403
411 412
412 414
414 416
416 417
417
421 423
423 425
425 426 427
426 427 428
427 428
428 430
430 432
432
436 437
437 438
438
442 443 444
443 444 445
444 445 446
445 446 447
446 447 448
447 448 449
448 449
449 451
451 452
452
456
459 460
460 462
462
468 470
470 471
471 473
473 474 475
474 475
475
478 479
479
483 484
484 486
486
489 490
490 492
492 494
494 496
496 497 498
497 498
498 500
500 501 502
501 502 503
502 503 504
503 504 505
504 505
505
510
516 517 518
517 518 519
518 519
519 521
521 523
523 525
525
528 529 530
529 530
530
535 536
536 538
538 539 540
539 540 541
540 541
541 543
543 544
544
549 550
550
553 554 555
554 555 556
555 556 557
556 557 558
557 558
558
562 563 564
563 564
564
568 570
570 571 572
571 572
572
576 577
577
581
584
587 588
588 590
590
593 594
594
597
601
604 605 606
605 606
606
609
612 613 614
613 614
614 616
616 617 618
617 618 619
618 619
619
626 628
628 630
630 632
632 633 634
633 634 635
634 635
635
638 640
640 641 642
641 642 643
642 643
643
648
651
656
659 660
660
663 665
665 667
667
673 674 675
674 675
675 677
677 678
678 680
680 682
682
685 687
687
691
694 695
695 697
697 698
698 700
700
705
708 710
710 711
711
715 717
717
726 728
728 730
730 731
731 733
733 734
734 736
736
739 741
741 742 743
742 743 744
743 744
744 745 746
745 746 747
746 747 748
747 748 749
748 749
749 751
751
755 757
757 758
758
761 763
763
769 771
771
776 777
777 779
779
782
788 789
789 791
791
795
798 799
799 801
801
805 806
806 808
808 809 810
809 810
810
813 814
814 816
816 817 818
817 818 819
818 819
819 821
821 822 823
822 823
823
829 830 831
830 831 832
831 832
832
835 836 918
836 837
837
842 843
843
846 847 848
847 848
848
851 852
852 854
854
857 858 859
858 859
859 861
861
868
875
878 880
880 881
881 883
883 884 885
884 885 886
885 886 887
886 887 888
887 888
888 889 890
889 890
890
893 894 895
894 895
895
900 901 902
901 902
902
905 906
906
909 910
910 912
912
915 917
917 918 919
918 919
919 921
921 923
923
927
930 931
931
935 937
937 938
938
941 942 943
942 943 944
943 944 945
944 945 946
945 946
946 948
948 950
950
954 955 956
955 956
956
960 961
961
964 966
966 967
967 969
969 970 971
970 971
971
976
980 982
982
985
988 989
989
993 994 995
994 995
995
