#naive2.0.py
# GMT Fri Feb 14 13:34:29 2020
# 
1 2
2 4
4 5
5
10 12
12 13
13 15
15
21 22 23
22 23
23 25
25 26 27
26 27 28
27 28
28 30
30 32
32
36
45 46 47
46 47 48
47 48 49
48 49
49 51
51 52
52 54
54 56
56 58
58 60
60 62
62 64
64 65
65
68 70
70 72
72 73
73
77
81 82
82 84 636
84 86
86 87
87
90 91 92
91 92 93
92 93
93 95
95
97 98
98
103 104 105
104 105
105
109 110 111
110 111
111
117 118 119
118 119
119 121
121 122
122 124
124 125 126
125 126 127
126 127
127 129
129
135 137
137 138 139
138 139
139 141
141 143
143 144 145
144 145
145
148 150
150 151
151 153
153 154
154
157
162 163
163
166 168
168 169 170
169 170 171
170 171 172
171 172
172
177 179
179 180
180
188 189 190
189 190
190 192
192 193 194
193 194
194 196
196 198
198 200
200 201 202
201 202
202
205 207
207
210 211 212
211 212 213
212 213
213 215
215 216
216 218
218 220
220
224 225
225 227
227
231
236 237 238
237 238 239
238 239
239
242 243 244
243 244
244 246
246 248
248 250
250 251 252
251 252 253
252 253
253 255
255
258 260
260 261
261
267
272 274
274
278
281 282 283
282 283 284
283 284
284
290 291 292
291 292
292
296 297
297 299
299 301
301
304
307
310 312
312 314
314 315
315 317
317
320
323 324 325
324 325
325
333
338 339
339
342 343
343 345
345 346
346
350 352
352 354
354 355
355 357
357
360 362
362 363
363 365
365
368 369 436
369
372 374
374 375 376
375 376
376
382 383
383 385
385
388 389 390
389 390
390 392
392 394
394 395 396
395 396
396 398
398 399 400
399 400
400
405
410 411 412
411 412
412 414
414
417
421 422
422
425 426
426 428
428
431 433
433 435
435 436
436
440
443 445
445 446 447
446 447 448
447 448 449
448 449
449
455
460 461 462
461 462
462 464
464 465
465 467
467 468
468 470
470 472
472
475
481
484 485 486
485 486
486 488
488 490
490 492
492 493 494
493 494
494 496
496 497
497
500 502
502 504
504 506
506 507
507
511 513
513 514 515
514 515 516
515 516
516
519 520 521
520 521 522
521 523 552
522 523 524
523 524
524
527 529
529
532 534
534 536
536 537
537 539
539 541
541 543
543 544
544
547 548 549
548 549 550
549 550 551
550 551 552
551 552
552
558 560
560
565
568 569
569
573 574
574 576
576 577
577
587 588 589
588 589 590
589 590
590
593 594
594 596
596
599 600 601
600 601 602
601 602 603
602 603 604
603 604
604
611 612 613
612 613 614
613 614
614 616
616 617 618
617 618 619
618 619
619
626
629
634 636
636 637
637 638
638
643 644
644
649 651
651 652 653
652 653
653
659 660
660 662
662
665
668 669 670
669 670 671
670 671 672
671 672 673
672 673 674
673 674
674
679 680
680 682
682 684
684 685 686
685 686 687
686 687
687 689
689
693 694 695
694 695 696
695 696
696 698
698
701 703
703 704
704 706
706 707 708
707 708
708 709
709
714 715 716
715 716
716 718
718 719 720
719 720 721
720 721 722
721 722 723
722 723 724
723 724
724 726
726
729
733
736 737
737 739
739 740 741
740 741
741 743
743
749 750 751
750 751
751
755
760 762
762 763 764
763 764 765
764 765 766
765 766
766 768
768 769 770
769 770
770 772
772 773
773 775
775
778 779 780
779 780
780
784
792
795
800
803 804
804 806
806 808
808 810
810 812
812 813
813 815
815 816
816
819
826 827
827
834 835
835
840 841
841
844
847 849
849 851
851 853
853 854
854 856
856
859 860
860 862
862 863
863 865
865 866
866
871
874 876
876 877
877 879
879 881
881 882 883
882 883 884
883 884 885
884 885
885 887
887 888
888
892 893 894
893 894
894 896
896
901
908
912
915 917
917 919
919
923 924 925
924 925
925
930
935 936
936
943 945
945 947
947
952 953 954
953 954
954 956
956 957
957 959
959 961
961
964 966
966 967
967
970
973 975
975 976
976
979 980
980
986 987
987
996 998
998
