#naive2.0.py
# GMT Fri Feb 14 13:34:34 2020
# 
0 1 999 2
1 2 3 999
2 3 4
3 4
4
6 7 8
7 8
8
11 12
12
16
20 21
21 23
23 24 25
24 25 26
25 26
26 28
28
33 34 35
34 35
35 37
37
40
44 45
45
48 50
50 51 52
51 52
52 54
54 56
56
59
62 63
63 65
65 67
67 69
69
72 73 74
73 74
74
78 80
80 81
81 83
83 85
85
88 89
89
92 94
94 95
95 585
97
105 107
107
110 112
112 114
114 116
116 117 118
117 118
118 120
120 122
122 123 124
123 124 707
124 126
126
131
135 137
137 138
138 140
140 141
141 143
143
147
152 153
153 155
155 156
156
164 165
165
168 169 170
169 170 171
170 171 172
171 172
172 174
174 175 176
175 176 177
176 177
177
182
185 186
186 188
188 189 190
189 190 191
190 191 192
191 192 193
192 193
193
196 197 198
197 198
198
201 203
203 204
204
208 210
210 212
212 214
214 215
215
218 219
219
222 223
223 225 429
225
231
235 237
237 238 239
238 239
239 241
241 242 243
242 243
243
247 248
248
252
255 256
256 258
258 260
260 261
261
264 265 266
265 266
266
269 270
270
274 276
276 277
277
284 286
286
289 291
291 292
292 294
294 296
296 297
297 299
299
303
306
310 312
312 313 314
313 314 315
314 315
315
319 320
320 322
322 323
323
327 329
329 330
330
334 335 336
335 336 337
336 337 338
337 338 339
338 339
339 341
341 342 343
342 343
343
346
349
352
355
358 359
359
362 363 364
363 364 365
364 365
365
373
376 378
378 380
380
383 384 385
384 385
385
388 389
389 391
391 393
393 394
394
399 401
401 402 403
402 403
403 405
405
418 419 420
419 420
420
424
427 428 429
428 429
429 431
431
435 436 437
436 437
437 438 439
438 439 440
439 440
440 442
442 443
443 445
445 446 447
446 447 448
447 448 449
448 449 450
449 450
450
454 456
456 458
458 460
460 462
462
465 466 467
466 467
467 469
469
476 477
477
480 481
481 483
483 484 485
484 485 486
485 486 487
486 487
487 489
489 490
490 492
492 493 494
493 494
494 496
496 497 498
497 498 499
498 499
499
505 507
507 509
509
512 513
513
517 518
518 520
520
527 528
528 530
530 531 532
531 532
532 534
534 535 536
535 536 537
536 537 538
537 538
538 540
540
543 545
545 547
547 549
549
552 553 554
553 554 555
554 555 556
555 556
556
561 563
563 565
565 566 567
566 567 568
567 568
568
571 573
573
577 578 579
578 579
579 581 972
581 583
583 584 585
584 585
585 587
587 588 589
588 589
589 591
591 593
593
597 598 599
598 599 600
599 600 601
600 601
601 603
603 604
604 606
606 607
607 609
609 610
610 612
612
615 616
616 618
618 619 620
619 620
620
624 625
625
628
631
637
640 641 642
641 642
642
645 646 647
646 647
647
650 652
652 653
653 655
655 656
656
659 661
661
664
668 669
669
673 674 675
674 675
675
679
685 687
687 688 689
688 689 690
689 690
690
694 695
695 697
697 699
699 700
700
704 705 706
705 706 707
706 707 708
707 708
708 709
709 711
711
715 717
717 719
719 720
720
729 730 731
730 731 732
731 732
732
739 740
740 742
742 743
743
746 747
747 749
749
753
756 757
757 759
759 760 761
760 761
761 763
763 764
764
769 770
770
774 776
776 777 778
777 778
778
782 784
784 786
786 787 788
787 788 789
788 789 790
789 790 791
790 791 792
791 792
792 794
794
798
802 803
803 805
805
808
811 812 813
812 813
813 815
815 816 817
816 817
817
822 823
823 825
825 826 827
826 827
827 829
829
832 833
833 835
835 836 918
836
841
844
847 849
849
852 853
853 855
855 857
857 858
858
864 865
865
874 875 876
875 876 877
876 877
877 879
879
882 883
883 885
885 886
886
889 890
890
893 895
895
898 899
899
902 903
903
906 907
907 909
909
915 916 917
916 917 918
917 918
918 920
920
924 926
926 927 928
927 928
928
934
937
939
942 943
943
948 950
950 952
952 953
953
956 957
957
960 962
962 964
964 965
965
968 969 970
969 970
970 972
972 973 974
973 974 975
974 975 976
975 976
976
980 981
981
984 985
985
988 990
990 991 992
991 992
992 994
994 996
996
999
