#naive2.0.py
# GMT Fri Feb 14 13:34:28 2020
# 
0 2
2 4
4 5
5 6 7
6 7
7
10 11 12
11 12
12
16
19 21
21 22
22
26
32
37
42
52 53
53
56
59 60 61
60 61 62
61 62
62 64
64 65 66
65 66
66 68
68 69 70
69 70 71
70 71
71
75 76
76
81 83
83
86
90 91
91
94
98 99 100
99 100
100
106 107
107 529
110 112
112 113
113 115
115
119 120
120
123 124 707 887
124
127
133 135
135 137
137 138 139
138 139
139
144 145
145 147
147 148 149
148 149 150
149 150 151
150 151 152
151 152 153
152 153
153
156 157 158
157 158
158 160
160
163 165
165 167
167 168 169
168 169 170
169 170 171
170 171
171 173
173
176
180 181
181 183
183
184
188
194 195 196
195 196
196
202 204
204 206
206 208
208 209 210
209 210
210 212
212 214
214 216
216 218
218 220
220
223 225
225
228 229 230
229 230 231
230 231 232
231 232 233
232 233
233 235
235
240 242
242 243 244
243 244 245
244 245 246
245 246 247
246 247 248
247 248
248
251
257 259
259
262 264
264 266
266 268 621
268 269 270
269 270
270
274
279 280
280 282
282 283
283 285
285 286 287
286 287 288
287 288 289
288 289
289 291
291 293
293 294 295
294 295 296
295 296
296
299 300
300 302
302
305 306
306 308
308 310
310 312
312 313 314
313 314 315
314 315
315
318 320
320
327 328
328 330
330
335
339
342 344
344 346
346 347
347 349
349 351
351 352 353
352 353 354
353 354 355
354 355
355 357
357 358 359
358 359 360
359 360 361
360 361
361 363
363
367
372 374
374
377 378 379
378 379 380
379 380 381
380 381 382
381 382 383
382 383
383
386
390
393 395
395
402 403
403
408 410
410 411 412
411 412 413
412 413 414
413 414
414 416
416
419
425 426 427
426 427 428
427 428
428
432
436
438 439
439
444
449 450
450 452
452
457 458 459
458 459
459 461
461
464 466
466 467
467
470
476 477
477 479
479 480 481
480 481
481 483
483 484
484
487 488
488 490
490 492
492 493 494
493 494
494 496
496 497
497
504 505 506
505 506
506
514 516
516 517 518
517 518
518
521 523 552
523 525
525 526
526 528
528 529
529
531 532
532
537 539
539 540 541
540 541 542
541 542
542
547 548 549
548 549
549 551
551 552
552
556 558
558 559 560
559 560 561
560 561
561
564
567
571 573
573 575
575 576
576
579 581
580 581
581 583
583 584 585
584 585 586
585 586 587
586 587
587 589
589 591
591 593
593
598 599
599
605 606
606
609 611
611 612
612
615
618 619
619 621
621
624
627 629
629
633 634 635
634 635
635
638 639
639
643 645
645 647
647 648
648 650
650
656 658
658 659
659
662
665 666
666 668
668 669
669 671
671
675 677
677
680 682
682 684
684 686
686 688
688
695
700 701
701
704 706
706 707
707
710 711
711 713
713 715
715 716
716
720 721 722
721 722
722 724
724 726
726 728
728 729
729
733 735
735 736
736 738
738 740
740 741
741 743
743 744
744 746
746 747
747 749
749 750
750
754
759
762 764
764 765 766
765 766
766 768
768 770
770
773
777 779
779 780 781
780 781 782
781 782
782
785 787
787
791 793
793 794 795
794 795
795
798 800
800
803 804
804 806
806 808
808 809 810
809 810
810
813 814 815
814 815 816
815 816
816
819
822 823
823 825
825
828 829 830
829 830
830
834 836
836
842 843
843 845
845
848 850
850 851 852
851 852
852 854
854 855 856
855 856 857
856 857
857
860 861
861 863
863 864 865
864 865
865
870
875 876
876
881 882 883
882 883 884
883 884
884
887
889 890
890 892
892 893 894
893 894 895
894 895
895
899 900
900
904 905
905 907
907
910
913 915
915 917
917 918 919
918 919
919 921
921 922
922 924
924 926
926 927 928
927 928 929
928 929
929
932 933 934
933 934
934 936
936 937
937
939 940 941
940 941 942
941 942 943
942 943
943 945
945
949
956
959
962 963
963
966 967 968
967 968
968 970
970
973 974
974
978 980
980 981
981 983
983 984
984
988
994 996
996
