#naive2.0.py
# GMT Fri Feb 14 13:34:34 2020
# 
4 5 868
5
9 10
10 12
12
16 17
17 19
19
23 24 25
24 25
25
28 29 30
29 30 31
30 31
31 33
33 35
35 37
37 39
39 40
40 42
42 43 44
43 44 45
44 45 46
45 46
46
53
59
66 68
68
72
76 77 78
77 78 79
78 79
79
82 83
83
86 87 88
87 88 89
88 89
89
92 93
93
96
99 100 101
100 101 102
101 102
102 104
104 106
106 108
108 110
110 111 112
111 112
112
116 117
117
120
123 707
132 133 134
133 134
134 136
136
140 142
142 143
143 145
145
148 149 150
149 150
150
153 155
155 156 157
156 157 158
157 158 159
158 159
159
165 166 167
166 167
167 169
169 170 171
170 171
171
174 176
176
180
184 185
185 187
187 188
188 190
190
193 195
195 196
196
200 202
202
205
208 209 210
209 210 211
210 211
211
214 216
216 218
218 219 220
219 220 221
220 221
221 735
226 227
227
230 232
232 233 234
233 234 235
234 235 236
235 237
236 237
237
240 241
241
245 246
246
249 250 251
250 251 252
251 252
252
256 258
258 259
259 261
261 263
263 264
264 266
266 267 268
267 268 269
268 269
269 271
271 272 273
272 273 274
273 274
274
277
283 285
285 286
286
289 290
290 292
292 293
293
297 298
298 300
300 301
301 303
303
306
309 311
311 313
313 314
314 316
316
320 321 322
321 322 323
322 323
323 325
325 327
327
331 332
332 334
334 335
335 337
337 338 339
338 339
339 341
341
344 345
345
350 351
351 353
353
357 358
358
361 362
362
365 366 367
366 367 368
367 368 369
368 369 370
369 370 371
370 371
371
374
377 378
378
381
384
388
392 393
393
396 398
398
402
405
408 409
409
414 415 416
415 416
416
419 420
420 422
422 423 424
423 424
424
427
431 432 433
432 433
433
446
449 451
451 452
452 454
454 455
455
459 461
461
464 465 466
465 466
466 468
468 469 470
469 470
470
473
477 478
478
482
486 487 488
487 488
488 490
490 491 492
491 492 493
492 493
493
496 498
498 499 500
499 500 501
500 501
501
504 505
505 507
507
510 511 512
511 512
512 514
514 515
515 517
517
521 523
523 525
525 526 527
526 527 528
527 528
528 530
530 531 532
531 532
532
535
540 541 542
541 542
542 544
544 545 546
545 546
546
549 550 551
550 551
551
554
559 560 561
560 561
561
564 566
566 567 568
567 568 569
568 569
569 571
571
577 579
579 581
580 581
581
584 585
585 587
587
590 591
591
596
599 601
601
604 605
605 607
607 608 609
608 609
609
613 614 615
614 615 616
615 616
616
620 622
622 623 624
623 624
624 626
626 628
628 629
629
632
637
640 642
642
646 648
648 649 650
649 650
650 652
652 653
653 655
655
659 661
661
669
674 675
675
678
681
685 687
687 688 689
688 689
689 691
691
695 697
697 698
698
702
706 707 708
707 708
708 709 710
709 710 711
710 711
711 713
713 714
714
717
725 726 727
726 727 728
727 728
728 730
730 731
731 733
733 735
735 736 737
736 737
737 739
739 740
740
746 748
748
753
756
759 760 761
760 761 762
761 762 763
762 763
763
766 767 768
767 768
768 770
770 771
771
774 775
775
780 782
782 783
783
787
792 793 794
793 794 795
794 795 796
795 796
796
799 801
801 802 803
802 803
803 805
805 806
806
809
812 814
814
817 819
819
822 823
823 825
825 826
826
829 831
831 833
833 835
835 836 918
836 838
838 839
839 841
841 843
843 844
844 846
846
850
854 855 856
855 856 857
856 857
857
860 861
861 863
863
868
876 878
878
881
885 886
886
891
895
901
910 911
911
915 916 917
916 917 918
917 918
918
923 924
924 926
926 927 928
927 928
928
936
942 943
943
947 949
949 950 951
950 951
951 953
953
956 957
957 959
959 960 961
960 961 962
961 962 963
962 963
963
967 968
968 970
970
973
982
986
990 991 992
991 992
992
996
