#naive2.0.py
# GMT Fri Feb 14 13:34:31 2020
# 
2 3 4
3 4 5
4 5 868
5 7
7
10 11
11
15 16
16
19 20
20 22
22
25
29
33 34
34 36
36 37
37 39
39 40
40 42
42
48 50
50 51
51 53
53 54
54 56
56 57
57 59
59
62
67 68
68
71
78
81 82
82
85 87
87
90
94
97 98
98
102
106
110
114
117
122
127 129
129 131
131 132 133
132 133
133 135
135 137
137 139
139 140
140 142
142
146 148
148 149 150
149 150
150 152
152 153 154
153 154 155
154 155 156
155 156
156
159 161
161 162 163
162 163
163
166 167
167 169
169 170
170
173 174 175
174 175
175 177
177 178 179
178 179 180
179 180 181
180 181 182
181 182 183
182 183
183 811
187 188
188
193
196 198
198 199
199 201
201 202
202 204
204
212 213
213
216 218
218
222 224
224
227 228
228 230
230 232
232
236 237
237
240 241 242
241 242 243
242 243
243
246
249 250 251
250 251 252
251 252 253
252 253
253 255
255
258 259
259
265 266 267
266 267 268
267 268 269
268 269 270
269 270
270 272
272
275 276
276
279
282 284
284 285
285 287
287 288 289
288 289 290
289 290
290 292
292
295 297
297 299
299 300
300 302
302 303 304
303 304
304
308
313 314 315
314 315
315
321 323
323 325
325 326 327
326 327
327 329
329 331
331
335 336
336 338
338 339
339 341
341
346 347 348
347 348
348
351 352 353
352 353
353
358
361
364 365 366
365 366
366
369 370 371
370 371 372
371 372
372
376
380 382
382 384
384 386
386 387
387 389
389 390 391
390 391 392
391 392
392
395 396
396
400
403
406 408
408
412 414
414 415
415
420 421 422
421 422 423
422 423 424
423 424
424
432
435 437
437 438 439
438 439
439 441
441 443
443
448 449 450
449 450 451
450 451 452
451 452
452
455 456 457
456 457 458
457 458
458 460
460 461
461 463
463
467 469
469 470 471
470 471 472
471 472
472
481 482 483
482 483 484
483 484 485
484 485 486
485 486
486
490
496
503 504 505
504 505
505 507
507 509
509 510
510 512
512
517 518 519
518 519
519 521
521 552
526 528
528 529
529
531
535 536
536 538
538 539
539
542 543
543
546 548
548 550
550 551 552
551 552
552 554
554
559
563 564 565
564 565 566
565 566 567
566 567
567 569
569 570
570 572
572 574
574
578 579
579 972
583 585
585 586 587
586 587 588
587 588 589
588 589
589 591
591 592
592 594
594 595
595
600 601 602
601 602
602
606 608
608 610
610 612
612
615 617
617
623 624
624 626
626 627
627 629
629 630
630 632
632
638 639 640
639 640 641
640 641 642
641 642
642
645 646
646 648
648 650
650 652
652
655 656
656 658
658 660
660
663 664
664
667
670 671
671
674 675
675 677
677 679
679 681
681
684 685
685
699 701
701
704 705
705
711 713
713 715
715 716 717
716 717 718
717 718
718 720
720
724 726
726 727
727
737
741 742
742 744
744 746
746 747 748
747 748
748
752
756 758
758
763
766
769 770 771
770 771
771 773
773 775
775 777
777
781
785 786 787
786 787 788
787 788
788
792
795
801 802 803
802 803 804
803 804
804
807
811 812 813
812 813 814
813 814 815
814 815 816
815 816 817
816 817 818
817 818
818
827 828
828
832 833 834
833 834
834 836
836
839 840
840
843
847 848
848
851 852
852
855 857
857 859
859 861
861 862 863
862 863
863
866 868
868 869 870
869 870 871
870 871 872
871 872 873
872 873
873
877 878 879
878 879 880
879 880
880 882
882
892
895 897
897 898
898
901 902
902
905 907
907 909
909 911
911
914 915 916
915 916 917
916 917 918
917 918 919
918 919
919 921
921
926 928
928 929
929 931
931 932 933
932 933 934
933 934
934
938 940
940
943 945
945 946 947
946 947
947
951 952 953
952 953 954
953 954
954
958 959 960
959 960
960 962
962
966 967 968
967 968 969
968 969 970
969 970 971
970 971 972
971 972
972 974
974
978 980
980 982
982 983 984
983 984
984
990 991 992
991 992
992 994
994
997 999
999
