#naive2.0.py
# GMT Fri Feb 14 13:34:29 2020
# 
0 2
2 3 4
3 4
4
6
11 12 13
12 13 14
13 14
14
22 23 24
23 24 25
24 25 26
25 26 27
26 27 28
27 28
28 30
30 31 32
31 32
32 34
34 35 36
35 36 37
36 37 38
37 38
38
41
44 46
46
49 50
50 52
52 54
54 55
55
58
61
64
69 70 71
70 71
71
75
78
81 82 83
82 83
83 85
85 87
87
91 92
92
97
100
105 107
107 108 109 529
108 109 110
109 110 111
110 111
111
117 118 119
118 119
119
123 124 125 707
124 125
125 127
127 128
128 130
130 131 132
131 132
132 134
134 135
135
139 141
141 142
142 144
144 145
145 147
147
150 151 152
151 152 153
152 153 154
153 154
154
157 158 159
158 159
159 161
161 162 163
162 163 164
163 164 165
164 165
165
169 170
170
173 175
175 176 177
176 177 178
177 178
178 180
180
183
184 186
186 187
187 189
189 190
190 192
192 194
194
199
203 204 205
204 205
205 207
207 208
208 210
210
222 223
223
226 228
228
231 232 233
232 233 234
233 234
234 236
236 238
238 239
239 241
241 243
243 245
245 246
246 248
248 249
249
255
260 262
262 263
263 265
265 266
266 621
272 274
274 276
276
280
283
286 287
287
296 298
298 300
300 302
302 303
303
306
314 315
315 317
317
324 326
326
331
334
338 339
339 341
341 343
343 344 345
344 345 346
345 346 347
346 347
347
351 353
353 354 355
354 355
355 357
357 359
359 361
361
364 365 366
365 366 367
366 367
367
382 384
384
387
391 393
393 394
394 396
396 397
397
404 405
405
408 410
410 412
412 414
414 415
415 417
417 419
419
430
433 434 435
434 435
435
439
442 444
444 445
445 447
447
451 453
453
461
469
473 474
474
477 478
478
481
484 485
485
488 490
490 492
492 493
493
497
500 502
502
505 507
507 509
509 511
511
517 518
518 520
520 522
522 523
523 525
525 527
527 529
529 530
530 532
532 533
533
536 538
538 540
540
543 545
545
548 550
550
554
557 558 559
558 559 560
559 560
560 562
562 563 564
563 564 565
564 565 566
565 566 567
566 567 568
567 568
568 570
570 571
571 573
573
579 972
582 584
584
588
592 594
594 595
595
599 600 601
600 601 602
601 602
602 604
604
607
610 612
612
616 617
617
620 621
621
629 630 631
630 631 632
631 632
632
640 641 642
641 642 643
642 643
643
646 647 648
647 648 649
648 649
649 651
651
654 655 656
655 656 657
656 657
657 659
659 660
660
663 664
664
667 668 669
668 669
669
677 678 679
678 679 680
679 680 681
680 681
681
685 687
687
690 691
691 693
693
698
703 704
704 706
706 707
707
709 711
711
714 715
715
718 720
720 722
722 724
724
727 728
728
731
741
745
748 749
749 751
751 752 753
752 753 754
753 754 755
754 755 756
755 756 757
756 757
757 759
759 761
761 762 763
762 763 764
763 764
764 766
766
769
772
779 780
780
785 787
787 789
789 790 791
790 791
791
796 797 798
797 798
798 800
800 801 802
801 802 803
802 803
803
813 814
814
817 819
819 821
821 823
823 824 825
824 825 826
825 826 827
826 827 828
827 828 829
828 829 830
829 830 831
830 831 832
831 832 833
832 833 834
833 834 835
834 835
835 918
837 838 839
838 839 840
839 840 841
840 841 842
841 842
842 844
844 845 846
845 846 847
846 847 848
847 848 849
848 849 850
849 850
850
853 854 855
854 855
855 857
857 858
858
863
866 867
867
871 872 873
872 873 874
873 874 875
874 875
875
879 880 881
880 881
881
884 886
886
894
898 900
900 901
901 903
903 904 905
904 905 906
905 906 907
906 907
907 909
909
912 913
913
918 919 920
919 920 921
920 921
921 923
923
926
929 931
931
935 936
936
941
946 948
948 950
950 951 952
951 952
952 954
954 956
956 957 958
957 958
958
961 962 963
962 963
963
966 968
968 969 970
969 970
970 972
972 973
973
976 977 978
977 978 979
978 979 980
979 980 981
980 981
981 983
983 985
985
988 989 990
989 990 991
990 991 992
991 992 993
992 993
993
997
