#naive2.0.py
# GMT Fri Feb 14 13:34:34 2020
# 
2 3 4
3 4 5
4 5 868
5 7
7 8
8 10
10
13
18 19
19
22 24
24 25
25
28 29 30
29 30 31
30 31 32
31 32 33
32 33 34
33 34 35
34 35 36
35 36 37
36 37
37 39
39 40 41
40 41
41
46
50
53 55
55 56 57
56 57 58
57 58 59
58 59
59
62 64
64
68 70
70 71
71
74 76
76 77
77 79
79
82 83 636
83
87
90
93
101 102
102
107 529
110 111 112
111 112 113
112 113 114
113 114
114 116
116 118
118
135 136 137
136 137 138
137 138 139
138 139 140
139 140 141
140 141 142
141 142 143
142 143
143
146 147 148
147 148
148 150
150 151 152
151 152 153
152 153 154
153 154
154
157 158 159
158 159
159
162 163 164
163 164
164
168
173 174 175
174 175
175 177
177
180 181
181
184 186
186 188
188 190
190
194
199 200
200 202
202 204
204
208 209
209
216 217 218
217 218
218
222
225 227
227 228
228
231 232
232 234
234 235
235 237 582
237 238 239
238 239
239 241
241 243
243 245
245 246 247
246 247 248
247 248
248
251 252
252
255 256 257
256 257
257
262
267 269
269 271
271 273
273
277
281 283
283
286 287
287
290 292
292
295 296 297
296 297 298
297 298 299
298 299 300
299 300 301
300 301 302
301 302
302
305 306
306 308
308
311
314 315 316
315 316
316
320
329
333 334
334 336
336 338
338 339
339 341
341 342 343
342 343
343 345
345 346 347
346 347
347
350
354
358 360
360 362
362 363
363 365
365
369 370 371
370 371
371
375
380
388 389 390
389 390 391
390 391 392
391 392 393
392 393 394
393 394 395
394 395 396
395 396 397
396 397
397
400 402
402 403 404
403 404
404
410 412
412 413
413
418
421 423
423
427 429
429 430 431
430 431
431
435 437
437 438
438
442
445 446 447
446 447 448
447 448
448
454 455 456
455 456 457
456 457
457 459
459 460
460
465
468 469 470
469 470
470
473
478 479 480
479 480
480 482
482 483 484
483 484 485
484 485 486
485 486
486
491 493
493 495
495 497
497 498
498 500
500 502
502 503
503
506 507
507
510
513
516 517
517
521 552
525 527
527 529
529 530
530
535
538
545 547
547 549
549 551
551 552
552
557 559
559 560 561
560 561
561 563
563 564
564
573 574
574 576
576 577 578
577 578
578 580
580 582
582 583 584
583 584
584
587 588
588
591 593
593 594 595
594 595
595
598 599
599
602
607 609
609 610
610 612
612
615
619 620 621
620 621
621
624 625 626
625 626
626
632 633
633
636 637
637
642 643
643
646 647 648
647 648 649
648 649
649
654
658
663 664
664
667
672
675 677
677 679
679 680 681
680 681
681 683
683 684
684
692
696 698
698 699
699
703
706 708
708 710
710 711
711 713
713 714
714
717 718
718 720
720 722
722
726 727 728
727 728 729
728 729 730
729 730
730 732
732 734
734 736
736 737 738
737 738 739
738 739
739
745 746 747
746 747
747
750 751 752
751 752
752 754
754 755
755
763 765
765 766
766
770
773
779 780
780 782
782 784
784 786
786 787
787
790 791 792
791 792
792 794
794 796
796 798
798
801
804
809 811
811 812 813
812 813
813
816 818
818 820
820 821 822
821 822
822
825 826
826
831
840 841
841 843
843
847
850 851
851
854 855
855
858
861 862
862 864
864 865 866
865 866
866 868
868 870
870 872
872 873 874
873 874
874
877 879
879 880
880
887
891
895 897
897 898
898
905
908
913
916 917
917
920 921
921
926 927 928
927 928 929
928 929 930
929 930 931
930 931
931
936 938
938 939 940
939 940 941
940 941
941 943
943 944
944 946
946 947
947 949
949 950
950
955 956
956 958
958 960
960
964
971 972
972
975 977
977 978
978
982 983
983 985
985 986 987
986 987 988
987 988
988 990
990
997 998 999
998 999
999
