#naive2.0.py
# GMT Fri Feb 14 13:34:35 2020
# 
9 11
11 12
12 14
14
18
26
30 31 32
31 32
32 34
34 35
35 37
37 39
39 40
40
45 47
47 49
49 50
50
53
58 59 60
59 60 61
60 61
61 63
63
66 68
68 70
70 71
71 73
73 74 75
74 75
75
79 80
80
84 85
85 87
87 88 89
88 89
89 91
91 93
93
97 98 99
98 99
99
109 110
110 112
112 113
113
116 117 118
117 118 119
118 119 120
119 120
120
130
133
136 137
137 139
139 141
141 142
142
152
155 157
157
160 161
161 163
163 165
165
171 173
173 174 175
174 175 176
175 176
176
180 181
181
191 192
192
197 199
199 201
201 203
203
206 207 208
207 208
208
213 215
215 217
217
220 221
221 223
223 225
224 225
225
228
231 233
233 234
234
242 244
244
248
256 257
257
262
268 269
269 271
271 272
272 274
274 275
275 277
277 278 279
278 279
279 281
281
284 285 286
285 286 287
286 287
287
291 293
293
296 297
297
300
305 306 307
306 307
307
311
315
318 319
319
323 325
325 326 327
326 327
327 329
329
332 333
333 335
335 336 337
336 337 338
337 338 339
338 339 340
339 340 341
340 341
341 343
343
346 348
348 349
349
353 354 355
354 355 356
355 356 357
356 357 358
357 358 359
358 359
359 361
361 363
363 364
364 366
366 368
368 369 370
369 370
370 372
372
375
382 383
383 385
385
390
393
396 397
397 399
399 400
400 402
402 404
404 405
405 407
407 409
409
412 413 414
413 414 415
414 415 416
415 416
416
420
423 424 425
424 425 426
425 426
426
432 433
433 435
435
443 445
445 447
447 448 449
448 449 450
449 450 451
450 451 452
451 452 453
452 453 454
453 454 455
454 455
455
460
464 465
465
468
472 474
474 476
476 477
477 479
479 481
481 483
483 484
484 486
486 488
488 489 490
489 490
490
496
500 502
502 504
504 505
505
512 513 514
513 514
514
519 521
521
525 526
526 528
528
536
541 542 543
542 543
543
547 548 549
548 549 550
549 550 551
550 551
551 553
553
557
560 562
562
566 567 568
567 568
568
576 578
578 579
579
582 583
583 585
585 586
586 588
588 589
589 591
591 592
592
595 597
597 599
599 600
600 602
602 603
603 605
605 607
607
610 612
612
616 618
618
626 627
627
630 631
631 633
633 634
634 636
636
638 639
639
642 643
643
648 649
649 651
651
655 657
657
661 663
663 664
664
668 669
669
672 673 674
673 674
674
678 680
680 681
681 683
683
687 688 689
688 689
689 691
691 692
692
695 696
696
701
705 707
707
709 710
710 712
712
718
723 724
724
727 728
728 730
730 731 732
731 732 733
732 733 734
733 734
734 736
736
743 951
747 749
749 750 751
750 751
751 753
753 754
754 756
756
762
767 768
768 770
770 772
772 774
774 776
776
779 780
780
784
787 788
788
792 794
794 795
795
799 801
801 802
802
807 808
808
812
815
818 819
819 821
821
828 829 830
829 830 831
830 831 832
831 832 833
832 833
833
838 839
839 841
841 843
843 844 845
844 845 846
845 846 847
846 847
847
850 852
852
857 858 859
858 859
859
862 863 864
863 864
864
867 869
869
873
876 877 878
877 878 879
878 879
879
882 883
883
888 889 890
889 890
890 892
892 894
894 895 896
895 896
896 898
898
903 905
905 906
906 908
908 909
909
912 913
913
917
924 926
926 927
927 929
929
935
938 939 940
939 940
940
943 945
945 946
946 948
948
951
954 955 956
955 956
956 958
958
964
967
970 971
971 973
973
977 978 979
978 979
979 981
981 982
982
987 988
988 990
990
993 994 995
994 995
995 997
997 999
999
