#naive2.0.py
# GMT Fri Feb 14 13:34:35 2020
# 
1 2
2 4
4 5
5 6 7
6 7 8
7 8
8
11 12
12
15
18 19 20
19 20
20
23 24
24
30 31 32
31 32
32
35
38 40
40 41 42
41 42
42 44
44 45 46
45 46
46
50 51 52
51 52
52 54
54 56
56 57 58
57 58 59
58 59 60
59 60
60
64 65 66
65 66
66
69 71
71 73
73 75
75
93 95
95 96
96 97 98
97 98
98 100
100
104 106
106 107 108
107 108 109
108 109 110
109 110
110
113 114
114 116
116
119
123 887
128
131 132
132 134
134 136
136
139 141
141 142
142 144
144 145
145
148 150
150 151
151
154
162 163 164
163 164 165
164 165 166
165 166
166 168
168 169
169
172 173
173
179
182
185 186
186
189 191
191 192
192
196 197
197
200
204 205 206
205 206
206 208
208 210
210
215 217
217
221 735
230
233 235
235 237
236 237 238
237 238 239
238 239 240
239 240 241
240 241 242
241 242
242 244
244 245 246
245 246
246
249 250 251
250 251
251
255
258 260
260 261 262
261 262 263
262 263 264
263 264 265
264 265 266
265 266
266
269 270
270
276
281 282 283
282 283 284
283 284 285
284 285
285
292 293
293 295
295 296
296 298
298
301 302 303
302 303 304
303 304
304 306
306 308
308
311 312
312 314
314 316
316 317
317 319
319 320
320
323
330
333 334 335
334 335 336
335 336 337
336 337 338
337 338
338 340
340
343 344
344 346
346 347 348
347 348 349
348 349 350
349 350
350 352
352
356 357 358
357 358
358
361 363
363 365
365 367
367 368 369
368 369 370
369 370 371
370 371 372
371 372 373
372 373
373 375
375
378 380
380 382
382 383
383 385
385 387
387
393 394 395
394 395 396
395 396 397
396 397 398
397 398
398 400
400 402
402 404
404
408
412 414
414 416
416
419 420 421
420 421 422
421 422
422
425 426
426
430
434
439
449 450 451
450 451 452
451 452 453
452 453 454
453 454 455
454 455
455 457
457 458
458
461 463
463 464
464
467 469
469 470 471
470 471 472
471 472
472 474
474 476
476 477 478
477 478
478 480
480 481 482
481 482
482 484
484 485 486
485 486
486 488
488 489 490
489 490
490 492
492 494
494
498 499 500
499 500
500
503 504 505
504 505
505
511 512
512
518 519
519
522 524
524
527 528
528 530
530 531
531 533
533
536
542 543
543
546 548
548
554 555
555
558 559
559
562
569 570
570
573 575
575 576
576 578
578
581
586
590 591
591 593
593 594 595
594 595 596
595 596 597
596 597
597
609
614 615
615
618 619
619
624 625
625
631 633
633 634 635
634 635
635 637
637 638 639
638 639
639
643 644 645
644 645
645 647
647 649
649
652
656
659 661
661
666
669
673
676 678
678 679 680
679 680
680
685 686
686
691 693
693
699 700
700 702
702 703
703
706
712 713
713 715
715 717
717 719
719 720
720
723 724
724
727
730
735 737
737 738 739
738 739 740
739 740
740
746 747 748
747 748
748
754 755 756
755 756 757
756 757 758
757 758
758
763
768
772 773
773 775
775
779
782 783 784
783 784 785
784 785 786
785 786
786 788
788 790
790 791 792
791 792
792
797
801 803
803 805
805 806 807
806 807 808
807 808
808
811
814 815
815
818 819
819 821
821
824 825 826
825 826
826 828
828
831 832 833
832 833
833
837
846
851 853
853 855
855 856
856
860
863 864
864 866
866
869 870 871
870 871 872
871 872
872
875 876 877
876 877
877
882 883 884
883 884 885
884 885
885 887
887
890 892
892 893
893
897 898
898
904 905
905 907
907 908 909
908 909
909
913
916
920 921 922
921 922 923
922 923 924
923 924
924
927 929
929
936
940 941 942
941 942
942
945 946
946 948
948 949
949
955
958
962
969 970 971
970 971 972
971 972
972 974
974 975
975 977
977 979
979 980
980
985 986 987
986 987
987
991 992
992
995
