#naive2.0.py
# GMT Fri Feb 14 13:34:34 2020
# 
1 3
3 4
4 868
11 12 13
12 13
13 15
15 17
17 19
19 20
20 22
22
26 27
27
30 32
32 33
33 35
35 36 37
36 37 38
37 38
38
44 46
46 47
47
50 51
51 53
53
56 57 58
57 58 59
58 59
59 61
61
67 69
69
78
82 83 84
83 84
84
89 90 91
90 91
91 93
93 94 95
94 95 96
95 96 585
96
99 101
101 102 103
102 103
103
106 107
107 109
109
112 113 114
113 114 115
114 115
115 117
117 119
119 121
121 122
122 124
124
127 129
129 131
131 132 133
132 133 134
133 134
134 136
136
140 142
142 144
144 145 146
145 146
146
150
153 155
155 157
157
160 161 162
161 162 163
162 163
163 165
165 166
166 168
168 169
169
173
176 178
178
181 182 183
182 183 184
183
184
189
192 193
193
196 198
198
201 202 203
202 203
203
206 207 208
207 208 209
208 209 210
209 210
210
214 215
215
219 220
220 222
222 223 224
223
224
227
231 232
232 234
234 235 236
235
236 238
238 240
240 241
241
244 246
246
249 250 251
250 251
251
255 256 257
256 257
257 259
259
263
266 267 268
267 268
268 270
270 271
271
275 276 277
276 277 278
277 278
278
283 285
285 286
286 288
288 289
289
299
309
312
318 319 320
319 320 321
320 321
321 323
323
326 328
328 329 330
329 330 331
330 331
331
334 335
335
338
342 344
344
347
350 352
352 354
354 355
355
358 359
359 361
361 362 363
362 363 364
363 364 365
364 365
365 367
367 368 369
368 369 436
369
372 373
373 375
375
379 381
381
386
389 391
391 392
392
398
401 403
403
406 408
408
413 415
415 416 417
416 417
417 419
419 420
420
423 424
424 426
426 427
427
431 433
433 435
435 436 437
436 437
437 438 439
438 439
439 441
441
444 445
445
448
452
455 456
456
461 463
463 465
465 467
467 468 469
468 469
469
472 474
474 476
476 478
478
482 483
483 485
485 487
487 489
489 490
490 492
492 493 494
493 494
494
498 499 500
499 500
500
505 506 507
506 507
507 509
509 510 511
510 511
511 513
513 514
514
519 520 521
520 521 522
521 523
522 523
523
530
537 538
538 540
540
545
551 553
553
559
563 564
564
569
576 578
578 579 580
579 581 972
580 581
581
585
588
592 593 594
593 594
594 596
596 597
597
600 601 602
601 602
602 604
604 606
606 608
608
611 613
613 615
615 616 617
616 617 618
617 618 619
618 619 620
619 620
620 622
622 623
623
626
630 632
632 633 634
633 634
634
638 639
639
643 644 645
644 645
645
648 650
650 651 652
651 652
652
660 661
661 663
663 665
665 666 667
666 667
667
675 676 677
676 677 678
677 678
678 680
680 681
681
685 687
687
696 698
698 699
699
702 703
703 705
705 707
707
710 711
711 713
713 714
714 716
716 717
717
721 722
722 724
724
727
731 733
733
736 737
737
741
744
751 753
753 755
755 756
756 758
758
765
768
771 772 773
772 773
773 775
775
780 781
781
784 785
785
788
794
797
801 802
802
806 808
808 809 810
809 810
810
813
816 818
818
823 825
825 827
827 828
828
833 834 835
834 835 836
835 836
836 838
838
841
844
847 848
848
851 853
853 854
854
863 865
865 867
867 868 937
868 870
870 871
871 873
873 874 875
874 875
875 877
877 878 879
878 879
879
882
888
896 897 898
897 898 899
898 899 900
899 900 901
900 901
901 903
903
906 908
908 910
910 912
912
915
922 924
924
927 929
929 931
931 932 933
932 933 934
933 934 935
934 935 936
935 936 937
936 937 938
937 938
938 939 940
939 940
940
943 945
945 947
947 949
949 950
950
955
959
962 964
964
969 971
971 972
972 974
974 975
975 977
977
981 982
982 984
984
989
992 993
993
998
