#naive2.0.py
# GMT Fri Feb 14 13:34:33 2020
# 
0 2
2 3 4
3 4 5
4 5
5
9
12 13
13
16
19 21
21 22 23
22 23
23
28 29
29 31
31
35 36
36
40 42
42
45 46 47
46 47
47
50 52
52 53
53
58 60
60 61 62
61 62
62
68 70
70
73 75
75
83 85
85 87
87 88 89
88 89
89 91
91
95 96
96
100 102
102 103 104
103 104
104 106
106
109
116 117
117
121
126
129 131
131 132 133
132 133 134
133 134
134
138
141 143
143 144
144 146
146 147 148
147 148
148 150
150 152
152
159 161
161
168
172 173 174
173 174
174 176
176 177
177
182 183 184
183 811
184
187
192 193
193 195
195 196 197
196 197 198
197 198
198
203
206 207 208
207 208 209
208 209 210
209 210 211
210 211 212
211 212
212
215
218 220
220
223 225 429
225
228 230
230
233
236
239 241
241 243
243 245
245 247
247
250 252
252 253
253 255
255 257
257 258 259
258 259
259 261
261
265 266
266 268 621
268 270
270
273 274
274
280 282
282 284
284 285 286
285 286
286
289
293 294
294
299
302 304
304 305
305
312
318 319
319 321
321 322
322
328
331
334 335
335
343
346 347
347 349
349 351
351 353
353 354 355
354 355 356
355 356
356 358
358 359 360
359 360
360
364 366
366 367 368
367 368 369
368 369
369
373 375
375
384 385
385
388 389
389 391
391 392 393
392 393 394
393 394 395
394 395 396
395 396 397
396 397
397
402 403 404
403 404 405
404 405 406
405 406
406
411 412
412 414
414 415
415 417
417 418
418 420
420 421
421 423
423 425
425
428 429 430
429 430 431
430 431 432
431 432 433
432 433
433
438 439 440
439 440 441
440 441 442
441 442
442 444
444
448 449
449
452 453
453
456 457 458
457 458 459
458 459 460
459 460 461
460 461 462
461 462 463
462 463 464
463 464 465
464 465
465 467
467 468
468
472 474
474 476
476
480 481 482
481 482 483
482 483 484
483 484 485
484 485
485
488 489
489
495 497
497 498 499
498 499
499
502 503
503 505
505 506 507
506 507
507 509
509 510
510
513 514
514 516
516 517
517 519
519
522 524
524 525 526
525 526
526
531 533
533 534 535
534 535
535
539
543 544
544
547
550 551
551 553
553 555
555
561 562
562 564
564 565 566
565 566 567
566 567 568
567 568 569
568 569
569 571
571
578 580
580
583
586 588
588 589 590
589 590
590
593 594 595
594 595 596
595 596 597
596 597 598
597 598 599
598 599
599
602 604
604 606
606 607
607
611
614 615 616
615 616 617
616 617 618
617 618
618 620
620 621 622
621 622
622 623
623
626 628
628
634 635 636
635 636 637
636 637
637
642 644
644 646
646 647 648
647 648
648
652 653 654
653 654 655
654 655
655
658
662 663
663
666 667 668
667 668
668
672 673
673
676 678
678 680
680 681
681
689 690 691
690 691 692
691 692 693
692 693 694
693 694 695
694 695 696
695 696 697
696 697 698
697 698 699
698 699
699 701
701 703
703 704 705
704 705 706
705 706
706
709 711
711 712
712
723
727 729
729
735 737
737 739
739 741
741 743
743 744
744 745
745 747
747
750 752
752 753
753 755
755 756 757
756 757 758
757 758
758 760
760 761 762
761 762
762 764
764
769 770 771
770 771 772
771 772
772
776 777
777 779
779 780 781
780 781
781
786 787 788
787 788 789
788 789
789 791
791 793
793 795
795 797
797
807 809
809 810 811
810 811
811 813
813 814
814 816
816 818
818 820
820
824 825
825 827
827
832
837 838
838 840
840 842
842 844
844 845
845
850 851 852
851 852 853
852 853
853
857 859
859 860 861
860 861 862
861 862 863
862 863 864
863 864
864 866
866
869
873 874 875
874 875 876
875 876
876
881
885 886 887
886 887
887
891 892
892
898 899 900
899 900 901
900 901 902
901 902
902 904
904
908 910
910 912
912 913
913 915
915 916
916
919 920
920
923 924
924 926
926 927 928
927 928
928 930
930 931 932
931 932 933
932 933
933 935
935 936
936 938
938 940
940
944 945
945
949
952 954
954 956
956
960
963
966
973 974
974
978 979 980
979 980
980
983 984 985
984 985 986
985 986 987
986 987
987
990 991
991 993
993 994
994
997
