#naive2.0.py
# GMT Fri Feb 14 13:34:32 2020
# 
0 1 999
1 3 999
3
6 8
8
11 12
12
15 16 17
16 17
17
20 21 22
21 22 23
22 23
23
29 30
30
34
37
41 42 43
42 43
43 45
45
48 49
49 51
51 53
53 54 55
54 55
55
58 60
60 61
61 63
63
68 70
70 71 72
71 72 73
72 73
73 75
75
78
81 82 83
82 83 84
83 84
84
87
90 91
91
94 96
96 98
98 99
99 101
101 102 103
102 103 104
103 104 105
104 105
105 107
107 109
109 110 111
110 111
111
115
127 128 129
128 129
129
132 133
133 135
135 136 137
136 137
137 139
139
144
148 150
150 152
152 153 154
153 154
154
159
163 165
165 166
166
170 171 172
171 172
172 174
174 175 176
175 176
176 178
178 179
179
184
188 190
190
193 194
194
197
201 203
203 204
204 206
206 207
207
210 212
212 213 214
213 214 215
214 215 216
215 216 217
216 217
217
220 221
221
228 230
230 232
232 233 234
233 234
234 236
236
242
247 248 249
248 249
249
256 258
258 260
260 261
261 263
263 264 265
264 265 266
265 266
266 621
269
272 273 274
273 274
274 276
276 278
278
281 282 283
282 283
283
289
292 293
293 295
295 296 297
296 297 298
297 298 299
298 299 300
299 300
300 302
302
305 306
306
309 310
310
313 314 315
314 315
315 317
317 319
319 321
321 322
322
325 326
326
329
334 335
335
341 342 343
342 343
343
350 351 352
351 352
352
357 359
359 360
360 362
362 364
364 365
365
373 374 375
374 375
375
379
384
387
391
396 398
398 400
400
405 406
406 408
408
412 413
413
416
421 422
422
426
431
437
440
443 444 445
444 445
445 447
447 448
448 450
450 451
451
456 458
458
461
466 467 468
467 468 469
468 469
469
473
476 477 478
477 478 479
478 479
479 481
481 483
483 484 485
484 485 486
485 486 487
486 487
487
490 492
492
496 497 498
497 498
498
501 502 503
502 503 504
503 504 505
504 505
505
508 509
509 511
511 512 513
512 513
513 515
515 516
516
519
524 525 526
525 526 527
526 527 528
527 528
528 530
530 531 532
531 532
532 534
534 535
535
538
543
546 547
547 549
549 551
551 552
552
556 558
558 559 560
559 560
560
570
579 972
580 582
582 583 584
583 584 585
584 585 586
585 586
586
589 590
590
593
597 599
599 600 601
600 601
601 603
603 604 605
604 605
605 607
607 608 609
608 609 610
609 610
610
613
618 620
620 621 622
621 622
622 624
624 626
626 627 628
627 628 629
628 629
629
632 633
633
637 638 639
638 639 640
639 640 641
640 641
641 643
643 644 645
644 645 646
645 646 647
646 647 648
647 648
648
653
656 658 683
658 660
660 662
662
665 666 667
666 667 668
667 668 669
668 669 670
669 670 671
670 671
671 673
673
676
683
685 686
686
690
693 694
694
700 702
702
706
709 710
710
717
721 722
722 724
724 725 726
725 726 727
726 727 728
727 728
728
733
738 739 740
739 740
740
743 744
744 746
746 747
747 749
749 750
750
754 755 756
755 756 757
756 757
757
760 761 762
761 762 763
762 763 764
763 764
764
767
771
775
780 781 782
781 782 783
782 783 784
783 784 785
784 785 786
785 786
786
791 793
793
797 799
799 800 801
800 801
801
804 805
805 807
807 808 809
808 809
809 811
811
816 817 818
817 818
818
824 825 826
825 826
826
830
835 836 918
836
839 840
840
843 845
845 847
847 849
849 850
850
853
859
862 864
864 866
866 867
867 937
871 873
873
881 882
882
886
889
892 893
893 895
895 896 897
896 897 898
897 898 899
898 899
899
902 903
903 905
905
909 910
910 912
912 914
914
917 918
918
922
925 926
926
929 931
931
934 935
935 937
937 938
938 939
939 941
941
944 945 946
945 946
946
949 950
950
954
957
961 963
963 965
965 967
967 969
969
972 973 974
973 974
974 976
976 978
978
982 983
983
986 988
988 989
989
993 994
994 996
996 997
997 999
999
