#naive2.0.py
# GMT Fri Feb 14 13:34:34 2020
# 
0 998
4 5 868
5
8 10
10 11
11 13
13 14
14 16
16 18
18 20
20
23
27 29
29 30
30 32
32
35 37
37
41 43
43 44
44 46
46 48
48 50
50
54
60 61 62
61 62 63
62 63 64
63 64
64 66
66 67
67 69
69 71
71
74 75
75
79
86
90 91 92
91 92 93
92 93
93 95
95
97 98 99
98 99 100
99 100
100 102
102 103
103 105
105
110 111 112
111 112
112
117 118
118 120
120 121
121 123
123 124 707
124 126
126 127
127
130
133 135
135 136 137
136 137
137
143 144 145
144 145
145
148 150
150 151 152
151 152
152 154
154 155 156
155 156
156
159 161
161 162
162
167 169
169 171
171
175 177
177 178 179
178 179
179 181
181 182
182
185 186 187
186 187
187 189
189 190 191
190 191
191 193
193 194 195
194 195
195 197
197 198
198
201 202 203
202 203 204
203 204
204 206
206
212
215 216
216 218
218
221 223 735
222 223 224
223 225 429
224 225
225 227
227 228
228
231
235
240 242
242
245
249 250
250
253 254
254
259 261
261 262 263
262 263 264
263 264
264
267 268 269
268 269
269
272 274
274 276
276 278
278
286 288
288 289
289 291
291 292 293
292 293 294
293 294
294 296
296
300
303 304 305
304 305 306
305 306 307
306 307 308
307 308
308 310
310
314 315
315
318 320
320 322
322 323
323 325
325 326
326 328
328 329
329
332
336 337
337
340 341 342
341 342 343
342 343
343 345
345 347
347 348 349
348 349
349
352
357 358
358
361 362
362
365 366
366
369 370 371
370 371
371 373
373 374
374
380 382
382 383 384
383 384 385
384 385
385 387
387
390 391
391
394 395
395
399 401
401 403
403
407 409
409 410 411
410 411
411 413
413 414 415
414 415 416
415 416
416 418
418 419 420
419 420
420 422
422 424
424 425
425
429 430
430
436 437
437
440
443 444
444
449 451
451 452
452
459
462 463
463
466 467
467
471
478 479
479 481
481
484
488 490
490
494 495
495 497
497
505 506
506 508
508 509 510
509 510
510
516 518
518 519
519 521
521 523
523 525
525 526 527
526 527 528
527 528 529
528 529 530
529 530
530 531
531
534 535 536
535 536
536 538
538
541 542 543
542 543
543 545
545 546
546 548
548
551
554 556
556
560
565 566
566
572
575 577
577 578 579
578 579 580
579 972
580
583
587 589
589 590
590
597
600
603
606 607
607 609
609 611
611 612
612 614
614
618 619
619 621
621
623 624
624
627 628
628 630
630
633 634
634
637 639
639 640 641
640 641 642
641 642
642 644
644 646
646 647 648
647 648 649
648 649 650
649 650
650 652
652 653
653 655
655 656
656 658
658
661 662 663
662 663
663
666 668
668 670
670
673 674
674 676
676 677 678
677 678
678 680
680 682
682 684
684
689 690 691
690 691 692
691 692 693
692 693 694
693 694
694
697 698
698
701
707
709 711
711 712
712 714
714 715
715 717
717 719
719 721
721 722
722 724
724 726
726 727 728
727 728
728 730
730 731
731
734 735
735
738 739
739
742 744
744
747 749
749 751
751
757 758 759
758 759 760
759 760
760
764
767
770 771
771
774 775
775 777
777 778 779
778 779
779
782 783 784
783 784
784
789 790 791
790 791
791 793
793 794 795
794 795 796
795 796 797
796 797
797 799
799 800
800
803
806
811
814 815 816
815 816 817
816 817
817
820 821 822
821 822
822
827 828 829
828 829
829 831
831 832 833
832 833
833
836
841 842
842 844
844
847
856
867 868
868 870
870 871 872
871 872
872 874
874
878 879 880
879 880
880
884
888 889
889
892 894
894 895
895
899 900 901
900 901
901 903
903
908 909
909 911
911 913
913 914
914 916
916
921 922 923
922 923
923
927 928 929
928 929 930
929 930
930
936
940
946 947 948
947 948
948
953 954 955
954 955 956
955 956
956
960 961
961
964 966
966
969
972
979 981
981 982
982
985 986
986
989 990
990 992
992 993 994
993 994
994 996
996 997 998
997 998
998
