#naive2.0.py
# GMT Fri Feb 14 13:34:05 2020
# 
2 4
4 5 6
5 6 7
6 7
7 9
9 10 11
10 11 12
11 12
12 14
14
17 18 19
18 19
19
22
25 26 27
26 27 28
27 28
28 30
30 31
31
35 36
36
43 45
45 46
46 48
48 49 50
49 50 51
50 51 52
51 52 53
52 53 54
53 54
54
57 59
59 60
60
63
66
77
82 83 84
83 84
84 86
86 88
88 89
89 91
91
95 97
97 98 99
98 99
99 101
101 102 103
102 103 104
103 104 105
104 105
105
108 109
109
112 113
113 115
115 116
116
119 121
121
126 128
128 129 130
129 130 131
130 131
131
135 137
137
140
144
148
152 154
154 155
155
162 163
163 165
165 167
167
170 171
171
174
179 181
181 182 183
182 183 184
183 184 185
184 185 186
185 186
186 188
188
191
194 195
195 197
197 199
199 200 201
200 201
201
204 205
205
210
214
217 218
218
221 223
223 225
225 226 227
226 227 228
227 228 229
228 229 230
229 230 231
230 231
231
234 235
235 237
237 239
239 240 241
240 241 242
241 242 243
242 243
243
250
253 254
254
257 258 259
258 259
259
264
267 268
268
271 272
272 274
274
278 280
280 281
281
284 285 286
285 286 287
286 287 288
287 288
288 290
290 292
292
296 297 298
297 298 299
298 299
299
303 304
304
310 311 312
311 312
312 314
314 315 316
315 316
316 318
318
326 327 328
327 328
328
332
335 336 337
336 337 338
337 338
338
342 343
343
346 348
348
356 357 358
357 358
358 360
360 361
361
368 370
370
373
378 380
380
384 385
385
389 391
391
402 404
404 405
405 407
407 408
408 410
410
417 418 419
418 419
419
429
433 434 435
434 435
435
439 440
440
443 445
445
451 452 453
452 453
453
458 459 460
459 460
460
465 466
466
473 475
475 477
477 479
479
485
489 490
490 492
492 493
493
498
503 505
505 506
506
512 513 514
513 514 515
514 515
515
520 522
522 523 524
523 524
524 526
526 528
528
532
536 538
538
541
553 555
555 557
557 558
558
561 563
563
566 567 568
567 568 569
568 569 570
569 570
570 572
572 574
574 575 576
575 576 577
576 577 578
577 578 579
578 579
579 581
581 583
583
586
590 592
592 594
594
599
602 603
603 605
605 606
606 608
608 609 610
609 610
610 612
612 613
613
616
619 621
621
626 627
627 629
629 630 631
630 631
631 633
633 634 635
634 635
635
639 640
640
645
648 650
650 651 652
651 652
652
657 659
659
662
666 668
668 669 670
669 670
670 672
672
681 682 683
682 683 684
683 684 685
684 685
685
696 697 698
697 698 699
698 699 700
699 700 701
700 701
701 703
703
708 709
709 711
711
715 716 717
716 717
717 719
719
722
725 727
727 728 729
728 729 730
729 730 731
730 731 732
731 732 733
732 733
733
738 739
739 741
741 743
743 744
744
747 748
748
755
758 759
759 761
761
766
769
772 773
773 775
775
779
783 785
785
788 790
790 791
791 793
793
796 797 798
797 798
798
806 807
807
811
814
818
821 822 823
822 823 824
823 824
824
835
838 839 840
839 840
840 842
842 843
843
846
851 852 853
852 853 854
853 854 855
854 855
855
858 860
860 862
862 863
863
870 871 872
871 872
872
876 878
878 879 880
879 880
880 882
882 884
884 885
885 887
887
893 895
895 896 897
896 897
897 899
899 900
900 902
902 903
903 905
905 907
907 908
908 910
910 911
911
914
917 919
919
925 927
927 929
929 931
931 932 933
932 933
933 935
935 936
936
939
943 945
945
949 951
951 952 953
952 953
953
958 959 960
959 960
960 962
962 964
964 965
965
968 969
969 971
971 972 973
972 973 974
973 974
974
978 980
980 981
981 983
983 984 985
984 985 986
985 986 987
986 987 988
987 988
988
992 993 994
993 994
994 996
996 997 998
997 998
998
