#naive2.0.py
# GMT Fri Feb 14 13:34:01 2020
# 
0 998
3 5
5
11
14
17 18 19
18 19 20
19 20
20
25
30 32
32 33 34
33 34 35
34 35 36
35 36 37
36 37 38
37 38
38
48 49 50
49 50
50 52
52 54
54
57
61 63
63
66 67
67
70 71
71
74 76
76
81
84 85 86
85 86
86 88
88 89
89
94
97 99
99 100
100 102
102 103
103 105
105 107
107
116
119 120 121
120 121 122
121 122 123
122 123
123 125
125 126
126 128
128 129
129 131
131 132
132
137
149 150
150
153 154 155
154 155 156
155 156 157
156 157
157
162 163 164
163 164
164
174 175
175 177
177 178 179
178 179
179
182
187 188
188
194 195
195 197
197
200 201 202
201 202
202 204
204 205 206
205 206
206
214
218
225 227
227 228 229
228 229 230
229 230
230
233
236 237
237
241
244 245
245
249 250
250 252
252
255 256
256
259 260
260
264
268
271
275 276
276 278
278 279 280
279 280
280 282
282 283
283
286 287
287 289
289 290
290 292
292 293
293
296 297
297 299
299
304 305
305 307
307 308
308
312
316
320 321 322
321 322
322 324
324
328 330
330 331 332
331 332 333
332 333 334
333 334
334
343
348 349
349
352 354
354 355
355 357
357
360
365 367
367 368
368 370
370 372
372
376 377 378
377 378 379
378 379 380
379 380
380
384 385 386
385 386 387
386 387 388
387 388 389
388 389
389
394
397
400 402
402 403
403 405
405 406 407
406 407
407 409
409 411
411 412
412 414
414
417 418
418
424 425
425
428 430
430 431 432
431 432 433
432 433
433 435
435 436
436 438
438 440
440 442
442
446 448
448 450
450
455 457
457 458
458
465 467
467
470 471
471 473
473 474
474
478
481 482
482
485 486 487
486 487
487
490
493
500 501
501 503
503 504 505
504 505
505 507
507
512
519 520 521
520 521 522
521 522
522 524
524 525 526
525 526 527
526 527
527 529
529 531
531 532
532 534
534 536
536
540
543 545
545 547
547
551 552 553
552 553 554
553 554 555
554 555 556
555 556
556
559 561
561 562
562
565 567
567 568 569
568 569
569
578 579 580
579 580
580
587
591
595 596 597
596 597 598
597 598 599
598 599 600
599 600
600 602
602 604
604
609
614
623
628 629
629
632
643 645
645 646
646
651 652
652
655
658 660
660
664 665 666
665 666
666 668
668 670
670 671
671
674 676
676
679
684 686
686
689 690
690
693
696
700 701 702
701 702 703
702 703 704
703 704 705
704 705
705 707
707 708
708
712
715 716 717
716 717
717
720 722
722 723
723 725
725 727
727
732 733 734
733 734 735
734 735
735 737
737
741 742
742
745 747
747 748 749
748 749 750
749 750
750
753
757
760
763 764
764
767 769
769 770
770
773
778
781 783
783 784
784 786
786 787
787 789
789 791
791 792 793
792 793
793
796
801
805
813 814
814 816
816 817 818
817 818 819
818 819
819
822 824
824 826
826
829 830 831
830 831 832
831 832 833
832 833
833
836 837
837 839
839 840
840 842
842 843
843
848 850
850 851
851 853
853 855
855 856
856 858
858 859
859 861
861 863
863
866
870 872
872 873
873
877 878
878 880
880 881
881
884
887
891 893
893 895
895 897
897 898
898
901 902
902 904
904
915 916 917
916 917 918
917 918
918
926 928
928 930
930 931 932
931 932
932
935
938 939 940
939 940 941
940 941
941 943
943
947 948 949
948 949
949
954
957 958 959
958 959
959
962
965 966 967
966 967
967 969
969 970 971
970 971
971 973
973 974 975
974 975
975 977
977 979
979 980
980 982
982 983 984
983 984
984 986
986 987 988
987 988
988
993 995
995 996
996 998
998
