#naive2.0.py
# GMT Fri Feb 14 13:33:57 2020
# 
0
6 7
7
16
20
26
31 33
33 34 35
34 35 36
35 36 37
36 37
37
40 42
42 43
43
47
51 53
53 54 55
54 55 56
55 56
56
61
65
68 69
69
73 75
75 77
77 79
79 80
80
84 85 86
85 86 87
86 87 88
87 88 89
88 89
89
96 97 98
97 98
98 100
100
103 104
104 106
106 107 108
107 108
108
111 112 113
112 113
113
117
131 132
132 134
134
139 141
141
149 150
150
155 157
157
160
164 165
165 167
167 168
168 170
170 171 172
171 172 173
172 173 174
173 174
174 176
176 178
178 180
180 182
182
185
188
192 193
193 195
195 197
197 198 199
198 199 200
199 200
200
203 204
204 206
206 208
208 209
209 211
211 212
212 214
214 216
216 217
217 219
219 220 221
220 221 222
221 222
222 224
224 225
225
229 231
231
234
237 238
238
242 243
243
246 247 248
247 248 249
248 249
249
253
256 257
257
261 262
262 264
264
267
270
274 275 276
275 276 277
276 277
277
282 283
283
287 289
289
292 293
293 295
295 296 297
296 297
297
300 301 302
301 302
302 304
304 305 306
305 306 307
306 307
307 309
309 311
311 312
312 314
314 316
316 317
317 319
319 321
321
326 327 328
327 328 329
328 329 330
329 330 331
330 331
331
339 341
341
344 346
346 347 348
347 348 349
348 349
349
354 356
356 357 358
357 358 359
358 359
359
367 368 369
368 369 370
369 370
370
376 377 378
377 378 379
378 379
379 381
381
384
388 390
390 391 392
391 392
392
396 397
397 399
399 401
401
404
407
410 411 412
411 412 413
412 413 414
413 414 415
414 415 416
415 416
416 418
418 420
420
423 424
424
427 428
428 430
430 432
432
435 437
437 438
438 440
440 441
441 443
443 445
445
448 449 450
449 450 451
450 451 452
451 452
452
455 457
457 459
459 460
460 462
462
465
468 469
469
473 475
475 476
476
479 481
481 483
483 484
484
488
492 493
493
497 498
498
501 503
503
506
509 511
511 512
512 514
514 515
515 517
517
526
533
536 537
537 539
539 540
540
544 545
545
550 551 552
551 552
552
555 556
556
559
563 564
564
567
570 571
571 573
573 574 575
574 575
575 577
577
581 582
582 584
584 585 586
585 586 587
586 587 588
587 588
588
591
595 596 597
596 597
597 599
599 601
601 603
603
606
610
615
618 620
620 621 622
621 622 623
622 623
623 625
625 627
627
630 632
632 633
633 635
635 636 637
636 637 638
637 638
638 640
640 642
642 643 644
643 644 645
644 645 646
645 646 647
646 647 648
647 648 649
648 649 650
649 650 651
650 651 652
651 652
652 654
654 655
655 657
657 658 659
658 659
659
667 669
669 670 671
670 671 672
671 672 673
672 673 674
673 674 675
674 675
675 677
677
681 683
683 684
684
687
690 692
692
695 697
697 699
699 700 701
700 701
701 703
703 704
704 706
706 707 708
707 708
708 710
710 711 712
711 712
712 714
714 715 716
715 716
716
719
723
726
729 730 731
730 731
731
735 736
736
739 740 741
740 741
741 743
743 745
745 747
747
751
754 755 756
755 756
756
760
763 765
765
769 770 771
770 771
771
774 775
775 777
777 778 779
778 779
779 781
781
784 785 786
785 786
786
791 793
793 795
795 797
797
801
805 806 807
806 807 808
807 808
808
812
815 817
817 818
818 820
820 821 822
821 822 823
822 823
823
826
830
837 838
838
842 843
843 845
845 846
846 848
848 849 850
849 850
850
855 856
856 858
858 860
860 861 862
861 862
862 864
864 866
866 867
867 869
869
872 873
873 875
875 877
877 878 879
878 879 880
879 880
880 882
882
885
888 889 890
889 890
890 892
892
898
901
905
909
912 913
913
917 919
919 920 921
920 921 922
921 922
922 924
924
928 930
930 932
932
935 936 937
936 937 938
937 938
938 940
940 942
942 943
943
948 950
950 951 952
951 952
952
957 958
958 960
960 961
961
964 965 966
965 966 967
966 967
967
970
973 974
974 976
976
981 983
983 985
985 986
986
989 991
991 992
992 994
994 995
995
