#naive2.0.py
# GMT Fri Feb 14 13:33:56 2020
# 
1 2 3
2 3
3
6 7 8
7 8 9
8 9 10
9 10
10
15
18
22 24
24 25 26
25 26 27
26 27 28
27 28
28
34 35
35 37
37 38
38
45 46
46
49
53 55
55 56 57
56 57
57 59
59
67
70 71
71
79
85 86 87
86 87
87 89
89 90
90
93 95
95
101 102
102 104
104 105 106
105 106 107
106 107
107
111
115 116
116
123 124
124
133
137 138
138
141 143
143 144
144 146
146 147
147
150 152
152 153 154
153 154 155
154 155 156
155 156
156
159 160 161
160 161
161
166 168
168 170
170 171 172
171 172
172 174
174 175 176
175 176
176
179 181
181
186 187
187 189
189 190
190
193 194
194 196
196 197
197 199
199 201
201 203
203 205
205 206 207
206 207 208
207 208
208
221
224 225 226
225 226
226
233 234 235
234 235
235
238
242 243
243
247
255
258
267 268
268 270
270 271
271
274 276
276 277
277 279
279
282 283
283
286 288
288
291 292
292
296 298
298
301 302 303
302 303
303
315 316
316
320 321 322
321 322 323
322 323 324
323 324
324
328 330
330 331 332
331 332
332
335
342 343
343
347
352
355
360
363 364
364
367 368 369
368 369 370
369 370 371
370 371 372
371 372 373
372 373 374
373 374 375
374 375
375
378 380
380
384 385
385 387
387
390 391
391
394
398 400
400
403
406 407
407
410
413
416
419
422
427
430 431 432
431 432 433
432 433 434
433 434 435
434 435 436
435 436
436 438
438 439 440
439 440 441
440 441 442
441 442 443
442 443
443
448 450
450 452
452 453 454
453 454 455
454 455 456
455 456 457
456 457
457 459
459 460
460 462
462 463
463 465
465
469
472 473 474
473 474 475
474 475 476
475 476 477
476 477 478
477 478
478 480
480
483
487 488
488
493 495
495 496 497
496 497 498
497 498 499
498 499
499
503 504
504
509
514 515 516
515 516
516 518
518 519
519
526 527
527 529
529 530
530 532
532
536
539 540 541
540 541 542
541 542 543
542 543
543 545
545 546 547
546 547 548
547 548
548 550
550
553 554 555
554 555
555
560 561
561 563
563
568 569
569
572 573
573
579 581
581
584 585
585
591 592 593
592 593 594
593 594
594
597 599
599 601
601 603
603 605
605 607
607 608
608 610
610
613
618 619 620
619 620 621
620 621
621
624 625
625 627
627 628 629
628 629 630
629 630
630 632
632 633
633
637 639
639 641
641 642 643
642 643
643 645
645 646
646 648
648 650
650
653 655
655 657
657
662
665
668 670
670 671 672
671 672
672 674
674 675
675
680
683 684
684 686
686 687
687
690 691
691
694
697 698 699
698 699
699
703
706 707
707 709
709 711
711
714 715 716
715 716
716 718
718 720
720 722
722 723 724
723 724 725
724 725
725 727
727 729
729 730
730 732
732
735 737
737 739
739 741
741
745 746
746 748
748
751 753
753
756
759 760
760 762
762 763 764
763 764 765
764 765 766
765 766 767
766 767 768
767 768
768
771
774 775
775 777
777
783 784 785
784 785 786
785 786 787
786 787 788
787 788
788
791 792
792 794
794 796
796 798
798
801
807 808 809
808 809
809
815 817
817
821 823
823 824
824 826
826
830 831 832
831 832 833
832 833
833
839
842 843 844
843 844 845
844 845
845 847
847
852
855 856
856 858
858 860
860 861
861 863
863 864
864
869
873 875
875 876 877
876 877
877
882 883
883 885
885
889 890
890
894 896
896 897
897 899
899
902 904
904
907 908 909
908 909 910
909 910
910
913 914 915
914 915 916
915 916 917
916 917
917
925 927
927 928
928
932
935 936 937
936 937
937
941 942
942
946 947
947
951 952
952
955
961 963
963 964
964
971 972
972
975 976 977
976 977
977 979
979 980
980 982
982 983 984
983 984 985
984 985
985 987
987 989
989
992 993 994
993 994
994
998
