#naive2.0.py
# GMT Fri Feb 14 13:33:56 2020
# 
0 1 2
1 2 3
2 3
3
7 9
9
15 16 17
16 17
17
21 23
23 25
25 26
26
30 31
31
34 35 36
35 36
36 38
38 39 40
39 40 41
40 41
41
45
48 49
49 51
51
54
57
60 62
62 63
63
73
76 78
78
83 84 85
84 85 86
85 86
86
89 90 91
90 91 92
91 92 93
92 93 94
93 94 95
94 95 96
95 96 97
96 97
97 99
99
103
109
112 114
114 115 116
115 116 117
116 117 118
117 118 119
118 119 120
119 120
120 122
122
126 127
127
131 133
133
137 138
138
143 144 145
144 145
145 147
147
152 153
153 155
155 157
157
167
172
175 176
176 178
178
182
186 188
188 189
189 191
191
194 195
195
199 201
201
205 207
207 208 209
208 209
209
212
218 219 220
219 220 221
220 221
221 223
223
227 229
229
233 234
234 236
236
240 242
242 243 244
243 244
244
247
250 252
252 254
254 255 256
255 256
256
262
271
275 276
276 278
278 279
279
282 283 284
283 284
284 286
286 288
288 289
289
293 295
295 297
297
303 304
304
308 309
309 311
311
315 316 317
316 317
317
320
324 325 326
325 326
326
330 331 332
331 332 333
332 333 334
333 334
334
338 339 340
339 340
340
343 345
345
351 353
353
356 357 358
357 358 359
358 359
359 361
361 362 363
362 363 364
363 364
364
367
373 375
375 377
377
382 383
383 385
385 386 387
386 387 388
387 388 389
388 389
389 391
391 393
393 395
395 397
397 398
398 400
400 402
402 403
403
407 409
409 411
411 412 413
412 413
413 415
415 416 417
416 417
417
421
425 426 427
426 427
427
430 431
431 433
433
437 438 439
438 439 440
439 440 441
440 441
441
446
449
452 454
454 455
455 457
457 458 459
458 459 460
459 460 461
460 461
461 463
463
466
469 471
471 472
472 474
474 475 476
475 476 477
476 477
477 479
479 481
481 483
483 485
485 486
486
491
494
497 498
498 500
500 502
502 503
503
508 509
509 511
511
514 516
516
519 520
520
527
530
533 534
534
537 538
538 540
540 541 542
541 542 543
542 543 544
543 544 545
544 545 546
545 546
546
549
552 553 554
553 554
554
560 561
561
566 567
567 569
569
572 574
574 575 576
575 576
576
579 581
581 582 583
582 583 584
583 584 585
584 585
585
591 593
593
597 598
598 600
600
606 607
607
612 613
613 615
615 616
616 618
618 619 620
619 620
620
623 625
625 626
626 628
628 630
630 631 632
631 632 633
632 633
633 635
635
641 643
643 644 645
644 645 646
645 646 647
646 647
647
651
654 655
655 657
657
663 665
665
668 670
670
677
682 683
683
686 687
687
690
693
696 697
697
700
703 705
705 706
706 708
708
715 716
716
724 726
726 728
728
731
735 736
736
739
742
746 747
747 749
749 750 751
750 751
751
754 755
755 757
757
763
766 767
767
770
773 774
774
778 779
779
785 786
786
789 790 791
790 791
791
794
800 802
802 804
804 805
805 807
807 808
808
811 813
813 814 815
814 815
815
824 825
825 827
827
833 835
835 836 837
836 837
837 839
839 840 841
840 841
841 843
843 844 845
844 845
845 847
847
853
858 860
860 862
862 863 864
863 864
864
868 869 870
869 870 871
870 871
871 873
873
876 877
877
880 881
881
884 885 886
885 886 887
886 887 888
887 888
888 890
890 891 892
891 892
892
895 896
896
901 902 903
902 903 904
903 904 905
904 905
905
908 910
910 911 912
911 912 913
912 913 914
913 914
914 916
916
920
926 928
928 929 930
929 930 931
930 931
931
936 938
938
942 944
944 946
946 947
947 949
949 950 951
950 951
951 953
953 955
955 957
957 959
959 960
960
964 965 966
965 966
966
970 971 972
971 972 973
972 973
973 975
975
980 981
981 983
983 984
984
988 990
990
995
