#naive2.0.py
# GMT Fri Feb 14 13:34:00 2020
# 
1 3 999
3 4
4
8
13 14 15
14 15 16
15 16 17
16 17
17
24 26
26 28
28 29
29 31
31
35
39 40 41
40 41 42
41 42 43
42 43
43
47 48
48 50
50
53 55
55
65 66
66
69 70
70 72
72 73
73 75
75
88 90
90
96
100
104 106
106
109
112 113 114
113 114 115
114 115 116
115 116 117
116 117 118
117 118 119
118 119 120
119 120
120
123
126 127
127
135 136 137
136 137
137
140
143 145
145 146 147
146 147
147
152 154
154 156
156 158
158 160
160 162
162 163 164
163 164 165
164 165
165
169 170
170 172
172
175 176
176
182 183
183
186 187
187
194 196
196
199 201
201
204 205 206
205 206
206
212 213
213 215
215 216
216 218
218 219 220
219 220
220
225 226 227
226 227 228
227 228 229
228 229 230
229 230 231
230 231 232
231 232
232
236 237 238
237 238
238
242
246 248
248 250
250 251
251 253
253
258 259 260
259 260
260
264 266
266 267
267 269
269
272 273
273 275
275 277
277 278
278
281
286 287 288
287 288
288 290
290 291
291
297 299
299
302 303 304
303 304 305
304 305 306
305 306
306 308
308 309
309 311
311 312 313
312 313 314
313 314
314 316
316 317 318
317 318 319
318 319
319
324 325
325 327
327
330
334 335
335 337
337 338 339
338 339 340
339 340
340
343
349 351
351
359 360
360
364 366
366 367
367
370 371 372
371 372 373
372 373 374
373 374
374 376
376 377 378
377 378
378 380
380
385 387
387
390 392
392 394
394 396
396 398
398
402 404
404
407 408 409
408 409
409 411
411 413
413
416
420 421 422
421 422 423
422 423
423 425
425 427
427 428 429
428 429 430
429 430
430
433
436 437 438
437 438
438 440
440
445
448 450
450
455
459 461
461 462 463
462 463 464
463 464
464 466
466
471
476 478
478
484 485
485
489
493
499 500 501
500 501 502
501 502
502
507 508 509
508 509
509
514
518 519 520
519 520 521
520 521 522
521 522
522
526 528
528
531 533
533 534
534 536
536
540
546 547
547
550 552
552
555 556
556
559 560 561
560 561
561
564 566
566 567 568
567 568
568
572
575
580 581 582
581 582 583
582 583
583 585
585
589 591
591 592
592
595 596 597
596 597 598
597 598
598
603
606
609 610
610 612
612 614
614 615
615
620 621
621 623
623 624 625
624 625
625 627
627 628
628 630
630 631 632
631 632 633
632 633
633
638 640
640 641
641 643
643 644 645
644 645
645
652
655 657
657 658 659
658 659
659
662 663 664
663 664
664
667 668
668
671 672
672 674
674 675 676
675 676 677
676 677
677 679
679 680
680
684 685
685 687
687 688
688 690
690 692
692 694
694 695
695 697
697 699
699 701
701 702
702 704
704 705
705 707
707 708 709
708 709 710
709 710
710
715
719
723 724 725
724 725 726
725 726
726
729
734
737
741 743
743 745
745
748 749
749
754
760
763 765
765
770 771 772
771 772
772 774
774 775 776
775 776
776 778
778 779
779
784 786
786 787 788
787 788
788 790
790 792
792 794
794 795
795 797
797 799
799 801
801
805 807
807
810 812
812 813 814
813 814
814 816
816 818
818 819 820
819 820
820
824 826
826
829 831
831 832
832 834
834 835
835 837
837
840
845 846 847
846 847
847
852 853
853
858 859
859
864 865 866
865 866
866
869 870 871
870 871
871 873
873 874
874
879 880 881
880 881 882
881 882 883
882 883 884
883 884
884 886
886
896
899 901
901 902 903
902 903
903
906 907 908
907 908
908
913 914 915
914 915
915
919 921
921 922 923
922 923 924
923 924 925
924 925
925 927
927 928
928 930
930 932
932
937
942
946
949
956
962 964
964 965 966
965 966 967
966 967 968
967 968 969
968 969
969 971
971
976
979 980
980 982
982 983
983
988 989
989
994 995
995 997
997 999
999
