#naive2.0.py
# GMT Fri Feb 14 13:34:05 2020
# 
0 1 2 998
1 2
2 4
4
7 9
9
12 13
13
16 18
18 20
20 21
21 23
23 25
25 27
27
30 31
31
34
37 39
39 41
41 43
43 44
44 46
46
50
53
58 59
59
64 65 66
65 66
66
74 75
75 77
77 78 79
78 79 80
79 80
80 82
82 83 84
83 84 85
84 85
85
88 89
89 91
91 92 93
92 93 94
93 94 95
94 95
95
99
102
105 106 107
106 107 108
107 108 109
108 109 110
109 110
110
113 115
115 116 117
116 117 118
117 118 119
118 119
119
123 125
125 127
127 128
128
131 132 133
132 133 134
133 134
134
137
141 142
142
146
149 150 151
150 151 152
151 152 153
152 153 154
153 154 155
154 155
155
160 161
161
166 167 168
167 168
168 170
170 172
172
175
178
181 183
183 184 185
184 185 186
185 186
186
191
194 195 196
195 196 197
196 197 198
197 198 199
198 199
199
205
208 210
210 211 212
211 212 213
212 213
213
217 218
218
221
224
228
232 233 234
233 234
234
237 238
238 240
240 241
241
247 248 249
248 249 250
249 250
250
253
256 258
258 259
259 261
261 262
262
265 266 267
266 267
267 269
269 270
270
275
280
287 289
289 291
291
296 297
297 299
299 300
300
305
310 311 312
311 312
312
315 316
316 318
318 319
319
323 324
324 326
326 328
328 330
330 332
332 333 334
333 334 335
334 335 336
335 336
336
339 341
341 342
342 344
344 346
346 347 348
347 348
348 350
350
353 355
355 356
356 358
358
361 362
362 364
364 365
365 367
367
380 381 382
381 382
382
387 388
388
393 395
395 396
396
399
402 404
404 405
405 407
407 408
408 410
410
414
417 418
418
424
427 429
429 430
430 432
432 433 434
433 434 435
434 435 436
435 436
436 438
438
442
446 448
448 450
450
453 455
455 456
456
460 462
462 464
464 465
465
472 473 474
473 474 475
474 475
475
478 479
479 481
481 483
483 484
484
488 490
490 491
491
496 497
497
500 502
502 504
504 505
505 507
507 508
508
514 515 516
515 516
516 518
518 519 520
519 520
520 522
522 524
524 526
526 527
527 529
529
532
537 539
539 540
540 542
542 544
544
547 549
549
552 553 554
553 554 555
554 555
555
558
565 566
566
569 570
570
574
577 579
579 580
580
583 584
584 586
586 587 588
587 588 589
588 589 590
589 590
590 592
592
595 597
597
600
604 605
605 607
607 609
609 610
610 612
612
615
620 622
622 623 624
623 624 625
624 625 626
625 626
626
629
636
639 640 641
640 641
641 643
643 645
645
651 652
652 654
654 655 656
655 656 657
656 657
657
660 661
661
664 666
666 667
667 669
669
673 674 675
674 675 676
675 676 677
676 677 678
677 678 679
678 679 680
679 680
680 682
682
686
691 692 693
692 693
693 695
695 696 697
696 697
697 699
699
703
709 710 711
710 711
711
714
717
723
726 728
728 730
730
734
738 740
740 741
741 743
743 745
745 747
747 749
749 751
751 753
753
756 757
757 759
759
765 766 767
766 767 768
767 768
768 770
770 772
772
777
781 783
783
790 791
791 793
793 795
795 796
796
801 802 803
802 803 804
803 804 805
804 805
805 807
807 808
808 810
810 812
812 813 814
813 814
814
817 818
818 820
820 822
822 823
823 825
825 826
826 828
828
831 833
833
841 842 843
842 843 844
843 844
844 846
846
849 851
851 852 853
852 853
853 855
855
860 861
861 863
863
868 869 870
869 870 871
870 871
871 873
873 874 875
874 875
875
881
884 885
885
891 893
893 895
895 897
897 898
898 900
900 901
901 903
903
906 907
907 909
909 910 911
910 911 912
911 912
912 914
914
920
923 925
925
928 930
930 931
931
937 938 939
938 939 940
939 940 941
940 941
941 943
943
946 948
948
951 952
952 954
954
957 958 959
958 959
959
967 968 969
968 969 970
969 970
970
974 975 976
975 976
976
980
983
986
991 992 993
992 993 994
993 994 995
994 995
995
998
