#naive2.0.py
# GMT Fri Feb 14 13:34:05 2020
# 
0 999 998
4 5
5 7
7 9
9 10 11
10 11 12
11 12
12
15 16
16
19 21
21
24
29 30
30 32
32 33 34
33 34 35
34 35
35
38 40
40 42
42 44
44 45 46
45 46 47
46 47 48
47 48 49
48 49
49
52 53 54
53 54 55
54 55
55 57
57
60
63 64
64
68 70
70
74 75
75
81
86 87 88
87 88
88 90
90 91 92
91 92
92 94
94
97
102
106
111 112
112 114
114 115
115 117
117 118 119
118 119 120
119 120
120
124 126
126
131
134 135
135 137
137 138 139
138 139 140
139 140
140 142
142 143
143 145
145 146 147
146 147
147 149
149 151
151 153
153 154
154 156
156 157
157 159
159
170
173
177 178
178
181 182
182 184
184 185 186
185 186
186
189 190
190
194
200 201
201
204 205
205
208
211 212
212
216
220 221
221
225 227
227 228
228 230
230
233
237 238
238
241 243
243
247 248
248
252 254
254
258 259
259
265 266 267
266 267
267 269
269 270 271
270 271
271
274
277 279
279 281
281 283
283 284
284 286
286 288
288
292
295 296 297
296 297
297
300 301
301 303
303 305
305
308 309 310
309 310
310 312
312 313 314
313 314
314 316
316
320 321
321 323
323 324 325
324 325
325 327
327
330 332
332
335
339 341
341 342 343
342 343 344
343 344
344
349 351
351
354 356
356
360
363 364
364 366
366 367 368
367 368
368
372
375 377
377 378
378
382 384
384
388 389 390
389 390
390 392
392
395
400 402
402 403 404
403 404
404
410 411
411 413
413 414
414
418 420
420 422
422 424
424
429 431
431
434 435
435 437
437
440
445
450 452
452 454
454 455
455 457
457
461 462
462
465 466
466
471
475
478
486 487 488
487 488
488
492
497 498
498
502
505 506 507
506 507 508
507 508 509
508 509
509 511
511 512 513
512 513 514
513 514
514
521 522 523
522 523
523 525
525 527
527 528
528
532 533 534
533 534
534
537
540
547 548
548
551 552
552
555 557
557 558 559
558 559
559
563
568 570
570 572
572 573
573 575
575
582 584
584
587
590
593
597 598 599
598 599 600
599 600 601
600 601 602
601 602
602
605
611
615 617
617 618 619
618 619
619
622 623
623 625
625 627
627 628 629
628 629 630
629 630 631
630 631
631 633
633 634
634
638 640
640 641 642
641 642 643
642 643 644
643 644
644 646
646
650
653
656 657
657
661 663
663
667 669
669 670 671
670 671
671
676 678
678 679 680
679 680 681
680 681
681
684 685
685
689 690 691
690 691
691
694 696
696 698
698 699 700
699 700
700
708 709 710
709 710
710 712
712 714
714 715
715 717
717 718 719
718 719
719
722 724
724 725
725 727
727
731
736 737
737
742
745 746 747
746 747
747
752 753 754
753 754 755
754 755
755
760 762
762 764
764 765 766
765 766
766 768
768
777
780
783 784 785
784 785 786
785 786
786
789
792
796 797 798
797 798 799
798 799 800
799 800
800
804 805 806
805 806
806
809
815 816 817
816 817 818
817 818
818
822 823
823
828 830
830 831
831
837 838
838
843 845
845 846
846 848
848 849
849 851
851 852
852
857
861 862
862
866 867
867
871
877 879
879 881
881 883
883 884
884
887 889
889
898
905 906 907
906 907
907 909
909 911
911 912 913
912 913
913 915
915
918
921 923
923
928
933 934 935
934 935
935 937
937
940 942
942 943
943
947 949
949 950
950
955 956 957
956 957
957 959
959 960
960
963 964 965
964 965
965
968
971
975 976
976
983 985
985 986 987
986 987 988
987 988 989
988 989
989 991
991 992
992 994
994 995 996
995 996
996 998
998 999
999
