#naive2.0.py
# GMT Fri Feb 14 13:34:06 2020
# 
0 2
2
5
14
21 22
22
25 27
27
33 34
34
38 40
40 41
41
46
50 51 52
51 52
52 54
54 55
55
63 64
64
68 69
69
72 73 74
73 74
74
81 82
82
86 87
87
90
93 94 95
94 95
95
98 100
100
104 105 106
105 106 107
106 107
107 109
109
113 115
115
118 120
120
124 125 126
125 126
126 128
128 130
130 132
132 133 134
133 134 135
134 135 136
135 136
136 138
138
143
147
150 152
152 154
154 155
155 157
157 158 159
158 159
159
166 167
167
170 172
172 174
174
177 178 179
178 179 180
179 180 181
180 181 182
181 182 183
182 183
183
188 189
189 191
191 192 193
192 193 194
193 194 195
194 195
195 197
197
200 201
201 203
203
211
214 215
215
222 224
224 225 226
225 226
226
231 232
232
235
239 241
241
247 248
248
255
262 263 264
263 264
264 266
266 268
268
273 275
275
279 280
280
283 284 285
284 285
285
288 290
290 292
292 293 294
293 294
294 296
296 298
298
306 308
308 309 310
309 310 311
310 311 312
311 312 313
312 313
313
316 318
318 320
320 321
321
325 326
326 328
328
331 332
332
339 341
341 343
343 344 345
344 345 346
345 346
346 348
348 350
350 351
351
354
359
363
368 369
369
372 373 374
373 374
374
377 378
378 380
380
383 384 385
384 385
385 387
387 389
389
392 393
393
397
402 404
404 405
405
411 413
413 414
414
417 418
418
422
427
430
434 435 436
435 436 437
436 437
437
440 442
442 444
444 446
446 447
447 449
449
452 454
454 456
456 457
457 459
459 460
460
464 466
466 467 468
467 468
468 470
470 471 472
471 472 473
472 473
473
476
479 480
480
483
487
490
493 495
495
498
502 503
503 505
505
510 512
512 514
514 516
516
524 526
526 527 528
527 528
528
531 532
532
536 538
538 539
539 541
541 543
543
548
551
558 560
560
563 565
565
570 572
572 573
573
577 578
578 580
580 581
581
584
589 590
590 592
592 594
594
597 598
598 600
600
607
610
614
620 622
622
626
629 631
631
634 636
636 638
638 640
640 642
642 643 644
643 644 645
644 645
645 647
647 648
648 650
650 651
651 653
653
657 658 659
658 659
659
664 665
665
672 673 674
673 674
674
677
681
687 688
688
691
696 698
698 700
700
703 705
705
708 710
710 712
712 714
714 716
716 718
718
722 724
724 725 726
725 726
726 728
728 729 730
729 730 731
730 731
731
734 735
735
739 740
740
744 745
745
748 750
750 751
751 753
753 755
755 757
757 758
758
761 763
763
767
772 774
774
777
781 782
782
787 789
789 790 791
790 791 792
791 792 793
792 793
793
797 799
799
803 804 805
804 805
805
808 809 810
809 810
810 812
812 813 814
813 814
814
817 818 819
818 819 820
819 820
820
823
826
830
834
837
841 842 843
842 843
843
846
852 854
854 856
856 858
858 859 860
859 860
860 862
862
867 868
868 870
870 871
871
875
878 880
880 882
882
885 886 887
886 887 888
887 888 889
888 889
889
892 893 894
893 894 895
894 895
895
898 899
899
902
905 907
907 908
908 910
910 911
911 913
913 914
914 916
916 918
918 920
920 922
922
925 927
927
933 934
934 936
936 938
938
943 945
945 947
947 948 949
948 949
949
952
955
959
962 963 964
963 964 965
964 965
965 967
967 969
969 971
971 972 973
972 973 974
973 974
974
977 978 979
978 979
979
983
987
991
994 995 996
995 996
996
