#naive2.0.py
# GMT Fri Feb 14 13:34:00 2020
# 
0 1 2 998
1 2
2
5 6 7
6 7 8
7 8 9
8 9
9 11
11
16 17 18
17 18 19
18 19
19 21
21
29 31
31 32
32
35
41 42 43
42 43
43
49 50
50
57
61
64 66
66 68
68
71 73
73
76 77
77
80 81
81
86 88
88 90
90 92
92 94
94
100 102
102 103
103
111 112
112
117 118 119
118 119
119
123
126 127 128
127 128 129
128 129 130
129 130
130 132
132 134
134
137
140 142
142
146
151 152
152 154
154 156
156 157
157 159
159
164 165
165
168 169
169
172 173
173
177 178
178
181 182
182 184
184 185
185
191 192
192 194
194 196
196 198
198 200
200 201
201 203
203 204
204 206
206 207
207 209
209 211
211
215 216 217
216 217
217 219
219
224 225 226
225 226 227
226 227
227 229
229 231
231
238 239
239 241
241 242 243
242 243 244
243 244
244
252 253 254
253 254 255
254 255
255 257
257 258
258
262
265 267
267
271 273
273 275
275 276
276
281 282 283
282 283
283 285
285 287
287
292 293 294
293 294
294
300 301
301
304
307 308 309
308 309
309 311
311
316
323
326 327
327
330 331
331 333
333 334 335
334 335
335 337
337 338
338
344 345 346
345 346 347
346 347
347 349
349 351
351 352 353
352 353
353 355
355 356 357
356 357 358
357 358 359
358 359
359
368 369
369
375
378 379 380
379 380
380
384
389
392
396
399 400
400 402
402 403
403
409 410
410
413
416 418
418 420
420 421 422
421 422 423
422 423 424
423 424 425
424 425 426
425 426
426 428
428 429
429 431
431 432
432
437 438
438
441 442
442 444
444 446
446 447
447 449
449 450 451
450 451
451
454 456
456 457 458
457 458 459
458 459
459 461
461
466
470 472
472 473
473
476
479 480 481
480 481
481
488 490
490 492
492 493
493 495
495 496 497
496 497 498
497 498 499
498 499
499
506
513 514 515
514 515 516
515 516 517
516 517 518
517 518 519
518 519 520
519 520 521
520 521 522
521 522 523
522 523
523
526 527
527 529
529
532 533
533
541 542
542
549
552 554
554 555 556
555 556 557
556 557
557
561
565 567
567 568
568 570
570 572
572 573 574
573 574 575
574 575
575
586 587
587 589
589 591
591 592 593
592 593 594
593 594
594
600 602
602 604
604 606
606 608
608 609 610
609 610
610 612
612 613
613 615
615 617
617 618
618 620
620 621
621
624 626
626 627
627 629
629 630
630 632
632 633
633
636 638
638 639
639 641
641
646 647 648
647 648
648 650
650 651 652
651 652 653
652 653
653 655
655 657
657 658 659
658 659 660
659 660
660 662
662 663
663
667 669
669 670 671
670 671 672
671 672
672 674
674 676
676 677
677
682 683
683
688 689 690
689 690
690
693 694
694 696
696 698
698 700
700 701
701
706 708
708
711 712
712
715 716
716 718
718
722 723 724
723 724
724
727 728
728 730
730 732
732 733
733
736 738
738 740
740 741 742
741 742
742 744
744
747 748 749
748 749
749 751
751 752
752 754
754 755
755
759 760 761
760 761 762
761 762 763
762 763 764
763 764
764
769 771
771
776
779 780
780
784
787 788
788 790
790
793 795
795 796 797
796 797 798
797 798 799
798 799 800
799 800 801
800 801 802
801 802 803
802 803
803 805
805 806
806
810 811 812
811 812 813
812 813 814
813 814
814 816
816 818
818 819 820
819 820 821
820 821
821
825 826
826 828
828 829 830
829 830
830
835 837
837
841 842 843
842 843
843
847
853 854
854
867 868
868
874 875 876
875 876 877
876 877 878
877 878 879
878 879
879
883 884
884
887 888 889
888 889 890
889 890 891
890 891
891 893
893 895
895 896 897
896 897
897
900 902
902 903
903
906 907
907 909
909 911
911 912 913
912 913 914
913 914
914
917
922 924
924
927 928
928
931 932
932
935 936 937
936 937 938
937 938 939
938 939
939
943
947 948
948
951
955 957
957
960 962
962 964
964
968 970
970 971
971 973
973
978 980
980 982
982 983
983
986
989 990
990 992
992 993 994
993 994 995
994 995 996
995 996
996 998
998
