#naive2.0.py
# GMT Fri Feb 14 13:33:59 2020
# 
1 2 999
2 4
4 5 6
5 6 7
6 7
7
11
17 18
18 20
20 21
21
24 25
25 27
27 28
28
31
37 39
39 40
40
43
47 49
49
53
57 58 59
58 59 60
59 60
60 62
62 63
63
67 68 69
68 69
69
72 74
74 75 76
75 76
76
81 82 83
82 83 84
83 84
84
88 89 90
89 90 91
90 91 92
91 92 93
92 93 94
93 94
94 96
96 97 98
97 98
98 100
100 102
102 103 104
103 104 105
104 105
105 107
107
111 113
113
117 118
118
121 122
122 124
124 125
125
132 134
134
139
142 143
143
147 148
148 150
150 152
152 154
154 155
155
160 162
162 163 164
163 164 165
164 165
165
170 172
172 174
174 176
176
179 180
180 182
182 183
183 185
185
188 189 190
189 190 191
190 191
191 193
193
197 199
199 201
201 202 203
202 203 204
203 204 205
204 205 206
205 206
206 208
208 209 210
209 210 211
210 211 212
211 212 213
212 213
213
219
227 229
229 231
231
234 235
235
239
242 243
243 245
245 246 247
246 247 248
247 248
248 250
250
256
262 263
263 265
265 267
267 268
268
272 273 274
273 274
274
277 279
279 281
281 283
283
288 289 290
289 290
290 292
292 293
293
296
299
306 307
307 309
309
312 314
314 316
316 318
318 320
320 321
321 323
323 325
325 326 327
326 327 328
327 328
328
331
335 336
336
339 341
341 342
342 344
344 346
346 348
348 350
350 351 352
351 352
352 354
354 355 356
355 356 357
356 357
357
362
368 369 370
369 370 371
370 371 372
371 372
372
375 377
377 378 379
378 379 380
379 380
380
384 386
386
389
393 394 395
394 395 396
395 396 397
396 397
397
401 402
402 404
404
408 409
409
413 415
415
422 423 424
423 424 425
424 425
425 427
427
431 432 433
432 433 434
433 434
434 436
436 438
438 439
439
443
446 447 448
447 448
448 450
450 452
452 453 454
453 454 455
454 455 456
455 456
456
460 461 462
461 462 463
462 463
463
467 469
469 471
471 472
472 474
474 475
475 477
477 478 479
478 479
479 481
481 482 483
482 483 484
483 484
484
487
490 492
492 494
494 496
496
499 500
500
503 504 505
504 505 506
505 506
506 508
508 509
509
513 514
514 516
516
520
529 531
531 533
533
536 537 538
537 538 539
538 539 540
539 540 541
540 541
541 543
543 544
544
547
551 552 553
552 553
553 555
555
559 560
560 562
562
567 569
569 570 571
570 571 572
571 572
572 574
574
578 579 580
579 580 581
580 581
581 583
583 584
584
587
590 591 592
591 592
592 594
594
598
602
605 606
606 608
608 609
609 611
611 612 613
612 613 614
613 614
614
620 621
621 623
623 624
624 626
626 627 628
627 628 629
628 629
629 631
631
636
640 642
642 643 644
643 644 645
644 645
645
650 651
651 653
653 654 655
654 655 656
655 656
656
664
668
671 672
672 674
674 675
675 677
677
682
690 691
691
695 696 697
696 697
697
702
705 707
707 709
709 710
710
717
720 722
722 724
724 725
725
730 731
731
734
742
746 747
747
750
753 755
755
760 761
761
765 766 767
766 767 768
767 768
768
771 773
773
777 778
778 780
780
785 786 787
786 787
787 789
789
794
800 801 802
801 802
802
806
809
812 814
814 816
816 818
818
822 823 824
823 824 825
824 825 826
825 826
826 828
828 829 830
829 830 831
830 831 832
831 832
832
835 836 837
836 837
837 839
839 841
841 842 843
842 843 844
843 844 845
844 845 846
845 846 847
846 847 848
847 848
848
852 853 854
853 854
854 856
856 857 858
857 858
858 860
860
863
868 870
870
875 876 877
876 877 878
877 878
878
882 883 884
883 884 885
884 885
885
888 890
890 891
891 893
893 895
895 896
896
903 904
904 906
906 907
907
910 911
911 913
913 914
914 916
916 918
918
921 922
922
929 930 931
930 931 932
931 932
932
937 938 939
938 939 940
939 940
940 942
942 943 944
943 944 945
944 945
945 947
947 948
948
952 954
954 955 956
955 956
956
961
966 967 968
967 968 969
968 969
969 971
971
975 976
976
979
982 984
984 986
986 988
988 989 990
989 990 991
990 991 992
991 992
992
995 996
996
999
