#naive2.0.py
# GMT Fri Feb 14 13:34:00 2020
# 
1
8
11 13
13
16 17 18
17 18
18
21
24 25
25 27
27 28
28 30
30 31
31
34 35 36
35 36
36
39
43 45
45 47
47 49
49 51
51 52
52 54
54
59 60 61
60 61 62
61 62
62 64
64 65
65 67
67 68
68 70
70
76 78
78
81
84 86
86 87 88
87 88 89
88 89
89 91
91 92 93
92 93
93 95
95 97
97 98
98
101
104 105
105 107
107 108 109
108 109 110
109 110
110 112
112 114
114 115
115
118 119
119
122
126 128
128
131 132 133
132 133
133
136 137 138
137 138
138
143 145
145 147
147
152 153
153 155
155
162 163 164
163 164
164 166
166 168
168
171 172
172 174
174
177 179
179 180 181
180 181 182
181 182
182 184
184 185
185 187
187
190 191
191
200
203
207 209
209
214 216
216
220
223 224
224
228 229
229 231
231 232
232
236 237
237
240 241 242
241 242 243
242 243
243
246 247
247
250
253 255
255
258 260
260 261
261
264
268
271 272 273
272 273
273
278 279
279
282 283 284
283 284 285
284 285 286
285 286
286 288
288 289
289 291
291
295 296
296
299
302 303
303 305
305 306
306
316 318
318
322
326 328
328 330
330 331
331
335 336
336 338
338 339 340
339 340
340 342
342
346 347
347
350 351 352
351 352
352
355 357
357 359
359 360 361
360 361 362
361 362
362 364
364
367 368 369
368 369
369 371
371 373
373 374
374 376
376 377
377
382 383
383 385
385 387
387
393 394
394
403
407 408
408
411
414 415
415
420 421 422
421 422 423
422 423
423
427
435 436 437
436 437 438
437 438
438
441 442
442
445 447
447 449
449 450 451
450 451
451
454 455 456
455 456
456
461 462
462
465
470
475 476 477
476 477 478
477 478
478
482
485 486
486 488
488 489 490
489 490
490
493 495
495 497
497 499
499 500
500 502
502 504
504 505
505 507
507 508
508
511
515
518 519
519 521
521 522
522 524
524
527 529
529
532
535
543 545
545 547
547 549
549 550 551
550 551
551 553
553 555
555 557
557
564 565
565
568 569 570
569 570
570
573
579 580
580
583 585
585 586
586
589
592 593
593
597 598 599
598 599
599
602 604
604 606
606 607 608
607 608 609
608 609
609
613 614
614
618 620
620
624
627
630
634 635 636
635 636
636 638
638
643
656 658
658 660
660 662
662
667 668
668
672 673
673 675
675 676
676
680
686
693 694
694
699 700 701
700 701 702
701 702
702
705
710 712
712
716
719 721
721
724 726
726 728
728
732 734
734
738 739 740
739 740 741
740 741
741 743
743 744 745
744 745 746
745 746
746
751 752
752
756
759 760 761
760 761 762
761 762
762
765 766 767
766 767 768
767 768
768
771
774 775 776
775 776 777
776 777 778
777 778 779
778 779
779 781
781 782 783
782 783 784
783 784
784
787
790
795 797
797 799
799
804 805 806
805 806
806 808
808 810
810 812
812 814
814
822 823
823
826 828
828 829
829
832 834
834
837 838
838
841
845
849
856 857
857
860 861 862
861 862 863
862 863
863 865
865 866
866 868
868 870
870 871
871
874
877
880
883 884
884 886
886 887 888
887 888
888 890
890 892
892 894
894 895
895
898 900
900
903 905
905
915 916
916
919 920
920
923 924
924 926
926 927 928
927 928 929
928 929
929
932
935 936
936
939 940
940
943 944
944
957
960 961
961 963
963 964 965
964 965
965
972 973 974
973 974
974
977 978 979
978 979
979
983 984 985
984 985
985 987
987
990 991
991
998
