#naive2.0.py
# GMT Fri Feb 14 13:34:00 2020
# 
2 3 4
3 4 5
4 5 6
5 6 7
6 7 8
7 8
8
12 13
13 15
15
21 23
23 24
24 26
26 27
27 29
29 30
30 32
32
38 39
39
44 45 46
45 46 47
46 47 48
47 48 49
48 49
49
52
59 60
60
65 66
66
71 72
72
75
84 86
86 87
87 89
89
93 94
94 96
96 97 98
97 98
98 100
100
103 104
104 106
106 107 108
107 108
108 110
110
113
116 117
117 119
119 120 121
120 121
121 123
123 124 125
124 125
125
128
131
134 135
135 137
137
141 143
143 144
144
150 152
152 154
154
161 162
162
165
171
177
180 181 182
181 182
182 184
184
190 191 192
191 192
192
195 196 197
196 197 198
197 198 199
198 199
199
203
208 209 210
209 210
210
213 215
215 216 217
216 217 218
217 218 219
218 219 220
219 220 221
220 221
221
224 225 226
225 226 227
226 227 228
227 228 229
228 229 230
229 230
230 232
232 234
234
238 239
239
242
250
254 255
255
258
264 265
265
268 270
270 271 272
271 272 273
272 273 274
273 274
274 276
276 278
278 279
279
285 287
287 288
288 290
290 291 292
291 292 293
292 293
293
296 298
298 299 300
299 300 301
300 301 302
301 302
302
305 306 307
306 307
307
312
316
321 323
323
327 328
328
332
340
343 344 345
344 345
345
348
351
355
361 362 363
362 363 364
363 364
364
367 369
369 370
370
374 376
376 377
377
383 385
385
390 391
391
394 396
396 398
398
402
405
412
416
419 420 421
420 421 422
421 422
422 424
424 426
426 428
428 430
430 432
432 433
433
438 439
439 441
441 442
442 444
444 445
445
448 450
450 451 452
451 452 453
452 453 454
453 454 455
454 455
455 457
457 458 459
458 459 460
459 460 461
460 461
461
467
471 473
473
478 479
479
484 485
485
489 490 491
490 491
491 493
493 494
494
497 499
499 500
500 502
502 503 504
503 504
504
507
510
513 515
515 517
517
525 526
526 528
528
533
538 539 540
539 540 541
540 541
541
544 545
545
548 550
550 551
551
554 555
555
559 560
560 562
562
565 566
566
572
578
581 582 583
582 583
583
589 590 591
590 591
591
594 595 596
595 596
596
600 601 602
601 602
602
605
608
611 613
613
616 618
618 620
620
625 626 627
626 627 628
627 628 629
628 629
629 631
631 632
632
636 637
637 639
639 640
640 642
642 643
643
646
650
655 657
657 659
659 661
661 663
663 665
665 667
667 669
669
674 676
676 677 678
677 678
678 680
680 682
682
692 694
694 695 696
695 696
696
700
703 705
705 707
707
710 712
712 713 714
713 714
714
718 720
720 721
721 723
723 725
725
728 729 730
729 730
730 732
732 733 734
733 734
734 736
736
749 750
750
753 754 755
754 755 756
755 756
756
763 764 765
764 765 766
765 766 767
766 767 768
767 768
768
771 772
772
776 778
778 779 780
779 780 781
780 781
781
785 786 787
786 787
787
793 794 795
794 795 796
795 796
796
799 800
800
807
816 817 818
817 818 819
818 819
819 821
821 823
823 825
825 826
826 828
828 829
829 831
831
837 839
839 841
841
844 846
846 847 848
847 848 849
848 849 850
849 850 851
850 851
851
856
860 862
862 863
863
868
873 875
875 876
876 878
878
881
886
891 893
893 894 895
894 895 896
895 896 897
896 897
897 899
899 900 901
900 901
901
906 907
907
910 911
911
914 915 916
915 916 917
916 917
917
924
929 930
930
934 936
936 937
937 939
939
942 944
944
947 949
949 950 951
950 951
951
956 958
958 959 960
959 960
960 962
962 963 964
963 964
964 966
966 967 968
967 968 969
968 969 970
969 970 971
970 971 972
971 972
972 974
974
978 979
979
982
985
988 990
990 992
992 993
993
997
