#naive2.0.py
# GMT Fri Feb 14 13:34:06 2020
# 
0 999 998
6 8
8 9 10
9 10
10 12
12 14
14 15
15
19 20 21
20 21 22
21 22
22
26 27
27 29
29 30
30 32
32
35 37
37 38
38 40
40 42
42
46 47 48
47 48 49
48 49
49 51
51 52 53
52 53
53
56 57
57 59
59 61
61
65 66
66
69
73 75
75 76 77
76 77 78
77 78 79
78 79 80
79 80
80 82
82
85 86
86 88
88 90
90
94 96
96
99 100
100
103 104 105
104 105
105 107
107 108
108
112
115 116
116
123 124 125
124 125
125
128
135 136 137
136 137
137 139
139
143 144 145
144 145 146
145 146
146 148
148 149
149 151
151 152
152 154
154 155
155 157
157
161 162 163
162 163 164
163 164
164 166
166 167
167
173
177 178 179
178 179
179
185
188 189 190
189 190
190
193 195
195 196
196 198
198
202 204
204
207 209
209 211
211 212
212
215 217
217
221 223
223
226 227
227 229
229 230
230 232
232 233
233 235
235 236
236 238
238
241
244 246
246 247 248
247 248 249
248 249
249
252 253 254
253 254 255
254 255
255 257
257 258 259
258 259 260
259 260 261
260 261
261 263
263
269
277
280 281
281
284
287 289
289 290 291
290 291
291 293
293 294
294
298
303 304 305
304 305
305
309 310 311
310 311 312
311 312
312
316 317
317 319
319 320
320
323 325
325
328 329
329
333
336 338
338 339
339 341
341
345 346
346 348
348 349 350
349 350 351
350 351 352
351 352 353
352 353
353 355
355 356 357
356 357 358
357 358 359
358 359 360
359 360
360 362
362 364
364
368 369 370
369 370
370 372
372 373
373
377 379
379 380
380 382
382 383 384
383 384
384 386
386 387 388
387 388 389
388 389
389 391
391 393
393
397 398 399
398 399 400
399 400 401
400 401 402
401 402
402 404
404 405
405
409 411
411 412 413
412 413
413
418
423 425
425
428 429
429 431
431
436 438
438 439
439
442 443
443 445
445 447
447 448
448 450
450
455 456 457
456 457 458
457 458 459
458 459
459
464 465 466
465 466
466
469
473 475
475 476
476 478
478 479
479
482 483 484
483 484 485
484 485
485 487
487 488
488
491
494 496
496 498
498 499 500
499 500
500
506 508
508
512 513
513
518 519 520
519 520
520 522
522 524
524
529 531
531
538 540
540 541 542
541 542
542
545 547
547 548 549
548 549
549 551
551 553
553 554
554 556
556
559 560 561
560 561
561
564 565
565
570
573
577
580 582
582 583 584
583 584 585
584 585
585 587
587 588 589
588 589 590
589 590 591
590 591
591
595 597
597 599
599 601
601 602 603
602 603 604
603 604
604 606
606 607
607
613 614 615
614 615
615
618 620
620 622
622 623
623
627
630
635
639
643
647 648
648 650
650 652
652
655 657
657 658
658 660
660 661
661
665 666
666 668
668
671 672
672
676 677
677
683 685
685
693 695
695
698 699
699
702 703 704
703 704 705
704 705 706
705 706
706 708
708 710
710
714 715 716
715 716
716
720 722
722
728 729
729 731
731 732 733
732 733 734
733 734
734 736
736 737
737 739
739
742 743
743
747 749
749
756 758
758
762 764
764 766
766 768
768
776 777
777
784
787 788
788 790
790
793
799
803 805
805 807
807 808
808
811 812
812
818 819
819 821
821 822
822
826 828
828 830
830
834 835
835 837
837 838 839
838 839 840
839 840
840 842
842 843 844
843 844 845
844 845
845
848 850
850 851
851
854 855
855 857
857 858 859
858 859 860
859 860
860
863 864
864
870 871 872
871 872 873
872 873 874
873 874
874 876
876 878
878 879 880
879 880 881
880 881
881
884 885 886
885 886
886
890
894 895
895 897
897 898
898 900
900 901
901 903
903 905
905
908 909 910
909 910 911
910 911 912
911 912 913
912 913 914
913 914 915
914 915 916
915 916
916 918
918 919 920
919 920
920
923
926 927
927 929
929
932 933
933
937
940
943 945
945
948
954
957 959
959
962 963 964
963 964
964 966
966
969 971
971 972
972 974
974 975
975 977
977 979
979 981
981 982
982
985 986 987
986 987 988
987 988
988
993 994
994
998 999
999
