#naive2.0.py
# GMT Fri Feb 14 13:33:57 2020
# 
3
6 8
8 9 10
9 10 11
10 11 12
11 12 13
12 13 14
13 14
14 16
16 17 18
17 18 19
18 19
19
22 24
24
31 33
33 35
35 36
36 38
38
43 45
45 47
47
50 51
51
55 56 57
56 57
57
60 62
62
65 66
66 68
68 70
70 71
71 73
73 74
74
82 83 84
83 84
84 86
86 88
88
94
99 100 101
100 101
101 103
103 105
105 106
106
117
120 122
122 124
124
127 128 129
128 129
129
135 136 137
136 137
137
143
146 148
148
151 153
153
156 157 158
157 158
158 160
160 161 162
161 162
162
165 166
166 168
168 169
169 171
171 172 173
172 173
173 175
175 176
176
179
182 183 184
183 184
184
189
192
196 197 198
197 198
198 200
200
205 206 207
206 207
207 209
209
212 214
214
218 219 220
219 220
220 222
222 223
223
228 230
230 231 232
231 232
232
236
239 240 241
240 241 242
241 242 243
242 243 244
243 244 245
244 245 246
245 246 247
246 247 248
247 248
248
256 258
258 260
260 262
262 263
263
266 267 268
267 268
268 270
270 272
272 273 274
273 274 275
274 275 276
275 276 277
276 277
277
280
285 286
286 288
288
291 292
292
295
299 300
300
305 306
306
309 310
310 312
312
317 318 319
318 319 320
319 320 321
320 321 322
321 322
322
325
328
331 332 333
332 333 334
333 334 335
334 335
335
340
343 344
344
348
352
356
359
362
365 366
366 368
368 370
370 372
372 373 374
373 374
374
377 378 379
378 379 380
379 380
380
383 384 385
384 385
385
389 390 391
390 391
391
394
397
401
404 405
405 407
407 408 409
408 409
409
415 416 417
416 417
417 419
419 420
420 422
422 424
424
428 429
429
436 437
437 439
439 441
441 442 443
442 443 444
443 444 445
444 445
445 447
447
450 451 452
451 452
452
457 458 459
458 459
459 461
461 463
463
468 470
470 471
471
474 475 476
475 476
476 478
478 479
479
484 485
485
488 489
489
495 496 497
496 497 498
497 498 499
498 499
499
505 506
506
511
514 516
516 518
518 519 520
519 520
520
524 525
525
528 530
530 531 532
531 532
532
537
540 541
541 543
543
546 548
548 549 550
549 550 551
550 551
551
554 555
555 557
557
560 561
561
564 565 566
565 566 567
566 567
567
570 572
572
575 576
576
584 586
586
592 594
594 595 596
595 596
596
599 601
601 602 603
602 603
603 605
605 606
606 608
608
611
617 618
618 620
620 622
622
626
629 630
630
633 635
635 637
637 638 639
638 639 640
639 640
640 642
642 643
643
646 648
648 650
650 651 652
651 652 653
652 653
653
657 659
659 661
661 662 663
662 663
663 665
665 667
667
671 673
673
676
680 682
682 683
683 685
685 687
687 688 689
688 689
689
692 693
693 695
695 696
696 698
698
701
704 705 706
705 706
706 708
708 709
709
714 715 716
715 716
716
719
725 727
727
730
733
740 741 742
741 742 743
742 743 744
743 744 745
744 745
745
750 752
752 753
753 755
755 756 757
756 757
757
760
765
769 770 771
770 771
771
774 776
776 778
778 779 780
779 780 781
780 781 782
781 782 783
782 783
783
786 788
788 789 790
789 790
790 792
792
795 796
796
799
806
809 811
811 813
813 814 815
814 815
815 817
817 818
818 820
820 821
821
826 827
827
830
834 836
836
839 841
841 843
843 844
844
848
854 856
856
859
863
866 867 868
867 868 869
868 869 870
869 870 871
870 871 872
871 872
872 874
874
877
882 884
884 885
885
889 891
891
894 895
895
900 902
902 903
903 905
905 907
907 908 909
908 909
909 911
911
918
921
924
927 928
928 930
930
934 935 936
935 936
936 938
938
944 945 946
945 946 947
946 947 948
947 948 949
948 949 950
949 950
950 952
952 953
953 955
955
958
964
967 968 969
968 969
969
972 973
973 975
975
992 993 994
993 994 995
994 995 996
995 996
996
