#naive2.0.py
# GMT Fri Feb 14 13:33:58 2020
# 
0 1 999 2
1 2 999
2 4
4
7
13 15
15
20 22
22
26 27 28
27 28
28
31 33
33 35
35 36
36
39 40
40
43
46
50 51
51 53
53
57 59
59 60
60 62
62 63 64
63 64 65
64 65
65
71 73
73 74 75
74 75
75 77
77
81 82 83
82 83 84
83 84
84
88 89
89
93
96 97 98
97 98
98
101
104 105 106
105 106
106
109 110 111
110 111 112
111 112
112 114
114 115
115
118 120
120 122
122 123
123 125
125 126
126
129 130
130
133
136 138
138 139
139 141
141
144 145
145
149
156
159 160
160
163 164
164 166
166
171 173
173 174
174
177 178
178
181
184 185
185
188 190
190 191
191
194
197 198
198
201 202 203
202 203 204
203 204
204
208 210
210 212
212
215 217
217 219
219
222
227 229
229 231
231
238 239
239
242 244
244 246
246 247
247
250
253 254
254 256
256 257 258
257 258
258
262 264
264
267 268 269
268 269 270
269 270
270
277 278
278 280
280 282
282 283
283 285
285 287
287 288 289
288 289
289 291
291
294 296
296 298
298 299 300
299 300
300
303
306
309 310 311
310 311
311
315 316 317
316 317
317 319
319 320 321
320 321 322
321 322
322
329 330
330 332
332 333
333
336 337
337 339
339 340
340
343 345
345 346 347
346 347 348
347 348
348 350
350
358 359
359
362 363
363 365
365 366 367
366 367
367
370
374 375
375 377
377 378 379
378 379
379
382 383 384
383 384
384 386
386 387
387 389
389 390 391
390 391 392
391 392 393
392 393 394
393 394
394
398 400
400 401 402
401 402
402
406
409
414 416
416 417
417
420 421
421
425
430
434 436
436 438
438 439 440
439 440
440 442
442 444
444 445
445
448 450
450 452
452 453
453 455
455
458
462 464
464
469 470 471
470 471
471
474 476
476 477 478
477 478 479
478 479
479
482 483 484
483 484
484
487
500 501
501 503
503 504 505
504 505 506
505 506
506 508
508
513 514
514 516
516 517 518
517 518
518
521 523
523 525
525 527
527
531 532 533
532 533
533 535
535 536
536 538
538 539 540
539 540 541
540 541
541
544 546
546
549 551
551 553
553
556
561 562 563
562 563
563 565
565 567
567
570
574 575 576
575 576
576
579 581
581 582
582 584
584 585
585
588 589
589
592 594
594 596
596 597 598
597 598 599
598 599
599 601
601
604 606
606 607
607 609
609 610
610
613
617
620 621 622
621 622
622
625 626 627
626 627
627 629
629 631
631 632
632
638 639
639 641
641
644
647
651 652 653
652 653
653 655
655 656 657
656 657
657
661
664 666
666 667
667
671 673
673 674 675
674 675 676
675 676 677
676 677
677
681
684
690
698
701 702 703
702 703 704
703 704 705
704 705 706
705 706 707
706 707
707
712 713
713
716 717
717
720 721
721
725 726
726
730 731 732
731 732
732 734
734 735
735
738 739
739
742 743
743
746 748
748 750
750 751
751
754 756
756
759 761
761 762
762
765 766
766
770 771
771
775 776 777
776 777
777 779
779 781
781 782
782
786 788
788
791 792
792
799
806 807
807
811
816 818
818 819 820
819 820 821
820 821 822
821 822
822
826 827 828
827 828 829
828 829
829 831
831 833
833 835
835 836
836
841 843
843
847 848 849
848 849 850
849 850
850 852
852
857 859
859 860 861
860 861 862
861 862
862
865 867
867
877 878 879
878 879
879
882 883 884
883 884
884 886
886 888
888 889 890
889 890 891
890 891 892
891 892
892
895 896
896
899 900
900 902
902 903
903
907 908 909
908 909 910
909 910 911
910 911
911
914
917 918
918
921
924
927 928 929
928 929 930
929 930
930
933
941 943
943
947 949
949
952 953 954
953 954
954
958
964
967
970 971 972
971 972
972 974
974 976
976 978
978 979 980
979 980
980 982
982 984
984
989
993 994 995
994 995
995
999
