#naive2.0.py
# GMT Fri Feb 14 13:33:59 2020
# 
1
7 8
8
11
14 16
16
19 20
20
23
30 31
31
37 38 39
38 39
39
43 45
45
48 49 50
49 50
50
56 58
58 60
60 61 62
61 62 63
62 63
63 65
65 66
66 68
68 69 70
69 70
70 72
72
75 76
76
79
84
89 90 91
90 91
91
95
101 102 103
102 103
103 105
105
108
112 113
113
117
120 122
122 124
124 126
126 128
128 129
129 131
131
135 136
136 138
138 139 140
139 140
140
149
152
155 156
156
159 160 161
160 161
161 163
163 164
164 166
166 167
167
172 173
173
176 178
178 179
179
183
187
190 192
192 193
193
198 200
200 201
201
205 207
207 209
209 210
210
213
216 217
217
221
226 228
228 229
229 231
231 233
233
238 239
239
244 245
245 247
247
250
253 254
254
257 259
259
262 263 264
263 264
264
267 269
269
273
280 281
281 283
283 284 285
284 285
285
288 289 290
289 290
290 292
292 293
293
298
301
304 305
305
311 313
313 315
315 316 317
316 317
317 319
319 321
321
324
327 328
328 330
330 331
331 333
333 334
334
337
342 343 344
343 344
344 346
346 348
348 350
350 351 352
351 352 353
352 353 354
353 354
354
357 358 359
358 359 360
359 360 361
360 361
361 363
363 364
364
371 373
373 374
374
377
381 382 383
382 383
383 385
385 387
387 388 389
388 389
389
392 393
393 395
395
403 405
405
408
411 412
412
415
424
428
431 432
432
438
441
446 447 448
447 448 449
448 449
449
453 455
455 457
457 458
458
462 464
464
469 470
470
473
477 478
478 480
480 482
482 483
483 485
485
489 490
490
493 495
495 497
497 498 499
498 499
499 501
501 502
502
505 506
506
509 511
511 512 513
512 513
513
517
521
525 526
526 528
528 530
530 531
531 533
533 534
534
539 540 541
540 541
541
544
548 549 550
549 550
550 552
552 553 554
553 554
554 556
556 557 558
557 558
558 560
560 561
561 563
563
568 570
570 571 572
571 572 573
572 573
573 575
575 577
577 579
579 580 581
580 581
581 583
583 584 585
584 585
585 587
587 588 589
588 589 590
589 590
590
594 595 596
595 596 597
596 597
597 599
599
602
606
610 612
612 613
613 615
615 616 617
616 617
617
620 621 622
621 622
622 624
624
631
636 637
637 639
639 641
641
644 645 646
645 646 647
646 647
647 649
649 651
651
657 658 659
658 659
659
662 663
663
670 672
672 673 674
673 674
674
678
684 685 686
685 686 687
686 687
687 689
689
696 697
697
702 703
703
706
710 712
712
715
718 719
719
722 724
724 725
725
733 734 735
734 735 736
735 736 737
736 737
737 739
739 740 741
740 741
741 743
743 744 745
744 745 746
745 746 747
746 747
747 749
749
755 756
756
761
765 766 767
766 767 768
767 768
768
772
775 776
776 778
778
782 784
784 786
786 787
787
794 795 796
795 796
796
802 803 804
803 804 805
804 805
805 807
807
810 812
812
818 819
819 821
821
828 829
829 831
831 832
832
835 836 837
836 837 838
837 838 839
838 839
839
842 843 844
843 844
844
848
851
855
858
866
870 871
871 873
873 874 875
874 875
875
880 881
881
885 886
886
891 892 893
892 893 894
893 894
894 896
896 897 898
897 898
898 900
900
903 904
904
908
912 914
914 915 916
915 916 917
916 917 918
917 918
918 920
920 921
921
926 927
927
930 931 932
931 932
932 934
934 935 936
935 936 937
936 937
937
944 946
946 947
947
953
958 959
959 961
961 962
962
965 966
966
969 971
971 972 973
972 973 974
973 974 975
974 975 976
975 976
976 978
978 979
979
982
986
989
993 995
995
998
