#naive2.0.py
# GMT Fri Feb 14 13:34:01 2020
# 
0 1 2 998
1 2
2 4
4 5 6
5 6
6
9 10
10
13 14 15
14 15 16
15 16 17
16 17 18
17 18
18
21
25 26 27
26 27
27 29
29
32 33 34
33 34
34 36
36 37 38
37 38
38
47 49
49 50
50 52
52 53
53
56 58
58 59 60
59 60
60
64 66
66
71
74
78 79
79 81
81
84
88 89
89 91
91
95 97
97 98
98
101 103
103
106
109 110
110 112
112
117 118 119
118 119 120
119 120
120 122
122 123 124
123 124 125
124 125
125
129
132 133 134
133 134
134
138
142 143
143
148 149
149 151
151 152
152
156 157 158
157 158 159
158 159 160
159 160 161
160 161 162
161 162
162
165 167
167
171 172 173
172 173 174
173 174
174
180 181
181
184
187 189
189 191
191
198 199
199
203
207 209
209 210 211
210 211
211 213
213 214
214 216
216 218
218
221 223
223 224
224
230
237 239
239 241
241
245 246
246
254 256
256 257
257 259
259
262 264
264
267 269
269
272 273
273
278 279
279
282 283
283 285
285 286
286
289 290
290 292
292
298 300
300 301
301
305 306 307
306 307
307
311 313
313 314 315
314 315
315
319 320 321
320 321
321 323
323 324
324 326
326
330 331
331
334
338
341 342 343
342 343
343 345
345
348 349 350
349 350 351
350 351
351 353
353 354
354 356
356 358
358 359 360
359 360 361
360 361
361 363
363
367
371
382 384
384 386
386 387 388
387 388
388
391 393
393
400 402
402
405
411
414 415
415 417
417 418
418
421
427
430
433 434
434 436
436 437 438
437 438
438 440
440 441
441
444
447 448 449
448 449 450
449 450
450 452
452 453 454
453 454
454 456
456 457
457 459
459 461
461
465 466
466 468
468 469 470
469 470 471
470 471
471 473
473 474 475
474 475
475 477
477
481 482
482 484
484
487 489
489 491
491 493
493 494
494
500 501 502
501 502 503
502 503
503 505
505 506 507
506 507
507
510
513 514
514
517 518
518
521 522 523
522 523
523
527 528
528 530
530 531
531
541
544 545 546
545 546 547
546 547 548
547 548 549
548 549
549 551
551 552 553
552 553
553
557 558
558
562 564
564 565 566
565 566
566 568
568
576 577 578
577 578 579
578 579 580
579 580
580
583 584 585
584 585 586
585 586
586 588
588 589
589
593 595
595 596
596
599
602
605 606
606 608
608 610
610
613 614
614
620 621
621
624 625
625 627
627
630
634
637 638
638 640
640 642
642 643 644
643 644 645
644 645 646
645 646 647
646 647 648
647 648
648 650
650 651 652
651 652 653
652 653 654
653 654
654
658 659
659
663 664 665
664 665 666
665 666 667
666 667 668
667 668
668 670
670 672
672 673 674
673 674
674
677 679
679 680
680
685 686 687
686 687
687
690 692
692 693 694
693 694 695
694 695
695
700
703
708
712
716 717
717
721 723
723 724 725
724 725 726
725 726 727
726 727
727 729
729
733 734
734
737 738
738 740
740 742
742 744
744 745
745
749 750
750
753
756
762 763 764
763 764
764 766
766
769
772
775 776 777
776 777
777 779
779 781
781 782
782
785
789 791
791 792
792 794
794 795
795 797
797
805 806
806
809
812 813 814
813 814
814
819
822
827 829
829
833 835
835 837
837
841 842
842
846
849 851
851
857 858
858
869 870 871
870 871
871 873
873 875
875
880 881
881 883
883 884
884
889 891
891 892 893
892 893 894
893 894 895
894 895
895
898 899 900
899 900
900 902
902 904
904 905
905 907
907 909
909 911
911 912
912
915
918
921 922
922 924
924
929 930
930 932
932 933 934
933 934
934 936
936 938
938
942
946 947
947
950 952
952 953
953
957 959
959
962
966 967
967
974 976
976
979
985 986
986
990 991 992
991 992 993
992 993 994
993 994
994
998
