#naive2.0.py
# GMT Fri Feb 14 13:34:02 2020
# 
0 999 2 998
2 3
3
6
12 13
13 15
15 16 17
16 17
17
20 21 22
21 22
22
25
30 32
32 33 34
33 34 35
34 35
35 37
37 39
39 41
41 42
42 44
44
47 48 49
48 49
49
55 56
56 58
58 59
59 61
61 63
63
66 67
67 69
69
74 75 76
75 76
76 78
78
83 84 85
84 85
85
92 93
93
96 97
97
101 103
103 104 105
104 105
105 107
107 108 109
108 109 110
109 110 111
110 111 112
111 112
112 114
114 115
115 117
117 118
118
123
128 129 130
129 130
130
136 138
138 139 140
139 140 141
140 141
141
145 147
147 148 149
148 149
149
153 154 155
154 155
155
159 160
160
163
169 171
171 172 173
172 173 174
173 174 175
174 175
175
178 179
179 181
181 183
183 184
184
189 190
190
193 194 195
194 195
195 197
197 198
198 200
200
204
207
210
213 214
214 216
216 217 218
217 218 219
218 219
219
223 224 225
224 225
225
229
232
236
245 247
247 248 249
248 249 250
249 250 251
250 251
251 253
253 254 255
254 255
255
260 262
262 263
263 265
265 266
266
269
275 276
276 278
278 280
280
284
288 289 290
289 290
290
293
299 300
300
303 305
305
308
311
314 315 316
315 316 317
316 317 318
317 318 319
318 319
319
324 325
325 327
327 328 329
328 329
329
333 335
335 336 337
336 337 338
337 338 339
338 339
339 341
341 343
343 344 345
344 345 346
345 346
346
349
353 354
354 356
356
360
364 365 366
365 366 367
366 367
367
374 376
376 377 378
377 378
378
381 382 383
382 383
383
386 387 388
387 388
388
393 394
394
397 398
398 400
400 402
402 403
403 405
405
409 411
411
415 417
417
421 422
422
425 427
427
430 432
432 434
434
437 438 439
438 439 440
439 440 441
440 441
441
445 446 447
446 447 448
447 448 449
448 449 450
449 450 451
450 451 452
451 452
452
461
464 466
466 467
467 469
469
475 477
477 478
478
481 482 483
482 483 484
483 484
484
488
493 494
494
498
502 504
504
509 511
511 512 513
512 513 514
513 514
514 516
516 518
518 519 520
519 520
520 522
522 523
523
526 528
528 530
530 531
531 533
533 534 535
534 535
535 537
537
544 546
546
549 550 551
550 551
551
555 556 557
556 557 558
557 558 559
558 559
559 561
561
564 565
565
570
573 574
574 576
576 577 578
577 578
578 580
580 581 582
581 582 583
582 583 584
583 584
584 586
586 587
587
593
596 598
598 599 600
599 600
600
604 606
606 607
607 609
609 611
611 612
612
615 616 617
616 617 618
617 618 619
618 619
619
622 623 624
623 624 625
624 625 626
625 626 627
626 627 628
627 628 629
628 629 630
629 630
630
635 637
637 639
639 640
640
646 647
647 649
649 650
650
653 654
654 656
656
659 660 661
660 661
661 663
663 664
664
668
671 672
672
676
680
684
689 690 691
690 691 692
691 692 693
692 693 694
693 694 695
694 695
695 697
697 698
698 700
700 701
701
707 709
709 710
710
716 718
718 719
719
722 723 724
723 724
724 726
726 727 728
727 728
728 730
730 732
732 733
733
736 737 738
737 738
738 740
740 741
741
744 745
745
751
759 760
760
764 765 766
765 766
766 768
768
771 773
773 775
775 776 777
776 777
777
780 782
782
785 786 787
786 787 788
787 788
788
791
795
800 801
801
807 808 809
808 809 810
809 810
810
813 814 815
814 815 816
815 816
816
822
826
830 832
832
839 840 841
840 841 842
841 842 843
842 843
843
846 848
848 850
850 851
851 853
853
856 857
857
860
864 865 866
865 866 867
866 867 868
867 868 869
868 869
869
872 873 874
873 874
874
877 878 879
878 879
879
883 884
884 886
886
889 891
891
895 896
896 898
898 900
900
904 906
906
909
913 915
915
918
923 924
924 926
926
930 931 932
931 932
932 934
934 935 936
935 936
936 938
938
941
944 945 946
945 946
946 948
948 949
949 951
951 953
953 954
954 956
956 958
958 960
960 962
962 963
963 965
965
968 970
970 972
972
975 977
977
980 981 982
981 982
982
985
990 992
992 993
993 995
995 996 997
996 997 998
997 998 999
998 999
999
