#naive2.0.py
# GMT Fri Feb 14 13:33:59 2020
# 
4
8 9 10
9 10
10
13 15
15 16
16 18
18 19 20
19 20 21
20 21
21 23
23 24
24 26
26 28
28 29
29
32 33
33 35
35 36 37
36 37 38
37 38
38
42 44
44
48
51
55
58 60
60
68
72 73 74
73 74
74
79
84 86
86 88
88 89
89
94
97
100 102
102 103
103 105
105 106
106
110 112
112
116 117 118
117 118
118 120
120 121 122
121 122
122
125
130 132
132 133
133
141 142
142 144
144
148
151 152
152 154
154 155 156
155 156
156
159 160
160 162
162
165 166 167
166 167 168
167 168 169
168 169
169
176
179 181
181
184 186
186 188
188
195 197
197 198 199
198 199 200
199 200
200 202
202
205 207
207
210
213
219
222 224
224 226
226 228
228
233 234 235
234 235
235 237
237 239
239 240
240
244 245
245
248 250
250 252
252 253
253
257 258
258
264 266
266
272 274
274 275
275 277
277
281 282
282
285 287
287 289
289 290
290
293
298 299 300
299 300
300 302
302
305 306 307
306 307
307 309
309 310
310 312
312 313 314
313 314 315
314 315
315 317
317
321 322 323
322 323 324
323 324 325
324 325 326
325 326
326 328
328 330
330
334 335
335 337
337 338
338
343 344
344 346
346 347
347
350 351
351 353
353
356 357
357
360 362
362
367 369
369
372 374
374
377 378 379
378 379 380
379 380 381
380 381
381 383
383 385
385 386
386
391 393
393 394
394
400 401 402
401 402
402 404
404 405 406
405 406 407
406 407 408
407 408
408 410
410
413 414
414
420 421
421 423
423 424 425
424 425 426
425 426 427
426 427 428
427 428 429
428 429 430
429 430
430 432
432 434
434 435 436
435 436
436
440 441
441
445 447
447 448 449
448 449
449
453 454
454
459 460
460
468
471
480
484
489 490
490 492
492 493
493
496 498
498 499
499
503
506 508
508 509
509
513 514
514
517 518 519
518 519 520
519 520
520
526
529
532 534
534 536
536 537
537
540 542
542
546 548
548 550
550 552
552 554
554
557
561 562 563
562 563 564
563 564
564
569 570
570
574 576
576 577 578
577 578 579
578 579
579
582 583
583
586 587 588
587 588 589
588 589 590
589 590 591
590 591
591 593
593
596 597
597
602 603
603
606 607 608
607 608
608 610
610 611 612
611 612
612 614
614 615
615
618 619 620
619 620
620 622
622 624
624 626
626 627 628
627 628 629
628 629
629
632 633
633 635
635
640
643 644 645
644 645 646
645 646
646 648
648 650
650 652
652 653 654
653 654
654
657 658
658 660
660 662
662 664
664 666
666 668
668
671 672
672
675
679 680
680
683 685
685 687
687
691
694
697
701
705
709 711
711 712
712 714
714
717 718 719
718 719
719
722 724
724 725
725 727
727
730
733 734
734
739 741
741 742 743
742 743
743
746 748
748 749 750
749 750
750
753 754 755
754 755
755
759 760 761
760 761
761 763
763 765
765 767
767 768
768 770
770 772
772
776 777 778
777 778 779
778 779
779 781
781 783
783 785
785 786
786
791 793
793
796
799
803 804
804 806
806 807
807
813
816 817 818
817 818
818 820
820
825 826
826 828
828 829
829 831
831
837
846
849 851
851 852
852 854
854 855
855
858
865 866 867
866 867
867 869
869 871
871 873
873 875
875 876
876 878
878
882 883
883 885
885 887
887 888 889
888 889 890
889 890
890
893 894 895
894 895
895
899 901
901 903
903 905
905 907
907 908
908
914
918 919
919
922 923 924
923 924
924
932
935
938 939
939 941
941 943
943 945
945 946 947
946 947
947 949
949
952 953 954
953 954
954 956
956 958
958 960
960 961 962
961 962
962
965 966
966 968
968 969 970
969 970
970
975 977
977 979
979 980
980
983
986
995
999
