#naive2.0.py
# GMT Fri Feb 14 13:34:01 2020
# 
5
9
12 14
14 16
16
20 21
21 23
23 25
25 26
26
31 32
32
35 37
37 39
39
42
45 46 47
46 47 48
47 48
48 50
50 51 52
51 52 53
52 53 54
53 54 55
54 55 56
55 56 57
56 57
57
61 63
63 64
64
67
71
74 76
76
80 82
82
85 87
87 89
89 90
90 92
92 94
94
97 99
99
105 106 107
106 107
107
110 111 112
111 112
112
118
121 122
122
128 129
129 131
131 132 133
132 133 134
133 134
134 136
136
141
144 145
145 147
147 148 149
148 149 150
149 150
150 152
152 153
153
159 160
160
163 164 165
164 165
165 167
167 169
169 171
171 173
173 175
175
178 179
179 181
181 183
183 184
184
188
198 199
199
206
209 211
211 213
213
218
222 224
224 225 226
225 226 227
226 227 228
227 228 229
228 229
229 231
231 232
232
235
240 241
241
245 246
246
250 251
251 253
253
259
262 264
264 266
266 268
268
271 272 273
272 273 274
273 274
274
277 279
279 281
281
284 286
286
290
298 299 300
299 300 301
300 301
301
304 305
305
309
313 314 315
314 315 316
315 316
316 318
318 319
319 321
321 322
322 324
324 325
325 327
327
330 331
331 333
333
336
339 340
340 342
342
346 347 348
347 348 349
348 349
349
354 355 356
355 356 357
356 357 358
357 358 359
358 359 360
359 360 361
360 361 362
361 362
362
366
372 373 374
373 374 375
374 375 376
375 376 377
376 377 378
377 378 379
378 379
379
385
388 390
390
393 394 395
394 395 396
395 396 397
396 397 398
397 398 399
398 399
399
403 404
404 406
406 407
407
410
419 421
421 422 423
422 423 424
423 424
424
428 429 430
429 430 431
430 431
431 433
433
436 438
438
443 444 445
444 445
445 447
447 448 449
448 449
449
453
459 460
460
464
467 468 469
468 469
469 471
471
477 479
479
482
488 490
490 491 492
491 492 493
492 493
493 495
495 496
496
500 501 502
501 502
502 504
504 505 506
505 506 507
506 507
507
510 512
512
517 519
519 520
520
524
527
531 532
532
539 540 541
540 541 542
541 542 543
542 543 544
543 544
544
549 550
550 552
552
555
558 560
560 561
561 563
563
566 567
567
570 572
572 573 574
573 574
574 576
576 577
577
581
584
592 593
593 595
595
600 601
601 603
603 605
605
608
618 619 620
619 620 621
620 621
621
624
628 629
629 631
631 632 633
632 633 634
633 634
634
637 639
639 640
640 642
642 643 644
643 644
644 646
646 647
647 649
649
652 654
654 656
656 657
657
660 662
662 664
664 666
666 668
668 670
670 671
671
679
682
691
697 699
699
702
707 708
708 710
710
716 718
718
722 723
723
734 736
736 737 738
737 738 739
738 739
739 741
741 742 743
742 743 744
743 744
744 746
746
749 750
750 752
752 753
753 755
755
761
765
770
773
777 778 779
778 779
779 781
781 782 783
782 783
783 785
785 787
787 789
789 790 791
790 791
791 793
793 795
795
798 800
800 801
801 803
803 805
805
808
811 812 813
812 813
813
818 819 820
819 820
820
823 824
824
827 829
829
832 833 834
833 834 835
834 835
835
846 847
847 849
849 851
851 852
852 854
854
857
861
865 866 867
866 867 868
867 868
868 870
870 871 872
871 872
872
875 876 877
876 877
877
880 882
882 884
884 886
886 887
887
891 892
892
897 898 899
898 899
899 901
901 902 903
902 903
903 905
905 906 907
906 907 908
907 908
908 910
910 912
912 914
914
917 918 919
918 919
919
922 924
924 926
926 927
927
937 938 939
938 939
939 941
941 942
942
946
949 951
951 952 953
952 953 954
953 954
954
959 961
961 963
963 964 965
964 965
965
969 970
970 972
972
977 978
978
981
984 985
985 987
987 988
988
991 992 993
992 993
993 995
995 996
996 998
998 999
999
