#naive2.0.py
# GMT Fri Feb 14 13:34:05 2020
# 
0 999 2
2 4
4
7 8
8
11
14 16
16
19 20 21
20 21
21 23
23 24
24 26
26 27
27
32 33
33
36 37
37
40
44
47 49
49
53 54
54 56
56 57
57
60 61 62
61 62 63
62 63
63
71
74 76
76 78
78 79
79
91 93
93 94 95
94 95
95
99 100 101
100 101 102
101 102
102
106 107 108
107 108 109
108 109 110
109 110
110 112
112
116 117
117
121 122
122 124
124 126
126 127
127
132
136
143
151
154
159 160 161
160 161 162
161 162
162
165 166
166 168
168 169
169 171
171
174 176
176 177 178
177 178 179
178 179
179
182 183 184
183 184
184 186
186 187
187
191
196 198
198 199
199
202 203 204
203 204 205
204 205
205
208 209
209 211
211 212 213
212 213 214
213 214 215
214 215 216
215 216
216 218
218
221 222
222
228
231 232 233
232 233 234
233 234 235
234 235 236
235 236
236 238
238
241 242 243
242 243 244
243 244
244 246
246 248
248 249
249 251
251 253
253
257
261
266 267
267
270 271
271 273
273
277 278 279
278 279
279 281
281 282
282
285 286 287
286 287 288
287 288
288 290
290 291
291
295 296
296
299 300
300
305 307
307
312 314
314
324 325
325 327
327
330 331 332
331 332 333
332 333
333
336
339 340
340 342
342 344
344
349 350
350 352
352
355 356 357
356 357
357
360 361
361
365 367
367 368 369
368 369 370
369 370 371
370 371
371 373
373 375
375 377
377
380
384 385 386
385 386
386
390 392
392
396 397 398
397 398
398 400
400
404 405
405
411 412
412
415 416 417
416 417 418
417 418 419
418 419
419
423
426 428
428
432 434
434 435 436
435 436
436
439 440 441
440 441
441 443
443 444
444
451 452
452
455 456 457
456 457 458
457 458 459
458 459
459 461
461 463
463
467 469
469 471
471
476 478
478 479
479
483
486 487
487 489
489 490
490
493
497 499
499 500
500
505 507
507
510 511
511
514 515
515
518 519 520
519 520 521
520 521
521 523
523 524
524
527 528
528 530
530
534
537 538
538 540
540 541
541 543
543 544 545
544 545
545 547
547 548 549
548 549 550
549 550
550
554
558 559
559 561
561 563
563 564 565
564 565
565 567
567 568
568 570
570 571 572
571 572 573
572 573
573
576
579 581
581
584
589
592 593
593 595
595
599 600 601
600 601
601 603
603
610 612
612 613
613 615
615
618 620
620 621 622
621 622
622
625
629
633
637 638
638
643 644
644
647 649
649 650 651
650 651 652
651 652
652
655 656
656 658
658
661 662
662 664
664 665
665 667
667 668 669
668 669
669
672
678
683 684 685
684 685
685
694 695 696
695 696 697
696 697
697 699
699 700 701
700 701 702
701 702
702
705 706
706 708
708 709 710
709 710
710
715 716
716
719
723 724 725
724 725 726
725 726 727
726 727 728
727 728
728 730
730 732
732
737
741 743
743 745
745 746
746
750 751
751
754
757 758 759
758 759
759 761
761 762
762
765 767
767 768
768
771 772
772 774
774 776
776 777
777 779
779 780 781
780 781
781
785 786 787
786 787
787 789
789 790 791
790 791
791 793
793 794 795
794 795
795
798 799 800
799 800
800
803 804 805
804 805
805
808 810
810
819 821
821
825 826 827
826 827 828
827 828
828 830
830
834
837 839
839 840 841
840 841 842
841 842 843
842 843
843 845
845 847
847
852 853 854
853 854
854 856
856
860 862
862 863
863 865
865 867
867
873
878
881
885 887
887 888 889
888 889
889 891
891
896 897 898
897 898 899
898 899
899
903
908
913 915
915 917
917
922 923
923
926 928
928 929
929 931
931 932
932 934
934 935
935
939 941
941
945 946 947
946 947 948
947 948 949
948 949
949 951
951 952
952
955 957
957 958 959
958 959
959
963 965
965
968
971 972
972 974
974 976
976
979
986 987
987 989
989 990
990 992
992
995 997
997 999
999
