#naive2.0.py
# GMT Fri Feb 14 13:34:06 2020
# 
0 999
5 7
7
10 12
12 14
14 16
16 17 18
17 18 19
18 19
19 21
21 23
23
26
32 33
33
37 38
38
42 43
43
46 47 48
47 48
48
53 54 55
54 55
55
59
62 63 64
63 64
64
69 71
71 72 73
72 73
73 75
75
81
84 85 86
85 86
86 88
88 90
90 91
91
94 95
95
98
101
110
116
119 121
121
125 126
126
134 136
136 137
137 139
139 141
141 142
142
146 147
147 149
149
152 153
153 155
155 156 157
156 157
157 159
159
162
165 166
166 168
168
171 172 173
172 173 174
173 174
174 176
176 177
177 179
179
182 183 184
183 184
184
187 188 189
188 189
189 191
191 192 193
192 193
193 195
195 196
196 198
198 199
199 201
201
207 208 209
208 209 210
209 210 211
210 211 212
211 212
212 214
214 215
215 217
217 218
218
222
227
230 231
231
234 235 236
235 236
236
239 240 241
240 241
241 243
243 245
245 246
246
249 250
250 252
252 253 254
253 254 255
254 255 256
255 256 257
256 257
257
260
264
267 269
269 271
271
274 275
275
278 280
280
285 286
286
289
293 294
294 296
296
300 302
302 303 304
303 304 305
304 305 306
305 306
306 308
308 309 310
309 310
310
313 315
315
318
322 323
323 325
325
330 331
331 333
333 334
334
337
340
345
348 350
350 351 352
351 352
352 354
354
362 364
364
368 369 370
369 370
370
373 375
375
378 379
379
382 383
383 385
385 387
387 388
388
391 392
392
395 396 397
396 397 398
397 398 399
398 399 400
399 400 401
400 401 402
401 402
402 404
404
409 410
410
416
424 426
426 428
428 429
429
432 433
433 435
435 436 437
436 437
437
440 441 442
441 442
442 444
444 445 446
445 446 447
446 447
447
450 451
451
455 457
457 459
459 460 461
460 461 462
461 462
462
465
469
474
477
481 482 483
482 483
483
487
490 491 492
491 492 493
492 493
493
496 498
498
501
504
507 508
508 510
510
513 515
515 516
516
519 520 521
520 521
521
524 525
525
532
535
543 544 545
544 545
545
549
552
557 558 559
558 559
559
564 565 566
565 566
566 568
568 569
569 571
571 572
572
575 576
576 578
578
584 585
585
589
592 593
593
600 602
602 603 604
603 604 605
604 605
605
611
624 625
625 627
627
630 632
632 633
633
637
640 641
641
648 650
650 651 652
651 652 653
652 653
653 655
655
659 661
661 662 663
662 663
663 665
665 667
667
675 676 677
676 677 678
677 678
678
683 684 685
684 685 686
685 686
686
690 691
691 693
693 694
694
697
700 702
702
706 708
708 709
709
713 714
714 716
716
720 721 722
721 722
722
728 729 730
729 730 731
730 731
731
738 740
740 741 742
741 742 743
742 743 744
743 744 745
744 745 746
745 746 747
746 747 748
747 748
748 750
750
755
761 762
762
765 767
767 768 769
768 769 770
769 770
770
773 774
774
777 778 779
778 779 780
779 780
780 782
782 784
784
788 789 790
789 790 791
790 791
791 793
793 794
794
797
800
805 806 807
806 807
807 809
809
814 815 816
815 816
816
823 825
825
828
831 832
832 834
834 835
835 837
837
841 842 843
842 843 844
843 844 845
844 845
845
849
853 855
855
858 859 860
859 860
860
864 865
865
871 872 873
872 873
873 875
875 877
877
880
885 886
886
894
897 898
898
901 903
903
907 908
908
911 913
913 914 915
914 915
915 917
917 918
918
921 922 923
922 923
923 925
925
930 932
932 933 934
933 934
934 936
936 938
938
941 943
943 945
945
950 951
951 953
953
957 959
959
965
969 970
970 972
972 973 974
973 974
974 976
976 978
978 979 980
979 980
980 982
982 984
984 985
985
988
992 994
994 996
996 997
997 999
999
