#naive2.0.py
# GMT Fri Feb 14 13:34:02 2020
# 
8
13
17 18 19
18 19
19 21
21 22 23
22 23
23
26 27
27
32
35 36 37
36 37
37
40 41 42
41 42 43
42 43
43
48 50
50 51 52
51 52 53
52 53 54
53 54
54
59
62 63
63
66 67
67
70 71 72
71 72 73
72 73
73
77
81
84
87
90
93 94
94 96
96 98
98 99 100
99 100
100 102
102 103 104
103 104
104 106
106 108
108
112 113 114
113 114
114 116
116 118
118 120
120 122
122 123 124
123 124
124 126
126 128
128 129 130
129 130 131
130 131
131
136
139
142 143
143 145
145 146
146
149 150 151
150 151
151
157 158
158 160
160 161
161
167 169
169 170
170
174
181 182 183
182 183
183
186
189 190
190 192
192
196 198
198 200
200 201
201 203
203 204
204 206
206
211
215 216 217
216 217 218
217 218
218 220
220 221
221 223
223
226 227
227
230 231 232
231 232
232
235 237
237 238 239
238 239 240
239 240
240 242
242 243 244
243 244
244 246
246 247 248
247 248
248 250
250 251
251 253
253
256
259 261
261 262 263
262 263 264
263 264
264
269
272 273
273
276 277 278
277 278
278
281
286
291 292 293
292 293 294
293 294
294 296
296
300
305 306
306 308
308 309
309
312
315 316 317
316 317 318
317 318
318 320
320
323 324 325
324 325
325
329 330
330
333 334
334 336
336
339 340 341
340 341
341 343
343 345
345 346 347
346 347
347 349
349 350
350 352
352 354
354 355
355
360 361 362
361 362 363
362 363 364
363 364
364
369 370
370
375
381 382 383
382 383 384
383 384 385
384 385 386
385 386 387
386 387 388
387 388
388 390
390 391
391
397 399
399
402 403
403 405
405
409
413 415
415 416 417
416 417
417
422 423
423
426 428
428 430
430 431 432
431 432 433
432 433 434
433 434 435
434 435
435
441 442
442 444
444 445
445
450 452
452 453
453 455
455 456 457
456 457
457
460
464 465
465
470
473 474
474
480 482
482
489 491
491
495
503
506 507 508
507 508 509
508 509
509
514 516
516 517
517
522 523 524
523 524
524
527 528 529
528 529 530
529 530
530 532
532
535 536
536 538
538 539 540
539 540 541
540 541
541 543
543 544
544
550 551
551 553
553
559 560
560
563 564 565
564 565 566
565 566 567
566 567 568
567 568
568
575 576
576
579 581
581
586
590
594 595 596
595 596
596 598
598 600
600 602
602 604
604 606
606
610 611 612
611 612 613
612 613 614
613 614 615
614 615 616
615 616
616 618
618
622
626
629
633 635
635 636
636
641
644
647
651 652
652
655 656
656 658
658 659 660
659 660
660
663 664
664
667 668 669
668 669
669 671
671
676 677 678
677 678
678
684
687 689
689
692 694
694
698 700
700 701 702
701 702 703
702 703
703
706 708
708 710
710
713
716
721 722
722
727 729
729
732 733 734
733 734
734
737 739
739 740 741
740 741 742
741 742
742 744
744
749
752 753
753
761 763
763 764 765
764 765
765
771 772 773
772 773
773
780 782
782
786 787 788
787 788
788 790
790 791 792
791 792 793
792 793
793
798
805
810 811
811
815 817
817 818 819
818 819 820
819 820 821
820 821 822
821 822
822
826 827
827 829
829 831
831 833
833 834 835
834 835 836
835 836
836
841 842
842 844
844 845
845
848 849 850
849 850
850 852
852 853
853 855
855
862 863 864
863 864
864
867 869
869 870 871
870 871
871 873
873 874
874 876
876
879 881
881
886
891
894
897
900 902
902
906 907
907
912
918 919 920
919 920
920
924 926
926 927 928
927 928
928 930
930 932
932 933 934
933 934 935
934 935 936
935 936 937
936 937
937
940 941 942
941 942
942
945 946 947
946 947
947
950
954
957
961 962
962
968
972 973 974
973 974 975
974 975
975 977
977 979
979 981
981 982
982 984
984
990
997
