#naive2.0.py
# GMT Fri Feb 14 13:33:57 2020
# 
0 1 998
1
4 6
6 7 8
7 8 9
8 9
9
17
20
25
29 31
31
34
41
45 47
47
51 53
53 54
54 56
56
59 61
61 62
62 64
64 66
66
71 73
73 74
74
77 79
79 80
80 82
82 84
84 86
86 87
87 89
89
93
96
102 103
103
109
112
115 116
116
119 121
121 122
122 124
124 126
126 128
128
134 135 136
135 136 137
136 137
137 139
139
142
146 147 148
147 148 149
148 149
149
152 153 154
153 154 155
154 155 156
155 156 157
156 157 158
157 158
158
162 164
164
168 170
170 172
172
175 176
176
179
183 184
184 186
186 187
187 189
189 191
191
196 198
198 199 200
199 200 201
200 201
201
205
208 209
209
212 213
213 215
215 217
217
221 222
222
225 227
227
231 233
233
236 238
238 239
239
243 245
245 247
247 248
248
251 252
252 254
254 255
255
258
266
271 272 273
272 273 274
273 274 275
274 275 276
275 276 277
276 277 278
277 278 279
278 279
279
282 283 284
283 284
284
288 290
290 291
291
294 295 296
295 296
296
299
302 303 304
303 304
304
308 309
309 311
311
314
318 319
319
324 326
326 328
328 329
329
335 337
337 338 339
338 339 340
339 340 341
340 341
341 343
343 344 345
344 345 346
345 346
346 348
348
353 354 355
354 355
355 357
357
360 362
362
365 367
367 369
369 370
370
375 377
377
380 382
382
386 387 388
387 388
388 390
390 391
391 393
393 394 395
394 395
395
398 400
400
403 405
405 406 407
406 407
407
411 412 413
412 413 414
413 414
414
418 419
419
422 423 424
423 424
424 426
426 428
428
432 434
434 435 436
435 436
436 438
438 439 440
439 440
440 442
442
445
450
453
459 461
461
464 466
466 467 468
467 468
468
472 474
474 475
475
478 480
480 481 482
481 482
482 484
484
488
491 492
492
495
498 499
499 501
501
505 506 507
506 507
507 509
509 510
510 512
512 513 514
513 514
514 516
516 517 518
517 518
518 520
520 522
522 523
523
528 530
530 531 532
531 532
532
537 538
538 540
540 542
542 543 544
543 544
544 546
546 547
547
551
557 559
559 561
561 562 563
562 563 564
563 564
564
567 568 569
568 569
569 571
571 573
573 575
575
578
587
591 593
593 595
595 597
597 599
599 601
601
604
607
610 611
611
614
617 618 619
618 619
619 621
621
626 628
628 629 630
629 630
630
633
636 637
637
640
646 647
647
650
653 654 655
654 655
655
662 664
664 665
665 667
667 669
669 670 671
670 671
671 673
673 674
674 676
676 677 678
677 678
678 680
680 681 682
681 682 683
682 683
683
687
691 692 693
692 693
693
696
700 701
701
710
713 714 715
714 715
715
719 720 721
720 721 722
721 722 723
722 723
723
727 729
729 730 731
730 731 732
731 732
732
737 738 739
738 739 740
739 740 741
740 741
741
745 746
746
751
757 759
759 760
760 762
762 764
764 765
765 767
767 769
769
775
779
782
789 790
790
793
796
806
809
813
816 818
818 819 820
819 820
820
823 824 825
824 825 826
825 826
826
830 832
832
835 837
837 838 839
838 839 840
839 840 841
840 841 842
841 842 843
842 843 844
843 844
844 846
846 848
848
851 852
852
855 856 857
856 857 858
857 858 859
858 859 860
859 860
860 862
862 864
864 866
866 867 868
867 868
868 870
870 871 872
871 872
872 874
874 876
876 877 878
877 878
878
881 882
882 884
884 885 886
885 886
886
891 893
893 894
894
897 898
898 900
900 901 902
901 902
902
905 906
906
913 914 915
914 915 916
915 916
916
921
925 926
926 928
928 929 930
929 930
930 932
932
936
939 941
941 943
943 945
945 947
947
951 953
953
957
961 962 963
962 963
963 965
965 967
967 968 969
968 969 970
969 970
970 972
972 973
973 975
975 976 977
976 977
977 979
979 981
981 982
982
988
992 993
993 995
995 997
997 998
998
