#naive2.0.py
# GMT Fri Feb 14 13:34:02 2020
# 
1 2 999
2
6 8
8
19 20
20
24 25 26
25 26
26
30 31 32
31 32
32
35 36
36
39 40
40 42
42 43
43 45
45 47
47 49
49 51
51 53
53 54 55
54 55
55 57
57 59
59 61
61 62
62
65 67
67 68 69
68 69 70
69 70 71
70 71
71
74
77 79
79 81
81 82
82
86
89 90 91
90 91
91 93
93 94
94
101 103
103
108 109
109 111
111 112
112 114
114 115
115
118 119
119
122 124
124
127 129
129 131
131 133
133
138
141 142 143
142 143
143 145
145 147
147
150
155 157
157 159
159 161
161
164
168 170
170
173
176
181 182 183
182 183
183
186 187
187 189
189
193
198 199
199
202
205 206 207
206 207 208
207 208
208 210
210 211
211
215 217
217 218 219
218 219
219 221
221 222
222 224
224 226
226 228
228 230
230
233 234 235
234 235
235
238 239
239
242 244
244 246
246 247 248
247 248 249
248 249
249
252 253 254
253 254
254
257 259
259
264 266
266 267
267 269
269
276
280 281
281
284 285
285
288
293
296 297
297 299
299
312 313
313
322
328 329
329
339
342 343 344
343 344 345
344 345
345 347
347 348
348 350
350 352
352 354
354 355 356
355 356 357
356 357
357 359
359 361
361 363
363 364 365
364 365
365 367
367
372
382 383 384
383 384 385
384 385
385 387
387 388 389
388 389
389 391
391 393
393 394
394 396
396 397 398
397 398 399
398 399 400
399 400
400 402
402 403 404
403 404 405
404 405 406
405 406 407
406 407 408
407 408 409
408 409
409
412 414
414 415
415 417
417 418
418
421 423
423 424 425
424 425 426
425 426
426 428
428
431 432 433
432 433
433 435
435
440 441
441
446 447 448
447 448
448 450
450 452
452 453
453
456 458
458
461
466
476
481 482
482 484
484
487 489
489 490 491
490 491
491 493
493 494 495
494 495
495
498 499
499
505 506 507
506 507 508
507 508 509
508 509
509 511
511 513
513
516 517
517
520 521 522
521 522
522 524
524
528 529
529
532 533
533 535
535 536 537
536 537 538
537 538
538
541 543
543 544 545
544 545
545
551 553
553
558
561
567 568
568
572 573
573
577 578
578
585 587
587 588
588 590
590 592
592 594
594
598 599 600
599 600 601
600 601 602
601 602
602
605 606
606
610 611
611
614 615 616
615 616 617
616 617
617 619
619 620
620
623 624 625
624 625 626
625 626
626 628
628
634
637
640
646
652
655 657
657
660 661 662
661 662 663
662 663
663
668 669
669 671
671 673
673 675
675 676
676 678
678 680
680 682
682 683 684
683 684 685
684 685
685 687
687 688
688 690
690
694 696
696 697
697
701 702
702
707 709
709 710
710 712
712
715
719 720
720
723 725
725
728
731 732 733
732 733 734
733 734 735
734 735
735
741
745
748 749
749
752
755 756 757
756 757 758
757 758 759
758 759
759
765 767
767
771 772
772
776
779 780 781
780 781
781 783
783
786 788
788 789 790
789 790 791
790 791
791 793
793 794 795
794 795
795 797
797 798
798
803 805
805
808
814 816
816 817 818
817 818 819
818 819
819
822
825
828 829 830
829 830 831
830 831
831 833
833 835
835 837
837
841 842
842 844
844 846
846 847 848
847 848
848
851
861 862
862
865 866
866 868
868
873
876 878
878 879
879 881
881
884 885 886
885 886 887
886 887
887
891 892
892 894
894 895
895 897
897 898
898 900
900 901 902
901 902
902 904
904 905 906
905 906 907
906 907
907 909
909 910
910
915
918
924
928 930
930 931
931
934
939 940
940 942
942 943 944
943 944
944
949
952
955 956 957
956 957
957
962
965
973
977
981 982 983
982 983
983 985
985 986 987
986 987
987 989
989 991
991 992 993
992 993 994
993 994
994 996
996 997 998
997 998 999
998 999
999
