#naive2.0.py
# GMT Fri Feb 14 13:34:01 2020
# 
0 1 2 998
1 2 3
2 3
3 5
5 6 7
6 7 8
7 8 9
8 9
9
12
23
26 27 28
27 28 29
28 29
29
36 37 38
37 38
38
47
63 65
65 67
67 68 69
68 69 70
69 70 71
70 71
71
74 75
75 77
77 79
79 80 81
80 81 82
81 82
82
86
90 92
92
95 96 97
96 97 98
97 98
98 100
100 101 102
101 102
102 104
104 105 106
105 106 107
106 107
107
110 112
112 114
114 116
116 117 118
117 118
118 120
120 122
122 123
123
126 128
128 130
130 131 132
131 132
132 134
134 135
135 137
137 139
139
142 143
143
149 151
151 152
152
159 161
161 162
162 164
164
169 170
170 172
172 174
174
179 181
181 182
182
185 187
187 188
188 190
190 191
191
195
198
203 205
205
208
212 213
213 215
215
218 219 220
219 220
220 222
222 224
224
230 231 232
231 232
232 234
234 236
236 238
238 239 240
239 240 241
240 241
241 243
243
246 248
248 249
249
257
260
264 266
266 267
267 269
269 271
271 272
272 274
274
278
282 283
283
286 287
287
290 291 292
291 292
292
297 298
298 300
300 301
301
304 305 306
305 306
306 308
308 309
309
313 315
315 317
317 318
318
322 323
323 325
325 327
327
333
338 340
340 342
342 344
344 345 346
345 346
346 348
348 349
349
352
356 357
357 359
359 360
360
366 367
367
370 371 372
371 372
372 374
374
378 379
379
383 385
385 387
387
391
394 395 396
395 396 397
396 397 398
397 398 399
398 399
399
402 403
403
406 407 408
407 408 409
408 409
409 411
411 413
413
417 418
418
423
426 427
427
430
434 435
435
439 440 441
440 441 442
441 442 443
442 443
443 445
445 446
446
449 451
451 452 453
452 453 454
453 454 455
454 455
455
458 459
459 461
461
464 465
465
468 469
469
472 473 474
473 474
474
478 480
480 481
481
487 489
489 490
490
495 497
497 498 499
498 499
499
502 503 504
503 504 505
504 505
505 507
507 509
509
517 519
519 520 521
520 521 522
521 522
522
526 527 528
527 528
528 530
530
534 536
536 537 538
537 538 539
538 539
539 541
541 542 543
542 543
543
546 547
547
550 551
551
554 556
556
559 560
560 562
562
565 566 567
566 567 568
567 568 569
568 569 570
569 570 571
570 571
571 573
573
576
579
582
587 588 589
588 589 590
589 590
590
593 594 595
594 595 596
595 596
596 598
598 599 600
599 600 601
600 601 602
601 602 603
602 603 604
603 604
604 606
606 607
607
611 613
613 614
614 616
616 617 618
617 618
618
622 623 624
623 624
624
627 628 629
628 629 630
629 630 631
630 631
631 633
633
636 638
638 639 640
639 640
640
644
647
651 652
652
655 656 657
656 657
657 659
659
662
665
669 670 671
670 671
671
674 675
675
680 682
682 684
684 685 686
685 686 687
686 687 688
687 688
688 690
690 691 692
691 692
692
695
698
702 704
704
707 708 709
708 709 710
709 710 711
710 711
711 713
713 715
715
718 719 720
719 720 721
720 721
721
727 728 729
728 729 730
729 730
730 732
732 733 734
733 734
734 736
736
740 741 742
741 742 743
742 743
743 745
745 746 747
746 747 748
747 748 749
748 749
749
752 754
754 755 756
755 756 757
756 757 758
757 758
758
764 765
765
768
773
780 781
781 783
783 784 785
784 785
785
788
791
795 797
797
801 803
803 804
804 806
806 808
808 809
809 811
811 812 813
812 813
813
817
820 821
821
824
829 830
830
834
837 838 839
838 839 840
839 840
840 842
842
845 846
846 848
848
853 855
855 856
856
859 860
860
864 866
866 867
867
870
874 875 876
875 876
876
879 880 881
880 881
881 883
883 884
884
889 890
890
894 895 896
895 896 897
896 897 898
897 898
898
901 903
903
906 907
907
912
915 916
916 918
918 920
920 921
921
926 927
927
930 931 932
931 932
932 934
934
937 938
938 940
940 942
942 943
943
946
949
953 955
955
961 962 963
962 963
963 965
965
975 977
977 978 979
978 979 980
979 980
980 982
982 984
984 985 986
985 986
986 988
988 990
990 991 992
991 992 993
992 993 994
993 994 995
994 995 996
995 996
996 998
998
