#naive2.0.py
# GMT Fri Feb 14 13:33:57 2020
# 
0 1 999
1 999
4 5 6
5 6 7
6 7
7
11 12 13
12 13
13
16 17
17
21
24
27 28 29
28 29
29 31
31 33
33
38 40
40 41 42
41 42
42 44
44 45 46
45 46 47
46 47
47
54 55 56
55 56 57
56 57
57 59
59 61
61 62
62
65
69 70 71
70 71 72
71 72
72 74
74
77 78
78
82 83
83 85
85 86 87
86 87
87
107 109
109 110
110
119
123
126
129
133 135
135
142 144
144 145
145
148
151 153
153 154
154
159
164
171 173
173
176 177
177 179
179 180
180 182
182 183 184
183 184 185
184 185
185
189 190
190
196
201 202 203
202 203
203
207 208 209
208 209
209
213
216
221
230 232
232 233 234
233 234 235
234 235 236
235 236 237
236 237 238
237 238 239
238 239
239
242
247 248 249
248 249 250
249 250 251
250 251
251 253
253 255
255 256 257
256 257 258
257 258
258 260
260 261
261 263
263 265
265 266
266 268
268 269 270
269 270
270
274
278 279 280
279 280
280 282
282
285 287
287 289
289 290
290
293 294 295
294 295
295
299 301
301 302
302
311 312
312
316 317
317 319
319 320
320
324 325 326
325 326 327
326 327 328
327 328 329
328 329 330
329 330 331
330 331 332
331 332
332
335 336
336
339 340
340 342
342 343 344
343 344 345
344 345
345
348
354
358 359
359
362
367 368 369
368 369 370
369 370 371
370 371 372
371 372
372
378 380
380
383 384
384 386
386
390
393 395
395 396 397
396 397 398
397 398 399
398 399 400
399 400 401
400 401 402
401 402
402
406 407 408
407 408
408
413 414
414 416
416 417
417 419
419
424 425
425
435 436
436 438
438 439
439
444 446
446 447 448
447 448
448
451 452 453
452 453
453 455
455 456 457
456 457 458
457 458 459
458 459
459
466 467 468
467 468
468 470
470 471
471 473
473 475
475
478 480
480
485 486
486 488
488
491
494 496
496 498
498 500
500
503 505
505 507
507 509
509 510 511
510 511 512
511 512 513
512 513
513
516 518
518 519
519 521
521 523
523 524 525
524 525
525
530 531 532
531 532
532
537 538 539
538 539
539 541
541 542
542
545 547
547
552 553 554
553 554 555
554 555 556
555 556 557
556 557 558
557 558 559
558 559
559 561
561 562 563
562 563
563 565
565
568 570
570 572
572 574
574 576
576 577
577 579
579 580 581
580 581
581
585 586 587
586 587
587 589
589
592
596 597 598
597 598 599
598 599 600
599 600
600
604
608 609 610
609 610
610
614 615
615
619
622 623
623 625
625 626 627
626 627
627 629
629
634 636
636 637
637
640
643 644
644 646
646
649 651
651 652
652 654
654 655 656
655 656 657
656 657
657
666 668
668 670
670 671 672
671 672
672 674
674 675 676
675 676
676
679 680
680 682
682
685
688 689 690
689 690
690
693 694
694
701 702
702
705 706 707
706 707 708
707 708 709
708 709
709
713
723 724 725
724 725
725
729 730 731
730 731 732
731 732
732 734
734
739 740
740 742
742
747 749
749 751
751 753
753 754 755
754 755 756
755 756
756 758
758 760
760 762
762 764
764 765 766
765 766
766
772 773
773 775
775 776 777
776 777
777
780
783 784 785
784 785
785
788 789
789
792 793
793 795
795
798
802 803 804
803 804
804 806
806 808
808 809 810
809 810
810
813 814 815
814 815 816
815 816 817
816 817
817
821 823
823 825
825 826 827
826 827 828
827 828 829
828 829
829 831
831 833
833
838
841 842 843
842 843
843 845
845
854 855
855
858
862
867
870 871
871 873
873
876 877 878
877 878 879
878 879 880
879 880 881
880 881
881
885 886 887
886 887 888
887 888
888 890
890 892
892 893
893 895
895 897
897
901 902
902 904
904
907 908 909
908 909 910
909 910
910
913
916
919
922 923 924
923 924
924 926
926 927
927
930 931 932
931 932
932 934
934 936
936
941
944 945 946
945 946 947
946 947 948
947 948
948
951 952 953
952 953
953 955
955 956
956
961 963
963 965
965 966
966
969 970
970 972
972 974
974
977 979
979
989
992 993
993
999
