#naive2.0.py
# GMT Fri Feb 14 13:34:04 2020
# 
3 4
4 6
6 7
7 9
9 11
11 13
13 15
15 16 17
16 17
17
20
23 24 25
24 25 26
25 26
26 28
28
33
36
42 43 44
43 44
44 46
46 48
48
53 54
54
63 64 65
64 65
65
71
74 75
75 77
77 79
79
85 86
86
89
92 94
94 95 96
95 96
96
99 100
100
103 104
104 106
106 108
108 110
110 111
111 113
113 115
115 117
117 118
118 120
120 121 122
121 122
122 124
124 126
126 127
127
130 132
132 133 134
133 134 135
134 135
135
138 140
140 141
141
147 148
148 150
150 152
152
158 160
160 161
161 163
163
166 167
167
170 171 172
171 172 173
172 173 174
173 174
174
179
182
185
188 190
190 191 192
191 192
192
196 198
198
202
205 206 207
206 207
207
216 217 218
217 218
218 220
220 221
221
225
228 229
229
233
239
242 243
243
251 252
252 254
254 256
256
260 262
262
266 268
268 270
270
273 274 275
274 275
275 277
277 278 279
278 279 280
279 280 281
280 281 282
281 282 283
282 283
283 285
285 286 287
286 287 288
287 288
288
293 295
295 296
296
300 302
302 303
303 305
305 306
306 308
308
311 313
313
316 317
317 319
319
322 324
324
331 332
332
335 336
336
346
349 350 351
350 351
351
357 358
358 360
360 362
362 363
363 365
365 366
366
371 372
372
375
380 381
381
384 385 386
385 386 387
386 387 388
387 388
388 390
390 391
391
396 398
398
405 406 407
406 407
407 409
409 410 411
410 411 412
411 412
412
415 417
417
421 422
422 424
424 426
426 427
427
430 432
432 433 434
433 434
434 436
436
439 440 441
440 441
441
444
447 448 449
448 449 450
449 450
450
460 461
461 463
463
473 474 475
474 475
475
481
485 487
487 488 489
488 489
489
495
502
505 506
506 508
508
513 515
515 517
517
520 521
521 523
523 524
524
527 528
528 530
530
534
538
542
546 547
547
550 552
552 554
554 556
556 557 558
557 558 559
558 559 560
559 560
560
563
569
573 575
575 576 577
576 577
577 579
579 580 581
580 581 582
581 582 583
582 583 584
583 584 585
584 585
585 587
587 589
589
596 597 598
597 598 599
598 599
599
602 603 604
603 604 605
604 605 606
605 606
606
610
614
620 622
622 623 624
623 624
624 626
626
631
634 635
635 637
637 638 639
638 639 640
639 640
640
643 644
644 646
646
649 651
651 652
652
656 658
658
661
665 666
666
669 671
671
675 677
677 679
679
683
689 690 691
690 691
691
696 697
697
705
711 712
712
716 717
717
720 721 722
721 722
722 724
724 725 726
725 726
726
729
735 737
737 738 739
738 739 740
739 740 741
740 741
741
744 745 746
745 746
746 748
748 749
749 751
751 752
752
756 757 758
757 758
758 760
760
764
770
774
778 779 780
779 780
780
784 785
785
791 792
792
796
799 800
800
803 804 805
804 805
805
809 810
810 812
812 814
814
817 818
818
822 824
824 826
826 828
828
831 832
832
835
839 841
841 842 843
842 843 844
843 844
844 846
846 848
848 850
850 851 852
851 852 853
852 853
853 855
855
858
861
867 868
868 870
870 871 872
871 872 873
872 873
873 875
875
878 879
879
886 887
887 889
889 890
890 892
892 894
894
897
900 901 902
901 902
902 904
904 905
905 907
907 908
908
912 914
914 915
915 917
917
920 922
922 923 924
923 924 925
924 925
925 927
927 928 929
928 929 930
929 930
930
933 934 935
934 935
935
941
944
947 949
949
952 954
954
957 958 959
958 959
959
962 964
964 966
966 967
967 969
969 971
971 972 973
972 973 974
973 974
974 976
976
982 983 984
983 984
984
992 994
994 995
995 997
997 998 999
998 999
999
