#naive2.0.py
# GMT Fri Feb 14 13:33:57 2020
# 
0 2 998
2 3 4
3 4
4 6
6 7 8
7 8 9
8 9 10
9 10
10
14
18
21
24
27
31 32 33
32 33 34
33 34
34
38 40
40 42
42 43
43 45
45
48 49 50
49 50 51
50 51
51
55 56
56 58
58 60
60 62
62
67 68
68 70
70
74 75
75 77
77 78
78
81
84
87 89
89
96
99 101
101 103
103
106
110
114 115
115
118
123
131
136 137
137
141 142
142
145 146
146
150 151
151 153
153
157 158
158 160
160
165 166
166
171
176 177
177
180 181
181
186
189 190
190
193
197 198 199
198 199 200
199 200
200
207 208 209
208 209
209 211
211
215
223 225
225
230 231 232
231 232 233
232 233
233
236 238
238 240
240 242
242
246
249
252 253
253 255
255 257
257
261
264 266
266 268
268 269
269
273 275
275 277
277 279
279 280
280
283 284 285
284 285 286
285 286
286 288
288 290
290 291
291 293
293
297
301 302
302 304
304
307 308
308
311
314 316
316 318
318
321
326 328
328
331 333
333
336 337 338
337 338 339
338 339
339 341
341
345
348 350
350
353 354
354 356
356
360 361 362
361 362 363
362 363 364
363 364 365
364 365
365
371
376 377
377
380 382
382 383 384
383 384
384 386
386
394 395 396
395 396 397
396 397 398
397 398
398
401
404 405
405
409 410 411
410 411
411 413
413 415
415
428 430
430
434 436
436 437
437
445 447
447 448
448 450
450 452
452
457
460 461
461
464 465 466
465 466 467
466 467 468
467 468
468 470
470 471 472
471 472 473
472 473 474
473 474
474 476
476
479 480 481
480 481
481 483
483 484 485
484 485
485 487
487
490
494 495
495 497
497
502 503
503
506
509
513
516 517
517 519
519 520
520
524 525
525 527
527 528
528 530
530 531
531 533
533 534
534
544
549
556
560 561
561
565
568 570
570 571
571 573
573 575
575
582
586
592 593 594
593 594
594
602
610
613 614
614
617
622
626 627
627
633 634
634 636
636
639 640
640 642
642 643
643
649 650
650 652
652
656
666 667
667 669
669 670 671
670 671 672
671 672
672
675 677
677 678 679
678 679
679 681
681 682 683
682 683
683 685
685 687
687 688 689
688 689
689
695 697
697
702
706 708
708
711
714 716
716 717
717 719
719 721
721 722
722
726 727
727 729
729 731
731 733
733 734
734
737 739
739 741
741 742
742
745 746
746 748
748 749 750
749 750
750 752
752 754
754 755
755
759 760
760
764 765
765
771 772 773
772 773 774
773 774
774
777
782 783
783
787 788
788
791 793
793 795
795
801 802
802
805 806
806
810
814 815
815 817
817 818 819
818 819 820
819 820
820
824 825
825
834
838 839
839 841
841 842
842
845 846
846 848
848 849 850
849 850
850
854 855 856
855 856
856 858
858 859 860
859 860
860
864
869 871
871
874 875
875 877
877 878 879
878 879
879 881
881
884 886
886
892
896 897
897 899
899 900
900 902
902 903
903
908 909
909
912 914
914
918 920
920 921
921 923
923 925
925 926 927
926 927
927 929
929 930 931
930 931 932
931 932 933
932 933 934
933 934
934
937 938
938
941
947 948 949
948 949
949
954 955 956
955 956
956
960 962
962 963 964
963 964 965
964 965
965
971 973
973 974 975
974 975
975 977
977 979
979
982 984
984 985
985
990
993
996 997 998
997 998
998
