#naive2.0.py
# GMT Fri Feb 14 13:34:03 2020
# 
0 1 999 2 998
1 2 999
2 4
4
8 10
10 11 12
11 12 13
12 13
13 15
15 16 17
16 17 18
17 18 19
18 19
19
22
26 28
28 30
30 31
31
36 38
38 39
39 41
41 43
43 44
44 46
46
49
52 53 54
53 54
54 56
56 57
57 59
59 60
60 62
62 63 64
63 64
64
68 69 70
69 70
70
75 76 77
76 77 78
77 78
78 80
80
83 85
85 86
86
90 92
92 94
94 95
95
100 101 102
101 102
102
105
109
113 114
114 116
116 118
118 120
120
124 125
125 127
127
131
134
137 138
138
141
145
148 149
149 151
151 152
152 154
154 155 156
155 156
156
159
162
165 166
166 168
168
174
177 178
178 180
180 182
182 183
183
186
189
192 193
193
196 197
197
200 201
201
204 205
205 207
207
215
219 220
220
224
229
235 236
236
240
244 245
245 247
247 248 249
248 249 250
249 250
250
254
259 260 261
260 261 262
261 262
262
267 269
269
273 274 275
274 275 276
275 276 277
276 277
277 279
279
282
285 286 287
286 287
287 289
289
293
297
300
303 305
305 307
307
311 313
313 314
314 316
316 317 318
317 318
318
322
326 327 328
327 328 329
328 329 330
329 330 331
330 331 332
331 332
332
335 336
336 338
338 339
339 341
341 343
343 344 345
344 345
345
348
353 355
355 356
356
362 363 364
363 364
364
367 368
368
372
375
378 380
380 382
382 384
384 385
385
389
392
398 399
399
405
411 413
413 415
415 416 417
416 417 418
417 418
418
422 424
424
430
433 434
434
438
441
444 445 446
445 446
446 448
448 450
450 452
452
455 457
457
461 462
462
467 468 469
468 469 470
469 470
470 472
472 473 474
473 474
474 476
476 478
478
482 484
484 485
485
492 494
494 496
496
504 505
505 507
507
512 513 514
513 514 515
514 515 516
515 516
516
522 523 524
523 524
524 526
526
529 531
531
535 537
537 538 539
538 539
539
542 543 544
543 544 545
544 545 546
545 546 547
546 547
547
550
554 555
555 557
557 558 559
558 559 560
559 560
560
563 565
565
568 569 570
569 570 571
570 571
571 573
573 575
575 577
577 578 579
578 579
579 581
581 582 583
582 583
583
586 588
588
596 597 598
597 598 599
598 599 600
599 600 601
600 601
601 603
603
614 616
616 617 618
617 618
618 620
620 622
622
626 627
627
631
634 636
636 637
637
644
650 651 652
651 652
652 654
654 656
656 658
658 659 660
659 660
660 662
662 664
664 666
666 668
668 669 670
669 670
670 672
672 673 674
673 674
674
677
680
692 693 694
693 694 695
694 695
695 697
697 698
698
701
709 710
710 712
712 714
714 716
716 717
717
724
728 729 730
729 730
730
733
736 738
738 739 740
739 740
740 742
742 744
744
747 749
749 750
750
756 758
758 759
759
766 768
768 769 770
769 770 771
770 771
771
774 776
776 778
778 780
780
783 784 785
784 785 786
785 786
786
789 790 791
790 791
791 793
793 794
794 796
796
799 800
800
807 809
809 811
811
814 816
816 817
817
821
826 827 828
827 828 829
828 829
829 831
831
834
837 838 839
838 839
839 841
841 842
842
846 848
848 849 850
849 850
850
856 857
857 859
859 861
861 863
863 865
865 866 867
866 867 868
867 868 869
868 869
869
873 874
874
879 881
881
887
890
893 895
895 897
897 899
899
903 905
905 907
907 909
909
913
916 917 918
917 918
918 920
920 921
921 923
923 924 925
924 925 926
925 926 927
926 927 928
927 928 929
928 929 930
929 930
930 932
932 933
933
937 938 939
938 939 940
939 940
940
946
950
953 954 955
954 955
955 957
957
977 978 979
978 979
979
982 984
984
987 988
988
991 993
993 995
995 996
996 998
998 999
999
