#naive2.0.py
# GMT Fri Feb 14 13:34:03 2020
# 
3 5
5 7
7 9
9 11
11
15 17
17
21 22 23
22 23 24
23 24 25
24 25 26
25 26
26 28
28
31 33
33 34
34
37
40
43 45
45 47
47
50 52
52
55 56
56 58
58 59 60
59 60 61
60 61 62
61 62
62
67 68
68
72 73
73
80 82
82
91
98 99
99 101
101 102
102 104
104
107 108 109
108 109 110
109 110
110
113 114 115
114 115 116
115 116 117
116 117
117 119
119 121
121 122
122
125
130
133 134
134
137 138 139
138 139 140
139 140 141
140 141
141 143
143 144
144
148
151 152 153
152 153 154
153 154
154 156
156
161 162 163
162 163
163
169 170
170 172
172
175 177
177 178 179
178 179 180
179 180
180
185
189 191
191 193
193
196 197
197
200
205 207
207
210 211
211 213
213
216 217 218
217 218 219
218 219
219 221
221 223
223
226
230 231
231 233
233 235
235 237
237 238
238 240
240
243 245
245
250 251 252
251 252
252
255
258 259 260
259 260
260 262
262 263
263 265
265
268
272
276
279 280
280
284 285
285 287
287 288 289
288 289
289
292 293 294
293 294 295
294 295
295 297
297 298 299
298 299
299 301
301
304 306
306 307 308
307 308
308
313
317 319
319
322
329
337
341 342 343
342 343 344
343 344
344 346
346 348
348
352 353 354
353 354
354
357 358
358
361 363
363
367 368 369
368 369 370
369 370
370
376
382
386 387
387
393 394
394
401
405 406
406
409 410
410 412
412 413
413
426 428
428 430
430 432
432 433
433
437 438
438
441 442
442
446
449
452 454
454 455 456
455 456
456 458
458 459
459 461
461 463
463 465
465 467
467 469
469 470
470 472
472 473
473 475
475 476
476
479
484 485 486
485 486
486
490 492
492
495 496
496
501
505 506 507
506 507 508
507 508
508
511
514 515
515 517
517 518
518
523
531
537 538 539
538 539 540
539 540
540 542
542 543 544
543 544 545
544 545
545 547
547 549
549 550
550 552
552 553
553 555
555
561
565
568
571 572
572
576 577
577
580 582
582 583
583
586
591
594 595 596
595 596 597
596 597
597 599
599 600
600 602
602 604
604 605 606
605 606
606
610
613 614 615
614 615 616
615 616
616
620 622
622 623
623
629 631
631
635 636 637
636 637
637
646
649 650
650 652
652 653
653
656 658
658 660
660 661 662
661 662
662
665 666 667
666 667 668
667 668 669
668 669
669
672 673 674
673 674
674
680
683
686
691
694 695 696
695 696 697
696 697 698
697 698
698
701 703
703 704 705
704 705
705
708 710
710 712
712
715
718 720
720 721
721 723
723 724 725
724 725 726
725 726 727
726 727 728
727 728
728 730
730 731
731 733
733 734
734
737 739
739 741
741 742 743
742 743
743
746 748
748
751
755 756 757
756 757 758
757 758
758 760
760
763 764 765
764 765 766
765 766 767
766 767
767
770 771
771
774 775 776
775 776
776 778
778
781 783
783 785
785
793
796
800 801 802
801 802 803
802 803
803 805
805
810 812
812 813
813
817 818 819
818 819
819 821
821 823
823
826 827 828
827 828 829
828 829 830
829 830 831
830 831 832
831 832
832
835
838 839 840
839 840 841
840 841 842
841 842 843
842 843
843
847 849
849 850 851
850 851 852
851 852
852 854
854 855
855 857
857 859
859 860
860 862
862 864
864 865
865
870
873
878 879 880
879 880
880
885
890 892
892
897 898 899
898 899
899
902
907 908 909
908 909
909 911
911 912 913
912 913
913
916 917 918
917 918 919
918 919
919
922
925 926 927
926 927 928
927 928
928 930
930 931
931
938 939
939 941
941 943
943 944 945
944 945
945 947
947
952
958
961 963
963 964
964 966
966 968
968
971 972 973
972 973
973 975
975 976 977
976 977
977 979
979 980
980 982
982 984
984 986
986 988
988 989 990
989 990 991
990 991 992
991 992 993
992 993
993
997
