#naive2.0.py
# GMT Fri Feb 14 13:33:58 2020
# 
0 999 2 998
2 3
3 5
5 6
6
13
18
25
30
35 36
36
42
46 48
48
54 55 56
55 56 57
56 57 58
57 58
58
61
64 66
66 67
67 69
69 70
70 72
72
77 79
79
82
88 89
89
93 94
94
100 102
102
107 108
108
113
116 117 118
117 118 119
118 119
119
122 123
123
126 127
127
134
137
147
154 156
156 157 158
157 158
158
161
164 166
166 167 168
167 168 169
168 169 170
169 170
170
173
177 178
178
181 182 183
182 183
183
186 187
187
190
195 197
197
200 201
201
207
211 213
213 214 215
214 215 216
215 216
216 218
218 219
219
224
231 232
232
236 237 238
237 238
238 240
240 241 242
241 242 243
242 243 244
243 244 245
244 245
245 247
247 248
248
251 253
253 255
255 256
256
266 267 268
267 268
268
273
276 278
278
282 284
284
291 293
293 294 295
294 295
295
298 300
300 302
302
305 307
307 308
308
312 313
313
322 324
324 325
325 327
327 329
329 330
330 332
332 334
334
337 339
339
344
349 351
351 353
353 354
354 356
356 357 358
357 358
358
361 363
363 364
364 366
366 367 368
367 368 369
368 369 370
369 370
370
373 374
374
377 378 379
378 379 380
379 380
380 382
382
385 386 387
386 387
387
391 392 393
392 393 394
393 394
394
398
402 403 404
403 404
404 406
406
412 413
413
417 419
419
422
427
430 432
432 434
434
437 438
438
441 442 443
442 443 444
443 444
444
447 449
449 451
451
454
457 458
458
463 464
464
469 470 471
470 471 472
471 472
472
476 477
477 479
479 481
481
484 486
486 487
487 489
489 490 491
490 491
491
496
503 504 505
504 505 506
505 506
506
509 510
510
515
520 522
522
527 529
529
534 535
535 537
537
541 543
543
546 547 548
547 548
548 550
550 551 552
551 552
552 554
554
558 560
560 562
562 563 564
563 564 565
564 565
565 567
567
570
573 574 575
574 575
575
591
594 595 596
595 596 597
596 597
597 599
599 600
600
604 606
606
609 610 611
610 611
611 613
613 614
614
618
626 628
628 629 630
629 630 631
630 631 632
631 632
632
636 637 638
637 638 639
638 639 640
639 640
640
643 644 645
644 645
645 647
647 649
649 650 651
650 651 652
651 652 653
652 653 654
653 654
654
657
661 662
662 664
664 666
666 667 668
667 668
668 670
670 672
672 674
674 675
675
678 679
679 681
681 682 683
682 683
683
686
692 694
694 695
695 697
697
700 701 702
701 702
702 704
704
707
714
723 724
724
729 731
731 733
733 734
734 736
736 737
737
740 741 742
741 742 743
742 743
743
749
752
756 757 758
757 758 759
758 759 760
759 760
760 762
762 763
763 765
765 767
767
770 772
772 773
773
776 778
778
782
787
790 791
791 793
793 794 795
794 795 796
795 796
796 798
798
801 802
802
806
812 813
813 815
815
819
823
829 831
831 832 833
832 833 834
833 834 835
834 835
835 837
837 838 839
838 839 840
839 840
840
843 844
844
847
850
854 855
855 857
857 858 859
858 859 860
859 860
860
864 865
865 867
867 868
868 870
870 872
872 874
874 876
876 877 878
877 878
878
881 882
882
888
891 892
892
895
899 900 901
900 901 902
901 902 903
902 903
903 905
905 907
907 908
908
911
916 917
917 919
919 920
920
926 927 928
927 928
928
932 933
933 935
935 936 937
936 937 938
937 938
938
941 942
942 944
944
947 949
949 951
951 952
952 954
954 955 956
955 956 957
956 957
957 959
959
962 963 964
963 964 965
964 965 966
965 966 967
966 967 968
967 968 969
968 969 970
969 970
970
973 975
975 977
977 978
978
982 983
983
987 989
989 990 991
990 991 992
991 992 993
992 993 994
993 994 995
994 995 996
995 996 997
996 997 998
997 998 999
998 999
999
