#naive2.0.py
# GMT Fri Feb 14 13:34:02 2020
# 
2 3
3 5
5 7
7
10 11 12
11 12 13
12 13 14
13 14
14
20 21
21
25 26 27
26 27
27
30 31
31
34 36
36
44
48 50
50 52
52 53
53 55
55
59 61
61
65 67
67 68 69
68 69
69
72 74
74 75
75
78 79 80
79 80 81
80 81 82
81 82
82 84
84 85
85 87
87 88
88
91
97 98 99
98 99
99
103 105
105 106 107
106 107
107 109
109
112 113 114
113 114
114 116
116 117
117
120 122
122 123
123 125
125
128 130
130 131
131
135 137
137 138 139
138 139 140
139 140
140
145
148 149
149
153 155
155 156 157
156 157 158
157 158 159
158 159 160
159 160
160 162
162 164
164
168 170
170 171
171 173
173 174 175
174 175
175 177
177 179
179
183
190 191
191
195
198 200
200 201 202
201 202
202 204
204 206
206 207 208
207 208
208 210
210 211
211 213
213
216
220 221 222
221 222
222 224
224
227 228
228 230
230 232
232 234
234
237 239
239
243
246 247
247
250 252
252 253 254
253 254
254 256
256 257 258
257 258 259
258 259 260
259 260 261
260 261 262
261 262 263
262 263
263
267 268 269
268 269 270
269 270
270 272
272 273
273
276
280
283 285
285
289 291
291
295 297
297 298
298 300
300 301
301
304
311
314
321
324 325 326
325 326
326
329 331
331 332
332
335 336
336
339
342 343
343
346 347
347
351 352 353
352 353 354
353 354 355
354 355 356
355 356 357
356 357
357
360 361 362
361 362
362
366
369 371
371
375 377
377 378
378
382
385
392 393
393
402 403
403
406 408
408 410
410 412
412 413 414
413 414 415
414 415
415
419 420 421
420 421
421
425 427
427 428
428 430
430
434
441 442 443
442 443
443 445
445 447
447
452 453
453 455
455 457
457 458 459
458 459
459
462 463
463 465
465 467
467
471 473
473 474
474 476
476
482 484
484 485 486
485 486 487
486 487
487
490 491
491
494 495 496
495 496
496
500 501 502
501 502
502
507 508 509
508 509 510
509 510 511
510 511
511 513
513
516 518
518 520
520 521 522
521 522 523
522 523 524
523 524
524
529 530 531
530 531
531
534
538
543 544
544 546
546
550
553
556 558
558
562 563 564
563 564 565
564 565
565 567
567
570
573
576 578
578 579
579 581
581 582 583
582 583
583 585
585 586
586
589
594
598 600
600
603 605
605 607
607 608
608
611
614 615
615 617
617
623 625
625
628 630
630
633 635
635 636
636
639 641
641
645 647
647 648
648 650
650 651
651
654 655
655 657
657 659
659
663 665
665
668
673 674 675
674 675 676
675 676
676
682
688 690
690 691
691
694 695 696
695 696
696
699
703
710 712
712
716 717
717 719
719 720 721
720 721 722
721 722 723
722 723 724
723 724
724
727 728
728 730
730 731
731
735
738 740
740
745
748 750
750 752
752 753 754
753 754
754
762 764
764 766
766
775 776
776
785 787
787
793 795
795
799 801
801
804 805
805
809
812
815 817
817 818 819
818 819
819 821
821 822 823
822 823
823
826 828
828 829 830
829 830 831
830 831 832
831 832
832
836 838
838
842 844
844 845
845 847
847
851 853
853 855
855 856
856
859
863 864 865
864 865
865
868
871
875 876
876 878
878 879 880
879 880 881
880 881 882
881 882 883
882 883 884
883 884 885
884 885
885 887
887
890
893 895
895 896
896 898
898
902 904
904
908 909
909
912 913 914
913 914 915
914 915 916
915 916 917
916 917 918
917 918 919
918 919 920
919 920
920
927 929
929 931
931
935 937
937 938
938
941 942 943
942 943
943
947 948
948
952
957
962 964
964
967 969
969 971
971 972 973
972 973 974
973 974 975
974 975 976
975 976
976 978
978
981 982 983
982 983
983 985
985 986 987
986 987 988
987 988 989
988 989
989
993
996
999
