#naive2.0.py
# GMT Fri Feb 14 13:34:01 2020
# 
2
7
15 17
17 18
18
24
27 28 29
28 29 30
29 30 31
30 31 32
31 32
32
35 36 37
36 37 38
37 38 39
38 39
39
42 43 44
43 44
44
47
50
53 54
54 56
56 57 58
57 58
58 60
60
63 65
65
68
72 73
73 75
75 77
77 78
78 80
80 81
81
84 85 86
85 86
86
89 91
91
94
97 98
98
101 103
103
107 108 109
108 109
109
113 114 115
114 115
115
120 122
122
125 127
127 128 129
128 129 130
129 130
130
134 136
136 137
137
140
143 144
144 146
146
151
157 158
158
161 163
163
166 168
168 170
170
174 176
176
179 180
180
183 184 185
184 185
185 187
187 189
189 190
190
193
196 197
197
200
205 206 207
206 207 208
207 208 209
208 209 210
209 210 211
210 211 212
211 212
212 214
214
217 218 219
218 219 220
219 220 221
220 221
221
224 225
225
231
234 235
235 237
237 238
238
242 244
244 245 246
245 246
246 248
248 249
249
252 253
253
256 257
257 259
259 260
260 262
262 263
263
267
270
275
281
292
296 297 298
297 298
298 300
300 301
301
305
308 310
310 312
312 314
314 315
315
321 323
323 324 325
324 325 326
325 326
326 328
328 330
330
333
336 337 338
337 338
338 340
340
349
353 355
355 356
356 358
358 359 360
359 360
360 362
362 364
364 366
366 367
367 369
369
372 373 374
373 374 375
374 375
375 377
377
381 382
382 384
384 386
386
390 391 392
391 392
392
395 396 397
396 397
397
405 406
406
414 415
415
418 419 420
419 420 421
420 421
421
424 426
426 427 428
427 428
428
431 432
432
437 439
439 440
440
443 445
445
451 453
453 455
455 456
456
460 462
462 463
463
466 467
467
471 472 473
472 473
473
476
479 480
480
483
486 487 488
487 488 489
488 489 490
489 490 491
490 491
491 493
493 494
494 496
496 497
497
500
503
506
509 510
510
513
517 519
519 521
521 522 523
522 523 524
523 524
524
527
534
539 540 541
540 541 542
541 542
542
545 546 547
546 547 548
547 548
548 550
550 552
552 553 554
553 554
554
559 560 561
560 561
561 563
563 564 565
564 565 566
565 566 567
566 567 568
567 568
568 570
570 572
572 574
574 575
575 577
577 578
578
581
584 586
586
595 596
596
607 608 609
608 609
609
614
617 618
618
621 622 623
622 623
623 625
625 626
626
631 632 633
632 633 634
633 634
634 636
636 637
637
642
648 649
649 651
651 652 653
652 653 654
653 654
654
657 659
659 660
660
665 667
667
671 672
672 674
674 675 676
675 676 677
676 677 678
677 678 679
678 679
679
684 686
686
689 690 691
690 691
691
694 696
696 697 698
697 698
698 700
700 702
702 703 704
703 704 705
704 705 706
705 706
706 708
708 710
710 711
711 713
713
716
720
724
730 731
731 733
733 734
734
738 739
739
744 745
745 747
747 748 749
748 749
749 751
751 752
752 754
754
757 758 759
758 759
759
764 766
766 767 768
767 768 769
768 769 770
769 770
770 772
772 773
773 775
775
778 779
779 781
781
792
798 799 800
799 800 801
800 801 802
801 802 803
802 803 804
803 804
804
808 809
809
812
815 816
816 818
818
821 823
823
827 828 829
828 829
829
836 837 838
837 838
838
842 843 844
843 844 845
844 845 846
845 846
846
853 855
855
858 859 860
859 860
860
863
868 869
869 871
871 872 873
872 873
873 875
875 877
877 878
878
881 882 883
882 883 884
883 884 885
884 885
885
889 890
890
894 896
896 898
898 900
900 902
902 903 904
903 904 905
904 905
905 907
907 908 909
908 909
909 911
911
914
920 922
922 924
924 925
925
928
933 935
935 937
937 938 939
938 939 940
939 940
940
943 945
945 946
946
949 951
951
954 955 956
955 956
956
964 965
965
968
971 973
973 974 975
974 975 976
975 976 977
976 977
977
980 981 982
981 982
982
985 987
987 988 989
988 989
989
993
997 998
998
