#naive2.0.py
# GMT Fri Feb 14 13:33:59 2020
# 
0 1 2
1 2 3
2 3
3 5
5 6
6
10
14 16
16 17 18
17 18 19
18 19
19
26 27
27 29
29 30 31
30 31 32
31 32 33
32 33
33
44 46
46
50 52
52
56 57
57
62
65 66
66 68
68 69
69
72 74
74 76
76 77
77 79
79
83 85
85
88 89 90
89 90 91
90 91 92
91 92 93
92 93
93
96 98
98 99 100
99 100 101
100 101 102
101 102 103
102 103 104
103 104
104
109 110 111
110 111
111
115 116
116
122
126
130 131
131 133
133
137 138 139
138 139
139
142
150
156 158
158 160
160
164 165 166
165 166 167
166 167
167
172 174
174 176
176 178
178 179
179 181
181 182
182
185 187
187 188 189
188 189
189
192 193 194
193 194 195
194 195
195 197
197 198
198 200
200 202
202 203
203
210 212
212 213
213
216 217 218
217 218 219
218 219
219 221
221 223
223
227 228 229
228 229
229
234 235
235
239 240 241
240 241
241 243
243 244 245
244 245 246
245 246
246
249 251
251
256 257
257
263 264 265
264 265
265 267
267 268
268 270
270
274 276
276 278
278 279
279 281
281
285 287
287
292 293
293
297 299
299
302
306 307 308
307 308
308 310
310 312
312 313
313
316 317 318
317 318 319
318 319 320
319 320
320 322
322 324
324 326
326 328
328 330
330 332
332 334
334 336
336 337
337
341 342 343
342 343 344
343 344
344 346
346 347 348
347 348
348 350
350 351 352
351 352
352
356 357 358
357 358
358 360
360
363
366
369
372 374
374 376
376 378
378 379 380
379 380
380
383
386
389 391
391
394
401 403
403 404
404
408 410
410 411
411
415
418
421 423
423
427 429
429 430
430
434 436
436 437
437 439
439 440 441
440 441
441
446 448
448 449
449
454
457
460 461 462
461 462 463
462 463
463
467 468
468
473 474 475
474 475
475
479 480
480
484 485
485
489 490
490 492
492 493
493 495
495 496
496
502
507
514 515 516
515 516
516
519 521
521 522
522 524
524 525
525
531
534 536
536 537 538
537 538
538
541 542 543
542 543
543 545
545
548 550
550 551
551 553
553
556
559
563 564 565
564 565 566
565 566 567
566 567
567 569
569
573 574 575
574 575 576
575 576
576
582 583 584
583 584
584
587 589
589 591
591 593
593 594
594
598 600
600
604 605
605 607
607
610 612
612 613 614
613 614 615
614 615
615 617
617
621
624 625 626
625 626 627
626 627 628
627 628
628
634 635 636
635 636
636 638
638 640
640
644
649 650
650
653 654 655
654 655 656
655 656
656 658
658
661
664 665
665 667
667 668 669
668 669 670
669 670
670
675
678
683 685
685
689 691
691
701
705 707
707
711 712 713
712 713
713
716 717 718
717 718 719
718 719
719 721
721 722
722 724
724 725
725
730 731
731 733
733
737
741
744 745
745
753 755
755 757
757 758 759
758 759 760
759 760
760
763 765
765 766
766 768
768
771 772 773
772 773
773
777 778 779
778 779
779
782
785 786
786
792 793 794
793 794 795
794 795 796
795 796
796 798
798 799 800
799 800
800 802
802
805 807
807
810 812
812 813 814
813 814
814 816
816 817 818
817 818
818 820
820 821 822
821 822 823
822 823
823 825
825 826 827
826 827 828
827 828 829
828 829 830
829 830
830 832
832 833 834
833 834 835
834 835
835
838 839
839
842 843
843
846
849 851
851
857 859
859 861
861 862
862 864
864 865
865
870 871 872
871 872 873
872 873 874
873 874
874
880 882
882 884
884 886
886 888
888 889
889
893 894
894 896
896 897
897
900 901 902
901 902
902
905 906
906 908
908 910
910
914 915 916
915 916
916
919 921
921 922 923
922 923
923 925
925 926
926 928
928 930
930
934 935 936
935 936 937
936 937 938
937 938 939
938 939 940
939 940 941
940 941
941 943
943 945
945 946
946
949 950 951
950 951
951 953
953
958
962 964
964 966
966
971
975 976
976 978
978
984 985
985
990 991 992
991 992 993
992 993 994
993 994
994 996
996
