#naive2.0.py
# GMT Fri Feb 14 13:34:01 2020
# 
2 4
4 6
6
9 11
11 12
12 14
14 15
15
19 20
20
23
29 30 31
30 31 32
31 32 33
32 33 34
33 34 35
34 35 36
35 36 37
36 37 38
37 38
38 40
40 42
42 44
44 45
45
49 51
51 52
52 54
54 56
56
59 60
60
64 65 66
65 66
66 68
68 69 70
69 70
70 72
72 74
74
78 80
80
84
89 90 91
90 91 92
91 92
92
97 98
98 100
100 101 102
101 102 103
102 103
103
117 118 119
118 119
119
122 124
124 125
125
129
132 134
134
139 140 141
140 141
141 143
143 144
144
148 149
149 151
151
154 156
156 158
158
162
165 166 167
166 167 168
167 168 169
168 169
169 171
171 173
173
179 180
180 182
182
185
188 190
190 191
191 193
193
199 201
201 202
202
206
214 215
215 217
217 218
218 220
220 221
221
224 226
226
229
233 234
234
239 240
240
246 248
248
251 253
253
256 257
257 259
259
264 266
266
269 270
270 272
272
275 276 277
276 277
277
281 283
283 284
284 286
286 287
287
291
294 295
295
298 299
299 301
301 302 303
302 303 304
303 304 305
304 305 306
305 306
306 308
308 309
309
315 317
317 318 319
318 319 320
319 320 321
320 321
321 323
323 325
325 326 327
326 327
327
334 335
335
339
343 345
345 346
346 348
348 349
349
353 354 355
354 355
355
358 359
359 361
361 362
362
365
373 375
375 376
376
379 381
381 383
383 384 385
384 385 386
385 386
386 388
388 390
390
393 395
395 397
397 399
399 400 401
400 401 402
401 402 403
402 403
403 405
405
408 409
409
414
417 419
419
427 428 429
428 429 430
429 430
430
434 435 436
435 436
436 438
438 440
440 441
441 443
443 444
444
448 450
450
453 454
454
458 460
460 461
461 463
463
466
469 470
470 472
472 473 474
473 474
474
477 478
478 480
480 481
481 483
483
486 487
487
491
497
501 502 503
502 503 504
503 504
504
508 509
509
512
522 524
524
529 531
531 532 533
532 533 534
533 534 535
534 535 536
535 536
536 538
538 539
539
542 543 544
543 544
544
547
550
555
559 560
560 562
562
568 570
570 571
571
574 575 576
575 576
576 578
578 579 580
579 580
580
585 587
587 588
588
595
598 599 600
599 600
600 602
602 604
604 606
606
612 613
613 615
615 616 617
616 617
617 619
619 620 621
620 621
621 623
623
627 628 629
628 629
629
633
637
642
645 646 647
646 647 648
647 648
648 650
650 651 652
651 652
652
655
659 660
660
667 668
668 670
670
673
677
682 683
683
691 692
692 694
694
701
704 705
705
712 713
713
716 717 718
717 718 719
718 719 720
719 720 721
720 721 722
721 722 723
722 723
723
733 734 735
734 735
735
742 743 744
743 744 745
744 745
745 747
747
757 759
759 761
761 762 763
762 763
763
768 769
769
773 775
775
780 781
781
784 786
786 787
787
792
795 797
797 798
798
801 802 803
802 803
803 805
805 806 807
806 807 808
807 808 809
808 809 810
809 810 811
810 811
811
814
818
822 824
824
827 829
829 830
830 832
832 833 834
833 834
834 836
836 837 838
837 838
838
841 842 843
842 843 844
843 844 845
844 845 846
845 846
846 848
848 849 850
849 850
850 852
852 853
853 855
855 857
857
860 861 862
861 862
862 864
864
870 872
872
876
881 882
882 884
884 886
886 888
888 889
889
894 895
895 897
897
900 902
902
909 910
910
916
921 922
922 924
924
927
930 931 932
931 932
932
935 937
937 938 939
938 939
939 941
941 942
942
945 946 947
946 947
947
950
953 954
954 956
956 957
957
961
965
968 969
969 971
971 973
973 975
975 977
977 978 979
978 979
979
982 983 984
983 984
984
988 989 990
989 990
990 992
992 994
994
997 999
999
