#naive2.0.py
# GMT Fri Feb 14 13:34:01 2020
# 
0 998
7 8
8
13 14
14 16
16
19
23 25
25 26
26
30 31 32
31 32
32
35
40
43 44
44
48 50
50
53
56 57 58
57 58 59
58 59
59 61
61 63
63 65
65
69 70 71
70 71
71 73
73
80 81
81 83
83 84 85
84 85
85
88
91 93
93
97 98 99
98 99
99 101
101
105
108 109
109 111
111
114 116
116 118
118 119
119
123 124
124
128 129 130
129 130 131
130 131
131
134 136
136
139
145 146 147
146 147 148
147 148
148
154 155
155
158
162 164
164 165 166
165 166
166
169 170
170
175 176
176 178
178
182 184
184 185
185 187
187 188
188 190
190 191
191 193
193 195
195 196 197
196 197 198
197 198
198 200
200
204 206
206 207
207
211 212
212
215 216
216 218
218 219
219
223
226
229 231
231 232 233
232 233
233
237 238
238
243 244 245
244 245
245 247
247 249
249 251
251 253
253 254
254 256
256 257
257
263 264
264
267
270 271
271 273
273 274
274
277 279
279 280 281
280 281
281 283
283
289
295 296
296
300 301
301 303
303
306
311 312
312 314
314 315
315
322 324
324
327 328
328
331 332 333
332 333
333 335
335 337
337 338 339
338 339 340
339 340 341
340 341 342
341 342 343
342 343
343
349 350 351
350 351
351 353
353 354
354 356
356 357
357
361
364 366
366 367 368
367 368
368 370
370
375 377
377 379
379 381
381 382
382
388 389 390
389 390 391
390 391 392
391 392
392 394
394 395 396
395 396 397
396 397 398
397 398
398
402
409 411
411 413
413 414 415
414 415
415 417
417
420 421 422
421 422 423
422 423
423
426 428
428
432 434
434 435
435
438 439
439 441
441
449
454 456
456 457 458
457 458
458 460
460
467 468 469
468 469 470
469 470
470
474 475 476
475 476 477
476 477 478
477 478 479
478 479
479
482 483
483
486 487
487
490 492
492 493
493 495
495
499 501
501 503
503 505
505 506
506
511 512 513
512 513 514
513 514
514
521 522
522 524
524 525 526
525 526
526
531 532 533
532 533 534
533 534
534 536
536 538
538 539
539 541
541 542
542
546
555 556
556
561
564 565
565
568
571 572
572 574
574 576
576 578
578 580
580 581 582
581 582 583
582 583
583 585
585 586
586 588
588 589
589 591
591
595
598 599
599 601
601 602 603
602 603 604
603 604 605
604 605
605
609 611
611 612
612
615 617
617 619
619 620
620
623 624
624 626
626
630 631 632
631 632
632
640
645 647
647
652 654
654
660
665 666 667
666 667 668
667 668
668
671 672 673
672 673
673 675
675
678
681 682
682
685 686 687
686 687
687
690 692
692
697
703 705
705
708 709
709
713
717
721 722
722 724
724 725
725 727
727 728 729
728 729 730
729 730 731
730 731 732
731 732 733
732 733 734
733 734
734
737 738
738
743 744 745
744 745 746
745 746 747
746 747 748
747 748 749
748 749 750
749 750 751
750 751
751 753
753
756 758
758
761 762
762 764
764 765 766
765 766
766
769 771
771 773
773
778
781 782
782 784
784 785
785
788 789 790
789 790
790 792
792 794
794
799 801
801 803
803 805
805 807
807 809
809 811
811
814 815 816
815 816 817
816 817 818
817 818
818 820
820 821
821
825 826
826
833
838
841
847 849
849 851
851 852
852
855 856
856 858
858
863 865
865 866
866 868
868 869
869
872
875 876
876
879 880 881
880 881
881
884 885 886
885 886 887
886 887
887
892 893
893 895
895 897
897
900 902
902 903
903
906
913
916 917
917 919
919
925
929
932
936
940 941
941
944
948
951 952 953
952 953
953 955
955 956 957
956 957 958
957 958 959
958 959 960
959 960 961
960 961
961 963
963 964 965
964 965
965 967
967
972 973 974
973 974
974
977 979
979
982 983
983
986 988
988
991 992
992 994
994 995
995
998
