#naive2.0.py
# GMT Fri Feb 14 13:34:02 2020
# 
0 998
3
8 10
10 11 12
11 12 13
12 13 14
13 14
14 16
16
20
25
28
31 33
33 34 35
34 35
35
38 39
39
45 46 47
46 47 48
47 48
48
52 54
54
58 59 60
59 60
60
64 66
66 67
67
70
73
76
81 83
83 84
84 86
86 88
88 90
90 91
91
94
102 103 104
103 104 105
104 105
105 107
107 108 109
108 109 110
109 110
110 112
112 114
114 116
116 117 118
117 118 119
118 119
119 121
121 122 123
122 123
123 125
125
129 130
130 132
132
138 140
140 141
141
145 146
146
149 150 151
150 151 152
151 152
152 154
154 155 156
155 156
156
160 161
161
164 165
165
168 169
169
173 174
174
177 178 179
178 179
179
182
192 194
194 195
195
198 199 200
199 200
200 202
202 203
203
210
214 216
216 217
217 219
219 220 221
220 221
221
224
227 228 229
228 229
229
232 233 234
233 234
234
241
248 249 250
249 250
250
253 254 255
254 255 256
255 256 257
256 257
257 259
259 260 261
260 261
261 263
263 264
264
271
274
277 278
278
281 283
283
286 287 288
287 288 289
288 289
289 291
291 293
293 294
294 296
296 297 298
297 298
298
301 302 303
302 303 304
303 304 305
304 305 306
305 306 307
306 307 308
307 308 309
308 309 310
309 310
310 312
312
318 320
320 322
322
326
332 333
333
337
340 341 342
341 342 343
342 343
343 345
345 347
347
352
359
363 364
364 366
366 367
367
370 371 372
371 372 373
372 373 374
373 374
374 376
376
384 386
386 388
388 390
390 391 392
391 392
392
398 399
399
402 403 404
403 404 405
404 405 406
405 406
406
410
414
419
426
430 432
432 433
433
437
441 443
443 444
444
447 448 449
448 449
449 451
451
463 464 465
464 465
465
468 469 470
469 470 471
470 471
471
474 476
476 478
478
481 482
482
486 487 488
487 488
488 490
490 491 492
491 492
492
495
498
502 503 504
503 504 505
504 505
505
509 510
510 512
512
517 519
519 520 521
520 521 522
521 522
522 524
524
527 529
529 530 531
530 531 532
531 532
532 534
534 536
536 537 538
537 538
538 540
540
545
548 549 550
549 550
550 552
552 553 554
553 554 555
554 555
555 557
557 559
559 561
561 563
563 564 565
564 565
565
569 570
570
574 575 576
575 576
576 578
578
581 582 583
582 583 584
583 584
584
588 589 590
589 590 591
590 591
591 593
593
598 599 600
599 600 601
600 601 602
601 602 603
602 603 604
603 604
604 606
606 607 608
607 608
608 610
610 611 612
611 612
612
618 619
619
623 625
625 627
627 628 629
628 629
629 631
631 632
632 634
634
638 639
639
642 643
643 645
645 646
646
649 650
650 652
652 653
653
656 658
658
661 663
663
669 670 671
670 671
671 673
673 674
674 676
676
680 681
681
685 686
686 688
688 690
690
698
701 702
702 704
704 705
705
708
711 713
713 714
714 716
716 717 718
717 718
718 720
720
723 724 725
724 725 726
725 726
726 728
728 729
729 731
731
737
743
748 749 750
749 750
750 752
752 753 754
753 754 755
754 755
755 757
757 758
758 760
760 761
761 763
763 764 765
764 765 766
765 766
766
770 771 772
771 772 773
772 773
773 775
775
780 782
782 784
784
787 789
789
792 793
793
797 799
799
803
809 811
811 812
812 814
814 815 816
815 816 817
816 817
817
820
828 829 830
829 830 831
830 831
831
835 837
837 838
838
841 843
843 844
844 846
846 848
848
852 853
853
856 858
858 860
860
863
866
869
875 876 877
876 877 878
877 878 879
878 879
879
882 884
884 885
885 887
887 888
888 890
890 891
891
896
899 900
900
903 904
904 906
906 907
907 909
909 911
911
916
919 920 921
920 921 922
921 922
922 924
924
927
934 936
936
939 940
940
943 945
945 946
946
951 952 953
952 953
953 955
955 957
957
960
965 966
966
969 970 971
970 971
971
974
977
980
983 984
984
989 990 991
990 991 992
991 992 993
992 993
993 995
995 996 997
996 997 998
997 998
998
