#naive2.0.py
# GMT Fri Feb 14 13:34:04 2020
# 
0 1 999 2 998
1 2 999
2
6 8
8 10
10
17 18 19
18 19
19
23 24
24
27 28 29
28 29
29 31
31
37 39
39
42 44
44
47 49
49
54 55 56
55 56
56
65 66 67
66 67
67
71 72 73
72 73
73
76 78
78
81 82 83
82 83
83
86 88
88
92 93
93
96 97 98
97 98
98 100
100
103 105
105
108
112 114
114 116
116 118
118 120
120 121
121
125
130 131 132
131 132
132
137 138 139
138 139
139 141
141 142 143
142 143
143 145
145 147
147 149
149
152 154
154 156
156 157 158
157 158
158
161 163
163
167 168
168
174
178 179 180
179 180 181
180 181
181
186 187 188
187 188 189
188 189
189
192
195 197
197 198
198 200
200
206 207 208
207 208 209
208 209
209
213 214 215
214 215 216
215 216 217
216 217
217 219
219 220
220
223 224 225
224 225
225
228
231
234 235
235 237
237 238
238 240
240 242
242 244
244
249
252 253 254
253 254 255
254 255
255 257
257 258 259
258 259 260
259 260
260 262
262 264
264 265 266
265 266
266
269 271
271 273
273 274
274 276
276 278
278 279 280
279 280 281
280 281 282
281 282
282
288 290
290 291 292
291 292
292
295 296
296 298
298 299
299 301
301 303
303
306 307
307
313 314 315
314 315 316
315 316 317
316 317
317
320 321
321 323
323 324
324 326
326
330 331 332
331 332
332
335
338 340
340 341
341
345
349 351
351 353
353 355
355 356 357
356 357
357 359
359 361
361 363
363
371 373
373 374
374 376
376 377
377 379
379 381
381 383
383 385
385
389 390
390 392
392 394
394 395 396
395 396 397
396 397
397 399
399 400 401
400 401 402
401 402
402 404
404 405 406
405 406
406 408
408 410
410
413
416 417 418
417 418 419
418 419
419 421
421 423
423
427 428 429
428 429
429 431
431 432 433
432 433
433 435
435 436 437
436 437 438
437 438
438
442
445 446 447
446 447
447
450
455
463 464 465
464 465 466
465 466 467
466 467 468
467 468 469
468 469
469
473 475
475 476
476
479 481
481 482 483
482 483
483
486
493 494 495
494 495 496
495 496 497
496 497
497 499
499 500
500
503 504 505
504 505
505 507
507
513 514
514
517
521 522
522
525 526 527
526 527 528
527 528 529
528 529
529 531
531
536
539 540 541
540 541
541 543
543
547 549
549 551
551 553
553 554
554
557 559
559 560
560
564
567 568
568
572 573
573 575
575 577
577 579
579
583 584
584 586
586 587
587
592 594
594 595
595 597
597 598
598 600
600
603 605
605 607
607 608 609
608 609
609
612 613
613
617 618
618
627 628
628
631 632
632
637
642 644
644 646
646 648
648 649 650
649 650 651
650 651
651
654 655
655 657
657
662 663
663
666
669 671
671 673
673 675
675 677
677
682
686 688
688 689
689
692
695 696 697
696 697
697
704 705 706
705 706 707
706 707 708
707 708
708
713 715
715 716
716
719 721
721
729 730 731
730 731
731 733
733
741 742 743
742 743 744
743 744 745
744 745 746
745 746
746
749
753 755
755 756 757
756 757
757
760 761
761
764
768 770
770
773
776
780
785
789
792 794
794
798
802 803
803
806 807
807 809
809 810 811
810 811
811
814 816
816 818
818 820
820
824
831 832 833
832 833
833
840 841
841
847 848
848
852
860 861 862
861 862
862 864
864 865
865 867
867 868
868
871 872
872
879 880
880
885 887
887
890 891 892
891 892
892
897 898
898
901 903
903 904 905
904 905
905
909
912 913 914
913 914
914
917
922 923
923
927 929
929 930 931
930 931 932
931 932 933
932 933
933
936
940
944
947 949
949 950 951
950 951 952
951 952 953
952 953 954
953 954
954 956
956
959
962 963
963
966 967
967
970 971 972
971 972
972 974
974
980 981
981
985 986 987
986 987
987 989
989 990
990 992
992 994
994 996
996 998
998 999
999
