#naive2.0.py
# GMT Fri Feb 14 13:33:58 2020
# 
2 4
4 6
6
11 13
13 14 15
14 15
15
20 21
21 23
23 24
24 26
26 27
27 29
29 30 31
30 31 32
31 32 33
32 33
33
37
40 41 42
41 42
42
45 46
46 48
48
52 54
54
57 58 59
58 59
59 61
61 62 63
62 63 64
63 64
64
70 71
71 73
73 74 75
74 75 76
75 76
76 78
78 79 80
79 80
80 82
82 83 84
83 84 85
84 85
85
88
94 96
96 97 98
97 98
98 100
100 101 102
101 102 103
102 103 104
103 104
104
108 109 110
109 110 111
110 111
111 113
113 114 115
114 115 116
115 116 117
116 117 118
117 118
118 120
120 121
121
126 128
128
132 133
133
137 138 139
138 139
139 141
141 142 143
142 143
143 145
145 147
147
153
157 158
158
162 163 164
163 164
164
169
174
179
182 183
183 185
185 186
186
190
193 194
194 196
196 197 198
197 198 199
198 199
199 201
201 203
203 205
205 206
206
212
217 219
219 221
221 222 223
222 223
223
226 227
227 229
229 230
230 232
232 233
233
236 237 238
237 238 239
238 239
239
243 244 245
244 245
245
248 250
250 252
252 253 254
253 254 255
254 255
255 257
257
264 265
265 267
267 269
269
272 273 274
273 274 275
274 275 276
275 276
276
280 282
282 283
283 285
285 287
287 289
289
292
296
299 300 301
300 301 302
301 302 303
302 303
303
308 309
309
315 316 317
316 317 318
317 318
318 320
320 322
322
326 327 328
327 328
328 330
330
335 336 337
336 337
337 339
339 340
340
343
346
349 351
351 353
353
356 357
357
362 364
364
367
371 372
372
377
380 382
382 383
383
388 390
390 391 392
391 392
392
396 397
397 399
399 401
401
404 405 406
405 406 407
406 407 408
407 408 409
408 409
409 411
411 413
413 414
414
417 419
419
423
431
434 436
436 437 438
437 438
438
441 442 443
442 443
443 445
445 447
447 448 449
448 449 450
449 450 451
450 451
451
454 455
455
458 459
459
463 465
465
468
471 472
472
476 478
478 479 480
479 480
480
484
491 492
492 494
494
500 502
502 504
504 505 506
505 506
506 508
508 509 510
509 510
510 512
512
518 519 520
519 520 521
520 521
521 523
523 524
524 526
526 528
528 530
530 531
531 533
533 534
534 536
536 537
537
540 541
541 543
543 544 545
544 545
545 547
547 549
549
552 554
554 555 556
555 556 557
556 557
557
561 562
562 564
564 565 566
565 566 567
566 567
567
574 576
576 577 578
577 578 579
578 579 580
579 580
580 582
582
587 588
588 590
590
593
596 597
597 599
599
603 605
605 607
607 608 609
608 609 610
609 610
610 612
612 613 614
613 614
614
618 619 620
619 620
620 622
622 623
623 625
625 626 627
626 627
627
630 631 632
631 632 633
632 633 634
633 634
634 636
636
639 640 641
640 641
641 643
643
646 647 648
647 648
648 650
650 652
652 654
654
662 663 664
663 664
664
667 669
669
672 674
674 676
676
689
693 695
695
700 701
701
704 706
706
709 710 711
710 711
711
717 719
719 720
720
725 726
726
729
732 733
733
736
746 748
748 750
750 751 752
751 752 753
752 753 754
753 754 755
754 755
755 757
757 759
759
762 764
764 765 766
765 766
766 768
768 769
769
773 775
775 776
776 778
778
784
787 788 789
788 789 790
789 790
790 792
792 794
794 795
795
799
802 803
803
806 807
807
810 811
811
814 816
816
819 820 821
820 821 822
821 822 823
822 823
823 825
825 827
827 829
829 830
830
834
837 839
839 840 841
840 841
841
844
847 848 849
848 849
849
853 854 855
854 855 856
855 856
856 858
858 860
860 861 862
861 862
862
866 868
868 870
870 871
871
874 875
875
881
886 887 888
887 888 889
888 889 890
889 890 891
890 891 892
891 892 893
892 893 894
893 894
894
897 898 899
898 899
899 901
901 902
902
905
910
913
918 920
920
923 924
924
927 928 929
928 929
929
932 934
934 935
935 937
937 938
938 940
940 942
942
945 946
946
949
952 953 954
953 954
954
958
961 962
962 964
964
969 970
970 972
972 974
974 975 976
975 976
976
980 981
981 983
983 984 985
984 985 986
985 986 987
986 987
987 989
989
992
999
