#naive2.0.py
# GMT Fri Feb 14 13:34:00 2020
# 
0 999 2
2 3
3
6
11 12 13
12 13 14
13 14
14
17
20 21 22
21 22 23
22 23 24
23 24 25
24 25 26
25 26 27
26 27 28
27 28 29
28 29 30
29 30
30
35 36
36 38
38 39 40
39 40
40
45 46
46
49 50
50 52
52 53
53
58 59 60
59 60 61
60 61
61
65
68 69
69
75
78 79 80
79 80
80
83 85
85 87
87 88 89
88 89 90
89 90 91
90 91
91 93
93 94 95
94 95 96
95 96
96
101 102 103
102 103 104
103 104
104 106
106 108
108 109
109
113 114
114
118 120
120 122
122 123
123
126 127
127 129
129
135 136 137
136 137 138
137 138 139
138 139 140
139 140
140
144 145 146
145 146
146
149 151
151 152 153
152 153 154
153 154
154 156
156 158
158 160
160 162
162 163
163 165
165
168 169 170
169 170
170
173 174 175
174 175 176
175 176 177
176 177
177
180 181
181
185 186
186
189 190
190 192
192 193 194
193 194 195
194 195
195 197
197
202 204
204 206
206
210 212
212 213 214
213 214 215
214 215 216
215 216
216 218
218 220
220 222
222
230 232
232 233
233
237 238
238 240
240
244 245
245
248 249 250
249 250
250 252
252 253 254
253 254
254 256
256 257
257
260 261
261
264 265
265
268 270
270
275
278 279 280
279 280
280 282
282 284
284
288 289 290
289 290
290
293 294 295
294 295 296
295 296
296
299 301
301 303
303 304
304 306
306 307
307 309
309 310
310 312
312 313 314
313 314
314 316
316 317
317 319
319 320 321
320 321 322
321 322
322 324
324 325 326
325 326
326 328
328 330
330 332
332 334
334 336
336 338
338 339
339
342
346
350
354 355 356
355 356
356
359 360
360 362
362 363 364
363 364 365
364 365
365 367
367
371 372 373
372 373
373 375
375 376 377
376 377
377
380 381 382
381 382
382 384
384
387 389
389 390 391
390 391
391 393
393 395
395 396 397
396 397
397
400 401
401
405 407
407 408
408 410
410
414
420
427 428 429
428 429
429 431
431 432 433
432 433
433
438 440
440 442
442 444
444 445
445 447
447
452 453 454
453 454 455
454 455 456
455 456 457
456 457
457
462 464
464 465 466
465 466
466
470
476 478
478 480
480 481 482
481 482
482
487
490
494
497 498 499
498 499
499
504 506
506
510
514 515
515 517
517
520 522
522 523
523 525
525 527
527 528
528 530
530 531 532
531 532
532
539
546
549
552
556
559 560
560
565 566 567
566 567
567
570 571
571 573
573 574 575
574 575 576
575 576 577
576 577 578
577 578 579
578 579
579 581
581 583
583
587
590 592
592 593 594
593 594
594
598 599
599 601
601 603
603 604
604 606
606
609 610 611
610 611 612
611 612
612 614
614 616
616
621 622 623
622 623
623 625
625 626 627
626 627
627 629
629 630
630
636 638
638 640
640 642
642 643
643
646 647 648
647 648 649
648 649
649 651
651 652 653
652 653 654
653 654
654
659 661
661 662 663
662 663
663
669 671
671 673
673 675
675
680 681
681
685
688
697 699
699
702 703
703 705
705 706 707
706 707
707 709
709
712 713
713
717
721 722
722
725 726
726 728
728 729 730
729 730
730
735 737
737 738
738 740
740 741 742
741 742
742 744
744 746
746
750 751 752
751 752
752
757
764
768
780 782
782
785 786
786 788
788 789 790
789 790
790
793
797 799
799
805 806
806 808
808 809 810
809 810
810
813 815
815 816
816
823 825
825 826 827
826 827 828
827 828 829
828 829 830
829 830
830
833
836
841
844
847 848 849
848 849 850
849 850 851
850 851 852
851 852
852 854
854
857
864 865
865
870 871
871 873
873 875
875 877
877 878
878
881
885 887
887 889
889
892 893 894
893 894 895
894 895
895 897
897
900 902
902 903
903 905
905 907
907 908
908
911 913
913
917 919
919
924 926
926
929 931
931 932 933
932 933 934
933 934
934
939 940
940
943 944 945
944 945
945
955 957
957 958 959
958 959 960
959 960 961
960 961 962
961 962
962
966
973 975
975 976
976
979 980
980 982
982
987 989
989 991
991 992
992 994
994 995 996
995 996 997
996 997
997 999
999
