#naive2.0.py
# GMT Fri Feb 14 13:34:04 2020
# 
3
8 10
10 11
11
15 16 17
16 17
17
21 22 23
22 23 24
23 24
24
27 29
29 31
31 33
33
36 37
37
41 42
42 44
44 45
45
48 49
49
53 55
55 56
56
61 63
63 64
64 66
66 68
68 69 70
69 70
70
75 76
76
79 80 81
80 81 82
81 82
82
86 88
88 89
89
92 93 94
93 94
94 96
96
99 100 101
100 101 102
101 102 103
102 103 104
103 104 105
104 105
105 107
107 108
108
111
115
118 119
119
124 125
125
128 130
130
133 135
135 137
137 138
138
141 142 143
142 143 144
143 144
144 146
146 148
148 150
150 152
152
156 158
158
164 165 166
165 166 167
166 167
167 169
169 170 171
170 171 172
171 172 173
172 173
173
179 180
180 182
182 183 184
183 184 185
184 185
185
188 190
190 191
191
196 197
197 199
199 200 201
200 201
201 203
203 204
204 206
206 208
208
211 212
212
216 217
217 219
219 220
220 222
222 223 224
223 224 225
224 225
225 227
227 228
228
231 232 233
232 233 234
233 234
234 236
236 237 238
237 238 239
238 239
239
242
245 247
247 249
249 250
250
254 256
256 257
257 259
259 261
261
264 266
266 268
268 269 270
269 270
270 272
272
275
278 279
279
282 283
283
286 287 288
287 288
288 290
290 291 292
291 292
292 294
294 295
295
298 299
299
302
305 307
307
310 311
311
314
319
323 324 325
324 325
325
329 331
331 333
333
338 339
339
343
347 348
348
352 353
353
356 357
357 359
359 360
360
363 365
365 366
366
369
374 375
375
378 379 380
379 380 381
380 381 382
381 382 383
382 383
383 385
385 387
387 388 389
388 389
389 391
391 392 393
392 393
393
396 397 398
397 398
398 400
400
403
406
411
416
421 422
422 424
424 425 426
425 426 427
426 427 428
427 428 429
428 429 430
429 430
430 432
432 434
434
441 442 443
442 443
443
447
450
454 456
456 457
457
462 463
463 465
465
469
472
475
479 481
481 483
483 484
484
487 489
489 490
490
493 495
495 496 497
496 497
497 499
499 501
501 502
502
507 509
509 510 511
510 511
511
514 515
515
519 520
520
524 526
526
529
532
535 536 537
536 537 538
537 538
538 540
540 542
542
548 549 550
549 550 551
550 551 552
551 552
552
555 556 557
556 557
557 559
559 560 561
560 561 562
561 562
562
566 567 568
567 568 569
568 569 570
569 570
570
573 574
574
579
582 583 584
583 584
584 586
586
589 591
591 593
593 594
594
597
606
609
613 614 615
614 615 616
615 616 617
616 617 618
617 618 619
618 619
619 621
621 622
622
627 629
629
633 634 635
634 635 636
635 636
636
639 640
640
649 650
650 652
652
657 659
659 661
661 662 663
662 663
663
666
677 679
679 681
681 683
683
687
691
694 696
696 697 698
697 698 699
698 699 700
699 700 701
700 701 702
701 702
702 704
704 705 706
705 706
706 708
708 709
709
712 714
714 715 716
715 716 717
716 717
717 719
719 720
720
724
732
735 736
736 738
738 739
739 741
741
744 746
746 747
747 749
749 750 751
750 751 752
751 752 753
752 753 754
753 754
754
757
760 761 762
761 762 763
762 763
763 765
765 766
766
776
781
784
789 790
790 792
792
795 797
797
800 801 802
801 802
802
805
808 810
810
820 821
821 823
823 824 825
824 825
825 827
827 828 829
828 829 830
829 830
830
833 834 835
834 835
835 837
837 839
839 840
840 842
842
845 846 847
846 847
847
850
856
860 862
862 863
863 865
865 866
866
872 873
873 875
875 877
877
880 881
881 883
883
887 889
889 890
890
893 894
894 896
896
903
906
909
913 914
914
921
924 926
926 928
928 930
930 931
931 933
933 934 935
934 935
935
939 940 941
940 941
941 943
943 944
944
947
950
955 956 957
956 957
957
963 964 965
964 965
965 967
967 968 969
968 969 970
969 970
970
974 975
975
979 980 981
980 981
981
985
995 997
997
