#naive2.0.py
# GMT Fri Feb 14 13:34:03 2020
# 
0 2 998
2 3
3
6 8
8 9 10
9 10
10
13 14
14 16
16
19
23 25
25 26 27
26 27
27 29
29
32 33
33
36 38
38
46
50 51
51
55
61 63
63 64 65
64 65
65 67
67
70
73 74
74
77 78
78
81 83
83 85
85
91 92
92
95 97
97 98 99
98 99
99
102 103 104
103 104
104 106
106 107
107
116 118
118 119
119
122 123 124
123 124 125
124 125 126
125 126 127
126 127
127
130 131
131
134
141
144 145
145 147
147
151
155 156
156 158
158 159 160
159 160
160 162
162 164
164 165
165 167
167 168 169
168 169
169
172 173
173 175
175 176
176 178
178 179
179
182 183
183
189 190
190 192
192
197 199
199 200
200 202
202 203 204
203 204
204
207
210 211 212
211 212
212 214
214 216
216
222 223
223 225
225
228 229
229
235 236 237
236 237
237
240
243
246 248
248 250
250 251
251 253
253
256 257 258
257 258
258 260
260 261 262
261 262 263
262 263
263 265
265 266
266 268
268 269
269 271
271 272
272
275 276
276 278
278 279
279 281
281 282
282
286 288
288 289 290
289 290
290
293
296
299 300
300
303 304 305
304 305
305 307
307 308 309
308 309 310
309 310
310
314
317
322 323 324
323 324 325
324 325
325
333 334
334 336
336 337
337 339
339
343 344
344 346
346 347
347
351 352 353
352 353
353 355
355 357
357 358
358
361 362
362 364
364
368 369
369 371
371 373
373 374
374 376
376
379 380 381
380 381 382
381 382 383
382 383 384
383 384
384 386
386 388
388 389
389 391
391
394 395
395
399
402 403
403
406 407
407 409
409 411
411 412 413
412 413 414
413 414
414 416
416 417
417 419
419 420
420 422
422 424
424 425
425
428 430
430 432
432 433
433 435
435 436
436
441 443
443 444
444 446
446 447 448
447 448
448 450
450 451
451
455
461 463
463 464
464 466
466 467 468
467 468 469
468 469 470
469 470
470 472
472 473
473
476 477 478
477 478
478
483 484
484
488
492
496 498
498
502 503
503
506 508
508
511
516 518
518 519
519
524
527 528
528
533 535
535
540 541 542
541 542
542 544
544 545 546
545 546
546 548
548 549
549
553 554
554
557 559
559
562 563 564
563 564 565
564 565
565
568 569 570
569 570
570 572
572 573 574
573 574
574
579
583 585
585 586 587
586 587 588
587 588 589
588 589
589 591
591
595 596
596 598
598 599 600
599 600
600
603 604 605
604 605
605
608 610
610 611
611 613
613 614
614
617 618
618 620
620
625 626 627
626 627 628
627 628
628
633 634
634
637 638 639
638 639 640
639 640
640
643 645
645 647
647
650
653
656
660
663 665
665 666
666 668
668
674 676
676
686 687 688
687 688
688
694 695 696
695 696
696 698
698
702 703 704
703 704 705
704 705 706
705 706 707
706 707
707
711 713
713 714
714 716
716 717 718
717 718
718
722 723
723
728 730
730 731 732
731 732 733
732 733 734
733 734
734
739
742 743 744
743 744
744
749 750 751
750 751 752
751 752 753
752 753
753
757 758
758 760
760
764 765
765
768 770
770
773 775
775
779 780
780
784 786
786
789 790
790 792
792 793 794
793 794
794
798 799 800
799 800
800
803 804 805
804 805
805
808 809
809 811
811
814 815 816
815 816
816
819
822 823 824
823 824 825
824 825
825
829
832 833
833
836 838
838
841 842
842
845 846
846
854 855
855
859 860
860
864
868
872 873
873 875
875 877
877 879
879
883 885
885 887
887 889
889 890
890 892
892 893 894
893 894 895
894 895
895
898 899
899 901
901 903
903
907
911 912
912 914
914 916
916 917
917
922 923 924
923 924 925
924 925
925
928 930
930
934 935
935
938
943 944
944
954 955
955 957
957 958
958
962
965 967
967 968
968 970
970 971 972
971 972 973
972 973
973
979
982 983
983
989 991
991 992
992 994
994 995 996
995 996
996 998
998
