#naive2.0.py
# GMT Fri Feb 14 13:34:03 2020
# 
0 1 2
1 2 3
2 3 4
3 4
4 6
6 7 8
7 8
8
16 17 18
17 18 19
18 19
19 21
21
24 25
25
28 29
29
32 34
34 35 36
35 36 37
36 37
37 39
39
42 43 44
43 44
44 46
46 48
48 49
49 51
51
56 58
58
61 62
62 64
64
67 68 69
68 69 70
69 70 71
70 71
71
75 77
77 78 79
78 79
79 81
81 82
82
87
90 92
92
101 103
103
106
111
114 115
115
120 121
121
124 125
125
130 132
132 134
134 135
135 137
137
143
147 148
148 150
150 151
151
154 155
155 157
157 158
158 160
160 161 162
161 162
162
169 170 171
170 171 172
171 172
172 174
174 176
176 177 178
177 178 179
178 179
179
185
191
195 197
197 198
198 200
200 201
201
204 205 206
205 206 207
206 207
207 209
209
212
215
222 223
223
228
231 232
232
235 237
237 239
239 240 241
240 241
241
245 247
247
251
255 256 257
256 257
257
262
265 266
266
271
275
278 279 280
279 280
280
285 287
287 288 289
288 289
289
294 295
295
300 301 302
301 302
302
307 308
308
313 314
314 316
316 317
317
321
326 328
328 329 330
329 330 331
330 331 332
331 332 333
332 333
333
338 340
340 341 342
341 342 343
342 343
343 345
345 347
347 349
349 351
351 352 353
352 353
353
357
363 364
364 366
366 367 368
367 368 369
368 369 370
369 370
370 372
372 373
373
376
380
383 385
385
391 392
392
395 397
397 398 399
398 399 400
399 400
400 402
402 404
404 405
405
409 411
411 413
413
417 418 419
418 419 420
419 420 421
420 421
421
424 425
425
433 434
434
437 439
439 440 441
440 441 442
441 442
442 444
444 445 446
445 446 447
446 447 448
447 448 449
448 449
449 451
451
454 455 456
455 456
456 458
458 460
460
463
467 468 469
468 469
469 471
471
474 475 476
475 476 477
476 477
477 479
479 480
480 482
482 484
484 485
485
488 489 490
489 490 491
490 491
491
495 497
497 498 499
498 499 500
499 500 501
500 501 502
501 502 503
502 503
503
506
509 510 511
510 511 512
511 512
512
516 517 518
517 518
518
521 522 523
522 523
523
526
529
534 535
535 537
537
546 547
547
552 553 554
553 554
554 556
556 557
557
561
565 566 567
566 567 568
567 568 569
568 569 570
569 570
570 572
572 573 574
573 574 575
574 575
575
578
581 582
582 584
584 586
586 587
587 589
589 591
591 593
593 594 595
594 595
595 597
597 598
598 600
600 602
602 604
604
607
610 611
611 613
613 614 615
614 615
615 617
617
621 622 623
622 623
623
626
629 630
630
634 635 636
635 636
636
639 640
640 642
642 643 644
643 644 645
644 645 646
645 646 647
646 647
647
651
655
658 659 660
659 660 661
660 661 662
661 662
662 664
664 666
666 668
668 669 670
669 670
670
673 674
674
677 678
678
681
684
687
690
693 694
694 696
696 697
697
701 702 703
702 703
703 705
705 706
706
709 710
710
713 714 715
714 715
715
718 720
720 722
722 723
723
726
730
734
737
744 745
745
748 749 750
749 750
750 752
752 754
754 756
756 758
758 760
760 761
761
768 770
770 771
771
775 776
776
781
784
787 788
788
795
798
801 802 803
802 803 804
803 804 805
804 805 806
805 806
806
809 810 811
810 811 812
811 812 813
812 813 814
813 814 815
814 815 816
815 816 817
816 817
817 819
819
824
829
832 834
834 835 836
835 836
836
842 844
844 845
845 847
847 848 849
848 849
849
852 854
854
858 860
860 862
862 864
864 866
866
870
874 875 876
875 876 877
876 877 878
877 878
878 880
880 881
881
886 887 888
887 888 889
888 889
889
892 894
894 895 896
895 896
896 898
898 900
900 901
901
905 906
906 908
908 909
909
912
918 919
919
922
926 927
927 929
929
932 934
934 935
935
940
944 945
945 947
947 949
949 950
950 952
952 954
954 955 956
955 956 957
956 957 958
957 958
958 960
960 962
962 964
964 966
966 967 968
967 968
968 970
970 972
972
975 976
976 978
978
981 983
983
986 987
987 989
989 990 991
990 991 992
991 992
992 994
994 996
996
