#naive2.0.py
# GMT Fri Feb 14 13:33:59 2020
# 
0 1
1
4
9 10
10 12
12 14
14 15
15 17
17 19
19 20 21
20 21 22
21 22
22 24
24
29 31
31
34 35
35 37
37 39
39 41
41 43
43 45
45 46
46 48
48 49 50
49 50 51
50 51 52
51 52
52
57
60 62
62
65 66
66
70 71
71
74 75 76
75 76 77
76 77
77
80
83
86 87 88
87 88 89
88 89
89 91
91 93
93 94 95
94 95 96
95 96 97
96 97
97 99
99
102 103 104
103 104 105
104 105
105 107
107
117 119
119 120
120
123 124 125
124 125
125 127
127 129
129 130 131
130 131 132
131 132 133
132 133 134
133 134 135
134 135
135
139 141
141
144 145 146
145 146
146 148
148 149
149 151
151 153
153
156 158
158 159 160
159 160
160 162
162 164
164
167 168
168
172 174
174 175
175 177
177 178
178 180
180 182
182
185 186
186 188
188
191 192 193
192 193
193 195
195 196 197
196 197 198
197 198
198
202 203
203 205
205 207
207 209
209 210 211
210 211
211 213
213 214
214 216
216 217 218
217 218
218 220
220
225 226
226
230 232
232
236 237 238
237 238
238
243
249 250
250
253 254
254
257 259
259
262 264
264
268 270
270 272
272 273
273 275
275 276 277
276 277 278
277 278 279
278 279 280
279 280
280
283 285
285
288
291
294
298 300
300 301 302
301 302 303
302 303 304
303 304
304
310 312
312
315
318 319 320
319 320
320 322
322
325 326
326
329
333
336 338
338
346 348
348 349 350
349 350
350
353 354
354
359 360 361
360 361
361
366 367
367
376
379 380
380 382
382 383 384
383 384
384
391
397 398
398
402 403
403
408 410
410 412
412 413 414
413 414 415
414 415
415 417
417 418
418
421 423
423
429 430 431
430 431
431
436 437
437
440 442
442 444
444 445
445
448 449 450
449 450
450 452
452 453
453 455
455 457
457
470 471 472
471 472
472 474
474 475
475
479
483
491
494 495
495
499
504 506
506 507
507
515 516
516
521 522 523
522 523 524
523 524 525
524 525
525 527
527 528 529
528 529
529 531
531 532
532
535
541 543
543 545
545 547
547 548
548 550
550
553 554 555
554 555
555 557
557
563 565
565 567
567 569
569
582 583
583 585
585
588
591 593
593 594
594
597
605 606
606
611
620
623 625
625 627
627
630 632
632 634
634 635 636
635 636 637
636 637 638
637 638 639
638 639
639
646
649 650 651
650 651
651 653
653 654
654
662
668 670
670
674 676
676 677 678
677 678 679
678 679 680
679 680
680 682
682
688 690
690 691
691 693
693 694
694
700
706 707 708
707 708
708 710
710
714 716
716
719
723 724
724
727 729
729 731
731 733
733 734
734
739
742 743 744
743 744 745
744 745
745
748 750
750 751
751
755 756
756
762 763
763
772
776 777
777
780 781
781
784 786
786
789
792 793 794
793 794 795
794 795
795
799 800 801
800 801
801
806 808
808 810
810 812
812 814
814
818 819
819 821
821 822
822 824
824
827 828
828
832 834
834 835
835 837
837 838
838
842 843 844
843 844
844 846
846
849 850 851
850 851
851 853
853 855
855 856 857
856 857 858
857 858
858
861
864 865 866
865 866 867
866 867
867 869
869 871
871 872
872 874
874 876
876 878
878
881 882 883
882 883
883
888 890
890 891
891 893
893
898 900
900 901 902
901 902
902
906 907
907
910 912
912 913 914
913 914
914
921 923
923
927 928
928 930
930 931
931 933
933 934
934 936
936 938
938 939 940
939 940
940
943 944
944
949
952
957 958 959
958 959 960
959 960 961
960 961
961
964 965
965 967
967 969
969 971
971 972
972
975 976 977
976 977 978
977 978 979
978 979
979
987 988 989
988 989
989 991
991
994 996
996
