#naive2.0.py
# GMT Fri Feb 14 13:34:02 2020
# 
0 2 998
2 4
4 5 6
5 6 7
6 7
7
10
13 14
14
17 19
19 20
20 22
22 24
24 26
26 27 28
27 28
28 30
30 31 32
31 32
32 34
34 35 36
35 36
36
39 40
40 42
42 44
44 45 46
45 46
46 48
48
51 52
52 54
54
57 59
59 60
60 62
62 64
64 65
65
68 70
70 71 72
71 72
72 74
74 75
75
78 79 80
79 80
80
86 88
88 89
89 91
91 92
92
98
104 105
105 107
107 108
108
115 116 117
116 117
117 119
119 120 121
120 121
121
124 125
125 127
127
131 132 133
132 133
133 135
135
138 139
139
145 146
146 148
148 150
150 151 152
151 152 153
152 153
153 155
155 156
156 158
158
161 163
163 164 165
164 165
165
169
173
177
182 183
183
186 188
188 190
190 192
192
198 199 200
199 200 201
200 201
201 203
203 204
204
207 208 209
208 209
209
214
218 220
220 221 222
221 222 223
222 223
223
226 228
228 229
229
232
235 236
236
241 242 243
242 243 244
243 244
244
247
250 251 252
251 252
252 254
254 255 256
255 256 257
256 257 258
257 258 259
258 259 260
259 260 261
260 261
261
265 267
267 269
269 270
270 272
272 273
273
276
281 283
283 285
285 286 287
286 287
287
292
295 296 297
296 297 298
297 298
298 300
300
305 307
307 308
308 310
310
313
318 320
320 321 322
321 322
322
328 329 330
329 330
330 332
332
338
343 344 345
344 345
345 347
347
353 354
354 356
356 357
357 359
359 360
360
365 366
366
369 371
371 373
373
377 378 379
378 379 380
379 380
380 382
382 383 384
383 384
384
387
392
404
407 408 409
408 409 410
409 410
410
415
420 421 422
421 422 423
422 423 424
423 424
424
428 429 430
429 430
430 432
432 433
433
439
442 443
443
447
451 452
452
455 456 457
456 457 458
457 458 459
458 459
459
462 463
463 465
465 466
466 468
468
472
475 477
477
480 482
482 484
484 485
485 487
487
494 495
495
500 501 502
501 502 503
502 503 504
503 504 505
504 505
505 507
507 508
508
511
514 515 516
515 516
516 518
518 520
520 521 522
521 522 523
522 523
523 525
525 526
526
531
537 539
539
543
546
549
552 554
554 556
556
559
562 563 564
563 564
564
567 568
568 570
570 572
572 573 574
573 574 575
574 575
575 577
577 578
578 580
580
583 584 585
584 585
585
588 589 590
589 590
590
594 596
596 598
598 599
599
602
611 612
612
617 618
618
621 622
622 624
624
629 631
631
634 635
635
640
643 645
645 647
647 649
649 650 651
650 651
651
656 657
657 659
659
664 665 666
665 666
666
669 670
670
674
677 678 679
678 679 680
679 680 681
680 681
681 683
683
686
690
693 694 695
694 695
695
698 699 700
699 700 701
700 701 702
701 702 703
702 703
703 705
705 707
707 708 709
708 709 710
709 710 711
710 711
711 713
713
725
729 730 731
730 731
731 733
733
736
739 740
740
743
748 749 750
749 750
750 752
752 753
753 755
755 756
756
763 764 765
764 765 766
765 766
766 768
768 769 770
769 770 771
770 771 772
771 772
772 774
774
779
782 783
783
789 790
790 792
792 793 794
793 794
794 796
796 797
797
801
805 806
806 808
808
814 815
815
818 819
819
822 824
824 825
825 827
827 828
828 830
830 831
831 833
833
841 842
842 844
844 846
846 848
848
852
857 858
858
861 863
863
868
874 876
876 877 878
877 878 879
878 879 880
879 880 881
880 881 882
881 882 883
882 883 884
883 884
884
887 888 889
888 889
889
892
896 898
898
901 903
903
906 907 908
907 908 909
908 909
909
915 917
917 918
918 920
920 922
922 923
923 925
925
929 930
930
934 935
935
942 944
944
950 951
951 953
953 955
955 956 957
956 957
957 959
959 961
961 963
963 965
965 966
966
969 970 971
970 971
971 973
973 975
975
978 979 980
979 980 981
980 981
981 983
983 984
984 986
986 987
987 989
989
993 994
994
997 998
998
