#naive2.0.py
# GMT Fri Feb 14 13:33:57 2020
# 
1 2
2 4
4
7
10
13 15
15 16 17
16 17 18
17 18
18
22 24
24 25
25
29 31
31 32 33
32 33
33 35
35 36
36 38
38 39
39
45
48 50
50
53 54
54 56
56 58
58
62 63 64
63 64
64
67 68
68 70
70 71 72
71 72
72
75 76 77
76 77
77
80
88 89
89
92 93 94
93 94
94
99
102 104
104 106
106 107
107 109
109 111
111 112
112 114
114
122 123
123
126
130 131
131
135 136 137
136 137 138
137 138
138
144 145
145
149 150 151
150 151
151 153
153 154
154 156
156
160 161
161 163
163
167
170 171 172
171 172
172
175 176
176 178
178
181 182 183
182 183
183
189
194 195
195 197
197 199
199 200
200
203 205
205 206 207
206 207 208
207 208
208
214
217 218
218
222 224
224 225 226
225 226
226
229
232 234
234 236
236 238
238 239 240
239 240
240
243
246 247 248
247 248 249
248 249 250
249 250 251
250 251 252
251 252
252 254
254 255 256
255 256 257
256 257 258
257 258 259
258 259
259
264
267
270 272
272 273 274
273 274 275
274 275
275 277
277 278
278 280
280
284 285
285
288 289 290
289 290
290 292
292 293 294
293 294 295
294 295 296
295 296
296 298
298
301 302
302 304
304 305 306
305 306
306 308
308
311 312 313
312 313 314
313 314 315
314 315 316
315 316
316
319
324
327 328 329
328 329
329
338 340
340 342
342 343
343 345
345 346
346
349 350 351
350 351
351 353
353
358
361 362
362
367 368 369
368 369 370
369 370
370 372
372
375 376
376
380 381 382
381 382
382
385 386 387
386 387 388
387 388 389
388 389
389 391
391
394
405 406 407
406 407
407
414 415
415
420 421 422
421 422
422
425 427
427 428
428
431
440 441 442
441 442 443
442 443 444
443 444
444 446
446 447
447
450 452
452 453
453
457 458
458
462 463 464
463 464 465
464 465
465 467
467 468
468
471
474 476
476 478
478 480
480 481
481 483
483 485
485 487
487 488
488
491
496 497 498
497 498 499
498 499 500
499 500 501
500 501 502
501 502
502 504
504 506
506
509 510 511
510 511 512
511 512 513
512 513
513 515
515 517
517 518 519
518 519 520
519 520 521
520 521
521 523
523 524 525
524 525 526
525 526 527
526 527
527
530 531
531 533
533 535
535
538 540
540 541 542
541 542 543
542 543 544
543 544
544 546
546 548
548 549 550
549 550
550
553
561 562
562 564
564
571
576 577 578
577 578
578 580
580
585 587
587 588 589
588 589
589
595 597
597
600
606 608
608
614 615 616
615 616
616
623 624
624
630 632
632 634
634 635 636
635 636
636 638
638
644
647 648
648
656 658
658 659 660
659 660 661
660 661 662
661 662 663
662 663 664
663 664 665
664 665
665
671 673
673 675
675 676
676 678
678
681 683
683 684 685
684 685 686
685 686 687
686 687
687 689
689
692 693 694
693 694
694
698
701
708
714 715
715 717
717 719
719 721
721 723
723 724
724 726
726 727 728
727 728 729
728 729
729
739 740 741
740 741 742
741 742
742 744
744 746
746
752 754
754 756
756
760 761
761
764 766
766 768
768
772 773 774
773 774
774
777 778 779
778 779 780
779 780
780
786
790 791
791 793
793 794
794 796
796 797 798
797 798
798
801 802
802
808
811 812 813
812 813
813 815
815 816
816
823 824
824
829
833
839 841
841 843
843
846 847 848
847 848
848
851 852
852 854
854 855 856
855 856 857
856 857
857
862 863 864
863 864
864 866
866 867
867 869
869 871
871 873
873
879 880
880
887 888 889
888 889 890
889 890
890
894
899 900
900
903 904 905
904 905 906
905 906
906 908
908
914
921 922
922
925
928 929
929 931
931
937
940 942
942
945 946
946 948
948 949
949 951
951
959 960
960
963
966
976 977 978
977 978 979
978 979
979 981
981 983
983 984
984 986
986 987
987 989
989 991
991 992 993
992 993 994
993 994
994
997
