#naive2.0.py
# GMT Fri Feb 14 13:34:04 2020
# 
1 2 3 999
2 3
3
6
10 12
12
15 16
16
22 24
24 25 26
25 26 27
26 27
27
33 34
34
37 38
38 40
40 41
41
48 50
50
54
61
65 66
66
73 74
74
77
82
85 87
87 88
88 90
90 92
92 94
94 95 96
95 96 97
96 97
97
100 101
101
104 105
105
109 110 111
110 111
111
115 116 117
116 117 118
117 118 119
118 119
119 121
121 122
122
132 134
134
137 138
138
141 143
143 144
144 146
146 147 148
147 148
148
151
156 158
158 159
159
162
166
171 172
172 174
174 175 176
175 176
176 178
178 180
180 181 182
181 182
182 184
184 186
186 187
187 189
189 190 191
190 191
191
194
197
200 201 202
201 202
202
206 207
207
214
218
221
224
227 229
229 231
231 232
232
236 238
238 239 240
239 240 241
240 241
241 243
243 245
245 246
246 248
248 249 250
249 250
250 252
252
255 256
256 258
258 260
260 261
261 263
263 265
265 266
266 268
268 269
269
274 275 276
275 276 277
276 277 278
277 278
278 280
280 281
281
286 288
288 289 290
289 290 291
290 291
291 293
293 294
294 296
296
299 300
300 302
302 304
304 305
305 307
307 308
308 310
310 311
311
315 316
316 318
318 320
320 321 322
321 322 323
322 323
323 325
325 326 327
326 327 328
327 328 329
328 329
329
336 337
337
346
351 352 353
352 353
353 355
355
358
361 363
363 364 365
364 365 366
365 366
366
370 372
372
377 378
378 380
380 381 382
381 382
382
385 386
386
391 392 393
392 393
393
399 400
400
404 405
405 407
407
410 412
412 414
414 415 416
415 416
416
419 420 421
420 421
421
428 430
430
433 434
434 436
436 438
438
441 442
442
446 448
448 450
450
456 458
458
461 462
462 464
464 465 466
465 466 467
466 467 468
467 468
468 470
470 471
471 473
473
477 478
478
482
487 489
489 490
490 492
492 493 494
493 494 495
494 495 496
495 496
496
500
505 506
506 508
508
512 513
513
517 518
518
523 524 525
524 525
525 527
527 528
528 530
530
534 536
536 538
538 540
540 541 542
541 542 543
542 543 544
543 544
544 546
546 548
548 549
549
552 554
554
561 563
563 565
565
569
572 574
574 575
575 577
577 578
578
581 583
583 584 585
584 585 586
585 586 587
586 587
587
590 591
591 593
593 594
594
597
600 601 602
601 602 603
602 603
603
606 608
608 610
610 612
612 613 614
613 614 615
614 615 616
615 616
616
620 621 622
621 622 623
622 623
623 625
625
630
634
639 640
640
644
649 650 651
650 651
651 653
653
657 658 659
658 659
659 661
661 662
662 664
664 665
665
671 672
672
678
682 683
683 685
685 687
687 688 689
688 689 690
689 690
690
693 695
695 696 697
696 697 698
697 698 699
698 699 700
699 700
700 702
702
708 709 710
709 710
710 712
712 713
713 715
715 717
717
721 722
722 724
724 725 726
725 726 727
726 727 728
727 728 729
728 729
729
734 735 736
735 736
736 738
738 740
740
746
749
752 753 754
753 754
754
763 764
764
767 768
768 770
770
775 777
777 779
779 780
780
784 785
785
788
793 794
794
797
800 802
802
805 806
806
809
813 815
815
819
822 823
823
826
831
834
837 838 839
838 839
839 841
841 843
843 845
845 847
847 848
848
851
854 855
855 857
857
862 864
864
870 871
871 873
873 874
874
877 878
878
881 883
883 885
885
889 890
890
893 894 895
894 895 896
895 896 897
896 897 898
897 898
898 900
900
903 905
905 907
907
910 912
912 913 914
913 914
914
917 918 919
918 919 920
919 920 921
920 921
921
925 927
927 929
929
932 933 934
933 934
934
937 938 939
938 939 940
939 940
940 942
942
950 952
952 954
954 955
955
958 960
960 961
961 963
963
968 969
969 971
971
976
980 981 982
981 982 983
982 983 984
983 984
984
990 991 992
991 992
992
995 997
997 998 999
998 999
999
