#naive2.0.py
# GMT Fri Feb 14 13:33:56 2020
# 
0 999 998
5
8 10
10 12
12 13
13 15
15 16
16 18
18 19
19 21
21
24 26
26
29 30
30 32
32
36 37 38
37 38 39
38 39 40
39 40 41
40 41
41 43
43
51 53
53 54 55
54 55
55 57
57 58
58
61 62
62
68
74
77 79
79 80 81
80 81
81 83
83 84 85
84 85
85
88 90
90 92
92
99 100 101
100 101
101 103
103 104 105
104 105 106
105 106
106 108
108 109
109
112
120 121
121
128 129 130
129 130 131
130 131 132
131 132 133
132 133
133
136 138
138
142 143 144
143 144 145
144 145
145 147
147 148
148 150
150 151 152
151 152 153
152 153 154
153 154
154
157
164 166
166
170 172
172 174
174 175
175
179 180 181
180 181
181 183
183
187
195
199
204 205
205
213 214
214 216
216
222 223
223 225
225 226 227
226 227 228
227 228
228
234
238 239 240
239 240
240
245 246
246
249
252
255
258 259
259 261
261 263
263 264
264 266
266 267
267 269
269
272 274
274 275
275 277
277 279
279
284 285 286
285 286
286
290 291
291 293
293 295
295
298 299 300
299 300 301
300 301 302
301 302 303
302 303
303
307
311 313
313
317 319
319 320
320
330
333 334
334
337
341 342
342
346 348
348
352
356 357 358
357 358 359
358 359
359
369
374
377
386 387
387
390 392
392 393 394
393 394 395
394 395 396
395 396
396 398
398
401 403
403 405
405 406
406
409 411
411 413
413 415
415
418 419 420
419 420 421
420 421
421
424 425 426
425 426 427
426 427
427
430
436 437
437 439
439 440
440
444 446
446
449 450
450 452
452 453
453
456 457 458
457 458
458 460
460 461
461
465
468
474
477 479
479 481
481
487 488 489
488 489
489 491
491 492
492 494
494 495 496
495 496
496
499
503 504
504
507
511
514 515
515
518 520
520 522
522 523
523
527
531 533
533
537 539
539 540
540 542
542 544
544 545 546
545 546
546 548
548 549
549 551
551
554 556
556
564 565
565
569 570 571
570 571 572
571 572
572 574
574 575
575
578 580
580 581
581
584 585
585
588 589
589
592
595 597
597
600 602
602 603
603 605
605 606 607
606 607 608
607 608
608 610
610 611
611
619
624 625
625
628 630
630 632
632 634
634 635
635
638 639 640
639 640
640
643 645
645
651
656 657 658
657 658
658 660
660 662
662 663 664
663 664 665
664 665 666
665 666 667
666 667 668
667 668 669
668 669
669
673 675
675 677
677 678
678
681
684 686
686
689
695 697
697
701 702 703
702 703 704
703 704
704 706
706 707
707 709
709 710
710 712
712
716 718
718 719 720
719 720
720 722
722 724
724
728
732 734
734 735 736
735 736
736
740
743 744 745
744 745
745 747
747 748
748
752 753
753
756
760 761
761 763
763
766 768
768 769 770
769 770 771
770 771
771 773
773 774 775
774 775 776
775 776 777
776 777
777
781 783
783 784 785
784 785 786
785 786
786
789 790 791
790 791
791
795
802 804
804 805
805 807
807 809
809 810
810
813 815
815
819
824
827 828
828 830
830
833 834 835
834 835
835
838 840
840 841 842
841 842
842 844
844 845 846
845 846
846 848
848 849
849
853 854 855
854 855
855
858
862 864
864
867 868
868 870
870
875 877
877 878
878 880
880 882
882
886 887
887 889
889 890
890
898 899
899
902 904
904 905 906
905 906 907
906 907
907
910 911 912
911 912 913
912 913
913
916 918
918
921
926 927
927 929
929 930 931
930 931
931 933
933 935
935 937
937 939
939 940 941
940 941 942
941 942 943
942 943 944
943 944
944 946
946
949 950 951
950 951 952
951 952
952
957
961 962
962 964
964 965
965 967
967 969
969
972 973
973 975
975 976
976 978
978 979 980
979 980 981
980 981 982
981 982
982 984
984
988 989 990
989 990
990 992
992 993 994
993 994 995
994 995
995 997
997 998 999
998 999
999
