#naive2.0.py
# GMT Fri Feb 14 13:34:02 2020
# 
0 1
1 3
3
6 8
8 9 10
9 10
10 12
12 13 14
13 14 15
14 15
15 17
17
22
25 26
26
30
33 35
35 36 37
36 37 38
37 38 39
38 39
39
42
45 47
47 48
48 50
50 51
51
55 57
57 59
59
63 64
64
69 70 71
70 71 72
71 72
72
75 77
77
84 86
86
94 95
95 97
97 98
98
101 103
103
106 108
108 110
110
113
116 118
118
121 122 123
122 123 124
123 124 125
124 125
125
131 132 133
132 133
133 135
135
138
144 146
146 148
148
151
154 156
156 158
158 159
159 161
161
166 168
168 170
170 172
172 174
174 176
176 177
177 179
179 181
181
185 187
187 189
189
192 194
194 196
196
199 200 201
200 201 202
201 202 203
202 203
203 205
205 207
207 208
208
212
215
218 220
220 221 222
221 222
222
225 226 227
226 227 228
227 228 229
228 229
229 231
231
234
242 243
243
248
252 253 254
253 254
254 256
256 257 258
257 258
258 260
260 261 262
261 262 263
262 263
263
266
269 270
270 272
272 273
273 275
275 276 277
276 277
277 279
279 280 281
280 281
281 283
283 285
285 287
287 289
289
293 295
295 297
297 298
298 300
300
304 306
306 307 308
307 308 309
308 309 310
309 310
310
314
317 318
318 320
320
324
328 329 330
329 330
330
336 337
337
340 341 342
341 342 343
342 343
343
347
350 351
351 353
353 355
355 356 357
356 357
357 359
359 360
360 362
362 363 364
363 364 365
364 365 366
365 366 367
366 367
367 369
369 371
371 372
372 374
374 375 376
375 376
376 378
378 380
380 381 382
381 382 383
382 383 384
383 384
384
389
392 394
394 395 396
395 396
396 398
398
404 405
405 407
407
415
420 421
421
425
430 432
432
437 439
439 441
441 443
443 444 445
444 445 446
445 446 447
446 447 448
447 448 449
448 449
449
454 455 456
455 456
456
460 461 462
461 462 463
462 463
463
466 468
468 470
470
473 474 475
474 475 476
475 476
476
479 480 481
480 481
481
485 486
486
489
495
498 500
500 501 502
501 502 503
502 503
503 505
505
509
513 515
515
519 520
520
529
533 534 535
534 535
535
541
545 546
546
550 552
552
555 556
556
559 561
561 562
562 564
564 566
566
569 571
571
574
579 580 581
580 581 582
581 582 583
582 583 584
583 584
584 586
586 587 588
587 588 589
588 589 590
589 590
590
594 595 596
595 596 597
596 597
597
600 601 602
601 602 603
602 603 604
603 604
604 606
606 608
608
612 613
613 615
615
618 619
619
623 624 625
624 625 626
625 626
626
629 630 631
630 631
631
643 644
644 646
646 647
647 649
649 651
651 652 653
652 653 654
653 654
654
660 662
662 664
664 666
666
671 672 673
672 673
673 675
675
681 682
682
685 686
686
690 691 692
691 692
692
697 698 699
698 699 700
699 700 701
700 701
701
704
707 708
708 710
710 712
712
718 720
720 721
721
724 726
726 727
727
730 732
732 734
734 735
735
739 740
740 742
742 743
743 745
745 746 747
746 747
747 749
749 750
750
755 756 757
756 757
757 759
759 760 761
760 761 762
761 762
762 764
764
771 773
773 774 775
774 775 776
775 776
776 778
778 780
780 781 782
781 782 783
782 783 784
783 784 785
784 785 786
785 786 787
786 787
787
791 793
793 794 795
794 795
795
798 799 800
799 800 801
800 801
801 803
803 805
805 806 807
806 807
807 809
809
814
817 818
818
821 822 823
822 823 824
823 824 825
824 825
825 827
827 828
828
831 832
832
835 836 837
836 837 838
837 838
838
841
845 846
846
853 854 855
854 855
855
860 862
862
867
875 876
876
879
882 884
884 885 886
885 886 887
886 887 888
887 888 889
888 889
889
893 894
894 896
896 898
898 899
899 901
901
905 907
907 909
909
912 913
913
917 918
918 920
920
923 924
924 926
926 928
928
934 935 936
935 936 937
936 937
937
940
945
948
956
959 961
961 962
962
966 967
967
971 973
973 975
975
978 979 980
979 980
980 982
982 984
984 985 986
985 986
986
990 991
991 993
993 995
995 996
996
