#naive2.0.py
# GMT Fri Feb 14 13:34:01 2020
# 
0 999
3 4 5
4 5
5 7
7 8
8 10
10
13 15
15
18 20
20
25
28 30
30 31
31
34 36
36 38
38
41 43
43 44
44 46
46
49 51
51 52 53
52 53
53 55
55 57
57 59
59 61
61
64 65 66
65 66
66
70 72
72 73 74
73 74
74
77 79
79 80 81
80 81
81
86
93 94 95
94 95 96
95 96
96 98
98 99
99
104 105 106
105 106 107
106 107
107
111
116
121 123
123 125
125 126
126 128
128
131 132 133
132 133 134
133 134 135
134 135 136
135 136
136
139 140
140
149 151
151
154
157 158
158
163 164
164 166
166 167
167 169
169 170 171
170 171
171 173
173 174
174
178
181 182
182 184
184 185
185 187
187
191 192 193
192 193 194
193 194 195
194 195
195
198 200
200
204 205 206
205 206 207
206 207
207
210 211
211 213
213 214
214 216
216
219 220
220
223
226 228
228
232 234
234 235
235 237
237 238
238
241 242
242 244
244 246
246
249 250 251
250 251
251 253
253 254
254 256
256 257 258
257 258
258
267
271 273
273
280
285 286
286 288
288 289
289
292 293 294
293 294
294
299 300
300
303 305
305 306 307
306 307 308
307 308 309
308 309 310
309 310
310
313 314
314 316
316 318
318 319
319
322 324
324
327 328
328
333 334
334
338 339 340
339 340 341
340 341
341
344 346
346 348
348 349 350
349 350
350 352
352 353
353 355
355
359 360
360 362
362 364
364
368 369
369
373
384
389 391
391 392
392 394
394 396
396 398
398 400
400 401 402
401 402
402
405 406 407
406 407
407
411 412 413
412 413 414
413 414 415
414 415 416
415 416 417
416 417 418
417 418 419
418 419 420
419 420
420
424 425
425
428 429
429 431
431 432
432 434
434 435
435
438 439
439 441
441 442 443
442 443
443 445
445 446
446
449 451
451 453
453 455
455 456
456
459 460
460
463 464 465
464 465 466
465 466 467
466 467
467 469
469 471
471 473
473 475
475 477
477 479
479 480
480
487
492 493 494
493 494 495
494 495 496
495 496
496 498
498 500
500 501 502
501 502
502
507
510 511 512
511 512
512 514
514 515 516
515 516
516 518
518 520
520 521
521
525 526 527
526 527 528
527 528
528
533
537 539
539
544 545 546
545 546 547
546 547 548
547 548 549
548 549 550
549 550 551
550 551 552
551 552
552 554
554 555
555 557
557 559
559 560 561
560 561
561 563
563
566 567
567
570 571
571
575 576 577
576 577
577 579
579
586 587 588
587 588
588
595 597
597 598 599
598 599
599 601
601
610
615
622
627 628
628 630
630 631
631 633
633
640 641
641 643
643
650 652
652
657
660
665
668 670
670
674 675
675 677
677 679
679 680
680
685 687
687 689
689 690 691
690 691
691
694
697
700 702
702
706 707
707
710
716
719 720
720
723 724
724
727 729
729 730 731
730 731
731 733
733
736 738
738 739
739 741
741 743
743 744 745
744 745 746
745 746
746 748
748
752
756 757 758
757 758 759
758 759
759
764 765
765
768
771 773
773 774
774 776
776
780
783 785
785
790 792
792 794
794
797
801 802
802
807
816 817
817
820 821
821 823
823
829 830 831
830 831
831 833
833 834
834 836
836 838
838 839 840
839 840
840 842
842 844
844
850 851
851
854 855 856
855 856 857
856 857
857
864 865
865
869 870 871
870 871
871
875 876 877
876 877 878
877 878
878
882 883
883 885
885 887
887
890
894
901
904 905
905 907
907
910 911
911
914 915 916
915 916 917
916 917 918
917 918
918
923
930 931
931
934 935
935 937
937 938 939
938 939
939
942 943
943
948 950
950 951
951
954 955
955
958
962 964
964 965 966
965 966 967
966 967 968
967 968 969
968 969
969
972 973
973
977
980 982
982 984
984 986
986 987
987
991 992 993
992 993
993 995
995 996 997
996 997
997 999
999
