#naive2.0.py
# GMT Fri Feb 14 13:34:00 2020
# 
2 4
4
10 12
12 13
13
17
20 21 22
21 22 23
22 23 24
23 24 25
24 25 26
25 26 27
26 27 28
27 28
28
31 33
33 34 35
34 35
35 37
37 38 39
38 39
39 41
41 42
42
45 47
47 48 49
48 49 50
49 50 51
50 51
51
55 56 57
56 57
57
63
71 72
72 74
74
79 81
81
87 88 89
88 89 90
89 90 91
90 91
91 93
93 94
94
97 98
98
102 103
103
106 107
107
111 112 113
112 113 114
113 114 115
114 115 116
115 116 117
116 117
117 119
119 121
121
126 127
127
130 131
131 133
133 134
134
138 139
139 141
141 142 143
142 143 144
143 144 145
144 145
145
148 149
149
154 156
156 157
157 159
159 160
160
165 166 167
166 167 168
167 168
168
171 172 173
172 173
173 175
175 176
176 178
178 179
179 181
181 183
183 184 185
184 185 186
185 186
186
190
195
202
205 206 207
206 207 208
207 208 209
208 209
209
213
216
220 221 222
221 222 223
222 223 224
223 224 225
224 225
225 227
227
234 236
236 237
237 239
239
244
249
254
257 259
259 260
260
263 264 265
264 265
265 267
267 268 269
268 269
269
272 273
273
276
281 282
282
286
289 290 291
290 291
291
298
302 304
304 306
306 307
307 309
309 310 311
310 311 312
311 312 313
312 313 314
313 314 315
314 315 316
315 316 317
316 317 318
317 318
318 320
320 321 322
321 322
322 324
324 325 326
325 326 327
326 327
327
330
334 335 336
335 336
336 338
338 340
340 341 342
341 342
342
345
348 349
349 351
351 353
353 354 355
354 355
355
358 359
359
362 363
363 365
365 367
367 369
369 371
371
374 375
375
380 382
382 383 384
383 384
384
389 391
391 392
392 394
394
398 399 400
399 400 401
400 401 402
401 402 403
402 403 404
403 404
404
412 413
413
416 417
417
421 422 423
422 423
423 425
425 427
427 429
429 430 431
430 431
431 433
433 434 435
434 435
435
438 439 440
439 440
440
443 444 445
444 445 446
445 446
446
455
458 459
459 461
461
465 467
467 468 469
468 469
469 471
471 473
473 475
475 476 477
476 477
477
482
486 487 488
487 488 489
488 489 490
489 490
490 492
492 494
494 495
495 497
497
500
503
506 508
508 509 510
509 510 511
510 511 512
511 512 513
512 513
513 515
515
518
523 524 525
524 525
525 527
527 529
529 531
531 533
533
536
540 541
541
548
551 552 553
552 553 554
553 554 555
554 555 556
555 556 557
556 557
557 559
559 561
561
564 565 566
565 566
566 568
568
573
577 579
579 580
580
584 586
586
589 591
591 592 593
592 593 594
593 594
594 596
596 597 598
597 598 599
598 599 600
599 600 601
600 601 602
601 602
602 604
604 606
606 607 608
607 608
608
611 612
612
616 617
617 619
619
622
626 628
628
631 633
633 635
635 636
636 638
638 639 640
639 640 641
640 641 642
641 642 643
642 643 644
643 644
644 646
646
650 651
651
654 655
655 657
657 658
658
661 663
663
668 670
670 671
671
675 676
676 678
678 679
679
685 686
686
690 692
692 693
693
699 700 701
700 701 702
701 702
702
706 707 708
707 708
708
714
717 719
719 721
721
725 726 727
726 727
727 729
729
733
736
741
744 746
746
750 751 752
751 752 753
752 753
753 755
755
760 761 762
761 762
762
766
769
773 774
774
777
780 781 782
781 782
782
785
789
793
797 798 799
798 799
799 801
801 803
803 804 805
804 805
805 807
807 808 809
808 809 810
809 810
810
814 815 816
815 816 817
816 817
817 819
819 821
821 822
822 824
824
827 829
829 830
830 832
832 833 834
833 834 835
834 835
835
839
843 844
844
849 851
851 852
852
855 856
856
860 861 862
861 862
862
867 869
869 871
871 872
872 874
874
878 879
879
883 885
885 886
886
890
894 895 896
895 896 897
896 897
897
900 901
901
908 909 910
909 910 911
910 911 912
911 912
912 914
914 915 916
915 916 917
916 917 918
917 918 919
918 919
919
924 925
925 927
927
931 933
933 934 935
934 935 936
935 936
936 938
938 940
940 941 942
941 942 943
942 943
943 945
945
950
954 955 956
955 956
956 958
958
967 968 969
968 969 970
969 970 971
970 971 972
971 972 973
972 973 974
973 974
974 976
976 977 978
977 978
978 980
980 981
981 983
983
986 987
987
995 996 997
996 997 998
997 998 999
998 999
999
