#naive2.0.py
# GMT Fri Feb 14 13:33:58 2020
# 
1 3 999
3 4 5
4 5 6
5 6 7
6 7
7
10
15 16
16
22 24
24 26
26 27
27 29
29
34 36
36 38
38 40
40 41
41
44 45
45
48
51 52 53
52 53
53 55
55 56 57
56 57
57 59
59 60
60
63 64
64
67
70 72
72 74
74 76
76
79 80 81
80 81 82
81 82 83
82 83
83
86 88
88 90
90 91
91
96 97
97 99
99 101
101
105 107
107
112 113 114
113 114 115
114 115 116
115 116
116 118
118
122 124
124 126
126 128
128 130
130 132
132 133 134
133 134 135
134 135
135 137
137 138
138
142
146 147 148
147 148
148 150
150 151
151 153
153
156 157 158
157 158
158 160
160
163 164 165
164 165
165 167
167
172 173
173
176 177 178
177 178
178
181 182
182 184
184 185 186
185 186 187
186 187 188
187 188
188
194
199 200
200
204 205
205 207
207
210
214
218 220
220 222
222
226 228
228 229 230
229 230 231
230 231 232
231 232
232
237
241
245 247
247
250 252
252
255 257
257 258
258
265 266 267
266 267
267 269
269 271
271 272
272
278 279
279
284 285
285
288 289
289 291
291 292
292 294
294 296
296 297
297 299
299
304 305
305 307
307 308 309
308 309
309
313 314
314
321 322 323
322 323
323 325
325 327
327 328
328 330
330 332
332 333 334
333 334 335
334 335 336
335 336
336
339 340 341
340 341 342
341 342
342
348
353 355
355
362 364
364
367 368
368
373 374 375
374 375
375
378 379
379 381
381 382
382
385
391
394
398
401 402
402
405 406 407
406 407
407
411 412
412
415
418 419 420
419 420
420
423
427 428
428 430
430 431
431
437
441
444
449 450 451
450 451
451 453
453 454
454
457 458
458 460
460 461
461 463
463 464
464 466
466 467
467 469
469 470 471
470 471 472
471 472 473
472 473 474
473 474 475
474 475
475 477
477
482 483
483
488 489 490
489 490
490
493 494 495
494 495 496
495 496 497
496 497 498
497 498
498 500
500 502
502 503
503
510 511 512
511 512
512
524 525 526
525 526 527
526 527 528
527 528 529
528 529
529
532 533
533
536 537
537
540 542
542 543
543
546
551 552
552 554
554
557 559
559
563 564
564
568 569 570
569 570 571
570 571
571
574 576
576
582 584
584 585
585
589
592 593
593
597 598 599
598 599
599
602 603 604
603 604 605
604 605 606
605 606 607
606 607
607 609
609
612 614
614 616
616 618
618
621 623
623 624 625
624 625
625 627
627
632
635
638 639 640
639 640 641
640 641
641
644 645
645
654
658
661 663
663 665
665 666
666
669
675
680 681
681
684 685 686
685 686 687
686 687 688
687 688
688
693 694 695
694 695
695
701 702
702 704
704 705
705
708 709 710
709 710 711
710 711
711 713
713 715
715 716 717
716 717 718
717 718
718
721
724
727 729
729 730 731
730 731 732
731 732 733
732 733 734
733 734 735
734 735
735
739
742 743
743 745
745 747
747
750
755
758 759 760
759 760 761
760 761 762
761 762
762
776 778
778
784 786
786
790 791 792
791 792 793
792 793
793
797 798 799
798 799 800
799 800
800
804
807 809
809
814 816
816
820 821
821
824 825
825 827
827 829
829
832
835 836 837
836 837
837 839
839 841
841
844 845 846
845 846 847
846 847
847 849
849
854 855
855 857
857 858
858
861 862
862 864
864 865 866
865 866 867
866 867
867 869
869 871
871
877
886 887 888
887 888 889
888 889 890
889 890
890
893 894
894
898 899
899
902 903
903 905
905
908 909
909
913 914
914
919
922 924
924
927 928
928
932 933
933
936 937 938
937 938 939
938 939 940
939 940
940
945 946
946 948
948
952 953
953 955
955 957
957
961 963
963 964
964 966
966 968
968 970
970 972
972 973 974
973 974
974
983 985
985 986 987
986 987 988
987 988 989
988 989 990
989 990 991
990 991
991
995 997
997 998 999
998 999
999
