#naive2.0.py
# GMT Fri Feb 14 13:34:01 2020
# 
0 999
5
8 10
10 11
11
14 15
15 17
17 18
18 20
20 21
21 23
23 24 25
24 25
25
30
33 34
34
40 42
42 44
44
47 48
48
54 55 56
55 56
56
63 64
64
67 68 69
68 69
69
72 73
73 75
75 76
76
79 80
80
83 84
84 86
86 87
87
92
95
99 100 101
100 101
101 103
103 105
105 106 107
106 107
107 109
109 111
111 113
113
116 117 118
117 118 119
118 119 120
119 120 121
120 121
121
124
128
133 134 135
134 135 136
135 136 137
136 137
137 139
139
142
145 146 147
146 147 148
147 148 149
148 149 150
149 150
150
153 155
155 157
157
160
167 168
168
174
177 178 179
178 179
179
183 184 185
184 185
185
188
192 193
193 195
195 197
197
201
204
211
214
217 219
219
224 226
226 227
227
231
235 237
237
242
245
249
252 254
254
262 263 264
263 264
264
267
270 271 272
271 272 273
272 273
273 275
275 276
276
281 283
283 284
284
288 289
289 291
291 292 293
292 293 294
293 294
294
297 298 299
298 299 300
299 300
300 302
302 304
304
311 313
313 314 315
314 315 316
315 316 317
316 317
317 319
319 320
320 322
322 324
324 325
325
332
338 340
340 341
341 343
343 344
344
347 349
349
352
358
363
367 368
368
372 373 374
373 374
374 376
376 377 378
377 378
378 380
380
383 385
385
389
394 396
396
400 401
401 403
403
408 409 410
409 410
410 412
412 414
414 416
416
419
423 424
424
427
430 431
431
437 438 439
438 439 440
439 440
440
444
447 448
448
451 452 453
452 453 454
453 454
454 456
456
459
462 464
464
468
471 473
473
476 478
478 480
480 481
481
487 489
489 490 491
490 491
491 493
493 495
495 496
496
499
503 504
504
511
514
517
520
523 524 525
524 525 526
525 526
526 528
528
532
535
538 539
539
542 544
544 545 546
545 546 547
546 547
547
550 551 552
551 552
552 554
554
557 559
559 560
560
563
566 567
567
571 572 573
572 573
573
580 581
581
588
595
599
605
610
614 616
616 618
618
621 622 623
622 623
623 625
625 627
627 628
628 630
630 631 632
631 632 633
632 633
633
640 641 642
641 642 643
642 643 644
643 644 645
644 645
645
649
653 654
654 656
656
660 661
661 663
663 665
665
670
682
685 686
686
689 690 691
690 691 692
691 692
692 694
694 696
696 697 698
697 698
698
701 703
703 705
705
711
715
719 720 721
720 721 722
721 722 723
722 723
723 725
725
728 729
729
732 733
733
737 738 739
738 739 740
739 740
740
743 744
744
748
754 755
755
760 761
761
764 765
765 767
767
773 774
774
777 778
778
781 783
783
789 790 791
790 791 792
791 792 793
792 793 794
793 794
794
797 798
798 800
800 801 802
801 802 803
802 803 804
803 804
804
807 809
809 811
811
814 816
816 818
818 819
819 821
821 822
822
826
829 830
830 832
832 834
834 835 836
835 836 837
836 837 838
837 838 839
838 839
839
842
847 848
848
851 852 853
852 853 854
853 854
854 856
856 858
858
863 864
864
870 872
872
876 877
877
881 883
883 884
884 886
886 887 888
887 888 889
888 889 890
889 890
890
895 896 897
896 897
897
901 903
903 904
904
907 908
908
912
915 917
917 919
919 920 921
920 921 922
921 922
922
927
930
935 936 937
936 937
937 939
939 940
940
944
947 948 949
948 949
949 951
951 953
953 954
954
957
961 962
962 964
964
968 969 970
969 970 971
970 971 972
971 972 973
972 973
973
976
979
983
986 987 988
987 988 989
988 989 990
989 990
990
994 995
995 997
997 999
999
