#naive2.0.py
# GMT Fri Feb 14 13:34:03 2020
# 
0 1 999 2 998
1 2 999
2 4
4 6
6 7
7
14 16
16 18
18
21 23
23
28 30
30 31
31 33
33 35
35
39 40 41
40 41 42
41 42 43
42 43 44
43 44 45
44 45 46
45 46
46 48
48
51
58 60
60
63 65
65 66
66
71
76
79 80
80
84 86
86 87
87
92
96 97
97
105
108 109
109 111
111 112 113
112 113
113 115
115 116 117
116 117
117 119
119 120
120 122
122
126 128
128
131 133
133 135
135 136
136 138
138 139
139
142 143
143
148 149
149 151
151 152 153
152 153
153 155
155 157
157 158 159
158 159
159 161
161 162
162
166
171 173
173 174 175
174 175 176
175 176 177
176 177
177 179
179 181
181 183
183 185
185 186 187
186 187
187 189
189 190 191
190 191 192
191 192
192
195 196
196 198
198
202 204
204
207 209
209 210 211
210 211
211
214
217 218 219
218 219
219 221
221
224 225
225 227
227 228
228
231 232 233
232 233
233 235
235 236 237
236 237
237
240
244 246
246 247 248
247 248
248
255 256
256
259
264
267
270 271
271
279 280 281
280 281
281
286
289
293 294 295
294 295 296
295 296 297
296 297 298
297 298
298 300
300 301
301 303
303
307 309
309 310 311
310 311
311
314 315
315
319
322 323
323 325
325
328 329 330
329 330 331
330 331
331
337
341 342
342
345 346
346 348
348 350
350 352
352 353 354
353 354
354
357
360 361
361 363
363 364 365
364 365 366
365 366
366
369
373
376 377
377
380 382
382 384
384
388
394 395
395 397
397 399
399
403 405
405
409
412 413 414
413 414 415
414 415
415
419 421
421 423
423
431 433
433
436
441 443
443 445
445 446 447
446 447 448
447 448 449
448 449 450
449 450
450 452
452 453
453
456 457 458
457 458 459
458 459 460
459 460
460 462
462
466 467
467
470
473 474
474 476
476 478
478 479 480
479 480 481
480 481 482
481 482
482 484
484 485 486
485 486
486
490 492
492
498 499 500
499 500
500 502
502 504
504
508
515
520 521 522
521 522
522 524
524 526
526 528
528 529 530
529 530 531
530 531 532
531 532
532 534
534
538
543 544
544
547 548
548
553
556 557 558
557 558 559
558 559 560
559 560
560 562
562 563 564
563 564 565
564 565 566
565 566
566 568
568 569
569
572 574
574 575
575
578 580
580 581
581 583
583 584 585
584 585
585
592 594
594 595 596
595 596 597
596 597 598
597 598
598 600
600 602
602 604
604 606
606 607 608
607 608
608 610
610 611
611
614 615 616
615 616 617
616 617 618
617 618 619
618 619 620
619 620 621
620 621
621
627 629
629 630
630
633 635
635 637
637 639
639 640 641
640 641 642
641 642
642 644
644 646
646
651 653
653 654
654
657 658 659
658 659 660
659 660 661
660 661 662
661 662
662 664
664 666
666 667 668
667 668
668
671 673
673
676 677
677 679
679 680 681
680 681
681
685 687
687 688
688
691
695 696 697
696 697 698
697 698
698 700
700 702
702
710 711 712
711 712
712
716 718
718 719
719
724 725
725 727
727 728 729
728 729
729 731
731
734 735
735 737
737 738
738
741
746 747 748
747 748
748 750
750 752
752
755 756
756
759 761
761 762
762
765 766 767
766 767
767 769
769 770 771
770 771
771
774
777
780
787 789
789 791
791 792
792
796
800 801 802
801 802
802 804
804 805 806
805 806
806
811 812 813
812 813
813
817 818 819
818 819 820
819 820
820 822
822 824
824 826
826 828
828 829
829
834
837 838 839
838 839
839
843
847 849
849
852 853 854
853 854
854
857
860 862
862 864
864 865 866
865 866 867
866 867 868
867 868
868
872 873
873 875
875
878 880
880 881 882
881 882
882 884
884 885
885
888 889 890
889 890 891
890 891 892
891 892 893
892 893
893
898 899 900
899 900 901
900 901 902
901 902
902
905 906 907
906 907
907
910 911 912
911 912
912
920 921
921
925 926 927
926 927
927
931 932 933
932 933 934
933 934
934
938
941 943
943 945
945 947
947 948 949
948 949 950
949 950 951
950 951 952
951 952 953
952 953
953
956
959
962
966 967 968
967 968 969
968 969 970
969 970 971
970 971 972
971 972 973
972 973
973
977 978 979
978 979 980
979 980 981
980 981 982
981 982 983
982 983
983 985
985
988 989
989
992
998 999
999
