#naive2.0.py
# GMT Fri Feb 14 13:34:05 2020
# 
1 2 999
2
12
16 17 18
17 18 19
18 19
19 21
21 23
23 25
25
31
35 36 37
36 37
37 39
39 40
40 42
42 44
44
50 52
52 53
53
56
60 61
61 63
63
67 68 69
68 69
69 71
71 73
73 75
75
78
84 85 86
85 86
86
89 90
90 92
92
95 96 97
96 97
97 99
99 100
100 102
102 104
104
107 108 109
108 109 110
109 110 111
110 111
111 113
113
117
120
123 125
125
129
134 136
136 138
138 139 140
139 140
140 142
142 144
144 145 146
145 146
146 148
148
151
154 155 156
155 156
156
169 170
170 172
172 174
174 175
175
178 179 180
179 180
180 182
182 183
183
186 187 188
187 188
188 190
190 191
191
194 196
196 197 198
197 198 199
198 199 200
199 200 201
200 201
201 203
203 204
204
207 208 209
208 209
209 211
211 213
213 215
215 217
217 219
219 221
221
226
230 232
232 233
233 235
235 237
237
241 242
242 244
244 245 246
245 246 247
246 247
247 249
249
255 257
257 258
258 260
260 261
261
264
269 270 271
270 271 272
271 272 273
272 273
273
278
283 284 285
284 285
285 287
287
296
299 300 301
300 301
301
305 307
307 308
308
312
315
318 320
320 322
322 323 324
323 324 325
324 325
325
334 336
336 338
338 339
339
344 346
346 347 348
347 348 349
348 349
349
359 360 361
360 361
361 363
363 364 365
364 365
365 367
367 369
369
374 375 376
375 376
376 378
378 380
380 381 382
381 382
382 384
384
389 390 391
390 391 392
391 392
392 394
394 395
395 397
397
400 401 402
401 402
402 404
404 405
405 407
407 409
409 411
411 412
412 414
414
417 418 419
418 419
419
425 427
427 429
429 430
430 432
432 434
434 436
436 437
437 439
439
444 445
445 447
447 448 449
448 449
449 451
451 452 453
452 453 454
453 454
454
458
462 464
464
467 469
469 470 471
470 471 472
471 472
472 474
474 475
475 477
477
480 481 482
481 482
482
487
491 492 493
492 493
493 495
495
498
501 502
502 504
504
507
510
514
517 518
518 520
520 521
521 523
523 524
524
527
532 534
534
537
541 542
542
545 547
547 548 549
548 549
549
552 554
554
558 559
559 561
561 562
562 564
564 565
565 567
567 568
568
573 574
574 576
576 577
577 579
579 581
581
585
588 590
590
593 594 595
594 595 596
595 596
596 598
598
602 603 604
603 604
604 606
606 607
607
611 612
612 614
614 616
616 617 618
617 618 619
618 619 620
619 620
620 622
622 623
623
628 630
630 631
631
634 635 636
635 636 637
636 637 638
637 638 639
638 639 640
639 640
640 642
642
649
652
655 656
656
659 661
661 662 663
662 663
663
669 670
670
673 674
674 676
676 677
677
681 682 683
682 683 684
683 684
684 686
686
689
692
695
702
705
708 709
709 711
711 713
713 715
715 716
716
719 720 721
720 721
721
724 725 726
725 726
726
730 731 732
731 732
732
735
739
742 744
744 745 746
745 746 747
746 747 748
747 748
748 750
750 752
752 753
753 755
755 756 757
756 757
757 759
759
762 763
763 765
765
770
775 776
776
780
784 785
785
788 789
789
793 794
794
797
800 801
801 803
803 804 805
804 805 806
805 806
806
812 813 814
813 814
814
817 819
819 820 821
820 821 822
821 822
822
825 827
827 828
828
833 834
834
841 842
842
845 846
846
850 852
852 853
853 855
855 856 857
856 857 858
857 858
858 860
860
863 864
864 866
866
869 871
871
874
885
888
891 893
893 894 895
894 895 896
895 896 897
896 897 898
897 898 899
898 899 900
899 900 901
900 901
901
906
909 910
910
917 919
919 920
920 922
922 924
924
930 931 932
931 932 933
932 933 934
933 934 935
934 935 936
935 936 937
936 937
937 939
939 940 941
940 941 942
941 942 943
942 943
943
949
955 956
956 958
958 960
960
965 967
967 969
969 970
970
973
978
981
984 985
985 987
987
990
995 996
996
999
