#naive2.0.py
# GMT Fri Feb 14 13:34:05 2020
# 
1 999
7 8 9
8 9 10
9 10 11
10 11
11
15 17
17 18
18
21 22 23
22 23
23
30 32
32 33 34
33 34 35
34 35
35 37
37
43 44 45
44 45
45 47
47 49
49
54
57
60 61
61
74 75 76
75 76
76
79 81
81 82
82 84
84
87 88
88 90
90 91
91
96 97
97 99
99 100
100
104 106
106
109 110
110
114 115 116
115 116
116 118
118
123
126 127 128
127 128
128
137
142 144
144 145
145
149
152
155 157
157
162 163 164
163 164
164 166
166
170 172
172
175
178 180
180 182
182 183
183
187 189
189 190 191
190 191
191
195
200
203 204
204
212 213 214
213 214 215
214 215
215 217
217
221 223
223 224 225
224 225
225
228 229 230
229 230
230 232
232
239 241
241 242
242 244
244 246
246
249
252
255
258 260
260 261 262
261 262
262 264
264 265 266
265 266
266
269
272 274
274
278 279 280
279 280
280 282
282 284
284 286
286 287
287
291 293
293
296 298
298 299
299 301
301
305
308
311 312 313
312 313
313
316 317 318
317 318
318 320
320
325
328
331 332 333
332 333
333 335
335 336
336
340 342
342 343 344
343 344
344
347
350 352
352 353
353 355
355 356
356
360 361
361
365 366
366 368
368 369 370
369 370 371
370 371 372
371 372 373
372 373 374
373 374
374 376
376 377 378
377 378 379
378 379
379
382 383 384
383 384 385
384 385 386
385 386 387
386 387 388
387 388
388
391
395 396 397
396 397
397 399
399
405 406
406 408
408
414 416
416
425 426
426 428
428 429
429 431
431 432 433
432 433
433
437
441 443
443
446 447 448
447 448
448
451 452
452
455 456 457
456 457
457 459
459 461
461 462 463
462 463
463 465
465
469
472 474
474 476
476
481
484 485
485 487
487
491
495 497
497 498 499
498 499
499 501
501 502
502
506
510 512
512 513 514
513 514 515
514 515
515 517
517 518
518
521 522 523
522 523
523 525
525
532 533
533 535
535 536 537
536 537 538
537 538
538
543
546 547
547
550 552
552 553
553 555
555 556 557
556 557 558
557 558 559
558 559 560
559 560
560
564 565
565 567
567 568 569
568 569 570
569 570 571
570 571 572
571 572 573
572 573
573 575
575
579
582 584
584 586
586
589 591
591
596 597 598
597 598 599
598 599 600
599 600
600 602
602 603 604
603 604
604
610
613
616 617 618
617 618 619
618 619 620
619 620
620
627
630
633
638
643 644 645
644 645 646
645 646 647
646 647
647 649
649 650 651
650 651
651
655 657
657
660 661 662
661 662
662 664
664 665
665
669 670
670
673 674
674 676
676 677
677 679
679 680 681
680 681
681
684 685
685 687
687
690 692
692 694
694 695
695 697
697 699
699
702 703
703
706
711
714 716
716
719 721
721 722 723
722 723
723
727 729
729 730
730 732
732 733 734
733 734
734
737 738
738 740
740 741
741
748 749 750
749 750 751
750 751 752
751 752 753
752 753
753 755
755 756 757
756 757 758
757 758
758 760
760 761
761 763
763
766 767
767 769
769 771
771 772
772 774
774 775 776
775 776 777
776 777 778
777 778 779
778 779 780
779 780 781
780 781
781 783
783 785
785
789 791
791
795 797
797
803 805
805
809
813
816 817
817
822 823 824
823 824
824
828 829
829 831
831 833
833 834
834
839
843 845
845
849 851
851
854
860 861
861
865
868
872
875 877
877 879
879 880
880
883 884
884 886
886
889 890 891
890 891
891 893
893
898 899 900
899 900 901
900 901 902
901 902
902
910 911 912
911 912 913
912 913
913 915
915
919 921
921 923
923 925
925 927
927 928 929
928 929 930
929 930
930 932
932 933 934
933 934 935
934 935
935 937
937
940 942
942
945 946 947
946 947
947 949
949
958 960
960 962
962 963
963 965
965
968
971 973
973 975
975
978
981 982 983
982 983 984
983 984
984
988 989
989 991
991
997 999
999
