#naive2.0.py
# GMT Fri Feb 14 13:33:57 2020
# 
0 1
1 3
3
8 9 10
9 10 11
10 11 12
11 12
12
16 17 18
17 18 19
18 19 20
19 20 21
20 21
21
25 27
27
32 34
34
37 38
38 40
40
43 44
44 46
46 48
48 49
49
52
57
60 61
61
65
69 70
70
73 74 75
74 75
75
79 80
80
83 85
85 86 87
86 87
87
91
94 95 96
95 96 97
96 97 98
97 98
98
102
108 110
110
114
117
120 122
122 124
124 125 126
125 126 127
126 127
127
130 131 132
131 132
132
136 137
137
141 142 143
142 143 144
143 144
144 146
146 147
147
150 151
151
156 157 158
157 158 159
158 159 160
159 160
160 162
162 163
163 165
165
168 169 170
169 170
170
173
178
182 183 184
183 184
184 186
186 187 188
187 188 189
188 189
189
193 194 195
194 195
195
198 199 200
199 200
200
204 206
206
210 211 212
211 212 213
212 213
213 215
215 217
217 219
219 221
221
224
230 231 232
231 232 233
232 233
233 235
235 237
237
243 245
245 246
246
250 252
252 253
253
257 258 259
258 259
259 261
261 262 263
262 263 264
263 264
264
267 269
269 271
271
274 275
275 277
277 279
279 280 281
280 281
281
284
291 292 293
292 293
293
302
306 307
307
313 315
315
318
322 323 324
323 324
324
327 328 329
328 329 330
329 330 331
330 331
331
341 342 343
342 343
343 345
345 347
347 348 349
348 349 350
349 350
350
356 358
358 359
359
362 363
363 365
365 366
366 368
368 370
370 371
371 373
373 375
375
379 380 381
380 381 382
381 382
382 384
384 386
386
390 392
392 393 394
393 394
394
397
403 405
405 406
406
410 411 412
411 412
412 414
414 416
416 418
418
421 422
422
425 427
427
430 431
431 433
433
437 438
438
441 442
442
445 447
447 448
448
454 455
455 457
457 459
459
462 463
463
466
470 471 472
471 472 473
472 473
473 475
475 477
477
480
485 486 487
486 487 488
487 488
488
492
496 497 498
497 498 499
498 499
499
502 503 504
503 504 505
504 505
505
508 509
509 511
511 513
513
517
521 522 523
522 523 524
523 524
524
527
530 531 532
531 532 533
532 533 534
533 534
534
539
545 546 547
546 547
547 549
549 550 551
550 551 552
551 552
552
555
558
561
567 569
569 571
571 572 573
572 573
573
577 578 579
578 579
579 581
581 583
583 585
585 586
586
592 594
594 595
595
598
601 602 603
602 603 604
603 604 605
604 605 606
605 606 607
606 607
607 609
609 611
611
615
618 620
620
624
627 628
628 630
630 631 632
631 632
632
636 638
638 639 640
639 640
640 642
642 643 644
643 644
644 646
646 648
648
651
658
661 663
663
666 668
668 669
669 671
671
674 676
676 678
678
687 689
689
696
699
703 704 705
704 705 706
705 706 707
706 707
707
712 713 714
713 714 715
714 715
715 717
717 718
718
722
727 728 729
728 729
729 731
731 732
732
735 736
736 738
738
743 744
744 746
746 748
748 750
750 752
752 753 754
753 754
754
758 760
760 762
762 763 764
763 764
764
769 770
770
773 774
774
782 783 784
783 784 785
784 785
785 787
787
791 792 793
792 793
793 795
795 796 797
796 797 798
797 798
798
802
806 808
808 809
809 811
811
818 819 820
819 820
820
824 825
825
829 830 831
830 831 832
831 832
832 834
834 836
836 837
837 839
839
842 843 844
843 844 845
844 845
845
851 853
853 854
854
860 861 862
861 862 863
862 863
863
866 867 868
867 868
868 870
870 872
872 874
874 875 876
875 876 877
876 877 878
877 878 879
878 879
879
882
885 887
887 888
888 890
890 891
891 893
893 895
895 897
897 898 899
898 899 900
899 900
900
903 905
905 906
906
909 911
911
914 915
915
920
923 924 925
924 925 926
925 926 927
926 927
927 929
929 931
931
934 935 936
935 936
936
939 941
941 943
943 944 945
944 945
945
948 950
950
953 954 955
954 955 956
955 956 957
956 957
957
964 965
965 967
967 969
969 970
970
976 977 978
977 978 979
978 979 980
979 980 981
980 981
981 983
983 984
984 986
986 987 988
987 988
988
991
994
