#naive2.0.py
# GMT Fri Feb 14 13:34:03 2020
# 
0 1 999 998
1 3 999
3 4 5
4 5 6
5 6 7
6 7
7
10 11
11 13
13 14 15
14 15 16
15 16 17
16 17 18
17 18
18 20
20 22
22 23
23
29
33 35
35 37
37 38
38
43
47 48
48
52 54
54
60 62
62 63 64
63 64
64
71 72
72
76
80 82
82
85
88 90
90 92
92 93 94
93 94
94 96
96 98
98 99
99
102 104
104
108 109 110
109 110
110
113 114 115
114 115
115
118
121 123
123
135 136
136
139
147
151 153
153 155
155 157
157 158 159
158 159 160
159 160 161
160 161
161 163
163
168 170
170
176 177 178
177 178
178
182 183
183 185
185 186
186
189 190 191
190 191 192
191 192 193
192 193 194
193 194
194 196
196 197 198
197 198
198 200
200 202
202 204
204 206
206
210 212
212
221
229 231
231 232
232 234
234 235
235 237
237
240 241 242
241 242
242
247
250
256
260
265
268 269
269 271
271 273
273
276 277
277
281
286 287
287
293
296 297
297
301 302
302 304
304 306
306 308
308 309
309
314 316
316 318
318
322 323
323
326 328
328
332 333
333
338 339 340
339 340
340 342
342
346 347
347 349
349
353 355
355
358 359
359
362 364
364 365 366
365 366 367
366 367
367 369
369 370 371
370 371
371
374
378
382 383
383
386 387 388
387 388
388 390
390 391 392
391 392
392
395 396
396 398
398
404 406
406
411
418 419
419
426 427 428
427 428
428
433 434
434
438 440
440
444
448 450
450 451
451 453
453 454 455
454 455 456
455 456
456
459 460 461
460 461
461 463
463
467 469
469
472 474
474 475
475 477
477 478
478
483 485
485
489 490 491
490 491 492
491 492 493
492 493 494
493 494
494 496
496 498
498 499 500
499 500 501
500 501 502
501 502
502
506
511
515 516
516 518
518 520
520 522
522 524
524
527 528 529
528 529
529
536 537
537
541 542 543
542 543
543
546
551 552
552
555
558
561
564
567 568
568
571
574 575
575
578 579 580
579 580 581
580 581
581
584
593 595
595 597
597
600 602
602 603
603 605
605 606
606
613 615
615
619 621
621 622
622 624
624 625 626
625 626 627
626 627
627
630 632
632 633 634
633 634 635
634 635
635
640
646 648
648 649 650
649 650 651
650 651 652
651 652
652
656 657 658
657 658
658 660
660
663 664
664
668
672 674
674 675
675
678 679
679 681
681 682 683
682 683 684
683 684
684
687 688
688 690
690 691
691
694 695
695
701
710
714 715
715 717
717 718
718 720
720 722
722 723
723
726
730 731 732
731 732
732 734
734 735 736
735 736 737
736 737 738
737 738
738
742 744
744 745 746
745 746
746 748
748 749
749 751
751
756 758
758 759 760
759 760
760
763 764
764 766
766 767 768
767 768
768
771
774
777 778
778 780
780 781 782
781 782
782 784
784
788 789
789 791
791
794 796
796 798
798 799 800
799 800
800 802
802 804
804 805 806
805 806 807
806 807 808
807 808 809
808 809 810
809 810
810 812
812 813
813 815
815 817
817 818
818 820
820 821
821 823
823 825
825 827
827
830
833
836 837
837
840
843 844 845
844 845 846
845 846
846
849
852 853
853
862 863 864
863 864
864 866
866
870 871
871 873
873 874
874
877
880 881
881
884 885 886
885 886
886
891 892
892 894
894
898
901 903
903 904 905
904 905 906
905 906
906 908
908 910
910 911
911 913
913 914
914
917 918
918 920
920 921
921 923
923 924
924
927 928 929
928 929 930
929 930 931
930 931
931 933
933 935
935
938 939 940
939 940
940 942
942
950 952
952 953 954
953 954
954
957
960 961 962
961 962
962 964
964
969 971
971 972
972 974
974 975
975 977
977 978 979
978 979 980
979 980
980
984 986
986
992 993
993
997 998 999
998 999
999
