#naive2.0.py
# GMT Fri Feb 14 13:34:04 2020
# 
1 2
2 4
4 5
5
10 12
12
16
20 22
22 24
24 25
25
31 33
33
38 39 40
39 40
40 42
42 44
44 45
45
49 51
51
56 58
58 59 60
59 60
60
64 66
66 67
67
70
73 74 75
74 75 76
75 76
76
79 80 81
80 81 82
81 82
82 84
84 85 86
85 86
86
90
94
98
102
107 108
108
112
115 116 117
116 117
117 119
119 121
121
127 128
128
131
134
140 141
141
144
149 150 151
150 151 152
151 152 153
152 153
153
156
160 161 162
161 162 163
162 163 164
163 164 165
164 165 166
165 166
166
169 170
170
174 175
175
178 179
179 181
181 183
183
186 187
187
190 191 192
191 192
192 194
194 196
196 198
198 199
199 201
201
207
210
219 221
221
224 226
226 228
228
231 232 233
232 233
233
236 237
237
240 241
241 243
243 244
244 246
246 247 248
247 248 249
248 249 250
249 250
250 252
252 254
254 255 256
255 256 257
256 257
257
260 261
261
264
268
272
275 276 277
276 277 278
277 278 279
278 279
279 281
281
284 285
285
288 289
289
294 296
296 297
297 299
299
303
306 308
308 309
309 311
311 312 313
312 313 314
313 314
314
317 318
318
321
324
327
331 332
332 334
334
339 341
341 342 343
342 343
343 345
345 346 347
346 347
347
351 352 353
352 353 354
353 354 355
354 355 356
355 356
356
359
363 364 365
364 365
365 367
367 368
368
371 372 373
372 373
373
377 378
378
387 389
389
392
396 397 398
397 398 399
398 399 400
399 400
400
404
407 408 409
408 409
409 411
411 412 413
412 413 414
413 414
414
417 418
418
422 424
424 426
426
429 431
431
435
439 441
441 442
442
446
451 452 453
452 453
453
461 462
462
465 466 467
466 467 468
467 468
468 470
470
474 475
475 477
477
482
487
491 492
492
495 496
496
501 503
503
507 508
508
515 517
517 518
518 520
520 521
521
528 529 530
529 530
530
534 536
536
540 541
541
545 546 547
546 547
547
550 552
552 553
553
558 559 560
559 560
560
564
569 570
570
576
580 581
581 583
583
586 588
588 589
589
593
596 597
597 599
599
602 603 604
603 604 605
604 605 606
605 606 607
606 607
607 609
609 610 611
610 611 612
611 612 613
612 613 614
613 614
614
617
626
629 631
631
634 636
636
639 640 641
640 641 642
641 642
642 644
644
647
651 652
652 654
654
659 661
661 663
663 664
664 666
666 667
667 669
669
672
676 677
677 679
679
684
687
690 692
692 694
694 695
695 697
697 698
698 700
700
704 706
706 707 708
707 708 709
708 709 710
709 710 711
710 711 712
711 712
712
715 717
717 718 719
718 719
719 721
721 722
722
726 727 728
727 728
728
733 734
734 736
736 737 738
737 738 739
738 739 740
739 740 741
740 741
741
746 747 748
747 748
748 750
750 751
751
757 758 759
758 759
759
762 763
763 765
765 767
767 769
769 770
770
777
780 781
781 783
783 785
785 786
786 788
788
792 793 794
793 794 795
794 795
795
798 799
799
804 805 806
805 806
806
810 811
811 813
813 815
815 816
816
820 821
821 823
823 824
824
827 829
829 830
830 832
832 833
833
837 838 839
838 839 840
839 840
840 842
842 844
844 845
845 847
847
850
853
857 858
858
861 863
863 864 865
864 865
865
868
871 873
873
877
881
886 887 888
887 888 889
888 889
889
892 893
893
897 898
898 900
900 901
901
907 908
908 910
910 911
911 913
913 915
915
918 919
919
923 924
924
928 929
929
932
935
938 939
939 941
941 943
943
948 949 950
949 950
950
953 954 955
954 955 956
955 956
956
959 960
960 962
962 964
964 965
965 967
967 969
969 971
971 972
972 974
974 975 976
975 976
976 978
978 979 980
979 980 981
980 981 982
981 982 983
982 983
983
986
990
995 996 997
996 997 998
997 998
998
