#naive2.0.py
# GMT Fri Feb 14 13:33:58 2020
# 
7 9
9
14 15 16
15 16
16
22
26 28
28 29 30
29 30
30
34
37
40 42
42 44
44
48
52 53 54
53 54
54
58 60
60 61
61
69 70
70 72
72 74
74 76
76 77 78
77 78 79
78 79 80
79 80 81
80 81 82
81 82
82 84
84 86
86 87 88
87 88 89
88 89 90
89 90
90 92
92 93
93 95
95 96
96
99
105
109 110
110
114
119 120 121
120 121
121 123
123
127 128 129
128 129
129 131
131
134 135
135
138
142
145
150 151 152
151 152
152 154
154
160 162
162
165 167
167 168 169
168 169
169 171
171 172 173
172 173
173 175
175
181
191 192
192
195 196
196 198
198 199
199
202
205 206
206 208
208 209 210
209 210
210
213
220 221 222
221 222
222 224
224 226
226 227
227
230 232
232 233 234
233 234
234
238
244 245
245
248 250
250 251
251
254
257 258
258 260
260
263 264 265
264 265 266
265 266
266
269 270 271
270 271
271 273
273 275
275 277
277 278
278 280
280 282
282 283 284
283 284
284
287 288
288 290
290 291 292
291 292 293
292 293 294
293 294 295
294 295 296
295 296
296
300
305 307
307
316 317
317
320 321
321 323
323
326
331 332 333
332 333
333
337
340 342
342 343
343 345
345
348
351 353
353 354 355
354 355 356
355 356 357
356 357
357 359
359 360 361
360 361 362
361 362
362
369 370 371
370 371 372
371 372
372
376 377
377 379
379 380
380
384
388 390
390 392
392
396 397 398
397 398
398 400
400 401
401 403
403
412 413 414
413 414 415
414 415
415
418
425
428 429
429 431
431 432 433
432 433 434
433 434
434 436
436 438
438 440
440
443
446 447 448
447 448
448 450
450
453 454
454 456
456 457
457 459
459 460
460 462
462 464
464 465 466
465 466
466
474 476
476 478
478 480
480
483 484 485
484 485
485
488
492 494
494 495
495 497
497 498
498 500
500 501 502
501 502 503
502 503 504
503 504 505
504 505 506
505 506
506 508
508 509
509
512
515 516
516
520 522
522
527 528 529
528 529
529
532 533 534
533 534 535
534 535 536
535 536
536 538
538 539 540
539 540
540
546 547 548
547 548 549
548 549
549
553
559 561
561
568 569 570
569 570 571
570 571
571
575 577
577 578
578
585 586
586 588
588
596
599
603 605
605 606 607
606 607 608
607 608 609
608 609 610
609 610 611
610 611 612
611 612
612 614
614
617 618
618 620
620 621
621
626 628
628 629
629
633 634
634
638 639 640
639 640 641
640 641
641
644
647 648 649
648 649 650
649 650
650 652
652 654
654
658
661 663
663
668 669
669
678
685
690 691
691 693
693 695
695 697
697 699
699 700
700
703 704
704
707
710 711 712
711 712
712 714
714 716
716
720
723
728 729 730
729 730 731
730 731 732
731 732
732 734
734
737
740 741 742
741 742
742
745 747
747
751 752
752
756 757
757
762
767 768
768 770
770 771 772
771 772
772 774
774 776
776
780 781 782
781 782
782 784
784
788 789 790
789 790
790 792
792
795
798
803 805
805
808
811 813
813 814
814 816
816 817 818
817 818
818
824 826
826 827
827
832 833 834
833 834
834
837
841 842
842 844
844 845
845
848 849 850
849 850
850
853
859 861
861
864
867 869
869
872 873
873
876 877
877
880 882
882 883 884
883 884
884
887 889
889 890 891
890 891
891 893
893 894 895
894 895
895 897
897 898
898 900
900 901 902
901 902 903
902 903 904
903 904 905
904 905
905
909 910 911
910 911
911
916
921 922 923
922 923 924
923 924 925
924 925 926
925 926
926 928
928 929 930
929 930
930
934 935 936
935 936
936 938
938
944 945 946
945 946 947
946 947
947 949
949
952 953
953
956
962
965 966
966
972 973
973 975
975 977
977 978
978
982 984
984
988
991 993
993 994
994 996
996
999
