#naive2.0.py
# GMT Fri Feb 14 13:34:05 2020
# 
0
4
7 9
9 10
10 12
12 13
13
16 17 18
17 18
18 20
20 22
22 23 24
23 24
24
27 28 29
28 29
29
33 34 35
34 35
35
39 41
41 42
42
45 47
47 48 49
48 49 50
49 50 51
50 51 52
51 52 53
52 53
53
57 58 59
58 59
59
62 64
64 65
65
69
75
82 83
83
87 88
88 90
90
93 95
95
100 101
101 103
103
106 107
107
117 118 119
118 119
119 121
121 123
123 124
124 126
126 128
128 129
129
134 135
135 137
137 139
139 140
140
147 148
148
157
160 162
162 163
163
169 170
170 172
172 173 174
173 174 175
174 175 176
175 176 177
176 177 178
177 178
178 180
180 181
181
186 187
187
194 195 196
195 196 197
196 197 198
197 198
198
202
205 206 207
206 207
207 209
209 210
210
213
218 219 220
219 220 221
220 221 222
221 222 223
222 223
223
228 230
230 231 232
231 232 233
232 233 234
233 234 235
234 235 236
235 236
236
239 241
241 242 243
242 243 244
243 244 245
244 245
245
248
251
254 256
256 257 258
257 258
258
265 267
267 268
268
272
275 277
277 278 279
278 279
279 281
281 282 283
282 283
283 285
285
288 289
289
293 294
294 296
296 297 298
297 298
298
302 303 304
303 304 305
304 305
305 307
307 308
308
311 312
312
315 317
317 319
319 320 321
320 321
321
324 325
325 327
327 328
328
331 332
332
336 337 338
337 338
338 340
340
344 346
346 347 348
347 348 349
348 349 350
349 350 351
350 351
351
355 356 357
356 357 358
357 358 359
358 359
359
363
366 368
368
376 377
377 379
379 380 381
380 381 382
381 382 383
382 383
383
386 387 388
387 388 389
388 389 390
389 390 391
390 391 392
391 392
392
396 397
397
401 402
402 404
404 406
406
409 410
410
413 415
415 416 417
416 417
417
421 423
423 424
424 426
426 428
428 429 430
429 430 431
430 431
431 433
433 434 435
434 435 436
435 436
436 438
438 440
440 441 442
441 442 443
442 443 444
443 444 445
444 445 446
445 446
446
449
452
458 459
459
462
466 468
468 469
469 471
471 472 473
472 473
473
477 478
478 480
480
484
488 489
489
493 494 495
494 495
495 497
497 498
498 500
500
503
507 508
508 510
510 511 512
511 512 513
512 513
513 515
515
519 521
521 522
522
532 533
533
538 539
539
542 543 544
543 544 545
544 545
545
549
552 554
554 555
555
558 559
559
563 564 565
564 565
565 567
567
573
577
580 582
582 583 584
583 584 585
584 585
585
588 590
590
596 598
598 599 600
599 600
600 602
602 604
604 605 606
605 606 607
606 607 608
607 608 609
608 609 610
609 610 611
610 611 612
611 612 613
612 613
613
616 617
617
621
627 629
629 630
630 632
632 633 634
633 634 635
634 635 636
635 636 637
636 637
637 639
639 641
641 643
643
651 652 653
652 653 654
653 654 655
654 655
655 657
657 659
659 660 661
660 661 662
661 662
662
668 669
669
672 673
673
679 681
681 682 683
682 683
683 685
685 686 687
686 687 688
687 688
688
691
695 696
696
700
704 706
706
709 710 711
710 711 712
711 712 713
712 713 714
713 714 715
714 715 716
715 716 717
716 717
717 719
719 720
720 722
722 723
723 725
725
728 730
730 731
731
736
739
742 743
743 745
745
751 753
753
756 758
758 759
759
762 763 764
763 764
764 766
766 767 768
767 768
768 770
770
773 775
775 776
776 778
778
781 782
782
788 790
790 791
791 793
793
796 798
798 799 800
799 800
800
805
810 811
811 813
813
816 818
818
824 825 826
825 826
826
830
835
838 839 840
839 840
840 842
842
847
855
859
864 865 866
865 866 867
866 867
867 869
869 870 871
870 871
871
874 876
876 877
877 879
879 880 881
880 881 882
881 882
882
889 890 891
890 891
891 893
893 894
894
897 898 899
898 899 900
899 900 901
900 901
901 903
903 905
905
908 909
909
913
916 917 918
917 918 919
918 919 920
919 920
920 922
922
925 927
927 929
929 930 931
930 931 932
931 932
932
941 943
943 944 945
944 945 946
945 946
946
949 950
950 952
952 953 954
953 954
954
957
963
966 967 968
967 968
968
972 973 974
973 974
974
978 979 980
979 980 981
980 981
981
984
988
995 997
997
