#naive2.0.py
# GMT Fri Feb 14 13:34:02 2020
# 
0 999 2 998
2 3
3
6 7
7 9
9
12 14
14 16
16 17
17 19
19 20 21
20 21
21 23
23 25
25 27
27 28 29
28 29
29
32
35
40
43 45
45
48 49 50
49 50
50 52
52
56
59 60
60 62
62 63 64
63 64 65
64 65
65
69 70
70 72
72 74
74 76
76 77 78
77 78 79
78 79
79
83 85
85 86
86
91 92
92 94
94
97 98 99
98 99 100
99 100 101
100 101 102
101 102
102
105
108 109
109
114
118
122 124
124 125 126
125 126
126
130 132
132 133
133 135
135
139
143 144
144
147 148 149
148 149
149
152
158 159
159 161
161
167
172
175 176 177
176 177 178
177 178 179
178 179
179
182 183 184
183 184 185
184 185
185
189
192 193 194
193 194 195
194 195
195 197
197
200 201
201 203
203
206 208
208 209 210
209 210 211
210 211
211
214 216
216
224
229 231
231 232
232 234
234
241 242 243
242 243
243 245
245 247
247
252 253 254
253 254
254
263 264 265
264 265 266
265 266
266 268
268 269
269
273 274
274
278 279
279
284 285 286
285 286 287
286 287 288
287 288
288 290
290 291
291
294 295 296
295 296
296 298
298
301 302
302
305
311 312
312
316 317
317
320 321 322
321 322 323
322 323 324
323 324
324
327
334 335 336
335 336
336 338
338
343 344
344
348 350
350
354 355
355 357
357 358
358 360
360
365 367
367
372 373
373
378
381 382 383
382 383 384
383 384 385
384 385 386
385 386 387
386 387
387 389
389 390
390 392
392
395 397
397 398
398
401 402
402 404
404 406
406
409
414 415 416
415 416 417
416 417
417 419
419 420
420
423 424 425
424 425
425 427
427 428
428 430
430 432
432
435 437
437 439
439 440 441
440 441
441 443
443 444
444
448 450
450 452
452
458
463 464
464
467
472 473 474
473 474 475
474 475 476
475 476
476
479
482 483
483
486 487
487 489
489 490 491
490 491 492
491 492
492 494
494 495
495
498 500
500 501
501
504 505
505 507
507 509
509
518 519
519 521
521 523
523
526
529 530 531
530 531
531 533
533 534
534
540 542
542
545 546
546
550
553
556
560
563 564
564
571 572
572 574
574 575 576
575 576
576 578
578 580
580
583 584 585
584 585
585 587
587 588
588 590
590
593
601 603
603 605
605 607
607 608 609
608 609
609
612
616 617 618
617 618 619
618 619 620
619 620 621
620 621 622
621 622 623
622 623
623
626 628
628 630
630 632
632
636
641 642
642 644
644
647
651 653
653 654
654
658 660
660
665 666
666 668
668
671 672 673
672 673 674
673 674
674
678
681
685 686
686
689 691
691
694 695 696
695 696
696 698
698 699 700
699 700 701
700 701
701
705 707
707
711 712
712 714
714
717 718
718 720
720 721
721
724 726
726 727 728
727 728
728
731 732 733
732 733
733
739 741
741 742 743
742 743 744
743 744
744
748
751
754
760 761
761
767 769
769 770
770
773 774 775
774 775
775 777
777 778
778 780
780
783 785
785
789
795 797
797 798 799
798 799
799
802 803
803 805
805 806 807
806 807
807 809
809 810 811
810 811
811
814
820 822
822 824
824 825 826
825 826
826
830 832
832 834
834 835
835
838 839
839
842 843
843
847 848 849
848 849 850
849 850 851
850 851
851
855
858 859
859 861
861 862 863
862 863 864
863 864 865
864 865
865 867
867 868 869
868 869 870
869 870
870
873 874 875
874 875
875
881
884 886
886 887
887 889
889 890
890 892
892
895 896
896
906 907
907
910 911 912
911 912
912
917 918
918 920
920 921 922
921 922
922
926
932 934
934
937 939
939
943
947 948 949
948 949
949
952 954
954
960 961
961 963
963 964 965
964 965
965
968 969
969
973 974
974
979
982 984
984
988
991
996 998
998 999
999
