#naive2.0.py
# GMT Fri Feb 14 13:34:04 2020
# 
0 2
2 3
3
6 7 8
7 8 9
8 9 10
9 10
10 12
12 14
14 16
16 17 18
17 18 19
18 19
19 21
21 23
23 24
24
30 32
32 33
33 35
35 36 37
36 37 38
37 38 39
38 39
39 41
41
47 49
49
52 53 54
53 54 55
54 55
55
58 59
59 61
61 63
63 65
65
68 70
70 72
72 73 74
73 74 75
74 75 76
75 76 77
76 77
77 79
79 80 81
80 81
81
88 89
89
92 94
94
99 100 101
100 101
101 103
103
106 107 108
107 108 109
108 109
109
112 113
113 115
115 117
117 118
118
125 127
127
130 131 132
131 132 133
132 133
133
139
146 148
148 149 150
149 150
150
154
158 159
159
163 165
165 166 167
166 167 168
167 168 169
168 169 170
169 170 171
170 171
171
174
179 180 181
180 181
181
184 185 186
185 186 187
186 187
187
192 193
193 195
195 196
196 198
198 200
200
203 204 205
204 205 206
205 206
206
213 215
215 216
216 218
218 219
219
223
227
230 231 232
231 232 233
232 233 234
233 234
234 236
236 237
237 239
239 241
241 242 243
242 243
243 245
245 246 247
246 247 248
247 248
248
253
256 258
258 259
259
263 265
265 267
267 269
269
272
275
278
284 285 286
285 286
286 288
288
293
296 297 298
297 298
298
301 302 303
302 303
303
308 310
310 312
312 313
313
316 317
317
322 323
323 325
325 327
327 329
329
337
341
344 345
345 347
347
350 351 352
351 352
352
357 358
358
364 365 366
365 366 367
366 367
367 369
369 370 371
370 371
371 373
373 375
375
378
382 384
384 385
385
390 391 392
391 392
392
399 400 401
400 401 402
401 402
402 404
404 405
405
409 410
410 412
412
415 416
416
420
424
428
435
438 440
440 441
441
444
448 450
450 452
452 454
454 455
455
458 460
460
463 465
465
470
474 475 476
475 476 477
476 477
477
480
484 486
486 488
488
495 497
497
500
504
507 508 509
508 509
509
514 516
516
521 522 523
522 523 524
523 524 525
524 525
525 527
527
533
539
543 544 545
544 545 546
545 546
546
551 552
552 554
554 555
555 557
557
560 561
561 563
563 565
565
569
572 574
574
580 581
581 583
583 584 585
584 585 586
585 586
586
592 593 594
593 594 595
594 595 596
595 596
596
604 606
606
612 614
614 616
616 617
617 619
619 620 621
620 621 622
621 622
622 624
624 626
626
629 630 631
630 631 632
631 632
632 634
634 635
635 637
637
641 642 643
642 643
643
651 653
653 654 655
654 655 656
655 656
656 658
658 659 660
659 660
660 662
662
666
677
682 683
683 685
685 687
687 689
689 690 691
690 691
691 693
693
697 698
698 700
700
705 707
707
712 713
713 715
715 716
716 718
718 719 720
719 720
720
723 724 725
724 725 726
725 726
726
730 731
731
734 736
736
739 740 741
740 741
741
745 746
746
751
755 757
757 758
758 760
760
763 765
765
771 773
773 774
774 776
776
783 784
784 786
786 788
788 790
790 792
792 794
794
798 799 800
799 800
800
803
806 807
807 809
809 810
810 812
812
816 817 818
817 818 819
818 819
819 821
821 823
823 824 825
824 825
825 827
827 829
829
832
836 837
837
842
848
851
854 856
856 858
858
863
867 869
869 870
870 872
872
875 877
877
880 881 882
881 882
882 884
884
887 888
888 890
890 891 892
891 892 893
892 893
893 895
895 897
897 899
899 900
900
903 904 905
904 905 906
905 906 907
906 907
907 909
909 910 911
910 911
911 913
913 914
914 916
916
923
926 927
927
930
933 935
935
943 944
944
947 948
948 950
950 951
951 953
953 955
955
958 959
959
962
965 966
966 968
968
971 972 973
972 973
973
976
984 986
986 987 988
987 988 989
988 989 990
989 990
990
993 995
995 997
997
