#naive2.0.py
# GMT Fri Feb 14 13:33:59 2020
# 
1 2 3
2 3 4
3 4
4 6
6 8
8 9
9 11
11 12 13
12 13 14
13 14
14 16
16
19 21
21 22
22
25 26
26
31 32 33
32 33 34
33 34
34 36
36
53 54 55
54 55
55
60 62
62
66 68
68 69
69 71
71 72
72
75 76 77
76 77
77
80 81
81
84 85 86
85 86
86 88
88
91
96 97
97 99
99 100
100
104 105 106
105 106
106 108
108 109 110
109 110 111
110 111 112
111 112 113
112 113 114
113 114
114 116
116 117 118
117 118 119
118 119 120
119 120
120
125 126 127
126 127 128
127 128 129
128 129
129 131
131
134
141
144 146
146
150 151 152
151 152
152 154
154
158
161
166 168
168 169
169
172 174
174 176
176 178
178 179 180
179 180
180 182
182 184
184 185
185 187
187
191 192 193
192 193
193 195
195 196 197
196 197 198
197 198
198 200
200
205 206
206 208
208
212 214
214 216
216 218
218
221
225
228 229 230
229 230
230
233 234
234 236
236 238
238 239 240
239 240 241
240 241
241
244
249
252 253 254
253 254
254
258 259 260
259 260 261
260 261 262
261 262 263
262 263
263
268 269
269
273 274
274 276
276 277 278
277 278 279
278 279 280
279 280
280 282
282
295 296
296 298
298
301
304 306
306
310 311 312
311 312 313
312 313 314
313 314 315
314 315
315
318 320
320 321 322
321 322
322 324
324 325
325
328 329 330
329 330 331
330 331
331
334
340 341 342
341 342
342 344
344 345
345 347
347 348 349
348 349 350
349 350 351
350 351 352
351 352 353
352 353
353
357 359
359
362 363 364
363 364 365
364 365
365 367
367 369
369 371
371 372
372 374
374 375
375 377
377 378 379
378 379
379
382 384
384
395 396
396
399
403 404
404
409 410
410 412
412 413
413 415
415 417
417 419
419 421
421 423
423 425
425
429
432 433
433
436
440
443 444
444 446
446 447
447 449
449 451
451 452 453
452 453
453 455
455 456
456
460 462
462 464
464 466
466 467
467
470
473 475
475
481
486
489
492
496 498
498 499
499
502
507 508
508
511 513
513 515
515
518 520
520 521 522
521 522
522
525 527
527 528
528 530
530 532
532 533
533
536 537
537
543
546 548
548 549
549
553
557 558
558
562
565
568 569
569 571
571
574 575 576
575 576 577
576 577 578
577 578
578
581 583
583
586 587
587 589
589 590
590
597 598 599
598 599 600
599 600 601
600 601 602
601 602 603
602 603 604
603 604
604
608 609 610
609 610
610
614 616
616 617 618
617 618
618 620
620 621
621 623
623
626 627 628
627 628 629
628 629
629 631
631 632 633
632 633 634
633 634
634 636
636 638
638 640
640
648 649
649 651
651
657 659
659 660 661
660 661
661
665 667
667 668
668 670
670 671
671
674 676
676
680 681 682
681 682
682
685 687
687 688
688
691 692
692
698
712 713 714
713 714 715
714 715
715 717
717 718 719
718 719
719
723
726 727
727 729
729 730
730 732
732 734
734 735
735
738 739 740
739 740
740 742
742 743
743 745
745 746 747
746 747 748
747 748 749
748 749 750
749 750 751
750 751 752
751 752 753
752 753
753 755
755
759 760
760 762
762 763 764
763 764 765
764 765 766
765 766
766
771
774 775
775 777
777 779
779 781
781
786 788
788 789 790
789 790
790
793 794 795
794 795 796
795 796 797
796 797
797
801 802
802 804
804
807 809
809
815 816
816
822 824
824
829
836
839
842
847
851
854
860
863 864
864 866
866
869
872 874
874 875 876
875 876
876
880 881 882
881 882 883
882 883
883
892
897 899
899 901
901
904
909 910
910 912
912 913
913 915
915 916
916
919 920
920
926
929 931
931
935
938 939 940
939 940
940 942
942 944
944 945
945
948 949 950
949 950
950
954 956
956 957 958
957 958
958 960
960 962
962 963
963
967
973 975
975 976
976 978
978 979
979
982 983 984
983 984 985
984 985
985 987
987
991 992
992 994
994 995 996
995 996 997
996 997 998
997 998
998
