#naive2.0.py
# GMT Fri Feb 14 13:34:04 2020
# 
0 1
1
4
10 11
11 13
13 14
14 16
16 18
18 19 20
19 20
20 22
22 23
23 25
25
28
33 34 35
34 35 36
35 36
36 38
38 39 40
39 40 41
40 41
41
45 46
46
54 55 56
55 56
56 58
58 59 60
59 60
60
64 65 66
65 66
66
69 71
71 73
73
76 77
77 79
79 80
80
87 88 89
88 89
89 91
91
94 96
96
99 100
100 102
102 103 104
103 104
104 106
106
110 111 112
111 112 113
112 113
113
116
120 121 122
121 122 123
122 123 124
123 124 125
124 125
125 127
127 129
129 131
131 132 133
132 133
133 135
135 136
136
143
146
151
155 156
156
160 162
162 163
163
169 170
170
174
178
181 182 183
182 183
183
186
190 191 192
191 192
192 194
194
197 198
198
203 204 205
204 205
205
208 210
210 211 212
211 212
212
217 219
219 220 221
220 221 222
221 222 223
222 223
223 225
225 226
226 228
228 229
229
233 235
235 237
237 238 239
238 239 240
239 240
240
243 245
245 246 247
246 247 248
247 248 249
248 249
249 251
251 253
253
258
261 262
262
265
270
279 280
280 282
282 284
284 285
285
288 290
290 291 292
291 292 293
292 293
293
299
305
308 310
310 312
312
316 318
318 320
320 322
322
325
328 329 330
329 330 331
330 331
331 333
333 335
335
343
346 347
347 349
349 350 351
350 351
351 353
353 355
355
360 362
362 363
363
367
370
374 375
375
379 381
381 382
382
387 388
388
391 392
392
395 396 397
396 397 398
397 398
398 400
400 402
402 404
404
408 409 410
409 410 411
410 411 412
411 412
412
415 416 417
416 417
417
421 422
422
426
429 430
430
434 436
436
439
443 445
445 447
447 449
449 450 451
450 451 452
451 452 453
452 453
453
456 457 458
457 458
458 460
460 462
462 463
463
466 467
467 469
469
472 473
473
477
485 486 487
486 487 488
487 488 489
488 489
489 491
491 493
493 495
495
500 502
502
505 506 507
506 507
507 509
509
513 515
515 517
517 518
518 520
520
524 525
525 527
527 529
529 530 531
530 531
531 533
533 535
535 536
536
540
546 547 548
547 548 549
548 549 550
549 550 551
550 551 552
551 552 553
552 553 554
553 554 555
554 555
555
562 563
563
566
570 571 572
571 572 573
572 573 574
573 574
574
577
583 585
585 587
587 588 589
588 589
589
592 593 594
593 594
594 596
596
603 604
604 606
606 607 608
607 608
608 610
610 612
612
617 618
618 620
620
623 624
624 626
626
632 633
633 635
635
640 642
642 643
643
646 647 648
647 648
648 650
650
653
657
663 665
665 666
666
669 671
671
674
680
683 684
684 686
686 688
688 690
690 692
692
697 698
698
701
706
713 714 715
714 715 716
715 716
716 718
718
721 723
723 724 725
724 725
725
728 729 730
729 730 731
730 731
731 733
733 734
734
737 738
738
742
745 747
747 748 749
748 749
749 751
751
754 756
756 758
758 760
760
763 765
765 766 767
766 767 768
767 768
768
773 775
775
778
782 784
784 786
786
789 790
790
797
804 806
806 807 808
807 808 809
808 809 810
809 810 811
810 811 812
811 812
812
819 820
820 822
822 824
824
828 829 830
829 830
830 832
832
836 838
838 839
839
842
845
848 849
849 851
851 852 853
852 853
853 855
855 857
857
862 863
863 865
865
869 871
871 873
873 874 875
874 875
875 877
877 879
879 880 881
880 881 882
881 882
882 884
884 885
885 887
887 888 889
888 889
889 891
891 892
892 894
894 896
896 898
898
901 903
903 905
905
908
911 912
912 914
914 915
915
919 920 921
920 921 922
921 922 923
922 923
923
928 929
929
934 936
936
939 941
941 942
942 944
944 945 946
945 946
946
952
956
959 961
961
965 966 967
966 967
967
974 976
976 978
978
983
991 992 993
992 993
993
