#naive2.0.py
# GMT Fri Feb 14 13:33:56 2020
# 
0 999 2
2 3 4
3 4
4
8 9
9
12 14
14 15
15 17
17
21 23
23 25
25 26
26
30 32
32 33
33
37 38
38 40
40
43
51
56 57 58
57 58 59
58 59 60
59 60
60 62
62 64
64 65
65
69 70
70 72
72 73 74
73 74
74
77 78 79
78 79 80
79 80
80
86 87 88
87 88 89
88 89
89
92
96 97
97 99
99
102 104
104 106
106 107
107
111 113
113 115
115 117
117 118
118
123 124
124 126
126
133 135
135 136 137
136 137 138
137 138 139
138 139 140
139 140
140 142
142 144
144 145 146
145 146 147
146 147 148
147 148
148
152 153
153 155
155 156
156
160
163 165
165 166
166
171
174 176
176 177
177
184 185
185 187
187 188 189
188 189 190
189 190
190 192
192
198 200
200 201
201
205 207
207
212 214
214 215
215 217
217 219
219
222 223
223 225
225 227
227 229
229 231
231 233
233 234
234 236
236
245
257 259
259
262 263
263 265
265 266 267
266 267 268
267 268 269
268 269 270
269 270 271
270 271 272
271 272
272
277 278 279
278 279
279
282
287 289
289
292 293 294
293 294
294 296
296
299 300 301
300 301 302
301 302
302 304
304
308
311 312
312
316 318
318 320
320
323
327
331 332
332
337 338
338 340
340 342
342 343
343 345
345 347
347 348 349
348 349 350
349 350
350
355 356
356
359 361
361 362
362 364
364 366
366
370 372
372 373
373 375
375
379
382
387 389
389 391
391
394 395 396
395 396
396
400 402
402 404
404 405
405 407
407
411 412 413
412 413 414
413 414 415
414 415 416
415 416 417
416 417
417
421
424 426
426 427
427 429
429
432 434
434
439 440
440 442
442 444
444 445
445
456
461 462 463
462 463
463 465
465
469 471
471 472 473
472 473 474
473 474
474
477 478 479
478 479
479 481
481 482
482
486 487
487 489
489 491
491 493
493 494
494
497 498 499
498 499
499 501
501 503
503
506 508
508
512 513
513 515
515 516
516
519 521
521
526 527 528
527 528 529
528 529 530
529 530 531
530 531 532
531 532 533
532 533 534
533 534
534 536
536 537
537
542 543
543 545
545 547
547 549
549 550
550
554 556
556 557 558
557 558 559
558 559
559
562 563 564
563 564 565
564 565 566
565 566 567
566 567 568
567 568 569
568 569 570
569 570 571
570 571
571
574 576
576 577
577 579
579
584 586
586 588
588
591 592 593
592 593
593 595
595 597
597 598 599
598 599 600
599 600
600
603 604
604 606
606 608
608 609 610
609 610
610
613 614
614
623 624
624
628 629
629 631
631 633
633 634 635
634 635
635
638 639 640
639 640
640
644 645
645 647
647 649
649 650
650
655 657
657 658
658
661 662 663
662 663
663
667
674
679 680 681
680 681 682
681 682 683
682 683 684
683 684
684
687 689
689 690 691
690 691
691
696 697 698
697 698 699
698 699
699
702
705 707
707 709
709 710 711
710 711 712
711 712
712
717 719
719 721
721 723
723 725
725 727
727 729
729 730 731
730 731
731 733
733 734
734
740 741
741
745 747
747
750 752
752 753
753
758 760
760
768 769
769
774
777 778 779
778 779 780
779 780
780 782
782 784
784 785 786
785 786
786
790 791 792
791 792 793
792 793
793 795
795 796
796 798
798 799
799 801
801
804 806
806 808
808
813 815
815 816
816 818
818 819 820
819 820
820 822
822 823
823
826
833
837
840 841
841
844 845 846
845 846 847
846 847
847
850 851
851
857 858
858
863 865
865 866 867
866 867
867
870
874 875
875
881 882 883
882 883
883
886 888
888 889 890
889 890
890 892
892
898 899 900
899 900
900 902
902
909
913
916
919 920 921
920 921
921 923
923 924 925
924 925
925 927
927 928 929
928 929 930
929 930 931
930 931
931 933
933 935
935 937
937
941
949 951
951 953
953 954
954 956
956 958
958
961 963
963 964
964 966
966 967 968
967 968
968
971 972 973
972 973
973
979 980 981
980 981
981
984 986
986 987 988
987 988
988
993 995
995 996 997
996 997
997 999
999
