#naive2.0.py
# GMT Fri Feb 14 13:34:04 2020
# 
0 1 2 998
1 2
2
10 11 12
11 12
12
17 19
19 21
21 22 23
22 23 24
23 24 25
24 25 26
25 26 27
26 27
27 29
29
32
35 36 37
36 37 38
37 38 39
38 39
39 41
41 42
42 44
44 46
46 47
47
53
58 59
59
62
66 67 68
67 68 69
68 69
69 71
71 72
72 74
74 75
75 77
77 78
78
84 86
86 87 88
87 88 89
88 89
89 91
91 93
93
96 97 98
97 98
98
102 103
103
107
111 112
112 114
114
120 122
122
126 127 128
127 128 129
128 129 130
129 130 131
130 131 132
131 132
132
139 140
140 142
142
145 146
146
149
153 154 155
154 155
155
158 159 160
159 160 161
160 161 162
161 162
162 164
164
167
170 171 172
171 172 173
172 173
173 175
175
179
183 185
185
188 189
189
194 196
196 198
198 199
199 201
201
204
207 208 209
208 209
209 211
211
214 215 216
215 216
216 218
218 220
220 222
222 223
223 225
225 226
226 228
228
232
239 240 241
240 241 242
241 242
242
245
249
257 258
258 260
260 261 262
261 262
262 264
264 265 266
265 266
266
272 273
273 275
275
278 280
280 281 282
281 282
282 284
284
287 288
288 290
290 292
292
296 297
297
301
304 306
306 307 308
307 308
308
313 314 315
314 315
315
320
324
328 329 330
329 330 331
330 331
331
334 336
336 338
338
342 343 344
343 344 345
344 345
345
354
360 362
362
367
371 373
373 375
375 376
376
379 381
381 382 383
382 383
383
386 387
387
391 393
393 395
395
399 400 401
400 401 402
401 402
402
405 407
407 408
408
413 414
414
417 418 419
418 419
419 421
421
424 425 426
425 426
426 428
428 429
429 431
431 433
433 434 435
434 435
435
438 439
439 441
441 443
443
450 451
451 453
453 454 455
454 455
455
462 464
464
467 468 469
468 469 470
469 470 471
470 471
471
474 475
475 477
477 478
478 480
480
485 486 487
486 487 488
487 488
488 490
490
494
498
501
511 513
513 514
514
517 519
519 521
521 522
522 524
524
528
532 533
533
539 541
541 542
542
548 550
550 551
551
555 557
557 558 559
558 559
559 561
561 563
563 564
564 566
566
570 571
571 573
573 574 575
574 575
575 577
577 578 579
578 579
579
582 583 584
583 584 585
584 585
585
593 594 595
594 595
595
598 600
600
603 605
605 607
607 608 609
608 609
609 611
611 612 613
612 613 614
613 614
614
620
623 624 625
624 625 626
625 626 627
626 627
627 629
629 630
630 632
632
636 637 638
637 638 639
638 639
639
642 644
644 646
646
650 651
651 653
653 655
655 656
656 658
658 660
660 662
662
665 666
666
669 671
671
676
681 682 683
682 683
683
689 690
690
693
700 701
701
704
707 708 709
708 709
709
712
719 720
720
724 726
726 728
728 730
730 731 732
731 732 733
732 733
733 735
735 736
736
739 740 741
740 741
741
744 745
745 747
747 748
748 750
750 751
751 753
753
756 757 758
757 758
758 760
760 762
762 763 764
763 764 765
764 765
765
769
772 773 774
773 774 775
774 775 776
775 776 777
776 777 778
777 778
778
781
787 788
788 790
790 792
792 793 794
793 794 795
794 795 796
795 796 797
796 797 798
797 798
798
801 802
802
806
810
817
823 825
825 826
826 828
828 830
830
833 834
834
837 839
839 841
841 843
843 844 845
844 845
845 847
847 848
848
851 853
853 855
855
858
863
866 867
867 869
869
872 873
873 875
875 876 877
876 877
877 879
879 880
880
883 885
885 886
886 888
888
891 892
892
897 898
898 900
900 902
902 904
904 906
906 907
907 909
909
915 917
917 919
919
922 923 924
923 924
924 926
926
930 931
931
937 939
939 941
941 942 943
942 943 944
943 944
944
947 948 949
948 949 950
949 950
950 952
952
955 956 957
956 957 958
957 958 959
958 959
959 961
961
971 972
972
975 977
977 978 979
978 979
979 981
981
985 986 987
986 987
987 989
989
995 997
997 998
998
