#naive2.0.py
# GMT Fri Feb 14 13:34:04 2020
# 
0 1 2 998
1 2
2
5
8 10
10 12
12 13
13
19
24 26
26 28
28 29
29
32
35 36
36
44 45 46
45 46 47
46 47 48
47 48
48 50
50 52
52
55 56
56
59
62
65 66
66
69 70
70
74 76
76 77
77
82
86
90
96 97
97
101 103
103
109 111
111 112 113
112 113
113 115
115 117
117 118
118 120
120
123
126 127 128
127 128
128
131
135
138 140
140 141
141
145
149
154 155
155
161 162
162
167 168
168
173 174
174
180
183 184
184 186
186 188
188 189
189
192 194
194 195
195 197
197 198 199
198 199 200
199 200 201
200 201 202
201 202
202 204
204 205 206
205 206 207
206 207
207
210 212
212 213 214
213 214 215
214 215 216
215 216
216 218
218
222 224
224 225
225
228 230
230 231
231
239 241
241
246
250
254
258
263
266 267 268
267 268 269
268 269 270
269 270 271
270 271 272
271 272
272
277 279
279
282
285
290 291
291
295 297
297
301
306 307 308
307 308 309
308 309
309
312 314
314 315
315 317
317 319
319
322 323
323
326
330 331
331 333
333 335
335
338 340
340 342
342 343
343
348
351 352
352
355 356 357
356 357
357 359
359 360
360
363 365
365
369 371
371 372 373
372 373 374
373 374
374
380 381
381 383
383 384
384
387 389
389 390
390 392
392
396 397 398
397 398
398
406 407
407 409
409 410 411
410 411
411 413
413 414 415
414 415
415 417
417
420
425 426
426
433 434 435
434 435 436
435 436
436
439 441
441
444
448 450
450 452
452 453
453 455
455
459 460 461
460 461 462
461 462 463
462 463 464
463 464
464
468 470
470 471
471
474
477 479
479 481
481 483
483 484
484
490 491 492
491 492 493
492 493
493 495
495
498 499
499
508 509
509
512 513
513
517 519
519
523 524 525
524 525 526
525 526 527
526 527
527
531 532
532 534
534 535
535
538
541 542
542 544
544 546
546 548
548 549 550
549 550
550 552
552 554
554 556
556
559 560
560 562
562 563 564
563 564 565
564 565
565 567
567 568 569
568 569 570
569 570 571
570 571
571 573
573 574 575
574 575 576
575 576 577
576 577
577
580 581
581 583
583
587 589
589 590 591
590 591
591
595 596
596
601 603
603 604 605
604 605
605
608 609
609
612 614
614 616
616 618
618
621 622 623
622 623
623 625
625
629 630 631
630 631 632
631 632
632 634
634
637 638
638
641
644
647
651 652
652
658 659 660
659 660 661
660 661
661
664 666
666
679 680
680 682
682 683
683 685
685
690
693
701 702 703
702 703 704
703 704
704
707
710 711
711 713
713 714 715
714 715
715
718 719 720
719 720
720 722
722 724
724
732 733
733 735
735 736 737
736 737 738
737 738 739
738 739 740
739 740
740
743 744 745
744 745
745 747
747
752
757
761 762 763
762 763 764
763 764 765
764 765
765 767
767 769
769 770 771
770 771 772
771 772
772 774
774
777 778 779
778 779
779 781
781
784 785
785 787
787
790
793 794 795
794 795
795
808
812
815
822 823 824
823 824
824
830 832
832 834
834 835 836
835 836
836 838
838 840
840 841 842
841 842
842
849 850 851
850 851 852
851 852 853
852 853 854
853 854
854 856
856
859 860 861
860 861
861 863
863 864
864 866
866 867
867 869
869 871
871
874
877 878 879
878 879
879
882 884
884 885 886
885 886
886
890 891
891 893
893 894
894
897 898 899
898 899
899 901
901
905 906 907
906 907
907
913 914
914 916
916 917
917
921 922
922 924
924 925 926
925 926 927
926 927
927 929
929 931
931 933
933 935
935 936
936
939 940
940
943 945
945
948 949
949 951
951 952
952
956
960
963 964
964 966
966 967
967 969
969 970
970
974
977 978
978
981 982
982
985 987
987
992 993 994
993 994
994
998
