#naive2.0.py
# GMT Fri Feb 14 13:34:06 2020
# 
2
9 10
10
13
16
20
26 28
28 29 30
29 30
30 32
32
35 36 37
36 37
37
40 41
41 43
43 44
44 46
46
55 56 57
56 57
57 59
59
64 65 66
65 66 67
66 67 68
67 68
68 70
70 71 72
71 72 73
72 73
73
78 79 80
79 80 81
80 81
81 83
83 85
85 86 87
86 87 88
87 88
88
93 95
95
98 99
99
106 107
107
110 111 112
111 112
112 114
114
117 118 119
118 119 120
119 120
120 122
122 123
123
126 127 128
127 128 129
128 129 130
129 130 131
130 131 132
131 132
132
135 136 137
136 137 138
137 138
138 140
140 142
142
146 148
148 150
150 151
151 153
153 154 155
154 155
155
158 159
159 161
161 163
163 164 165
164 165 166
165 166
166 168
168 169 170
169 170
170 172
172 173 174
173 174 175
174 175 176
175 176
176 178
178
182
185 186 187
186 187 188
187 188 189
188 189
189
194 196
196
199
203
209
212
215 216
216 218
218 219 220
219 220 221
220 221 222
221 222
222 224
224 225 226
225 226 227
226 227 228
227 228 229
228 229 230
229 230 231
230 231
231
234
237 239
239 240 241
240 241 242
241 242
242 244
244
247 249
249 250
250
255 256
256
259 260
260 262
262 264
264 265 266
265 266 267
266 267
267
270 272
272 273 274
273 274 275
274 275
275 277
277 279
279 280
280
284 285 286
285 286
286 288
288
291
295 297
297
301 303
303 304 305
304 305 306
305 306
306 308
308
311 312
312 314
314
317 318 319
318 319
319
322 323
323 325
325 326
326
329
332 334
334 335
335
338 339
339
345 346
346 348
348
351 353
353 354 355
354 355 356
355 356 357
356 357 358
357 358
358 360
360
364
368 370
370 371
371
376
379 380
380 382
382 383
383
388
391 392 393
392 393 394
393 394
394 396
396 397
397 399
399
405
409
415
418 420
420 421 422
421 422 423
422 423
423
426 427
427 429
429 431
431 432
432
437 438
438
446 447
447
452 453 454
453 454
454
457 459
459 460
460
465
469 470 471
470 471
471
474 475
475 477
477
483 484
484 486
486 488
488 489 490
489 490
490
493
496 498
498 500
500 501 502
501 502
502 504
504
507 508 509
508 509 510
509 510 511
510 511
511 513
513 514 515
514 515
515 517
517 519
519 520 521
520 521 522
521 522
522 524
524 526
526 528
528 529 530
529 530 531
530 531 532
531 532 533
532 533 534
533 534
534
538
541 542
542
545
548 550
550
553 555
555 557
557
560 562
562 564
564 565
565
568 569
569
577 578
578 580
580 581
581
584 586
586 587
587
590
594 596
596 598
598 599
599 601
601 602
602 604
604
611
618 619
619 621
621
624 625
625 627
627 629
629 630
630 632
632 634
634 636
636 637 638
637 638
638 640
640
644 645
645 647
647
652
655
659
662 664
664 665
665
668 669
669
677 679
679 680
680 682
682
685 686
686
689 690
690
693 695
695 697
697
700 701 702
701 702
702 704
704
709 710
710
714 716
716 718
718 719
719
723 725
725 726 727
726 727
727
732 734
734 735
735 737
737 739
739 741
741 742 743
742 743
743
746 748
748 750
750
754 756
756 757 758
757 758
758
764 765 766
765 766 767
766 767
767
771 773
773 774 775
774 775
775 777
777 778
778
782 783
783 785
785 786
786 788
788
795 796 797
796 797 798
797 798 799
798 799
799
803 805
805
810 811
811
815
819 821
821 822
822
828 830
830 831 832
831 832
832 834
834 836
836 837 838
837 838
838 840
840 842
842 844
844 846
846 847 848
847 848
848
851 852
852 854
854 856
856 858
858 860
860
864
867
871 872
872
877 879
879 880
880
885
888
891
898
902 904
904 905
905 907
907 909
909 911
911 912 913
912 913
913 915
915 917
917 918 919
918 919 920
919 920
920
923 924 925
924 925 926
925 926
926
929 930 931
930 931 932
931 932 933
932 933 934
933 934 935
934 935 936
935 936 937
936 937
937 939
939 940 941
940 941
941 943
943 944
944 946
946 948
948
951 953
953 954 955
954 955
955
958
965
968 970
970
976
979 981
981 983
983 985
985 987
987 988 989
988 989
989
993 994
994 996
996 997
997 999
999
