#naive2.0.py
# GMT Fri Feb 14 13:33:59 2020
# 
1 2
2
8 10
10 12
12 14
14 15 16
15 16 17
16 17
17
21 22
22
25 26
26 28
28
31 33
33
36 37 38
37 38 39
38 39 40
39 40 41
40 41
41 43
43 44
44 46
46 48
48 49 50
49 50 51
50 51 52
51 52 53
52 53 54
53 54
54
59 60
60 62
62
66
71 73
73 75
75 77
77 78
78 80
80
84 86
86 87
87
90
97
101 102
102
109
113 115
115
121 123
123 124
124 126
126
129 130
130
136 137
137
141
144 146
146 148
148 149
149
153 155
155
161
166
170
173 175
175
178 180
180 181
181
184
187
199 201
201 202
202
206 207
207
212 213 214
213 214
214 216
216 217
217
220
223 224 225
224 225
225 227
227 228
228
231 233
233 234 235
234 235
235
240 242
242 244
244 245 246
245 246 247
246 247 248
247 248
248
252 253 254
253 254
254
257 258 259
258 259 260
259 260
260
265 266 267
266 267 268
267 268 269
268 269 270
269 270
270
275
278 279
279 281
281 282
282 284
284 286
286
289 290 291
290 291
291
295
298 299
299 301
301 303
303
306 307
307
310
313 314
314
318 319
319
323 324 325
324 325
325
328
332 333 334
333 334
334 336
336 337
337
340
343 345
345
350 351
351
356 358
358
365 367
367
372 374
374 376
376 377
377
380
384 385 386
385 386 387
386 387 388
387 388
388
391 392
392
395
399 400 401
400 401 402
401 402
402
407 408 409
408 409 410
409 410 411
410 411
411 413
413
417 418
418
421 422 423
422 423 424
423 424 425
424 425
425
431 432 433
432 433
433 435
435 436 437
436 437
437 439
439
442 443
443 445
445 446 447
446 447 448
447 448 449
448 449
449
454 455 456
455 456
456
460 462
462
468 469
469 471
471 472
472 474
474 475
475
479 480 481
480 481 482
481 482 483
482 483 484
483 484 485
484 485 486
485 486
486 488
488 489 490
489 490 491
490 491 492
491 492 493
492 493
493 495
495
504 505
505 507
507 509
509 510 511
510 511
511
515
522 524
524 526
526 528
528
531
535 537
537 539
539 540
540
544
547 548
548 550
550 552
552
556 558
558 559
559
564 565 566
565 566
566 568
568
571 573
573 574
574 576
576 577
577 579
579 580
580 582
582 583
583
588
592
597
602
605
609 611
611 613
613
619
623 624 625
624 625
625
629 631
631
634 635
635
640
644 645 646
645 646 647
646 647
647 649
649 651
651
655 656
656
659 660 661
660 661
661 663
663 664
664 666
666 667
667 669
669 670 671
670 671
671
674 676
676 677 678
677 678
678 680
680 682
682 683
683 685
685 686
686
690 691 692
691 692
692 694
694 695
695 697
697 698
698
701 702
702 704
704 706
706 707 708
707 708 709
708 709 710
709 710 711
710 711
711
714 715
715
722 723 724
723 724 725
724 725
725 727
727 729
729
734 736
736 737 738
737 738 739
738 739
739
743 744 745
744 745
745
748 749
749 751
751 752
752
757 759
759 760 761
760 761 762
761 762 763
762 763
763 765
765
771 772 773
772 773
773 775
775
780 781
781
785
788 789 790
789 790
790 792
792 793 794
793 794
794 796
796 797 798
797 798
798
801 802 803
802 803 804
803 804
804
809
818
825
829 831
831 832 833
832 833
833 835
835
839 841
841 842
842 844
844 845
845 847
847 848 849
848 849
849 851
851 852 853
852 853
853 855
855 857
857 859
859
862 863
863 865
865 867
867
870 871 872
871 872 873
872 873
873 875
875 876
876 878
878 879 880
879 880 881
880 881 882
881 882 883
882 883 884
883 884 885
884 885
885
888
891
895 897
897 899
899
902 904
904 905 906
905 906 907
906 907 908
907 908
908
916 918
918 919
919 921
921 923
923 924 925
924 925
925 927
927 928 929
928 929 930
929 930
930 932
932 934
934 936
936 937
937
940
943
946
954
960
963 965
965
969
973 974 975
974 975
975 977
977 978
978 980
980
985 987
987 989
989
992
995
