#naive2.0.py
# GMT Fri Feb 14 13:33:59 2020
# 
1 2 3 999
2 3 4
3 4
4
10 11 12
11 12 13
12 13
13
16 18
18 19 20
19 20
20
25 26 27
26 27
27
31 33
33 35
35 36 37
36 37 38
37 38
38 40
40
45
48 49
49
56 58
58 59
59 61
61 63
63
70 71 72
71 72 73
72 73 74
73 74 75
74 75
75 77
77 79
79 81
81 82 83
82 83 84
83 84 85
84 85
85
90
93 94 95
94 95 96
95 96
96 98
98 99 100
99 100
100
103 105
105
108 110
110 111
111
115 116 117
116 117 118
117 118
118 120
120 122
122 123
123
126 128
128
131 132
132
137
145 146
146
152
155
160 161
161
164 165
165
168 169 170
169 170 171
170 171 172
171 172
172
178 180
180 181 182
181 182
182 184
184
187 188
188
192 193
193 195
195 196
196
199 200 201
200 201 202
201 202 203
202 203 204
203 204
204
208
212
215 216 217
216 217
217 219
219 220 221
220 221 222
221 222
222
225 227
227 228 229
228 229 230
229 230 231
230 231 232
231 232 233
232 233 234
233 234
234
238
241 243
243 244 245
244 245 246
245 246
246 248
248 249
249
252 254
254 255 256
255 256
256 258
258 259 260
259 260 261
260 261
261 263
263 265
265 267
267 268 269
268 269
269
274 276
276
279 280 281
280 281 282
281 282 283
282 283 284
283 284
284 286
286 287
287
290
293 294
294 296
296 297
297
300 302
302 304
304 306
306 307 308
307 308 309
308 309 310
309 310
310
315 316 317
316 317 318
317 318
318 320
320
324 325 326
325 326
326
332 333 334
333 334
334 336
336 338
338 339 340
339 340 341
340 341
341
344 346
346 347 348
347 348 349
348 349 350
349 350 351
350 351
351 353
353 354
354 356
356 358
358
361 362
362
366
370 371 372
371 372 373
372 373 374
373 374 375
374 375 376
375 376 377
376 377
377 379
379 380 381
380 381
381 383
383 384 385
384 385
385 387
387
392 394
394 395 396
395 396
396
402 403
403
406 407
407
413 414 415
414 415
415 417
417
420 421
421
426
430
435 436
436
440 441 442
441 442 443
442 443 444
443 444 445
444 445 446
445 446 447
446 447 448
447 448
448 450
450 452
452 453 454
453 454 455
454 455
455 457
457 459
459
463
469 471
471 472
472
475 476
476
481 483
483
486
490
497
500 502
502 503
503 505
505
509 511
511 512
512
515
518 520
520
526 528
528
535
538 540
540
543 544
544
547 548
548
551 553
553
558 559
559
564 566
566
570 571 572
571 572 573
572 573 574
573 574 575
574 575 576
575 576 577
576 577 578
577 578 579
578 579
579 581
581
585 586
586
590 592
592 594
594 595
595 597
597 599
599 600
600 602
602 603
603
606 608
608 609 610
609 610
610
613 615
615
618 620
620
624 626
626
629
633 634 635
634 635
635
642
645 646
646
649 650
650
654 655
655 657
657 658
658 660
660 661
661
665 666
666
672 673
673 675
675 676
676
681
685 686 687
686 687
687
692 693 694
693 694
694 696
696 697 698
697 698
698
705
710
715 716
716 718
718 720
720 721
721
725 726
726 728
728 729 730
729 730
730 732
732 734
734 735
735
738 739 740
739 740
740
743
746 747 748
747 748 749
748 749
749 751
751 752 753
752 753
753 755
755 756 757
756 757 758
757 758 759
758 759 760
759 760
760
764 766
766
772 773 774
773 774
774 776
776 777
777
780 781
781
785 786
786 788
788 789
789 791
791 792 793
792 793 794
793 794
794 796
796 798
798 799 800
799 800
800 802
802 804
804 805 806
805 806
806
810
816 818
818 819
819 821
821 823
823 824
824 826
826 828
828 830
830 832
832
835 837
837 839
839 841
841
847 848
848 850
850 851
851 853
853
857 858
858 860
860 861
861
864 866
866
870
877 878
878
881
885 887
887 888
888
892 894
894
903 904
904
909
916 917
917 919
919 921
921 923
923
926 928
928
931
934
937 938 939
938 939
939 941
941 943
943
948 949 950
949 950
950
953 954
954
957 958
958 960
960 961 962
961 962
962
968
971 972
972
975 977
977 979
979 981
981
984 986
986 987
987 989
989 991
991 992 993
992 993
993 995
995 996
996
999
