#naive2.0.py
# GMT Fri Feb 14 13:34:02 2020
# 
1 999
4 5
5
8
14
17 18 19
18 19 20
19 20
20
23 24
24 26
26 28
28
31
37
47 48
48
52 53 54
53 54 55
54 55
55 57
57 59
59 61
61
65 66
66
71 72 73
72 73
73
76
79 81
81
84 85
85 87
87 88 89
88 89
89
94 96
96 98
98 99
99
102 103 104
103 104
104 106
106 108
108 109
109
113 114 115
114 115 116
115 116 117
116 117
117
120 121
121 123
123 124
124 126
126 128
128 129 130
129 130 131
130 131 132
131 132 133
132 133 134
133 134 135
134 135 136
135 136 137
136 137 138
137 138
138
141 142 143
142 143 144
143 144
144 146
146 148
148 150
150 151
151 153
153
156 158
158
161 162 163
162 163 164
163 164
164 166
166 168
168
172 173
173
177 179
179 180 181
180 181
181 183
183 184
184 186
186 187 188
187 188
188
191
197 199
199
202
205 206
206 208
208 209
209
212 213
213 215
215 216 217
216 217 218
217 218 219
218 219
219
224 225
225
228 230
230
234 236
236
239 241
241 242 243
242 243 244
243 244 245
244 245
245
253 254 255
254 255 256
255 256 257
256 257
257
262 263 264
263 264
264
267
270 271 272
271 272
272 274
274 275
275
281
284 286
286 287
287
291 292
292
297 299
299 301
301 303
303 305
305 307
307 308
308 310
310 312
312 313
313 315
315 316
316 318
318 319 320
319 320
320
323 324
324 326
326 327 328
327 328 329
328 329
329
333 334
334
340 342
342 343 344
343 344 345
344 345
345 347
347 348 349
348 349 350
349 350 351
350 351 352
351 352
352 354
354 356
356 357 358
357 358
358
361 363
363 364 365
364 365
365 367
367
370
377 378
378
381 382
382
387 389
389 390
390
396
399
402
405 407
407 408
408 410
410
413
416
421 422 423
422 423
423 425
425
429 430
430
437
440
443 445
445 447
447 448 449
448 449
449 451
451 453
453 455
455
459 460 461
460 461
461
464 465
465
469 470
470
473 475
475 476
476
479
482 483 484
483 484
484 486
486 487
487 489
489 491
491
495 496
496
503 504 505
504 505
505
508
515 516
516
520 521 522
521 522 523
522 523
523 525
525
529 530
530
533 534
534 536
536 538
538 539
539 541
541
544
547 549
549
552 553
553
556 558
558 559 560
559 560 561
560 561
561 563
563
566
570
574 576
576 577
577
581
584 586
586
589 590
590 592
592 593 594
593 594 595
594 595
595
599 600 601
600 601 602
601 602
602
605 606
606
610
613 614 615
614 615
615
618
622
625 626
626 628
628
632
636 638
638 640
640 642
642 643
643 645
645 646
646
649 650
650
654 655 656
655 656
656 658
658
661 663
663 664
664 666
666 668
668
672
677 678
678 680
680 682
682 683
683
687 689
689 691
691
694 695 696
695 696
696
699 701
701 703
703 704 705
704 705 706
705 706
706
709
712
715
719 720 721
720 721 722
721 722 723
722 723
723 725
725 727
727 729
729
734 735 736
735 736 737
736 737
737 739
739 740
740
743 745
745 746
746
749
753 755
755 756
756
760
764 765 766
765 766 767
766 767
767
770
778
784 786
786 788
788
791 792
792
797 798
798
801
804 806
806
811 812
812
815 816
816
819 821
821 822
822
825 826
826
829
836 838
838 839
839 841
841 842 843
842 843
843
846
849
856
859
862
866
871 872
872 874
874 875
875 877
877 879
879
882
887 888 889
888 889
889 891
891
894 895
895
898
901 902 903
902 903
903
906
910
913 914
914
919 920
920 922
922 923
923 925
925
928 929
929 931
931
935 937
937
940
943 945
945 946 947
946 947
947
950
955 956 957
956 957
957
964
968
972 973
973 975
975
979 980
980 982
982 983
983
987 988 989
988 989 990
989 990 991
990 991
991
997 999
999
