#naive2.0.py
# GMT Fri Feb 14 13:34:05 2020
# 
0 998
4
10 11 12
11 12
12 14
14
20 21
21 23
23 24
24
28
31 33
33 34 35
34 35
35 37
37 39
39
42
47 49
49 51
51 52
52 54
54
57 59
59 61
61 62
62 64
64
68 69 70
69 70
70 72
72 73
73 75
75
80
83 84 85
84 85 86
85 86
86
89 91
91 93
93 94
94 96
96 97 98
97 98 99
98 99 100
99 100 101
100 101 102
101 102
102
105 107
107
110 112
112 113 114
113 114
114
117 118 119
118 119 120
119 120
120
124
127 129
129 130
130 132
132 133
133 135
135 136
136
140 141
141 143
143 145
145
150 151 152
151 152
152 154
154 155 156
155 156 157
156 157 158
157 158 159
158 159
159
162 163
163 165
165 167
167 168 169
168 169 170
169 170
170 172
172 173
173
177
181 182 183
182 183
183
186
192 193
193
197 198 199
198 199
199
202 203
203 205
205
208 210
210 211
211
220 221
221
224
230
233 235
235 237
237
240
243 244
244
247 248
248 250
250
254
258 259
259
266 267 268
267 268 269
268 269
269
275 276
276 278
278 279
279
282 284
284 285
285 287
287 288 289
288 289 290
289 290
290 292
292 293 294
293 294 295
294 295
295 297
297 299
299 300 301
300 301 302
301 302
302
306 308
308 310
310
314 316
316 317
317 319
319 321
321
327 328
328
332 333
333
336
342 343 344
343 344 345
344 345
345
349
352 354
354
358 359
359
364 365
365 367
367 368
368
373 374 375
374 375 376
375 376
376
380 382
382 384
384 386
386
389 391
391 392
392 394
394 395 396
395 396
396 398
398 399
399
402 403
403 405
405 406 407
406 407 408
407 408
408 410
410 412
412 414
414
422
426
432 433
433
437 438 439
438 439
439
442 444
444 446
446
451 452 453
452 453
453 455
455 456
456 458
458 459
459 461
461 462
462 464
464 466
466 467
467
470
476 477
477
480
484
488 490
490 492
492
495 497
497 498 499
498 499
499
502 503
503
507 509
509 511
511 513
513 514 515
514 515
515
519
522
525
536 538
538 539 540
539 540 541
540 541
541
544 545
545 547
547 548 549
548 549
549
552 553
553 555
555 556
556 558
558 560
560
563 565
565 566 567
566 567 568
567 568 569
568 569 570
569 570 571
570 571 572
571 572 573
572 573 574
573 574
574
577 579
579 580
580
584
587
590
594 595 596
595 596
596
599 601
601 603
603
608 610
610
613 614
614
617
620 621 622
621 622 623
622 623 624
623 624 625
624 625
625 627
627
633 634 635
634 635 636
635 636
636 638
638 639
639
642
646 647 648
647 648 649
648 649
649 651
651 653
653 655
655
659 661
661 663
663 665
665 666
666 668
668
671 673
673 674
674
684
688 689 690
689 690
690 692
692 693
693
698 699
699
702 703 704
703 704
704
709 711
711 713
713
717 718
718 720
720 721
721
724 726
726 727
727
730 732
732
735
738 740
740 741
741 743
743 745
745
748 750
750
753 755
755
758 760
760 761
761 763
763 765
765 766
766 768
768
771
774 775
775
779 781
781
784 785
785
790
793 794
794 796
796 797
797
800 801 802
801 802 803
802 803
803
809
814
817 819
819
826
831 833
833 834
834 836
836 838
838 840
840 841
841
844
849 851
851 853
853
856 857
857 859
859
862 863 864
863 864
864 866
866
869 870
870
874 876
876
880 881 882
881 882 883
882 883
883 885
885 886 887
886 887 888
887 888
888 890
890 891 892
891 892
892 894
894 896
896
899
902 903 904
903 904 905
904 905 906
905 906 907
906 907 908
907 908
908 910
910 912
912 913
913 915
915 916
916
920
923
926
929 930
930 932
932 933
933 935
935 936
936 938
938 939
939
945 946
946 948
948 949
949
952
958
972 973
973
978 979 980
979 980
980
983 984
984 986
986
989 990 991
990 991
991
995
998
