#naive2.0.py
# GMT Fri Feb 14 13:34:05 2020
# 
2
6 7
7
10
13
18
21
24 25
25
28
31 32 33
32 33
33 35
35
38 39
39
43 44
44 46
46
51
56
59 60 61
60 61
61 63
63 64
64 66
66 68
68
71
75
80
85
88
92
99 101
101 103
103
109 110 111
110 111 112
111 112
112
122
127
130 131
131 133
133
137 139
139 140
140
144
147
150 151
151 153
153 154 155
154 155
155 157
157 159
159 161
161
165 167
167 169
169 170
170 172
172 173
173 175
175 176 177
176 177 178
177 178
178 180
180 182
182
185 186
186 188
188
191
194 196
196
199 201
201 203
203 204 205
204 205
205
209
215 217
217
222 223 224
223 224
224
228
234
242 244
244 245 246
245 246
246 248
248
254
257 258
258
261 263
263 264
264
267 269
269
279 280
280
284
288
293 295
295
300 301 302
301 302
302
305 306
306 308
308 309 310
309 310
310 312
312
317
322
325
328
331 332 333
332 333 334
333 334 335
334 335
335 337
337
340 342
342 343
343
346 347
347
350 351
351
356 357
357
360
364 365
365
368
373 374
374
382
386
389
392 393 394
393 394
394
398
403 404 405
404 405
405
411 412 413
412 413 414
413 414
414
417 419
419
422
427 428
428 430
430 432
432
436 438
438 440
440
444 445
445
449
452 454
454
457 458
458
461 462
462
465 466
466
469 470
470
475 477
477 478 479
478 479
479 481
481 483
483 485
485 486
486
489 490 491
490 491
491
495 496
496 498
498 500
500 501
501
505 506
506 508
508
514
517
520 521 522
521 522 523
522 523 524
523 524
524 526
526
529
532
539 540
540 542
542 543 544
543 544 545
544 545
545 547
547 549
549 550 551
550 551 552
551 552
552
555 556 557
556 557 558
557 558
558 560
560
563
570 571
571
574
577 578 579
578 579 580
579 580
580
583 585
585 586
586 588
588 590
590 592
592 593
593 595
595 596 597
596 597
597
600 601
601
605
610 611
611 613
613
616 618
618 619 620
619 620
620
623 624
624 626
626 627 628
627 628
628
632 633
633 635
635 636 637
636 637 638
637 638 639
638 639 640
639 640
640
644
648
651 653
653 654
654
657 658
658
662 663 664
663 664
664
667 669
669
672 673 674
673 674 675
674 675
675 677
677
680
690 691 692
691 692
692
695
700
705
708 710
710 711
711
715
718 719
719
722 724
724 726
726 727 728
727 728
728 730
730 731
731 733
733 735
735 736 737
736 737
737
740 741
741 743
743 744
744
751 753
753
758
763 764 765
764 765
765
768
771
775
778 779
779
783 784 785
784 785
785
790 791
791
795
801 802
802 804
804
808
811 813
813
828 829
829 831
831 832
832 834
834 835 836
835 836 837
836 837 838
837 838
838
841 842 843
842 843 844
843 844 845
844 845
845
848
851 852 853
852 853 854
853 854
854 856
856 857 858
857 858
858 860
860 862
862 864
864 865
865 867
867 868
868
873
877 878 879
878 879 880
879 880 881
880 881
881
884 885 886
885 886
886
889 890
890 892
892 893 894
893 894 895
894 895
895 897
897
901 902
902
905
908
911 913
913 915
915
918
921 923
923 924
924 926
926
929 930
930
933 935
935
941 942
942
947
954
958 959 960
959 960
960
963 965
965 966
966 968
968 970
970
973
976 977 978
977 978
978
981 982
982 984
984 985 986
985 986
986 988
988 989 990
989 990
990
995 996 997
996 997 998
997 998
998
