#naive2.0.py
# GMT Fri Feb 14 13:34:05 2020
# 
3 4
4 6
6 8
8 9
9
13
16 18
18 19 20
19 20
20 22
22
25
30 31
31
37
43
51
57
60
63 64 65
64 65 66
65 66
66
70 71
71 73
73 74
74 76
76
80 82
82 83
83
86 88
88 89 90
89 90
90
95 97
97 98
98
101 102
102
105
108 109
109 111
111 113
113 114
114
118 119 120
119 120
120 122
122 123 124
123 124
124
129 130
130 132
132
138 140
140 141 142
141 142 143
142 143
143 145
145 146
146
149
153
156 157
157 159
159
163 165
165 167
167 168 169
168 169 170
169 170 171
170 171 172
171 172
172 174
174
177
180
183
188
191 192 193
192 193 194
193 194 195
194 195 196
195 196
196 198
198 199
199 201
201
204 206
206 208
208 210
210 211
211
215
219 221
221 222
222 224
224 226
226 228
228 230
230
234 236
236
241 242 243
242 243
243 245
245 246 247
246 247 248
247 248
248
251 252 253
252 253 254
253 254
254
257 259
259 260
260
263 264
264
269 270
270
275 276
276 278
278
281 282
282
285 286 287
286 287 288
287 288
288 290
290 291
291 293
293 295
295
298
301 302 303
302 303
303 305
305
310
314
317 319
319 320
320
325
330 331
331
334 335 336
335 336 337
336 337
337 339
339
343
348 349
349 351
351 353
353 355
355 356 357
356 357 358
357 358 359
358 359 360
359 360
360 362
362 364
364 366
366 368
368 370
370 371 372
371 372 373
372 373
373
376 377 378
377 378
378 380
380
383 384
384
387
390 391
391
399 401
401
405 406 407
406 407
407 409
409
412 413 414
413 414
414
417 418 419
418 419 420
419 420
420
423 424
424
429
433 435
435
439
442
447 448 449
448 449 450
449 450
450
453 454
454
457 459
459
463 465
465 466 467
466 467 468
467 468
468 470
470
475
478 479
479 481
481 482
482
485 486 487
486 487
487
490
494 496
496
499 500
500
503
507
510
516
519
522
525 527
527
531
535
544
547
550 551 552
551 552 553
552 553 554
553 554
554
560 561
561
565 566
566
570 572
572 574
574 575 576
575 576
576 578
578 579 580
579 580 581
580 581 582
581 582
582 584
584 585 586
585 586 587
586 587 588
587 588 589
588 589 590
589 590
590
594
597 599
599
603 605
605 607
607 608
608 610
610
617 618
618
627 628 629
628 629 630
629 630 631
630 631 632
631 632
632 634
634
638 639 640
639 640
640 642
642 643
643 645
645 647
647 649
649 650 651
650 651 652
651 652
652
655 656
656
660 661
661
669 670
670 672
672
675
684 685
685
688 689
689
692 693 694
693 694
694 696
696 697 698
697 698
698 700
700 702
702 703 704
703 704 705
704 705 706
705 706
706
711 712 713
712 713
713
716
720 721 722
721 722 723
722 723 724
723 724 725
724 725 726
725 726
726 728
728 729 730
729 730
730 732
732 734
734 736
736 738
738 739 740
739 740
740 742
742 744
744 745
745
748 750
750
755 756 757
756 757
757 759
759
765 766
766
771 773
773 774
774
783 785
785 787
787 789
789 790
790 792
792 793
793
797 798 799
798 799
799 801
801 802
802
805 807
807 808 809
808 809 810
809 810
810
814
822
827
830 832
832
838 839 840
839 840
840 842
842 843 844
843 844 845
844 845
845
848 850
850
857 859
859
862
865
868 869 870
869 870
870 872
872 873
873
881 882
882 884
884
887
890 891 892
891 892 893
892 893 894
893 894
894
900
906 907
907
912 913
913 915
915 917
917 918
918
921 922
922 924
924
927 928
928
931 932
932
935
939 941
941 943
943 944 945
944 945 946
945 946 947
946 947 948
947 948 949
948 949
949
953
960
963 964 965
964 965
965 967
967 968 969
968 969 970
969 970
970
980 981 982
981 982
982 984
984
989
992 993 994
993 994
994 996
996
