#naive2.0.py
# GMT Fri Feb 14 13:34:01 2020
# 
0 1 999 2
1 2 3 999
2 3
3 5
5 6 7
6 7
7
10 11
11 13
13
17 18 19
18 19
19 21
21 23
23
28 29
29 31
31
42
45 47
47 48
48
57 59
59 61
61 62 63
62 63 64
63 64 65
64 65 66
65 66 67
66 67
67 69
69 71
71
74 75
75 77
77 79
79 80 81
80 81
81
85 87
87 89
89 91
91 93
93 94
94
99 100
100
106 107 108
107 108
108 110
110
113
116 117 118
117 118 119
118 119
119 121
121 123
123 125
125 127
127
131
137
140 141 142
141 142
142
145 146
146
149 150 151
150 151 152
151 152
152
155 156 157
156 157 158
157 158
158
162
165
168 169 170
169 170
170 172
172
176 177 178
177 178 179
178 179 180
179 180
180
183 184 185
184 185
185
188 190
190 192
192
195
199 200 201
200 201 202
201 202 203
202 203 204
203 204 205
204 205 206
205 206 207
206 207
207 209
209 210
210
214 215
215 217
217 219
219
223 224
224 226
226 228
228 230
230
233
236
242
247
250
253 254 255
254 255
255
260 261
261
266 267
267 269
269
273
276 277 278
277 278 279
278 279 280
279 280
280
285
288
297
302
313 314
314
321 322 323
322 323
323
328 330
330 331 332
331 332
332
335 336
336 338
338 339
339 341
341 342 343
342 343
343 345
345 346
346
350 352
352
356 358
358 359
359 361
361 362 363
362 363
363
366 368
368 369 370
369 370 371
370 371 372
371 372 373
372 373
373 375
375
380
387 388
388 390
390 392
392
396 398
398 399 400
399 400
400 402
402 403 404
403 404 405
404 405
405 407
407 408 409
408 409
409 411
411
414 415 416
415 416
416 418
418 419 420
419 420 421
420 421
421
424 425
425
428 430
430 432
432 433
433
436 438
438 440
440
443 444
444 446
446
449 451
451 453
453 455
455 457
457 459
459 460
460 462
462 463
463
475 476 477
476 477
477
481
484 486
486 487 488
487 488
488
491 492
492 494
494 495
495 497
497 499
499 501
501
504
507 508
508
512
515 516
516
520
526 527
527 529
529 530
530 532
532 533 534
533 534
534 536
536 538
538
542 543 544
543 544 545
544 545
545 547
547 548 549
548 549
549 551
551 552
552
555 557
557 559
559 560
560
563 565
565 566 567
566 567 568
567 568
568 570
570 571 572
571 572 573
572 573
573
576 578
578 580
580 582
582 584
584 585
585
591
594 595
595
599 601
601 602 603
602 603
603 605
605
613 614
614 616
616 617
617
621 622
622 624
624 625
625 627
627 628
628
634
637 639
639
642 644
644 645 646
645 646 647
646 647
647 649
649
652 654
654
658
661 663
663
666 667
667
670 671
671 673
673 674 675
674 675 676
675 676 677
676 677
677
680 681
681
684 686
686
690 691 692
691 692 693
692 693
693 695
695 696 697
696 697
697 699
699 700
700
703 705
705 707
707 709
709 711
711 712 713
712 713
713 715
715
718 719 720
719 720 721
720 721
721
724
727
732 733 734
733 734 735
734 735
735 737
737 738
738
742 743 744
743 744
744 746
746 747 748
747 748
748
751 752
752
755 756 757
756 757 758
757 758 759
758 759 760
759 760
760 762
762 764
764 765
765 767
767
770 771
771 773
773 775
775
781
787 788 789
788 789
789 791
791
794
802 804
804
808 809 810
809 810 811
810 811 812
811 812
812
815
818 819
819
823 825
825 826
826 828
828 829 830
829 830
830 832
832 834
834 836
836 837
837
840 841 842
841 842
842
845 846
846
849
853 855
855 856
856
860 861
861
864 865 866
865 866
866 868
868
873 874
874 876
876 878
878
882
885 886
886 888
888 889
889 891
891 893
893 894 895
894 895 896
895 896 897
896 897
897 899
899 901
901
906 908
908 909
909 911
911
915
918
921
925 926
926 928
928 929
929
932 933
933
938
942 943
943 945
945 946
946
950 952
952 953 954
953 954 955
954 955 956
955 956 957
956 957 958
957 958
958
962
965
968 970
970
973
976 977
977 979
979
982 983
983 985
985 986 987
986 987 988
987 988 989
988 989
989 991
991
996
999
