#naive2.0.py
# GMT Fri Feb 14 13:34:04 2020
# 
2
6
9 10 11
10 11
11 13
13 15
15 17
17
20
24 25 26
25 26
26 28
28
32 33 34
33 34
34 36
36 37 38
37 38
38 40
40 41
41
44
48
51
54 55
55
59
63
67
72 74
74
78 79 80
79 80
80 82
82 83
83 85
85 87
87 89
89 90 91
90 91 92
91 92
92
95 96
96
99 100
100 102
102
108
111 112
112
115
120
127 129
129 130
130
133
136
140
145 147
147
152 153
153
157 158
158
162 164
164 166
166 168
168 170
170
174 175 176
175 176
176
185
192 194
194 195
195 197
197
200 201
201
206
211 212 213
212 213
213 215
215 217
217
222 224
224
227
232 233 234
233 234 235
234 235
235 237
237
240 241 242
241 242
242 244
244 245 246
245 246 247
246 247 248
247 248 249
248 249 250
249 250 251
250 251 252
251 252
252
255 256
256 258
258 260
260
263 264 265
264 265
265 267
267 268
268
271 272
272 274
274
277 279
279 281
281 282
282 284
284
289
296
299 300
300
304 306
306 307
307 309
309 310 311
310 311 312
311 312 313
312 313
313
318 320
320 322
322 323
323 325
325 326
326 328
328
331
334
337 338 339
338 339 340
339 340
340
345
351 352 353
352 353
353
357 359
359 361
361 362
362
365 366 367
366 367
367
371 372 373
372 373
373
377
381
385
393
396
399 401
401
406 407 408
407 408 409
408 409 410
409 410 411
410 411 412
411 412 413
412 413 414
413 414 415
414 415 416
415 416
416
420 422
422
427
434 435 436
435 436 437
436 437
437 439
439
443 444
444 446
446
450 451
451
454 455 456
455 456 457
456 457
457
460
463 464
464
467
470 472
472 473 474
473 474 475
474 475
475
478
482 483 484
483 484
484 486
486 488
488 489 490
489 490
490 492
492
496 498
498 499
499
502 504
504 505 506
505 506 507
506 507
507 509
509
513
517 518
518
526 528
528 530
530
533 534 535
534 535 536
535 536 537
536 537 538
537 538 539
538 539
539
542
545 547
547 549
549
552 553 554
553 554 555
554 555
555
563
566
570 572
572
576 577 578
577 578 579
578 579
579
583 584
584
591 593
593 595
595 596
596
599 600 601
600 601
601
605 606
606
609 611
611 612
612 614
614 616
616 617
617
621 623
623 625
625 626
626 628
628 629
629 631
631
634 636
636 637
637
641
645 646
646
649
653
660 661
661
664 665
665 667
667 669
669
672
677 679
679 680
680
683
689 691
691 692
692 694
694 695
695
698 699
699 701
701 702
702 704
704
707 708 709
708 709 710
709 710
710 712
712 713 714
713 714 715
714 715
715
721 722
722
727
736
739 740
740 742
742 744
744 746
746 747
747
751 752
752
755 756 757
756 757
757
760
763 764
764 766
766 767 768
767 768
768
771 773
773 774
774 776
776
783 785
785 787
787 789
789 790
790 792
792 794
794 796
796 797
797
800 801 802
801 802
802 804
804 806
806 807
807
812
815
818 820
820 822
822 824
824
828 829 830
829 830 831
830 831
831 833
833 834 835
834 835 836
835 836 837
836 837
837
846
849 851
851 853
853 854 855
854 855
855
858 859 860
859 860 861
860 861 862
861 862 863
862 863
863 865
865 867
867 868
868
871
874 876
876 877 878
877 878
878
882 884
884 886
886 887
887 889
889 890
890
904 905
905 907
907 908
908
911 913
913 914
914 916
916 917 918
917 918
918 920
920
923 924 925
924 925
925 927
927 928 929
928 929
929
932 933
933 935
935 936 937
936 937
937
945
953 954 955
954 955 956
955 956 957
956 957
957
960 961
961 963
963
969 970 971
970 971 972
971 972 973
972 973
973 975
975
978 979 980
979 980 981
980 981
981 983
983 984 985
984 985
985
988 990
990 991
991 993
993 995
995
998
