#naive2.0.py
# GMT Fri Feb 14 13:33:56 2020
# 
0 1 999 998
1 3 999
3 4
4 6
6 8
8
11 12 13
12 13 14
13 14 15
14 15
15
21 22 23
22 23
23
26 27 28
27 28
28 30
30
34 36
36 37 38
37 38 39
38 39
39 41
41
44 45
45 47
47
53 55
55
60 61 62
61 62 63
62 63
63 65
65
69 70 71
70 71 72
71 72
72 74
74
78
86 87
87 89
89 91
91 92
92 94
94 95
95 97
97 98 99
98 99 100
99 100
100
103 104 105
104 105 106
105 106 107
106 107
107
111
116 117
117
122 123 124
123 124 125
124 125
125
129 131
131 132 133
132 133 134
133 134 135
134 135
135 137
137 138 139
138 139
139 141
141 142
142 144
144 146
146
150 151 152
151 152
152 154
154 155 156
155 156
156
159 160 161
160 161 162
161 162 163
162 163
163 165
165 166 167
166 167
167 169
169 170
170 172
172 173 174
173 174 175
174 175
175
180 181 182
181 182
182
186
189 190 191
190 191 192
191 192
192
195 197
197 198
198 200
200 201
201 203
203
206 208
208 209 210
209 210
210
214 216
216 217
217 219
219 221
221 222 223
222 223
223
226 228
228 229
229 231
231 232
232
238 239 240
239 240 241
240 241 242
241 242 243
242 243 244
243 244 245
244 245 246
245 246 247
246 247 248
247 248
248 250
250
254 256
256 258
258 260
260 261
261 263
263 264 265
264 265 266
265 266 267
266 267
267
270
273
278 280
280 281
281 283
283 285
285 287
287 289
289
293 295
295 296
296 298
298
304
309
313 314 315
314 315 316
315 316
316
321
324 326
326 327
327 329
329
334
339
342 343 344
343 344 345
344 345 346
345 346 347
346 347
347 349
349 351
351
358 359
359 361
361 362
362
365 366 367
366 367 368
367 368
368
371 372 373
372 373 374
373 374
374
378
381 382 383
382 383
383
389 390
390
393 394
394 396
396 397 398
397 398
398
407
411 413
413 414
414
417 418 419
418 419
419 421
421
425 426
426
429
434 435 436
435 436
436
441 442
442
451 453
453 454
454
457 458 459
458 459 460
459 460
460
470
473 475
475 476
476
482 483
483
490 491
491
494 495 496
495 496
496
509
512 514
514
519
522
526 527 528
527 528 529
528 529
529
534 535
535 537
537 538 539
538 539
539
544 545
545
549
555
560
563 564
564
568
571 572 573
572 573 574
573 574
574
577 579
579 580 581
580 581 582
581 582
582
585
589
593 594 595
594 595
595
598 600
600
603 605
605 606
606
609 611
611 612
612 614
614
617 619
619
627 629
629
633 634
634 636
636
641 642 643
642 643 644
643 644
644
647 649
649
653 654
654 656
656 657 658
657 658 659
658 659 660
659 660
660
664 665 666
665 666 667
666 667
667
674
680
685 686
686
690 692
692 694
694 696
696 698
698 699
699 701
701
708 710
710 711 712
711 712
712
715 716 717
716 717
717 719
719 720
720 722
722
727
734 735
735 737
737 738
738
743 744 745
744 745
745 747
747
751
754 756
756 757 758
757 758 759
758 759
759 761
761 762
762
770 771
771
774
777 779
779
787
791 792 793
792 793
793
797 799
799
802 804
804
807 808
808
811
815 817
817 818
818
823
828
832 833
833
840 841
841 843
843 845
845 846
846
849
853
859 860
860 862
862 864
864
868
871 872
872
875 876 877
876 877
877 879
879 880
880
883 884 885
884 885
885 887
887 888
888
891 892
892 894
894
897 899
899 900
900
904 906
906
918 919 920
919 920 921
920 921 922
921 922
922
926 927
927
930 932
932 933
933 935
935 936
936
939 941
941 943
943
946 947 948
947 948
948
951
956 957 958
957 958 959
958 959
959
962 963
963
966 968
968 970
970 972
972 974
974 975
975 977
977 979
979
983
989 990
990
995 997
997 998 999
998 999
999
