#naive2.0.py
# GMT Fri Feb 14 13:33:57 2020
# 
1 2 3
2 3
3 5
5
10 12
12 13 14
13 14
14 16
16
19 20 21
20 21
21 23
23 25
25 26
26 28
28 30
30
33 34
34
37 39
39
42 43 44
43 44
44
47
54
59
62
65
68 69
69 71
71 72 73
72 73
73 75
75 77
77 79
79
85 87
87
90 91 92
91 92
92
95 96 97
96 97 98
97 98
98
101 102
102 104
104 106
106 107 108
107 108 109
108 109
109 111
111 113
113 115
115
118 119
119 121
121 123
123 124
124 126
126 127
127
130 131
131 133
133
137 139
139 140 141
140 141 142
141 142
142 144
144 145 146
145 146 147
146 147 148
147 148 149
148 149 150
149 150 151
150 151
151 153
153
157 158 159
158 159 160
159 160 161
160 161
161 163
163
166 167 168
167 168 169
168 169 170
169 170
170 172
172
178 180
180
185 187
187
194 195 196
195 196 197
196 197 198
197 198
198
202 203 204
203 204 205
204 205
205
214 216
216 218
218 220
220 222
222
226 228
228 230
230 231
231 233
233 234
234
238 240
240
249 251
251
256 258
258 259
259
264
268
279
282
287
291
297 299
299
302
306 308
308 309
309
313 314
314 316
316 317 318
317 318
318 320
320 322
322
332 333 334
333 334
334
338 340
340 341
341
345
348 349 350
349 350
350
353 354
354 356
356 357 358
357 358 359
358 359
359
362 364
364 365
365 367
367
372 373
373 375
375
382 384
384 386
386
389 390
390
394
397
400 401 402
401 402
402 404
404 405
405 407
407 408
408
411
414
419 420
420 422
422
425 426
426
429 430 431
430 431 432
431 432
432
438
443 444 445
444 445 446
445 446
446 448
448 449
449 451
451 452 453
452 453 454
453 454 455
454 455 456
455 456
456
459 460
460 462
462
467 468 469
468 469 470
469 470 471
470 471
471
474 475
475
478
482 483
483 485
485 486 487
486 487 488
487 488
488 490
490
495 496 497
496 497
497
500 502
502 504
504
507 509
509 510 511
510 511
511
518 519
519
523
527 528 529
528 529
529 531
531 532
532
535
538
548 549
549
553 554 555
554 555
555
560 561 562
561 562
562
566 567 568
567 568 569
568 569 570
569 570
570 572
572 573
573 575
575 576
576 578
578 579 580
579 580 581
580 581
581
585
589 590 591
590 591
591
594
598 600
600 601 602
601 602
602
606 607 608
607 608 609
608 609
609
612 613 614
613 614
614 616
616 617
617 619
619 621
621 622
622
626 627
627
630 631
631
636 638
638
641
651 653
653 654 655
654 655
655 657
657 658
658
662 663 664
663 664
664
668
671 672 673
672 673 674
673 674 675
674 675
675
678 679
679
687 689
689 691
691 693
693
700 701 702
701 702 703
702 703
703 705
705
709
714 716
716
729 730 731
730 731 732
731 732 733
732 733
733 735
735 736
736 738
738
742 743
743
747 749
749 750 751
750 751 752
751 752
752
756 758
758 759 760
759 760 761
760 761
761
764 765
765
768
771 772 773
772 773 774
773 774
774 776
776 778
778
782 783
783
790 792
792 793 794
793 794 795
794 795 796
795 796 797
796 797
797
800 802
802
805
813 814
814
818 820
820 821 822
821 822
822 824
824 825
825
828
831
835
841 842
842
849 850
850 852
852 853 854
853 854
854
860
863 865
865 866 867
866 867 868
867 868 869
868 869 870
869 870 871
870 871 872
871 872 873
872 873
873
876
880
887 889
889 890
890
894 895 896
895 896
896
900 901 902
901 902
902 904
904 905
905 907
907 909
909
915 916
916 918
918
921 922
922 924
924 926
926 927 928
927 928 929
928 929 930
929 930 931
930 931
931 933
933 934
934 936
936
939 940 941
940 941
941
945 947
947 948 949
948 949
949 951
951 953
953
958
961 962
962
965 966 967
966 967
967
970 972
972 973 974
973 974 975
974 975
975 977
977 979
979 980
980
988 989
989
997 998
998
