#naive2.0.py
# GMT Fri Feb 14 13:33:59 2020
# 
2
8
11 13
13 15
15 17
17 18 19
18 19 20
19 20 21
20 21
21
24 26
26
29
35 36
36
39 40 41
40 41
41
46
49
52 54
54 55
55
58 59 60
59 60 61
60 61
61
65 66
66 68
68 70
70 72
72
75
79 81
81 83
83
86 87 88
87 88
88 90
90 92
92 94
94
104 105 106
105 106
106
111
114 116
116 117 118
117 118
118 120
120
124
129 130 131
130 131 132
131 132
132 134
134 135 136
135 136
136
141 143
143 144
144 146
146 147
147 149
149 150 151
150 151 152
151 152
152 154
154
157 159
159 160
160
163 164
164 166
166 167
167
170 171 172
171 172
172
176
179 181
181 182
182 184
184 185
185 187
187 189
189
195 197
197
203
207 208
208
211 213
213 214
214 216
216 217
217
220 222
222 223 224
223 224
224 226
226
229 230
230
234
237
248 249
249
253 254 255
254 255
255
261 262
262
265 266 267
266 267
267
271
277
282 283
283
293 294 295
294 295
295 297
297 298 299
298 299 300
299 300
300
314 315
315 317
317
320 322
322 323 324
323 324 325
324 325 326
325 326 327
326 327
327
331 333
333
340
344
347 348
348
353
361
364 365
365 367
367 368 369
368 369 370
369 370 371
370 371 372
371 372 373
372 373 374
373 374
374 376
376
382
385 386
386
390 391
391 393
393 394
394
402 403 404
403 404 405
404 405 406
405 406
406
413 415
415
422 423
423
427 428
428 430
430
433 434 435
434 435
435 437
437
440 442
442
446 448
448 449
449
454 455
455 457
457 458 459
458 459
459
462 463
463
474
480 482
482 484
484 485
485 487
487 488
488 490
490
497 499
499 500 501
500 501 502
501 502
502 504
504 505 506
505 506 507
506 507
507
511 512
512
515 516 517
516 517
517
525 527
527
530 531 532
531 532 533
532 533
533 535
535 537
537 539
539 540
540 542
542 544
544 545 546
545 546
546
549 551
551 553
553
556 557 558
557 558 559
558 559 560
559 560 561
560 561
561 563
563 565
565 566
566
571 573
573
583 585
585 587
587 589
589
592 593
593
607
610 611 612
611 612
612 614
614 615 616
615 616 617
616 617
617
620
624 625
625
629 631
631 632
632
637
640 641 642
641 642
642
647 648
648
652 654
654
657 658 659
658 659 660
659 660 661
660 661
661 663
663
667 669
669
672 673 674
673 674 675
674 675
675
684 686
686 687
687 689
689
693 695
695
699
702
707 708
708
712 714
714 715
715
719 720
720 722
722 723 724
723 724 725
724 725 726
725 726
726
729 730
730 732
732 733 734
733 734
734
737 738
738 740
740
746 747
747 749
749 750 751
750 751
751
754 755 756
755 756 757
756 757 758
757 758
758
763 765
765
768
771 773
773 774 775
774 775 776
775 776
776 778
778 779 780
779 780 781
780 781 782
781 782
782
789 791
791
796 798
798 800
800 802
802
807
811 812 813
812 813 814
813 814
814
817 819
819
825
829 830
830 832
832 833 834
833 834
834 836
836 838
838
841 842
842
845
849 850 851
850 851
851
854 855 856
855 856
856 858
858 860
860 862
862 863 864
863 864 865
864 865 866
865 866 867
866 867 868
867 868
868
875 877
877 878
878
881 882 883
882 883 884
883 884 885
884 885
885 887
887
890 891 892
891 892
892
895 897
897 899
899 901
901 902 903
902 903 904
903 904 905
904 905
905
909 911
911
915 916 917
916 917
917 919
919 920
920 922
922
925 927
927
930
934 935
935
939
943 944
944 946
946
949 950
950
953 954
954 956
956 958
958 960
960 962
962
966 968
968 970
970
973 975
975 976
976
980
983
988 990
990 991 992
991 992
992 994
994 995
995
999
