#naive2.0.py
# GMT Fri Feb 14 13:34:05 2020
# 
2 3 4
3 4
4 6
6
11 13
13 14 15
14 15
15 17
17 18
18 20
20
23 25
25
28
33 34 35
34 35 36
35 36
36 38
38 40
40 41 42
41 42 43
42 43 44
43 44 45
44 45
45 47
47 48 49
48 49
49 51
51 52 53
52 53 54
53 54 55
54 55
55
58 59 60
59 60
60 62
62
67
71 72
72 74
74 76
76 77 78
77 78
78
81
86 87
87 89
89
95 96 97
96 97
97
100
104 106
106 107 108
107 108 109
108 109 110
109 110 111
110 111 112
111 112 113
112 113
113 115
115 116
116 118
118
121
130 131 132
131 132
132 134
134
143 144
144
147 148
148 150
150
155 156 157
156 157 158
157 158 159
158 159 160
159 160
160
164 165
165
168 169
169 171
171
174 175
175 177
177 178 179
178 179
179 181
181 183
183
186 187 188
187 188
188
192 194
194 195 196
195 196 197
196 197
197 199
199
204 205 206
205 206
206
210
213
216 217 218
217 218
218 220
220 222
222 223 224
223 224
224
231
234 236
236 238
238 240
240
244 245
245 247
247 249
249 251
251 252
252 254
254 255
255
258
261
264
268 269
269 271
271 273
273
280
283 284 285
284 285
285
288 290
290 291 292
291 292 293
292 293
293
297
300 301
301
304 305 306
305 306 307
306 307
307
312 313 314
313 314
314
320 322
322 324
324
329 331
331
334
337
342 344
344 345
345
350 351 352
351 352
352 354
354 356
356 357
357 359
359 360
360
363
366 367
367
372 373
373 375
375 376
376
380
385 386
386
389 390
390
394
397 399
399 400
400 402
402 403 404
403 404
404 406
406
412
415 417
417 418
418
425 426 427
426 427 428
427 428
428 430
430
438 439 440
439 440 441
440 441
441
444 445
445 447
447
450 452
452 453
453
457 458
458
463
467
470 472
472
475 477
477 478
478 480
480 482
482 483 484
483 484
484
489 490
490
494 495
495
499 500 501
500 501
501
505
508
511
515 516 517
516 517 518
517 518
518 520
520 522
522 523 524
523 524 525
524 525 526
525 526 527
526 527 528
527 528
528
531 532 533
532 533
533 535
535 537
537
542 543 544
543 544 545
544 545 546
545 546
546
549
552
555 556 557
556 557
557 559
559 560 561
560 561 562
561 562
562 564
564
567 569
569 571
571 573
573
576 577
577
581 582 583
582 583
583
588 589 590
589 590 591
590 591
591 593
593 594
594 596
596 597 598
597 598 599
598 599
599
602 604
604 606
606 607
607 609
609 610 611
610 611
611
614 615 616
615 616
616
625 626
626
630
633 634
634
637 639
639 641
641 642
642
645 646 647
646 647 648
647 648 649
648 649
649
652 653
653
658 659 660
659 660 661
660 661 662
661 662
662 664
664
674 675 676
675 676
676
679 681
681
691 692
692 694
694 695
695
698 699 700
699 700 701
700 701
701
704 705
705 707
707
710
713 714 715
714 715
715
718 719 720
719 720
720 722
722
726 728
728
731 732
732
736 738
738 740
740 741
741
744
747 749
749 750 751
750 751
751
755 756
756
759 760
760
764
771
779 781
781 783
783 785
785
793 795
795 796
796 798
798
802
805 806 807
806 807 808
807 808 809
808 809
809
812 813 814
813 814 815
814 815
815 817
817
822 823 824
823 824 825
824 825 826
825 826
826
829 831
831
834
837 839
839 840
840
844 845
845
848 850
850 852
852 853
853 855
855 857
857
862 863
863 865
865 866
866
871
875 876 877
876 877
877
880
883
886 887 888
887 888
888 890
890
894
907
910 911
911 913
913 915
915 917
917
923
927 929
929 931
931 933
933
936 937
937 939
939 940
940 942
942 943 944
943 944
944 946
946
952 953 954
953 954 955
954 955 956
955 956
956
960 961
961
967
971 973
973 974 975
974 975
975
978 979 980
979 980
980 982
982 984
984 986
986
990 991
991
996 997 998
997 998
998
