#naive2.0.py
# GMT Fri Feb 14 13:33:58 2020
# 
0 998
7
10 12
12 13
13 15
15 17
17
21 22
22
25 27
27 28 29
28 29 30
29 30
30
33
36 37 38
37 38
38
45 47
47 48 49
48 49
49 51
51 53
53 54 55
54 55
55 57
57 58 59
58 59
59 61
61
64
67 68
68 70
70
74 76
76 78
78 79 80
79 80
80 82
82 83 84
83 84
84 86
86
90 92
92 93
93
96 97 98
97 98
98 100
100 101 102
101 102 103
102 103 104
103 104 105
104 105
105 107
107 109
109 110 111
110 111
111
114 115
115
118
122 123
123
126 128
128 130
130
135
139 141
141 143
143 145
145 146
146
151 152
152
155
159 161
161 162
162
165 166
166
171 173
173 175
175
180 181
181 183
183 185
185 186
186
189 191
191
194
197 198
198
203 205
205 207
207
210 211
211 213
213
219 220 221
220 221 222
221 222
222
227 229
229 230
230 232
232
236
239 240 241
240 241
241
244 245
245 247
247 248 249
248 249
249 251
251 253
253
256 257
257 259
259
262 263
263
266 268
268 269
269
275 276 277
276 277 278
277 278 279
278 279 280
279 280 281
280 281 282
281 282 283
282 283
283 285
285
290
297 298 299
298 299
299
302 304
304 306
306 307
307
310 311
311 313
313
322
328 329 330
329 330 331
330 331
331
334
337
348
355 357
357 358 359
358 359 360
359 360 361
360 361
361
364 366
366
371 372
372
375
381 382
382
388 390
390 392
392
396 397 398
397 398
398 400
400 401 402
401 402 403
402 403
403 405
405
410 411 412
411 412
412 414
414 415
415 417
417 418 419
418 419 420
419 420
420 422
422 423
423
426 427 428
427 428
428 430
430 432
432 434
434 435 436
435 436
436
440 441
441
446
450
455 456
456 458
458 459 460
459 460 461
460 461 462
461 462 463
462 463
463
466 468
468 470
470 472
472 473 474
473 474
474
477 479
479
485 486
486
492 493 494
493 494 495
494 495
495
501 502 503
502 503 504
503 504
504 506
506 507 508
507 508
508 510
510 511
511
514 515 516
515 516
516 518
518
521 523
523 525
525 526 527
526 527 528
527 528 529
528 529 530
529 530 531
530 531 532
531 532 533
532 533 534
533 534 535
534 535 536
535 536
536 538
538
541 542 543
542 543 544
543 544 545
544 545 546
545 546
546 548
548
551 552
552
555
560 561 562
561 562 563
562 563
563 565
565 566
566 568
568 570
570
574 575
575
578 579 580
579 580 581
580 581 582
581 582 583
582 583
583
588
591
595 597
597 599
599
605
611 612
612
615 616
616 618
618 619
619 621
621 623
623
632 633
633 635
635 637
637 638 639
638 639
639 641
641 643
643 645
645
649 650
650
654 655
655
658 660
660 662
662 663
663
666
671
674 675 676
675 676 677
676 677
677
680
684 686
686 687 688
687 688
688 690
690
693 694
694
697 698
698 700
700 701 702
701 702 703
702 703
703 705
705
708 709 710
709 710
710 712
712 714
714 716
716
720 721
721
724
727 729
729 731
731
735 737
737
740 741
741 743
743 745
745 746
746 748
748
751 752 753
752 753
753
756 758
758 759
759 761
761
768
771
776
779 781
781 783
783
787 789
789
797 798
798 800
800 802
802 804
804 806
806 808
808
812 813 814
813 814 815
814 815
815 817
817 818 819
818 819 820
819 820 821
820 821
821
824 826
826 828
828 829
829 831
831
834 836
836 838
838 840
840 841
841
844 845 846
845 846 847
846 847
847 849
849
852 853
853
857 859
859
864 865
865 867
867 868 869
868 869 870
869 870
870 872
872
879 880
880 882
882 883 884
883 884
884
889 890
890
895
898
903 904
904 906
906
910 911
911
914 915
915 917
917 918
918 920
920 921
921
924 926
926 928
928 929
929 931
931
934 936
936 937
937
940 941
941
945 947
947
954 955 956
955 956
956
961 962 963
962 963
963
966 968
968
971 972
972
976 977 978
977 978
978 980
980
983 984 985
984 985
985 987
987 989
989 990 991
990 991 992
991 992 993
992 993
993 995
995 996
996 998
998
