#naive2.0.py
# GMT Fri Feb 14 13:33:56 2020
# 
7
10 12
12 13 14
13 14 15
14 15 16
15 16
16
19
22
25 27
27 29
29
36
40
45 47
47 48
48
53 55
55 57
57 59
59 60 61
60 61
61
65 66 67
66 67
67 69
69 71
71 73
73 75
75 76 77
76 77
77
81 82
82 84
84 86
86 87 88
87 88 89
88 89 90
89 90
90
93 94
94 96
96 98
98 100
100 101 102
101 102
102
107 108 109
108 109
109
112 113 114
113 114
114
117 119
119
122
125 126 127
126 127
127 129
129 131
131
137 139
139 140
140
143 145
145 147
147 149
149 150
150
153 155
155 156 157
156 157 158
157 158 159
158 159
159 161
161
166
170 171
171 173
173 175
175
178
183 185
185
190
193 194 195
194 195 196
195 196
196 198
198
201
205
210 211
211
221 222
222 224
224 225 226
225 226
226 228
228 229
229
233 234 235
234 235
235 237
237 238
238 240
240
246
252 253 254
253 254
254
259 261
261
266
270
274 275 276
275 276 277
276 277
277
283 284
284
289 291
291 293
293 295
295 297
297 299
299 300
300
303
310 312
312 313
313 315
315 316
316
320
323 325
325
329 330
330
334
339 340 341
340 341
341 343
343
346 347
347 349
349
353 355
355 357
357 358
358
362 363 364
363 364
364
369 370
370 372
372 373 374
373 374
374 376
376 378
378 379 380
379 380
380
384 385 386
385 386
386
392
398 399 400
399 400
400
403 404 405
404 405
405
408 410
410 411
411 413
413 415
415
418 420
420
423
426 427
427 429
429 431
431 433
433 435
435 436
436
440 441
441 443
443
447 448 449
448 449 450
449 450
450 452
452 453
453 455
455 457
457
460 461 462
461 462
462
465
470
473
478 480
480
483 484 485
484 485
485 487
487 489
489 490
490
494 495
495
498
501 502 503
502 503
503 505
505 507
507 508 509
508 509 510
509 510 511
510 511
511 513
513 515
515 516 517
516 517
517 519
519 520 521
520 521
521 523
523 525
525 526
526 528
528
532 534
534
538
541 542
542 544
544 545 546
545 546 547
546 547 548
547 548
548
552 554
554 556
556 557 558
557 558 559
558 559 560
559 560
560
563 564
564 566
566
569 571
571 573
573 574
574 576
576 578
578 580
580 581
581 583
583 584
584
587 588 589
588 589
589
592
595
598 599
599
602
606 608
608
614
618
623
628 630
630
637 638
638
642 643
643 645
645 646
646
649 650 651
650 651
651
654
658 659 660
659 660 661
660 661 662
661 662
662 664
664 665
665
668
671 672
672
676 677
677 679
679 681
681
687 688
688
692 693
693 695
695 697
697 698 699
698 699
699
706
709 711
711 712
712
719
723 724
724
728 730
730
733
738 740
740 742
742 744
744 745 746
745 746
746 748
748
752
757 758 759
758 759 760
759 760
760 762
762
770 772
772 773 774
773 774
774 776
776 778
778 779
779
782 783 784
783 784
784
787 788
788
792
797 798 799
798 799
799
802 804
804
807
810
813
817
821 822
822
828
833
837
841
844
850
858 859
859 861
861 863
863
866 868
868 870
870 871 872
871 872
872 874
874 876
876
879
882 883 884
883 884
884 886
886
892 893 894
893 894 895
894 895 896
895 896 897
896 897 898
897 898 899
898 899
899
902 903 904
903 904
904
907 909
909 911
911
915
918
921 922
922 924
924 925
925 927
927
930 932
932 933
933 935
935 936 937
936 937
937 939
939 940 941
940 941
941
944
947 948
948 950
950 952
952 953 954
953 954
954
959 961
961 963
963 964
964 966
966
970
974
985 986
986 988
988
993
996 997
997 999
999
