#naive2.0.py
# GMT Fri Feb 14 13:34:00 2020
# 
4
7 8 9
8 9 10
9 10 11
10 11
11 13
13 14 15
14 15
15 17
17 19
19 21
21 22
22 24
24 26
26 27
27 29
29 31
31 33
33 34
34 36
36 38
38 40
40 41
41 43
43
49 50 51
50 51
51 53
53 55
55 56
56
59 61
61 63
63 65
65
68 69
69 71
71
74 75 76
75 76
76 78
78
83 84
84 86
86 88
88 90
90 92
92 93
93
97 98
98
101 103
103 104
104
108 109
109 111
111 112
112 114
114 115 116
115 116
116 118
118
123 124
124 126
126 128
128 129 130
129 130 131
130 131
131 133
133
139 140 141
140 141 142
141 142 143
142 143 144
143 144 145
144 145
145 147
147 148
148 150
150
156 157
157 159
159
162 164
164 165 166
165 166
166 168
168
171 172
172 174
174
178 179
179 181
181
184 185 186
185 186
186
191 193
193
196 197
197 199
199
202 203
203 205
205 206 207
206 207 208
207 208
208
212
216 218
218 219 220
219 220 221
220 221
221 223
223 225
225
228 229 230
229 230
230 232
232
235
238 239 240
239 240
240
243 244
244 246
246 247 248
247 248 249
248 249
249
255 256
256
259 260
260 262
262
267 269
269 270
270 272
272 274
274
278
281 282 283
282 283
283
289 290 291
290 291 292
291 292
292
300 302
302 303
303
306 308
308 309
309
312 313
313 315
315
320 321 322
321 322
322
325
329
336 337 338
337 338 339
338 339 340
339 340
340
345 346
346 348
348 350
350 352
352 353 354
353 354
354 356
356 357
357
364 365
365
373 375
375 376 377
376 377
377 379
379 380 381
380 381
381
384 385
385 387
387 389
389
393 394
394
397 399
399 401
401 402 403
402 403 404
403 404 405
404 405 406
405 406
406 408
408 409 410
409 410 411
410 411 412
411 412
412
415 417
417
421 422 423
422 423
423
430 431
431
434
437 438
438 440
440
444 445 446
445 446
446
452 454
454 456
456
463 464
464 466
466
472
475 476 477
476 477
477 479
479 480 481
480 481
481
485
492 493 494
493 494
494 496
496
499
503
507
510 511 512
511 512
512
516
520 521 522
521 522
522
530 532
532 533
533 535
535
538 539 540
539 540 541
540 541
541 543
543 544 545
544 545 546
545 546
546 548
548 549 550
549 550 551
550 551 552
551 552
552
556 557 558
557 558
558 560
560 561 562
561 562 563
562 563 564
563 564 565
564 565 566
565 566 567
566 567
567
570 571 572
571 572 573
572 573
573 575
575
578 579
579
583
589 591
591 593
593
598 600
600
604
607 608
608
613
616
621 623
623
628 629 630
629 630 631
630 631
631 633
633 635
635
639 641
641 642 643
642 643 644
643 644 645
644 645 646
645 646 647
646 647 648
647 648 649
648 649
649 651
651
656 657 658
657 658 659
658 659 660
659 660
660
664 665
665
670 671 672
671 672
672
678 680
680 681
681 683
683 684
684
687 688 689
688 689
689 691
691
695
699 700 701
700 701
701
704 705 706
705 706 707
706 707 708
707 708
708
712 713
713
717 718 719
718 719 720
719 720
720 722
722 724
724
730
736 737 738
737 738
738 740
740 741
741 743
743
746
751
754
757 759
759 760
760 762
762
774 776
776 777 778
777 778
778 780
780 781
781
784 785 786
785 786
786
789 790
790
794 796
796 798
798 799
799
802
805 806 807
806 807 808
807 808
808
811 812
812
815 816
816
819 820
820 822
822
825 826 827
826 827 828
827 828 829
828 829 830
829 830 831
830 831
831
835 836
836 838
838
841 842 843
842 843 844
843 844
844
851 853
853 854
854 856
856 857 858
857 858 859
858 859 860
859 860 861
860 861
861 863
863 865
865 866
866
873
876 877
877 879
879 880
880
885
890
893 894
894 896
896
900 901
901
904 906
906
910 912
912
917 918 919
918 919
919 921
921 922
922 924
924 925
925 927
927 928 929
928 929
929
936
940 941 942
941 942
942 944
944 945 946
945 946
946
949 950
950 952
952
956
962 963
963
968
973
978
982 983
983 985
985
989 991
991
994
999
