#naive2.0.py
# GMT Fri Feb 14 13:33:57 2020
# 
0 1 999 2 998
1 2 999
2
5 6 7
6 7
7 9
9
13 15
15 16
16
22 23
23
27
30 31
31
39
46 47
47
50 51
51
55 57
57 59
59 60
60
65
68 69 70
69 70
70
73 75
75
78 79 80
79 80
80
83 84 85
84 85 86
85 86 87
86 87
87 89
89 91
91 93
93 95
95 96 97
96 97
97
102
108 109
109
112 113
113
120
123 125
125 126
126
129 131
131 132
132 134
134 135
135
139
142 143
143
148 150
150 151
151
161 163
163
168
173 175
175
180
183 184
184
189 190 191
190 191 192
191 192
192
196
199
203 204 205
204 205 206
205 206
206 208
208 209
209
214 215
215 217
217 219
219 220 221
220 221
221
224 226
226
234 235 236
235 236
236
245 246
246 248
248 249
249
255
258
263
267 268
268
271 272 273
272 273 274
273 274
274 276
276 277 278
277 278
278
282 284
284
291 292
292 294
294 296
296 298
298
303 305
305 306
306 308
308 309 310
309 310
310
313 315
315 316
316 318
318 319 320
319 320
320
323 324
324
329 330
330
336 337 338
337 338
338
341 343
343 345
345 346 347
346 347
347
350 351 352
351 352 353
352 353
353
356 358
358 359 360
359 360
360
364 365
365 367
367
370 371 372
371 372 373
372 373 374
373 374
374 376
376 377
377
380 381 382
381 382 383
382 383
383 385
385 386
386 388
388 389 390
389 390 391
390 391
391
394 395 396
395 396
396
401
406
409 411
411
415 416
416 418
418 419
419 421
421 423
423
426 427 428
427 428 429
428 429
429
432
435 436 437
436 437 438
437 438 439
438 439 440
439 440 441
440 441
441
444 445 446
445 446
446 448
448 449
449 451
451 452 453
452 453
453 455
455
459
462 464
464
469 470
470 472
472 474
474 475
475 477
477 478 479
478 479
479 481
481
485 487
487 488 489
488 489 490
489 490 491
490 491
491 493
493
496 497
497
504
507 508 509
508 509
509
515 516
516
520 521
521
526 527 528
527 528
528
531 533
533 534
534
537
541 543
543 545
545
548
551 552 553
552 553
553
556 557 558
557 558 559
558 559
559 561
561 563
563 565
565 567
567 568 569
568 569 570
569 570
570
574
581 582
582
587 588
588 590
590
593 594 595
594 595
595 597
597 598
598
604 605
605 607
607 608 609
608 609
609 611
611 612 613
612 613 614
613 614
614 616
616 617
617
620
623 625
625 626
626 628
628 630
630 631
631
636 637
637
641
644 645
645
650 651
651 653
653 655
655
658 659 660
659 660
660
664 666
666
669 671
671 672 673
672 673 674
673 674 675
674 675
675
680 681 682
681 682 683
682 683
683 685
685 687
687
691 692 693
692 693
693
696 697 698
697 698
698
702
707 708 709
708 709
709 711
711 712
712 714
714 716
716 717
717 719
719 721
721 722 723
722 723 724
723 724
724
731 732
732
738 739
739 741
741
744 745 746
745 746 747
746 747
747
753
760
763
767 768
768 770
770
774 775
775
780 781
781
787 788 789
788 789 790
789 790
790
793 795
795
799 800
800 802
802 803 804
803 804
804
809
812 814
814 815 816
815 816
816 818
818 819 820
819 820
820 822
822
826
831 832 833
832 833 834
833 834 835
834 835 836
835 836 837
836 837
837
843 845
845
848 850
850 851 852
851 852 853
852 853
853
856 857 858
857 858
858 860
860 861
861
864 865
865
868 869 870
869 870
870
874 875
875 877
877 878
878
885 886
886
889 890
890 892
892 893
893 895
895 897
897
900
903 904
904
907 909
909 910
910 912
912
917 918
918 920
920
931 932 933
932 933 934
933 934
934 936
936 937 938
937 938 939
938 939 940
939 940 941
940 941
941 943
943
946 947
947
953 954
954
957 958
958
966
970 971 972
971 972 973
972 973 974
973 974 975
974 975 976
975 976
976
981
984 985
985 987
987
992 993
993 995
995 996
996 998
998 999
999
