#naive2.0.py
# GMT Fri Feb 14 13:34:02 2020
# 
2 4
4 6
6 7 8
7 8
8
13
16 17
17
21 22 23
22 23
23 25
25 27
27 28
28
34 35 36
35 36
36
40
47
53 54
54
58 59 60
59 60 61
60 61 62
61 62 63
62 63
63 65
65
70 72
72 74
74 76
76 77 78
77 78 79
78 79 80
79 80
80 82
82 83
83
88
96 97
97
100 101
101
104 105
105 107
107 108 109
108 109 110
109 110 111
110 111 112
111 112
112
115 116 117
116 117 118
117 118 119
118 119 120
119 120 121
120 121 122
121 122 123
122 123
123
127
130 132
132 133
133
136
140 141
141 143
143 144 145
144 145 146
145 146 147
146 147 148
147 148 149
148 149
149
153 155
155 156 157
156 157
157 159
159 161
161 163
163
168
171
175 176 177
176 177
177
184 185
185 187
187
190
193 194
194
201 202
202 204
204 206
206
210 212
212 213
213 215
215
219 221
221 223
223 224 225
224 225
225
231 232
232
235
240
243
248 250
250 251 252
251 252 253
252 253 254
253 254
254
261 262 263
262 263
263 265
265
271
277 279
279 280
280
285
288 289 290
289 290
290
294 296
296 298
298 299
299 301
301 303
303
307 309
309 310 311
310 311
311 313
313 314 315
314 315
315
318 319
319 321
321 322
322 324
324 325 326
325 326
326 328
328 329
329
333 334
334 336
336 337
337
344 346
346 348
348 349
349 351
351 352
352
357 359
359
362 363
363 365
365 367
367
373 374
374
379 381
381 382
382 384
384 386
386 387
387 389
389
393 394 395
394 395 396
395 396 397
396 397
397
400 401
401
404 405 406
405 406
406
409 411
411 412 413
412 413
413 415
415 416
416 418
418
421
424 425
425
429 430 431
430 431 432
431 432 433
432 433 434
433 434
434 436
436 438
438 439 440
439 440 441
440 441
441
446
449 451
451 452 453
452 453 454
453 454
454 456
456 458
458 460
460 461 462
461 462
462
467
470 471
471
474 476
476 477
477
481 482 483
482 483
483
487 489
489
492
497 498 499
498 499 500
499 500
500
503 505
505 506
506 508
508
512 513
513
516 517 518
517 518
518 520
520 521 522
521 522 523
522 523
523 525
525 526 527
526 527
527
532 534
534
537 538 539
538 539 540
539 540 541
540 541 542
541 542
542
545 546
546 548
548 549
549
555
558 559
559
564
567 568
568
572 574
574 575 576
575 576 577
576 577 578
577 578 579
578 579
579
583
587
590 592
592 593 594
593 594
594
600 601
601
607
610 611
611
614 615
615
619
622
630
633 634
634
637
643 645
645 646
646 648
648
651 653
653
657 659
659 661
661
667 668
668
672 674
674 675 676
675 676 677
676 677
677 679
679 680 681
680 681
681 683
683
686
690 691 692
691 692
692
699
702
709 710
710 712
712
715
718
721 722 723
722 723 724
723 724
724
727 728
728
731 732
732
737 738
738
741 743
743 744
744 746
746 748
748
751 752
752
755
760
764 766
766 767 768
767 768 769
768 769 770
769 770
770
773 775
775
782 783 784
783 784 785
784 785
785 787
787 789
789
792 793
793 795
795 796 797
796 797
797
802
805
808 809
809
812 813
813
820 821 822
821 822 823
822 823
823
826 828
828 829
829
834 835 836
835 836
836
843 844
844
848 850
850 852
852
855 857
857
862 864
864
867 868
868
871
874 875 876
875 876
876
879 881
881 882
882 884
884
890
894
897 898 899
898 899
899 901
901 902
902 904
904
907 908
908
914
918
921 923
923 924 925
924 925 926
925 926
926 928
928 929 930
929 930 931
930 931 932
931 932 933
932 933
933
936
940 941
941
944
947 948
948
951 952
952
955 956
956
959 960 961
960 961 962
961 962
962
967 969
969
972 974
974 975
975 977
977 978
978 980
980
983 985
985 987
987
994 995
995
998
