#naive2.0.py
# GMT Fri Feb 14 13:34:05 2020
# 
0 1 2
1 2
2 4
4
7 9
9
12
18
21 22
22
27 28 29
28 29
29 31
31
35 37
37
41 43
43
49
52 53 54
53 54 55
54 55 56
55 56 57
56 57 58
57 58 59
58 59 60
59 60
60
63
68
71 72
72
75 76 77
76 77 78
77 78
78
82 84
84 86
86 88
88 89 90
89 90
90 92
92
95 96
96 98
98 99
99
102 103
103
106
109
115 117
117
123
126 127 128
127 128 129
128 129
129 131
131 132
132 134
134 135 136
135 136
136 138
138
141 142 143
142 143 144
143 144
144
147 148 149
148 149
149
152
155 156
156
166 167 168
167 168
168
176
179
182 184
184
190
193
199 201
201
204 206
206
210
214
219
224 225 226
225 226
226 228
228 230
230 232
232
236
239
242 243
243 245
245 246
246
250 252
252 254
254
257 259
259
262 264
264 265 266
265 266
266
270
276
279 280 281
280 281
281 283
283
289
292
301
307
311 313
313 314
314
317 319
319 321
321
324 325 326
325 326
326 328
328
332 333
333
337 338
338 340
340 341 342
341 342
342
345
348 349
349 351
351
354 355 356
355 356
356 358
358 359 360
359 360
360
365 366 367
366 367
367
371 372
372 374
374 375
375
379 381
381
387 389
389
392 394
394 396
396 397 398
397 398
398 400
400 401 402
401 402
402 404
404 406
406 407
407 409
409 410 411
410 411
411 413
413
418
421 423
423 425
425 426
426 428
428
431 432 433
432 433 434
433 434 435
434 435
435
438 439 440
439 440
440
444 445 446
445 446
446
452
456 457 458
457 458
458
461 463
463
466 467 468
467 468 469
468 469 470
469 470
470
475
478 479
479 481
481
486 488
488
491
494 496
496 497
497 499
499
502 503
503 505
505 506
506
509
513 514
514
517
520
527 529
529 530 531
530 531
531
535 537
537 539
539 540
540
544 545
545
549
552 554
554
561 562 563
562 563
563 565
565
573 574 575
574 575 576
575 576 577
576 577
577
580 581 582
581 582 583
582 583
583
586 587 588
587 588 589
588 589 590
589 590
590 592
592 593
593
596 598
598 599
599
607 608 609
608 609 610
609 610
610 612
612 613
613
626
629 630 631
630 631 632
631 632 633
632 633 634
633 634
634 636
636 637
637 639
639
643 644
644 646
646
650 651
651
655 656 657
656 657 658
657 658
658 660
660 661 662
661 662 663
662 663
663
666 668
668
671
674 675
675
678
681
684
687
691 692
692 694
694 695
695
698 700
700
703
709
712 713
713
717 719
719 721
721
724 726
726 728
728 729
729
732 733 734
733 734
734
737 739
739 740 741
740 741 742
741 742 743
742 743
743
746 748
748 750
750 752
752
755 757
757 759
759
762 763 764
763 764
764 766
766 767 768
767 768 769
768 769 770
769 770
770
773 775
775 777
777 778
778 780
780 782
782 784
784 786
786 788
788 789
789 791
791 792 793
792 793
793
797 799
799 800 801
800 801
801 803
803 804 805
804 805
805
809
816 818
818
823 824
824
828 830
830 831
831
834 836
836 837
837 839
839
842 843
843
846 848
848 850
850 852
852 853 854
853 854 855
854 855 856
855 856
856
859
865 866
866 868
868
882
890 892
892 894
894 895
895
898 900
900 901
901 903
903 904 905
904 905 906
905 906
906 908
908 910
910 912
912 913 914
913 914
914 916
916 917 918
917 918 919
918 919
919
929 930 931
930 931
931
934 935 936
935 936 937
936 937
937
941 943
943 945
945 946
946
949 951
951
956
960 961 962
961 962 963
962 963
963 965
965 966 967
966 967
967 969
969 971
971 973
973
976 978
978
983 985
985 986
986
989 990 991
990 991 992
991 992
992
995 996
996
