#naive2.0.py
# GMT Fri Feb 14 13:33:56 2020
# 
0 1 999 2
1 2 3 999
2 3 4
3 4
4 6
6 7 8
7 8 9
8 9 10
9 10
10
13 15
15 17
17 18
18 20
20 21
21
24
27 28
28
32
38 39
39 41
41 42
42 44
44 46
46 47 48
47 48
48 50
50
53 54
54 56
56 58
58 60
60 61
61 63
63
67 68 69
68 69
69
72 73
73 75
75
79
84
89 90 91
90 91
91
94 96
96 98
98 99 100
99 100
100 102
102 104
104
108 109 110
109 110 111
110 111 112
111 112
112 114
114
117
121 122 123
122 123
123
127
131
135
138 139
139 141
141 142
142 144
144 145
145
148 149
149 151
151
154 155
155
161
167 168
168 170
170 171
171
174
177 178 179
178 179
179 181
181 182
182
185 186
186
189 190 191
190 191 192
191 192 193
192 193 194
193 194
194
198 199
199
202 204
204
207
212 214
214
217 218 219
218 219
219
227 228
228 230
230
237 238
238
243
251 253
253 255
255 256 257
256 257
257
262
269 270 271
270 271
271
276
279 281
281
287 288
288
292 293
293
297
301 303
303 305
305
309
312 314
314 316
316
322 324
324
328 330
330
333 335
335 337
337
340
343 344 345
344 345 346
345 346 347
346 347
347
350 352
352 354
354 356
356 358
358
362
366
370 371
371 373
373 374 375
374 375 376
375 376
376 378
378
384 386
386 387
387 389
389 390
390 392
392 394
394 395
395
400 402
402 404
404 406
406 407
407
412 414
414 416
416
419 420
420
431 433
433 435
435
438
441 442
442
447 448
448 450
450 451 452
451 452 453
452 453
453
456
459 460
460 462
462 463 464
463 464
464 466
466 467
467
473 475
475 476
476 478
478 479 480
479 480 481
480 481
481 483
483 485
485
488 490
490 492
492 493 494
493 494 495
494 495 496
495 496 497
496 497
497 499
499 500
500
503 504
504
509
516 518
518
521 522 523
522 523 524
523 524 525
524 525
525 527
527
530 531
531 533
533 534
534 536
536 538
538 539 540
539 540 541
540 541 542
541 542 543
542 543 544
543 544 545
544 545
545
550 552
552
555 557
557
562 563 564
563 564
564 566
566 567
567
570 571
571
574
579
582 583
583 585
585 586
586
589 590
590 592
592 593 594
593 594
594
599
602
605
610 611
611
615 616 617
616 617
617 619
619 620
620
628 630
630 632
632 633
633
636 638
638 640
640 641
641
647 648 649
648 649 650
649 650
650
653 655
655 656
656
659 661
661 663
663 664
664
667 668 669
668 669
669
678 679
679 681
681
684 686
686
690 691
691 693
693
697 698
698
704
707
710 712
712
718 720
720 722
722 724
724
729 730
730 732
732 734
734 735
735 737
737 739
739 741
741 742
742 744
744 745
745 747
747 749
749 750 751
750 751 752
751 752
752 754
754 755
755 757
757 758
758
763
767 768 769
768 769
769 771
771 772 773
772 773 774
773 774
774 776
776
780 781 782
781 782
782 784
784 785 786
785 786
786 788
788 789
789
794 795
795
799
802 803 804
803 804 805
804 805 806
805 806
806
809 810 811
810 811
811 813
813 814 815
814 815 816
815 816 817
816 817
817
820 821 822
821 822
822 824
824 826
826 828
828 829
829 831
831 833
833 834 835
834 835
835
838
843 844 845
844 845 846
845 846
846 848
848 850
850 851 852
851 852
852
858 860
860 862
862
866 867 868
867 868 869
868 869 870
869 870
870 872
872 874
874 875
875
878 879 880
879 880
880 882
882
886 887 888
887 888
888
893 894 895
894 895
895
899 900 901
900 901 902
901 902 903
902 903 904
903 904
904
909 911
911 912
912 914
914 916
916 918
918 919 920
919 920
920
924
927
930 931
931 933
933 935
935 937
937 938 939
938 939
939 941
941 943
943 945
945 946 947
946 947
947
950
953 955
955 956
956
961 963
963 965
965 966 967
966 967 968
967 968
968
971 972 973
972 973
973
978 979
979 981
981 982 983
982 983 984
983 984
984 986
986 987
987 989
989 990
990
994
997 999
999
