#naive2.0.py
# GMT Fri Feb 14 13:34:03 2020
# 
1
5 7
7 8 9
8 9
9 11
11 12 13
12 13 14
13 14
14 16
16 18
18
21 23
23
28 29 30
29 30
30 32
32 33
33
39 40 41
40 41 42
41 42 43
42 43 44
43 44 45
44 45
45
48
52 53 54
53 54 55
54 55 56
55 56 57
56 57 58
57 58
58 60
60 61 62
61 62
62
65
70 72
72
75 76 77
76 77 78
77 78 79
78 79
79
83 85
85 87
87 88
88 90
90 91
91 93
93
101 103
103 105
105 107
107 109
109
113
117 118
118
121 123
123 125
125
130 131 132
131 132 133
132 133
133 135
135
139 140 141
140 141
141 143
143
148 149 150
149 150 151
150 151 152
151 152 153
152 153
153 155
155 156
156 158
158 159
159 161
161 162 163
162 163 164
163 164
164
167 168 169
168 169 170
169 170
170 172
172 174
174 175 176
175 176
176
180 182
182 183
183
189 191
191 192 193
192 193
193 195
195
201 202 203
202 203 204
203 204
204 206
206 207 208
207 208
208
212
215
218
221
225
228
232 233 234
233 234
234 236
236
239 240 241
240 241
241
245 247
247
251 252 253
252 253
253
256 257
257 259
259
263 264
264
268
271 273
273 274 275
274 275
275 277
277 279
279
282 283
283 285
285 286
286
290 291 292
291 292
292
296
299
302 303
303 305
305
308
313
316 317 318
317 318 319
318 319
319 321
321 323
323 324 325
324 325
325
331 333
333 334
334 336
336 337 338
337 338
338 340
340 341 342
341 342 343
342 343
343
349 350 351
350 351
351 353
353
358 359
359 361
361
365 366
366 368
368
377 378 379
378 379
379
383 384 385
384 385
385
391 392
392 394
394 395
395
398
403 405
405 407
407
410 411
411
418 419
419 421
421 422
422
426 427 428
427 428
428 430
430
433 435
435
441 442
442
446 448
448 449
449 451
451 452 453
452 453
453
456 457
457 459
459 461
461 462 463
462 463
463 465
465 467
467 468
468
471
476
480
484 486
486 488
488 489
489
492 493
493
503 505
505
508 509 510
509 510
510
516 518
518 519
519 521
521 523
523
530
536 538
538 539
539
543 544 545
544 545
545
548 549 550
549 550 551
550 551
551
555
559 561
561 563
563 565
565
568 569
569
572
576 578
578 579 580
579 580
580 582
582 584
584
587
592 593 594
593 594
594
604 605 606
605 606 607
606 607 608
607 608 609
608 609
609 611
611 613
613 614
614 616
616 617 618
617 618 619
618 619 620
619 620 621
620 621 622
621 622
622
628 629 630
629 630
630
640 641 642
641 642 643
642 643 644
643 644
644 646
646
650 651
651
655
660 661
661
666 667 668
667 668
668
677
682
685 686
686
689
693 694
694
698 700
700 701 702
701 702 703
702 703 704
703 704 705
704 705
705
708
712 713 714
713 714 715
714 715
715
721 722
722 724
724
728 729
729
733 734
734 736
736
740 742
742 743 744
743 744
744
747 749
749 750
750 752
752 753
753
756 757 758
757 758 759
758 759 760
759 760
760
763 764
764
767
770 772
772
775
778
783 785
785 786 787
786 787
787
790 791 792
791 792 793
792 793 794
793 794
794 796
796 797
797 799
799 801
801 802 803
802 803 804
803 804
804
807 808
808
812
815 816
816 818
818 819
819
825 827
827
830 832
832 833 834
833 834
834 836
836 837
837
841 842 843
842 843
843 845
845
848 850
850 852
852 853
853
857 858 859
858 859
859
862 863
863
869
872 873
873 875
875
881
885
890
904
908
911
914 916
916 918
918 920
920 922
922 924
924 925
925
928 929
929
932 933 934
933 934 935
934 935
935
939
942
945 946
946
949
953
959
962
972
975
978 979 980
979 980
980
985 987
987 988 989
988 989
989 991
991 992
992
998
