#naive2.0.py
# GMT Fri Feb 14 13:34:00 2020
# 
2 3
3
6
10 12
12 13 14
13 14 15
14 15 16
15 16
16
19 21
21 23
23 24
24
27 29
29
35
40
43 44
44
48 50
50
53 54
54
59
63 64
64
67 69
69 70 71
70 71
71 73
73
81 82
82 84
84
89 91
91
94
97 98 99
98 99 100
99 100
100 102
102 104
104
108 109
109 111
111 112 113
112 113
113
116 117
117
120 122
122
125 127
127 128
128 130
130
136 137 138
137 138 139
138 139 140
139 140 141
140 141 142
141 142
142 144
144
147
151 152
152
155 156
156 158
158 159 160
159 160
160 162
162 164
164
169 171
171 172 173
172 173
173 175
175
182 183
183
190
193 195
195 196 197
196 197 198
197 198
198 200
200 201
201 203
203 204
204 206
206
212
215 216
216 218
218 219 220
219 220 221
220 221 222
221 222 223
222 223
223
227 228
228 230
230 231
231
234 235
235
240
243 244
244
251
254 255 256
255 256
256
259 260
260 262
262 264
264 265
265 267
267 268 269
268 269
269
272 273
273 275
275
281
284 286
286
290 291 292
291 292
292
296 297 298
297 298 299
298 299 300
299 300 301
300 301
301 303
303 304
304
319 320
320
324
337
343 344 345
344 345 346
345 346
346
350 351 352
351 352 353
352 353
353
356 357
357
361 362 363
362 363 364
363 364
364
367 369
369
372
375 376 377
376 377
377 379
379 380 381
380 381
381
384 385 386
385 386 387
386 387 388
387 388 389
388 389
389
392 394
394 395 396
395 396 397
396 397 398
397 398 399
398 399
399 401
401 402
402
405 406 407
406 407 408
407 408 409
408 409
409 411
411 413
413 414 415
414 415
415
418 420
420 422
422 423
423
429 430
430 432
432
437 438 439
438 439 440
439 440 441
440 441 442
441 442
442
446 447
447 449
449 450
450 452
452 454
454 455
455
462 464
464 466
466
470 472
472 473
473 475
475 477
477
480 481
481 483
483 485
485 486
486
489
493 494
494
497
501
505 506 507
506 507
507
513 514 515
514 515 516
515 516
516 518
518 519
519
522
525 526
526 528
528
534
537
541 543
543 545
545
551 552 553
552 553 554
553 554 555
554 555
555
558 560
560
565
568
571 572 573
572 573 574
573 574
574 576
576 577
577 579
579
586 587
587 589
589 591
591 593
593 595
595 596 597
596 597
597 599
599
603 604
604
607 608
608 610
610
613
617 618
618
621
625 626 627
626 627
627 629
629
633 634 635
634 635
635
638 639
639 641
641 642 643
642 643 644
643 644 645
644 645
645 647
647 648
648 650
650 651 652
651 652
652
656
660 661 662
661 662
662
665 667
667
671 672
672 674
674
678 680
680 681
681 683
683
686 687
687
693 694 695
694 695 696
695 696 697
696 697
697
701 703
703 704 705
704 705 706
705 706
706 708
708
711 712 713
712 713
713 715
715 717
717 718
718
721 722 723
722 723 724
723 724 725
724 725 726
725 726 727
726 727 728
727 728 729
728 729 730
729 730
730
735 737
737
744 746
746 747
747
751 752 753
752 753 754
753 754
754
761
765 766
766
769 770
770 772
772 774
774 775
775
779 780
780
783
788
791 793
793 794 795
794 795 796
795 796 797
796 797 798
797 798 799
798 799 800
799 800
800 802
802 803 804
803 804 805
804 805 806
805 806
806
809 811
811 813
813 814
814 816
816 818
818
824 825 826
825 826 827
826 827
827
832
835
839 840
840
848
851 852
852
856
861 862 863
862 863
863 865
865 867
867 868 869
868 869
869
874 876
876 878
878 879
879 881
881 883
883
886 888
888
891
897 898
898
901 902
902
908
913
916 917
917
920 922
922 923
923
926 927
927
930 932
932 934
934 936
936
939 940 941
940 941 942
941 942 943
942 943 944
943 944
944 946
946 947
947 949
949 951
951 952
952
963 964 965
964 965 966
965 966
966
971
974
978 979 980
979 980 981
980 981
981
984 986
986 987 988
987 988
988
993 995
995 996
996
999
