#naive2.0.py
# GMT Fri Feb 14 13:34:00 2020
# 
2 4
4
7
12 14
14 15
15
18 20
20 22
22
26 27
27
31 33
33 34
34 36
36 37
37 39
39 41
41 43
43 45
45 46
46 48
48 49
49
56 57 58
57 58
58 60
60 61 62
61 62 63
62 63
63
66 67
67
72 73
73
78 79 80
79 80
80
83 84 85
84 85
85
90 92
92 93 94
93 94 95
94 95
95
98 100
100
107 109
109 110
110 112
112 114
114 115
115
118 120
120
123
126 127 128
127 128
128
131
135 136
136 138
138 140
140 142
142 144
144 146
146 148
148 149
149
153 155
155 156
156 158
158
161 162
162 164
164
167 169
169
172
176
182 184
184
188 189 190
189 190 191
190 191 192
191 192
192
196 197
197
200 201
201
207 208 209
208 209
209 211
211 212
212 214
214
221
226 227 228
227 228
228
232 234
234
238 239
239 241
241 243
243 245
245 246 247
246 247
247
250 251 252
251 252
252 254
254 255
255
259 260 261
260 261 262
261 262
262
266 268
268 269
269
274 275
275
280 281 282
281 282 283
282 283 284
283 284 285
284 285
285
289 290
290 292
292
298 299
299
304 305 306
305 306 307
306 307
307
313 315
315 316
316
332
336 337
337
341 342
342
346 348
348 350
350 351
351
354 356
356 357
357
362
366 367
367
371
376
379 380 381
380 381
381 383
383
386 387 388
387 388
388 390
390 392
392 393 394
393 394
394 396
396 398
398 399 400
399 400
400
405
408 410
410 411 412
411 412 413
412 413
413
418
422 424
424 425
425
428 429 430
429 430
430 432
432 433
433
436 438
438 439 440
439 440 441
440 441 442
441 442 443
442 443
443
453 454 455
454 455 456
455 456 457
456 457
457 459
459 460
460 462
462
466
469
472 474
474
477 479
479 480 481
480 481 482
481 482 483
482 483 484
483 484
484 486
486
494 495
495
500
504 506
506 507 508
507 508
508 510
510 511 512
511 512 513
512 513 514
513 514 515
514 515
515
519
522
526
529 531
531 532
532 534
534 535
535
538 539 540
539 540 541
540 541
541 543
543 544
544 546
546
551 552
552 554
554 555
555 557
557
560 561
561
568 569
569
573 574 575
574 575
575 577
577 578
578
581 582 583
582 583
583
586 587
587 589
589 591
591 592 593
592 593 594
593 594
594 596
596 597 598
597 598
598 600
600 601
601
605 606 607
606 607
607
611 612
612 614
614
618
621
624 626
626 628
628 629 630
629 630 631
630 631
631
634 635
635
639
649 650
650 652
652 654
654 655
655 657
657 658
658
662
666 667
667 669
669
673 675
675 676
676 678
678 680
680
683
686
690 692
692
695 696 697
696 697
697
702 703 704
703 704 705
704 705 706
705 706
706 708
708 709 710
709 710
710 712
712
715
718 719
719 721
721 722
722 724
724 725
725
728 729
729
732 734
734
738 740
740 741
741
744 746
746 747
747
750 752
752 753
753 755
755 756
756
759 760
760 762
762
765 767
767 768
768
774 775 776
775 776
776
785 786 787
786 787
787
793 794
794
797 798 799
798 799
799
807 809
809 811
811 812 813
812 813 814
813 814 815
814 815
815
819 820
820
824 825 826
825 826 827
826 827 828
827 828
828
833 834 835
834 835
835
838
841
847
850 852
852
855 857
857 859
859 861
861 862
862 864
864 865
865
875 877
877
882
885 887
887
892
895 896 897
896 897 898
897 898
898
901
906 907
907 909
909 910
910 912
912
920 922
922 924
924 926
926 928
928 930
930
933 935
935 936
936 938
938 939 940
939 940
940
943 944
944 946
946
949 950
950
956 958
958
961 962 963
962 963 964
963 964 965
964 965 966
965 966 967
966 967
967
973 974
974
977
980 981
981
986 987 988
987 988 989
988 989
989 991
991 992 993
992 993 994
993 994 995
994 995
995 997
997 999
999
