#naive2.0.py
# GMT Fri Feb 14 13:34:05 2020
# 
1 999
5 6
6 8
8 9
9 11
11 13
13 15
15 16 17
16 17 18
17 18
18
22
25 26 27
26 27
27 29
29 31
31 32 33
32 33 34
33 34
34
37
40
43 44 45
44 45 46
45 46
46
51 53
53 54
54 56
56
59 60
60
64 66
66 67
67 69
69 70 71
70 71
71
75
78
83 84 85
84 85
85 87
87 88
88 90
90 91 92
91 92 93
92 93 94
93 94 95
94 95
95
98
102
113
120
123 124 125
124 125 126
125 126 127
126 127
127
130
133
143 144
144
147 148
148
151
154 155
155
158 159
159
162
165 166 167
166 167
167
171 172 173
172 173 174
173 174
174 176
176
180
183 185
185 186 187
186 187
187 189
189 191
191 192
192
195 196 197
196 197
197
200 201
201
204 206
206 207
207 209
209 210
210 212
212 213 214
213 214
214 216
216
221 222
222
226 227 228
227 228
228 230
230 231 232
231 232 233
232 233
233 235
235
238 239 240
239 240
240 242
242 243
243 245
245 246
246
251
257 259
259 260 261
260 261 262
261 262
262 264
264 265 266
265 266
266
269
273
279 281
281
285 286
286 288
288 289 290
289 290 291
290 291
291
294
298 300
300 302
302 304
304 305
305
308
312 313 314
313 314
314
318 319
319 321
321 323
323 324 325
324 325
325
329 330 331
330 331 332
331 332
332
335 336
336 338
338 339 340
339 340 341
340 341
341
346 347 348
347 348
348
352 353 354
353 354
354 356
356
361 362 363
362 363
363
366 367
367
371 373
373
377 379
379 380
380
384 385
385 387
387
390
394 395
395 397
397
400
409 410
410
414 415 416
415 416 417
416 417
417
422
426
433 434
434 436
436
439
444 445
445 447
447 448
448 450
450 451
451 453
453 455
455
462 463 464
463 464
464 466
466 467
467
470 471 472
471 472
472 474
474
478 479 480
479 480
480 482
482 483
483
488
492 493
493 495
495 496 497
496 497 498
497 498 499
498 499
499
503 505
505 506 507
506 507 508
507 508 509
508 509 510
509 510
510 512
512 513
513 515
515 517
517 519
519 521
521
524 525
525
528 529
529 531
531 532
532
537 538 539
538 539 540
539 540 541
540 541 542
541 542 543
542 543
543
546 547 548
547 548
548
552 554
554
558
568 569
569 571
571 573
573
578
582 584
584 586
586
589 591
591 593
593 595
595
601
607
612 613 614
613 614 615
614 615 616
615 616
616
621 622
622 624
624 625 626
625 626
626
630 631
631
634
637 639
639 641
641 643
643 644
644
648 650
650 651 652
651 652 653
652 653
653
657 659
659 660 661
660 661 662
661 662 663
662 663
663
667 668 669
668 669 670
669 670
670 672
672 674
674 676
676 677 678
677 678 679
678 679
679 681
681
684 685 686
685 686 687
686 687 688
687 688
688
692 693 694
693 694 695
694 695 696
695 696 697
696 697 698
697 698 699
698 699
699 701
701 702 703
702 703 704
703 704
704 706
706 707
707
712 713 714
713 714
714 716
716
722
726 727
727
732 734
734
737 739
739 741
741 742
742
746 747
747
750 751 752
751 752 753
752 753 754
753 754
754 756
756 757
757
760
769
772
777
782 783
783 785
785
791
795
798
801
804 805 806
805 806
806 808
808
812 813
813 815
815
819 820 821
820 821 822
821 822
822 824
824 825 826
825 826
826
830 832
832 833 834
833 834 835
834 835
835
840
843
847 848
848 850
850 852
852 853
853 855
855
862
865 867
867
873 875
875 877
877
881
884 885 886
885 886
886
890 891
891
895
898 900
900
903
907
911 912
912
916
923 925
925
928 929
929
932
935
938
944 945
945
949 950 951
950 951
951 953
953
957
960
963 965
965
968 969
969
972 973 974
973 974 975
974 975
975 977
977 979
979
982 983 984
983 984
984
989 990 991
990 991 992
991 992
992
996 998
998 999
999
