#naive2.0.py
# GMT Fri Feb 14 13:34:00 2020
# 
1 2
2
7
10 11 12
11 12 13
12 13
13
17 19
19
24
29 30 31
30 31
31 33
33
36
40
46 48
48 49
49
52 53 54
53 54
54
59 60
60 62
62
66 67
67 69
69
76
79
87 88
88
91
97 99
99
106
109 111
111 112
112 114
114
118
121
124 125 126
125 126 127
126 127 128
127 128 129
128 129
129 131
131
141
144 145
145 147
147
151 153
153 154 155
154 155
155
158 160
160 162
162 163 164
163 164 165
164 165 166
165 166 167
166 167
167
171 172 173
172 173
173 175
175 176
176
181 182
182 184
184
188
198 200
200 201 202
201 202
202 204
204 205
205
210
213 215
215
218
224
230 232
232 233 234
233 234 235
234 235
235 237
237
242 243 244
243 244 245
244 245 246
245 246 247
246 247 248
247 248
248 250
250 252
252
255 256
256
261 262 263
262 263
263 265
265 267
267 268
268
273
276 277 278
277 278 279
278 279
279
283
287 288
288 290
290 291
291 293
293 295
295
304
308 310
310
314 315 316
315 316
316 318
318 320
320 322
322 323
323 325
325
329
335 336
336
340 342
342 343 344
343 344
344
347 349
349 350
350 352
352
359 360 361
360 361
361
365 367
367
370
373 375
375
378 379 380
379 380 381
380 381
381
384 385
385
388
393 395
395 397
397 399
399
402 403
403
407 409
409 410 411
410 411 412
411 412
412 414
414 415
415
420 421
421 423
423 424 425
424 425 426
425 426 427
426 427
427
431
435
439 440
440
446 447
447
451
455 456 457
456 457 458
457 458
458
466 467 468
467 468
468 470
470 471 472
471 472
472
475 477
477 478 479
478 479
479
482 483 484
483 484
484 486
486 488
488
493 495
495 496 497
496 497 498
497 498
498
502 503 504
503 504
504 506
506
510 511 512
511 512 513
512 513
513 515
515
518 519 520
519 520
520 522
522 523 524
523 524
524
530 531 532
531 532
532
536 537
537 539
539 540
540
543 544 545
544 545
545
549
552 553 554
553 554 555
554 555
555
560 561 562
561 562 563
562 563
563
566
569 570 571
570 571 572
571 572 573
572 573
573
577 578 579
578 579
579
582 583 584
583 584
584 586
586 588
588
594 595 596
595 596 597
596 597
597 599
599 600 601
600 601 602
601 602 603
602 603 604
603 604 605
604 605
605
611 613
613
618
624 625
625 627
627
631 633
633 634
634 636
636 638
638 640
640 642
642
645 647
647
651 653
653
660 661
661 663
663 664 665
664 665 666
665 666
666 668
668 670
670 671
671
676
680 682
682 684
684 685
685 687
687 688 689
688 689 690
689 690
690 692
692 694
694 695 696
695 696 697
696 697 698
697 698
698 700
700 701
701 703
703
706 707 708
707 708 709
708 709
709 711
711 712 713
712 713 714
713 714 715
714 715 716
715 716 717
716 717 718
717 718
718 720
720 721
721
724 725 726
725 726 727
726 727
727
730 731
731 733
733
737 738 739
738 739 740
739 740 741
740 741
741 743
743 744 745
744 745
745 747
747 748 749
748 749
749
753 754
754
758 759
759 761
761
766 768
768
771
774 775
775
778 780
780
783 785
785
789
793
796
800 802
802
806 807 808
807 808 809
808 809 810
809 810
810 812
812 813
813 815
815
819
822 823
823
828 829 830
829 830 831
830 831 832
831 832 833
832 833
833
838 840
840
843 844 845
844 845 846
845 846
846
849
852 854
854 855
855
859 860 861
860 861 862
861 862 863
862 863 864
863 864
864 866
866 868
868
872 874
874 875
875 877
877 879
879
882 883
883
886 887 888
887 888 889
888 889 890
889 890
890
893 895
895 897
897
901 902
902
905
908
911 913
913
919 920
920 922
922 923 924
923 924 925
924 925 926
925 926 927
926 927 928
927 928
928
933 935
935
938
947 949
949 950 951
950 951 952
951 952
952
956 957
957 959
959
962 963 964
963 964
964 966
966
969 970
970
973 974 975
974 975
975 977
977 979
979 980 981
980 981 982
981 982
982
985 987
987 988 989
988 989
989 991
991
994 995 996
995 996 997
996 997 998
997 998
998
