#naive2.0.py
# GMT Fri Feb 14 13:34:02 2020
# 
0 1 999 2
1 2 3 999
2 3 4
3 4 5
4 5
5 7
7 9
9
14
17
24 25
25 27
27 28
28 30
30 31
31 33
33 34
34
37
40
43
47 48
48 50
50 51 52
51 52 53
52 53 54
53 54
54
59 60 61
60 61 62
61 62
62
70 71
71
77 78
78
84 86
86 87
87
90 92
92 93 94
93 94
94
97 98
98 100
100
103 104
104
109 111
111
114 115 116
115 116 117
116 117 118
117 118 119
118 119 120
119 120 121
120 121
121
125 126 127
126 127
127 129
129 130
130
133 135
135 137
137
144
149 150
150 152
152 153 154
153 154
154
157 158 159
158 159
159
162
166
174
177 179
179 181
181 183
183 184
184
188 190
190 191
191
195
198 199 200
199 200
200 202
202 203
203
208
212 213 214
213 214
214
217 218 219
218 219
219 221
221 223
223 225
225 226
226 228
228 230
230 231
231
235 236 237
236 237 238
237 238 239
238 239
239
243 244 245
244 245
245 247
247 249
249
255 256 257
256 257
257
260 261 262
261 262 263
262 263 264
263 264 265
264 265 266
265 266 267
266 267 268
267 268 269
268 269
269
276
279 281
281 282
282 284
284
287
290 291 292
291 292
292 294
294 295 296
295 296 297
296 297
297
303 304 305
304 305
305 307
307
310
313
317 319
319 320
320
330
334 336
336 337 338
337 338
338 340
340 341 342
341 342 343
342 343 344
343 344 345
344 345 346
345 346
346 348
348 349 350
349 350 351
350 351 352
351 352 353
352 353 354
353 354
354 356
356 357
357
360 361 362
361 362 363
362 363
363 365
365 366 367
366 367
367 369
369
373
379 381
381 382
382
386
390
395 397
397 398
398 400
400
403
406 407
407
410 411
411 413
413 414 415
414 415
415
421
424 425 426
425 426
426 428
428 430
430 431
431 433
433
436 438
438 440
440
446 447
447
451 452
452
459 460 461
460 461 462
461 462
462
466 468
468 469
469 471
471 472
472 474
474
477
481 482
482 484
484 486
486 488
488
491 492 493
492 493
493
496 498
498 499
499 501
501
506 508
508
511 513
513
516 517
517 519
519 520
520
525 526
526
529 530
530 532
532 533
533 535
535 537
537
541
544 545 546
545 546
546
549
554 555 556
555 556
556 558
558 559 560
559 560
560
565 567
567 569
569
572 574
574 575 576
575 576
576 578
578 580
580
587 589
589
594 595
595
603 604
604
607
613 614 615
614 615
615 617
617 619
619 621
621 623
623 625
625
629 630
630 632
632
637
644
649
654 655
655
658
663 665
665 667
667 668
668
672 673
673 675
675
678 679
679
686 688
688 690
690 692
692 693
693
696 697
697 699
699 700
700 702
702 704
704
708 710
710 712
712 714
714
717 718
718
721 723
723 724 725
724 725
725 727
727 728
728
733 735
735 736
736
743 744
744 746
746
751 752
752 754
754 755
755
759 760
760
763 764
764 766
766
773 774 775
774 775
775
779 781
781 783
783 784
784
789 790
790
793 794 795
794 795
795 797
797 798 799
798 799
799 801
801 802 803
802 803
803
806 807 808
807 808
808 810
810 812
812 813 814
813 814 815
814 815 816
815 816 817
816 817 818
817 818 819
818 819 820
819 820 821
820 821 822
821 822
822
826 827
827
831
835 837
837 838
838
842 844
844 846
846
850
857 858 859
858 859
859 861
861 863
863 864 865
864 865 866
865 866
866 868
868 869
869 871
871
875 876 877
876 877 878
877 878
878
882
886 887 888
887 888
888 890
890 892
892 893
893
900 901 902
901 902
902
905 906 907
906 907 908
907 908 909
908 909 910
909 910
910 912
912 913
913
918
923 924
924
928
931 932
932
935 937
937 939
939 941
941 942
942
945 946
946
950 951 952
951 952
952
956 958
958 959 960
959 960
960
963
966 967 968
967 968
968 970
970 971 972
971 972
972 974
974 976
976
981 982
982 984
984 985
985
988 989
989
993 994 995
994 995 996
995 996 997
996 997
997 999
999
