#naive2.0.py
# GMT Fri Feb 14 13:34:02 2020
# 
5
11 12 13
12 13 14
13 14
14
17 19
19
22 24
24 25
25 27
27
30 32
32 34
34 36
36 37
37 39
39 40 41
40 41
41
48 50
50 52
52 54
54
57 58 59
58 59
59 61
61 62
62
66 67 68
67 68
68 70
70 72
72 74
74 76
76 77
77 79
79
82 84
84
88 89 90
89 90 91
90 91
91
95 96 97
96 97 98
97 98 99
98 99
99 101
101 102 103
102 103 104
103 104
104
107 108
108
117 119
119 121
121
124 125
125
128 129
129 131
131 133
133 134
134 136
136
141 142
142 144
144 145 146
145 146
146 148
148 149
149 151
151 152
152 154
154
159
162 164
164
169
173 174 175
174 175
175
178 179
179
183
186 187 188
187 188 189
188 189 190
189 190
190
193
198 200
200
203 205
205
211
214 215 216
215 216
216
220 222
222 223 224
223 224
224 226
226 228
228
231 232
232 234
234
239 240
240 242
242 243
243
248 250
250 251 252
251 252
252
255 257
257 258 259
258 259
259 261
261
264 265
265
268 269 270
269 270 271
270 271
271
274
277 278 279
278 279
279 281
281 282
282
288 290
290 291 292
291 292 293
292 293
293
298
302
306
309
314 316
316 318
318 320
320
325
328
331
336 337 338
337 338 339
338 339
339
342
346 347
347
352
355 356 357
356 357
357
361 362
362 364
364 365 366
365 366
366
369
372 373
373
376 378
378 379 380
379 380
380
383
387 388
388 390
390 391 392
391 392 393
392 393
393 395
395 396 397
396 397
397 399
399 400 401
400 401 402
401 402
402 404
404 406
406 407
407
410 411
411 413
413
417
422 423
423 425
425
428 430
430 431 432
431 432 433
432 433
433 435
435 436 437
436 437
437 439
439 440
440
443 445
445 447
447 449
449 451
451 453
453
456 457
457
463 464
464 466
466 467
467
470
477 479
479
482 483 484
483 484
484 486
486 488
488
495 497
497 498 499
498 499
499 501
501 503
503 504
504 506
506
509
516 517
517
521
525 527
527 529
529 531
531 533
533 534
534
537
540
543 544 545
544 545 546
545 546 547
546 547
547 549
549 550 551
550 551
551
554 555
555
558 560
560
563
566 567
567 569
569 570
570 572
572
576 577
577 579
579 581
581 582 583
582 583 584
583 584
584
589
592 593
593 595
595
610
613 614 615
614 615
615
619
623 624
624 626
626 627 628
627 628
628
631 633
633
640
643 644
644
648
653 654
654
664 666
666 667
667 669
669 671
671 672 673
672 673 674
673 674
674
679 680
680
683 684 685
684 685 686
685 686
686
693
698
701 702 703
702 703 704
703 704
704
708
711 713
713 714
714 716
716 718
718 719
719
723 724
724 726
726
729 730 731
730 731 732
731 732 733
732 733
733
736 737
737 739
739 740
740
745
756
759
763 765
765 766
766
775 776 777
776 777
777
780
785 787
787
791
799 800 801
800 801 802
801 802
802
808
813 814
814
819 820
820 822
822 824
824 826
826
829 830
830
838 839
839
842 843
843
846 847
847
851 852
852
855 857
857 859
859 860
860
863 864 865
864 865 866
865 866
866
876 877
877 879
879
882 884
884 885 886
885 886 887
886 887 888
887 888 889
888 889 890
889 890
890
893 894
894 896
896 898
898
902 903
903 905
905 907
907
911 913
913 915
915
918 919 920
919 920
920
923 924
924
931 933
933 935
935 936
936
941 943
943
951
955 957
957 959
959 961
961 963
963
966
970
974
982 983
983 985
985 987
987 988
988 990
990 991
991 993
993 994
994
998
