#naive2.0.py
# GMT Fri Feb 14 13:33:58 2020
# 
2
8 9
9
15 16 17
16 17
17 19
19 21
21 22
22 24
24 25 26
25 26 27
26 27 28
27 28 29
28 29
29 31
31 32 33
32 33
33
38
46 47
47
50 52
52 53
53 55
55 56 57
56 57
57 59
59 61
61 63
63 64
64
68 69 70
69 70
70 72
72 74
74
80 82
82 84
84 85 86
85 86
86
91
94
97 98 99
98 99
99
104 105 106
105 106
106 108
108
113 114 115
114 115
115
118 119
119 121
121 122
122
126 127 128
127 128
128 130
130 132
132 133 134
133 134 135
134 135
135
139
143 144
144
150 151 152
151 152 153
152 153
153 155
155 157
157 158
158 160
160 161 162
161 162
162 164
164 166
166
173 175
175
178
183
186 187
187
192 193 194
193 194
194
202 203
203 205
205 206
206 208
208
213 215
215 216 217
216 217 218
217 218
218 220
220
223
226 227 228
227 228 229
228 229
229 231
231 232 233
232 233
233 235
235 236
236 238
238 239 240
239 240 241
240 241
241
244
247 248
248 250
250 251 252
251 252 253
252 253 254
253 254
254
258 259
259
262
267 268 269
268 269
269 271
271
275 276
276
280 282
282 283
283
286 287
287 289
289
293 295
295 297
297 298
298 300
300 301
301
305 306
306
311 312
312
315 316
316 318
318 320
320 321
321
324 326
326 328
328 329 330
329 330
330
333 335
335 336
336
339 340
340
345 346
346 348
348
351
354
357
360
364
372
376
381
386
391 393
393 395
395 397
397 399
399 400
400 402
402
406 407
407 409
409
413
416
420 421 422
421 422
422 424
424
431
436 437 438
437 438
438
441 443
443 445
445 446
446
450 451
451 453
453 454
454
457 459
459 461
461
464 465 466
465 466 467
466 467 468
467 468 469
468 469
469
472 474
474
477
483 485
485 486
486
490
496
502 503 504
503 504 505
504 505
505 507
507 509
509 510
510 512
512 514
514 515 516
515 516
516
519
522 523
523
526 527 528
527 528
528
532
536
547 548 549
548 549 550
549 550
550
557 558 559
558 559 560
559 560
560 562
562
568 569 570
569 570 571
570 571 572
571 572
572 574
574 575
575 577
577
583 584 585
584 585 586
585 586
586
592 594
594
598 599
599 601
601
604 606
606 607
607
612
617 619
619 621
621
628
635 637
637
644 645
645
649 651
651
654 656
656
659
663
668 669 670
669 670
670
674
679
685
692 694
694 695 696
695 696
696
699 700
700 702
702
707 708 709
708 709
709
715 716 717
716 717 718
717 718
718
722
726 728
728
732 734
734 735
735
739
742 743
743 745
745 746 747
746 747
747 749
749 750 751
750 751 752
751 752 753
752 753 754
753 754
754
757
761
767 768
768
773 775
775 776
776 778
778 779 780
779 780
780
784
791
794 795
795 797
797
800
803 804
804 806
806 807 808
807 808 809
808 809
809 811
811 812
812 814
814 815
815 817
817
822 823 824
823 824
824
827 828
828 830
830 832
832 833 834
833 834
834 836
836
840 842
842 844
844 845
845 847
847
852
855
858 860
860 861
861 863
863 864 865
864 865
865
869 870 871
870 871
871
874 876
876
879
883 885
885
888 889
889
893 894 895
894 895
895 897
897
900 901 902
901 902 903
902 903 904
903 904
904
908
912 913
913
916 917
917 919
919
923 924 925
924 925
925
928 929 930
929 930
930 932
932 934
934 935
935 937
937 939
939 941
941 942
942 944
944 945 946
945 946
946
951
957
960 962
962 964
964 966
966 967
967
973 975
975
979 980 981
980 981
981
988
991 992 993
992 993
993 995
995 996 997
996 997 998
997 998 999
998 999
999
