#naive2.0.py
# GMT Fri Feb 14 13:34:03 2020
# 
5
10 11
11 13
13 14 15
14 15 16
15 16 17
16 17
17
23 24
24 26
26
29 30
30
34 35 36
35 36
36
41
45 46
46
51
56 57 58
57 58 59
58 59
59
62
70
75 76
76 78
78 79 80
79 80
80
86 87 88
87 88 89
88 89 90
89 90
90 92
92 94
94 95 96
95 96
96
104 105
105 107
107
110
118 119
119
123 124
124
128
131 132
132
135
138 139 140
139 140
140 142
142 144
144 145
145
148 149 150
149 150
150
155 156
156
159 160 161
160 161 162
161 162 163
162 163 164
163 164 165
164 165 166
165 166
166
171 173
173
176 178
178 180
180
191 192
192 194
194 195
195 197
197
201
205 206
206
210 211 212
211 212 213
212 213
213 215
215 216
216 218
218 220
220
224 226
226
231 232 233
232 233
233
237
240
243 244 245
244 245
245
248 249
249 251
251 252 253
252 253 254
253 254 255
254 255
255
259 260 261
260 261
261
264 266
266 268
268 269
269
274 275
275
278 280
280
283 284
284
287
292
295
298 299 300
299 300
300 302
302 303
303 305
305
308 309
309
312 313 314
313 314 315
314 315 316
315 316 317
316 317
317
321 323
323 324
324 326
326 328
328 330
330 331
331 333
333 335
335
339
342 343
343
346 348
348 349 350
349 350
350
355
358 359 360
359 360
360 362
362
368 370
370 371
371
375 376 377
376 377 378
377 378 379
378 379
379
382
386 388
388
392
395 396
396 398
398 400
400
404 405
405 407
407
410
413
416 417 418
417 418
418
423
426
429 431
431 432 433
432 433
433 435
435 436
436 438
438
441
450 451
451 453
453 455
455 456
456 458
458 459 460
459 460
460 462
462 464
464 465
465 467
467 468
468
476 477
477
480 481 482
481 482
482 484
484 485 486
485 486 487
486 487
487
492 493 494
493 494
494 496
496
499 500
500
504
507 508
508
511 512
512
515 516 517
516 517
517
520
527 528
528
531 532 533
532 533
533
536 537
537 539
539
543 545
545 546 547
546 547 548
547 548
548 550
550
553 554
554 556
556 557 558
557 558 559
558 559
559 561
561 562
562
568 569
569 571
571 573
573 574
574
577 578
578
581 582
582 584
584 585 586
585 586
586
589 590 591
590 591 592
591 592
592 594
594
599
602 604
604 606
606 608
608 609
609 611
611 613
613 614 615
614 615
615
618
621
625
631 632
632
635 636
636
639 641
641 642
642
645 646 647
646 647 648
647 648
648 650
650 651
651 653
653 654
654 656
656 657
657
660 662
662 663
663
667
671
674 676
676 677 678
677 678
678 680
680 682
682 683
683
688
693 694 695
694 695 696
695 696
696 698
698 699
699
702 703 704
703 704 705
704 705
705
708 710
710 711 712
711 712
712 714
714
717 719
719 721
721 722 723
722 723
723 725
725
728 729 730
729 730
730 732
732 733 734
733 734
734 736
736 737
737 739
739 740
740
745 746
746
751 752
752 754
754 755
755
763 764 765
764 765
765 767
767 768 769
768 769
769 771
771 772
772 774
774 776
776 777
777 779
779
782 784
784 785
785
788
792
796
799 800
800 802
802
808
811 812
812
816 818
818 820
820 822
822
827 829
829
838 840
840 841 842
841 842 843
842 843 844
843 844
844 846
846 847 848
847 848
848
851
858 859
859
862 863 864
863 864
864 866
866 868
868
871 872 873
872 873 874
873 874
874 876
876 878
878 879 880
879 880
880 882
882
886 887
887
890 891 892
891 892
892 894
894 896
896 897
897
902
905 906 907
906 907 908
907 908 909
908 909 910
909 910 911
910 911 912
911 912
912 914
914
917 918
918 920
920 921
921
926 927 928
927 928 929
928 929
929
932 933 934
933 934
934
938 940
940 941
941 943
943 944 945
944 945 946
945 946
946
951 952
952
955 957
957 959
959
965 967
967
971 972
972
975
982 983 984
983 984
984
988
991 992
992 994
994 996
996 998
998 999
999
