#naive2.0.py
# GMT Fri Feb 14 13:34:03 2020
# 
0 998
5 6 7
6 7
7 9
9
14 16
16 17
17
21 22
22 24
24 25 26
25 26 27
26 27 28
27 28
28
31 32 33
32 33
33 35
35 36 37
36 37
37
41 42 43
42 43 44
43 44 45
44 45
45
49 50
50
53 54
54 56
56 57 58
57 58
58
61
64 65
65
70 72
72 73
73
77 78 79
78 79 80
79 80
80
83 85
85 86
86
89 91
91 93
93
98
103 105
105 107
107 109
109 110
110 112
112 113 114
113 114
114
117 118 119
118 119 120
119 120 121
120 121
121 123
123 124 125
124 125 126
125 126 127
126 127
127
130 131
131
134 135
135 137
137 139
139
145 146 147
146 147
147
150 151
151
154
158 159
159
165
168 169 170
169 170
170 172
172 174
174 176
176 177
177
180 182
182 184
184 185 186
185 186
186 188
188 190
190
197
202
206
209 211
211 212
212
215 216
216 218
218 219
219 221
221
224 226
226
230
235
238 239
239 241
241 243
243 244 245
244 245 246
245 246
246
249 251
251
255
259
262 263 264
263 264 265
264 265 266
265 266
266
269 270
270
273 274
274 276
276 277
277
282 284
284 286
286 287
287 289
289 290 291
290 291
291
294 296
296 297
297
300
304 305 306
305 306
306 308
308 309
309 311
311 312
312 314
314 316
316 318
318 319
319 321
321 323
323 324 325
324 325
325 327
327 328
328
334
337 339
339 340 341
340 341 342
341 342
342
345
349 350 351
350 351 352
351 352
352
355
363 365
365 367
367 368 369
368 369
369 371
371
374 375
375 377
377 378
378
381 382
382
387 389
389 390
390 392
392 393
393
397 398
398
401 402
402 404
404
409 411
411
414 415
415
418 420
420
426 428
428
431 432
432
435 436
436 438
438
443 445
445 446
446
454
459 460
460 462
462
470
473 474
474 476
476 477
477
482 484
484
488 489
489 491
491 492 493
492 493 494
493 494
494 496
496 498
498 499 500
499 500
500 502
502
505 507
507
513 514
514
517 518
518
522 523
523
526 527
527 529
529
533 534 535
534 535
535 537
537 538
538
541
544 545
545
548
552
556 557
557 559
559 560 561
560 561
561 563
563
568 570
570
574 576
576 577 578
577 578 579
578 579 580
579 580
580
583 584
584 586
586 587
587
590 592
592 593
593 595
595
599 601
601 603
603 605
605
609 611
611 612 613
612 613
613 615
615
618
621 622 623
622 623 624
623 624 625
624 625
625
628 630
630
633
637 639
639 641
641 643
643 644
644 646
646 648
648
652
655 657
657
663 664 665
664 665 666
665 666
666 668
668 669
669 671
671
676 678
678 679
679 681
681
685 687
687 688 689
688 689
689
693 695
695 697
697
700
703 704
704 706
706 707
707
710 711
711
716 717 718
717 718
718 720
720 721
721 723
723
729
733 734 735
734 735 736
735 736 737
736 737
737
741 742
742
747
750
754
759 760 761
760 761 762
761 762 763
762 763
763
766 768
768 770
770
773 774
774 776
776
781
784 785
785
788 790
790 791
791
794 796
796
801 803
803
806 808
808
811
814
818 819
819 821
821
824 825
825 827
827 829
829 830 831
830 831 832
831 832
832
836
839 841
841 842 843
842 843
843 845
845 846 847
846 847 848
847 848
848 850
850 852
852 853 854
853 854 855
854 855 856
855 856 857
856 857
857
860
865
868 869
869
872
875 876
876
879
883
889
893
900 902
902 903
903
906
910
913 915
915 916 917
916 917
917
921
925
930 932
932 933
933 935
935 936
936
941 943
943 944 945
944 945 946
945 946
946 948
948 949
949 951
951
954
957 958
958
963 965
965 967
967 968
968 970
970 971 972
971 972 973
972 973 974
973 974
974
978 979
979 981
981 983
983 984 985
984 985
985 987
987
990
993
998
