#naive2.0.py
# GMT Fri Feb 14 13:34:00 2020
# 
1 2 3
2 3
3 5
5
8 10
10 11 12
11 12
12
19 21
21 22
22
25 27
27 28
28 30
30 31 32
31 32
32 34
34 35
35
38
42 44
44 45 46
45 46
46
55
59 61
61
64
67 69
69 71
71 73
73 74
74
77 78
78 80
80 81
81
84
87
91 92
92
95 97
97 98
98
101 103
103 105
105 106 107
106 107
107 109
109 111
111 112
112 114
114
118 119
119 121
121 122 123
122 123 124
123 124 125
124 125 126
125 126
126
130 131
131
137
141
144 145 146
145 146
146 148
148 149 150
149 150 151
150 151 152
151 152 153
152 153
153 155
155 157
157 158
158
162 163 164
163 164
164 166
166 168
168 169 170
169 170 171
170 171
171 173
173
176 177
177 179
179 181
181 182
182 184
184 185 186
185 186 187
186 187
187 189
189 190
190
193
198 199 200
199 200 201
200 201 202
201 202 203
202 203
203
207 208
208 210
210 211 212
211 212
212
215
221 222
222 224
224 225 226
225 226 227
226 227 228
227 228 229
228 229 230
229 230
230 232
232
235 237
237
241 243
243 244
244 246
246
249
252 253
253 255
255
259 261
261 262
262 264
264
267 268 269
268 269 270
269 270 271
270 271 272
271 272 273
272 273 274
273 274
274 276
276
281
286
289 290
290 292
292
296 298
298
301
304 306
306
311
315 317
317 319
319 320
320 322
322 323
323
327 328 329
328 329
329 331
331 332
332 334
334 335
335 337
337
342 343 344
343 344 345
344 345 346
345 346
346
349 351
351
354
358 359 360
359 360
360
363
367
372 373 374
373 374
374
377
383 384 385
384 385 386
385 386
386
393 394
394 396
396
399 400 401
400 401
401
406 407
407
410
414 416
416 418
418 419 420
419 420 421
420 421 422
421 422
422
425 426 427
426 427 428
427 428 429
428 429 430
429 430
430
433
436
439 440
440
446 447
447 449
449 450
450 452
452 454
454 455
455 457
457 458 459
458 459
459 461
461 462 463
462 463
463
471 473
473 475
475 476 477
476 477 478
477 478
478 480
480 482
482
486 488
488 490
490 491 492
491 492 493
492 493
493
496 497 498
497 498
498 500
500 501
501
507 509
509 511
511
515 516 517
516 517 518
517 518 519
518 519 520
519 520
520
523
529 530 531
530 531 532
531 532 533
532 533
533 535
535
539 541
541 543
543 545
545 546
546 548
548
551
558 559
559 561
561 562
562
569 570
570
574 575
575
578 579 580
579 580
580 582
582 583 584
583 584 585
584 585
585
588 590
590 591 592
591 592
592
596
600 601
601
605 607
607 608
608 610
610 611
611
617
623 624
624 626
626
636 638
638 639 640
639 640 641
640 641
641 643
643
647 648
648 650
650
655 656 657
656 657
657 659
659
662 664
664 665
665
668 669 670
669 670
670
681 683
683 684
684
687 689
689 690 691
690 691
691
695 696
696 698
698 699 700
699 700
700
703 704 705
704 705
705 707
707
710 711
711
716 717
717
721 722 723
722 723
723 725
725
732
735 736
736 738
738 740
740 741
741 743
743 745
745 747
747
750 752
752 754
754 755
755
759 760
760
763 764
764
767 769
769 770 771
770 771
771
774
777 778
778
782 784
784 785
785 787
787 788
788
794 795
795
798 800
800 802
802 803
803 805
805 806 807
806 807
807 809
809 811
811 812
812
817 819
819
823 824 825
824 825 826
825 826
826 828
828 830
830 831 832
831 832 833
832 833
833
836 837
837 839
839 841
841 842
842 844
844
848 850
850 851 852
851 852 853
852 853 854
853 854
854
860 861
861
866 868
868 870
870 871 872
871 872
872 874
874
880 882
882 883 884
883 884
884
887 888 889
888 889
889
892
895 896 897
896 897
897 899
899
902 903
903
907 909
909
912 913
913
916 917 918
917 918
918 920
920 922
922 924
924 925
925
929 930 931
930 931
931
934
939 940
940 942
942
947 949
949 950 951
950 951
951
954 955 956
955 956
956
962 963
963
967 968 969
968 969 970
969 970 971
970 971
971
976 977 978
977 978 979
978 979
979 981
981 982
982
988 989 990
989 990
990 992
992
998
