#naive2.0.py
# GMT Fri Feb 14 13:34:02 2020
# 
1 2 999
2
9 10
10
15
18 19
19
22 23 24
23 24
24 26
26 27 28
27 28 29
28 29
29 31
31 33
33 34 35
34 35
35
42 43
43
49 50 51
50 51 52
51 52
52 54
54 55
55
60
64
68
71 73
73 75
75
79 81
81 82
82 84
84 86
86
90
94 95
95
99 100
100 102
102 104
104 106
106 107
107
119
122 123 124
123 124
124 126
126 128
128 130
130 131
131 133
133
137
142 143 144
143 144 145
144 145
145
149 151
151 152
152
156 157 158
157 158
158 160
160
165
168 169 170
169 170
170 172
172 174
174 175
175 177
177
182 183
183
187 189
189
195 196
196
204
209 210 211
210 211 212
211 212
212 214
214
217 218 219
218 219 220
219 220
220 222
222 224
224 225
225 227
227 229
229 231
231 233
233
236 237
237 239
239 241
241 242
242
245
248 250
250 251
251
254 255
255
258
265 267
267 269
269 270
270
275 276
276
283 284 285
284 285 286
285 286
286 288
288
294 296
296 297 298
297 298
298
302 304
304 306
306 307 308
307 308
308
311 312
312 314
314 316
316 317 318
317 318
318
321 322 323
322 323 324
323 324
324 326
326 328
328
335
341 343
343 344 345
344 345
345
349 350
350
354
361 362 363
362 363
363
366 367 368
367 368
368
371
374 376
376 377
377
381
386 388
388 389 390
389 390
390 392
392 393
393 395
395 396
396
399
402
405 406
406
410 412
412 414
414
420
423 424 425
424 425
425 427
427 429
429
432
435 436
436
439 441
441 443
443 445
445
451 453
453 454 455
454 455
455
458
461 462 463
462 463 464
463 464
464 466
466 468
468
471
474
479 480
480
488 489
489 491
491 492
492 494
494 496
496 497 498
497 498 499
498 499
499 501
501 502
502
506
510 511
511 513
513
516 518
518 519 520
519 520
520
524 525
525
529 530
530 532
532 534
534 535 536
535 536 537
536 537
537 539
539 540 541
540 541
541
550
556 557
557 559
559 560 561
560 561 562
561 562
562
565 566
566
572 573 574
573 574 575
574 575 576
575 576 577
576 577 578
577 578 579
578 579
579 581
581 582
582
585 586
586 588
588 590
590 592
592 593 594
593 594
594
597
600 601
601 603
603 605
605 606
606
609
613 614
614
617
620 621
621
625
629
634
637 638
638
643
646 647
647 649
649 651
651
655 656 657
656 657
657
664 665
665
668 669
669 671
671 672
672 674
674 676
676
681 683
683 684
684
687 688
688
692
695 696 697
696 697
697
708
711 712
712 714
714 715 716
715 716 717
716 717
717
720 722
722 723
723 725
725 726
726 728
728 729 730
729 730 731
730 731
731
735 736 737
736 737 738
737 738
738 740
740 742
742 743
743
746
749 750
750
756
759 761
761 762
762
765 767
767 768
768 770
770
774
778 779
779
782
785
788 789 790
789 790 791
790 791 792
791 792
792
801 802
802 804
804
810 811 812
811 812 813
812 813 814
813 814 815
814 815
815 817
817
820
825
829 830
830
833 835
835 836 837
836 837
837
841 843
843 844
844 846
846 847 848
847 848 849
848 849 850
849 850
850
854 855 856
855 856
856 858
858 859 860
859 860
860 862
862 864
864 865
865 867
867 868
868 870
870
873 874 875
874 875
875
880 881 882
881 882 883
882 883 884
883 884 885
884 885 886
885 886 887
886 887 888
887 888 889
888 889
889 891
891 893
893
896 897
897
901 902
902
909 910 911
910 911 912
911 912
912 914
914 916
916
919 920
920 922
922 923 924
923 924 925
924 925 926
925 926
926 928
928 930
930
933 935
935 936 937
936 937 938
937 938 939
938 939 940
939 940
940
943
946 947
947
950
953 954
954
957
963 965
965 966 967
966 967 968
967 968
968 970
970 972
972 973
973 975
975 976 977
976 977 978
977 978
978 980
980 981 982
981 982 983
982 983
983
988
991 992 993
992 993
993
997 998 999
998 999
999
