#naive2.0.py
# GMT Fri Feb 14 13:34:04 2020
# 
3 4
4
9 11
11
16 17
17
21 23
23
26 28
28 30
30 31
31
35 36
36
39 40 41
40 41
41
44 46
46 47 48
47 48
48
51
54 56
56 57
57 59
59 60
60 62
62
66 67
67 69
69 71
71 73
73
85 87
87 88 89
88 89
89 91
91
95 96 97
96 97
97
100 101
101
107 108 109
108 109
109
114 116
116 118
118
121 123
123
128
137 139
139 140 141
140 141
141 143
143
146 147 148
147 148
148
152 154
154 155 156
155 156
156
159 161
161 162
162 164
164
170 172
172
175
182 183 184
183 184
184
193 194
194 196
196 197 198
197 198 199
198 199
199
205 206
206
209
215
219 221
221
224 225
225 227
227 228 229
228 229 230
229 230
230 232
232 233
233 235
235
240
244 246
246 247 248
247 248 249
248 249
249
252 253
253 255
255
258
261 262
262 264
264
267 268 269
268 269
269 271
271 273
273
277 279
279
286 288
288
293
296 297 298
297 298
298 300
300 302
302 304
304 305
305
308 310
310 311 312
311 312
312 314
314 316
316 317
317 319
319 320
320 322
322
325 327
327
332
336 338
338
343
347
350
353
358 360
360 362
362 363 364
363 364 365
364 365 366
365 366
366 368
368 369
369 371
371 373
373 374
374
379
382 383 384
383 384
384
387 388 389
388 389 390
389 390 391
390 391
391 393
393 394 395
394 395
395
398 400
400 401
401
407 409
409 410 411
410 411
411
417 419
419 420 421
420 421
421 423
423 424
424
428
431
434 435
435 437
437
441 443
443 444 445
444 445
445 447
447 448 449
448 449 450
449 450
450 452
452 454
454 455
455
462
466
470 471
471
474
477 478 479
478 479
479
482 483 484
483 484 485
484 485
485
488 490
490
495 496
496 498
498
501 502 503
502 503 504
503 504
504 506
506 508
508 509 510
509 510
510
513 514 515
514 515
515 517
517 518
518
522
525
528 530
530
533 535
535 536
536 538
538 540
540 541 542
541 542 543
542 543 544
543 544
544
556 557 558
557 558 559
558 559 560
559 560 561
560 561 562
561 562
562 564
564 566
566 568
568 570
570
574
579 580 581
580 581
581
585 587
587 588 589
588 589 590
589 590
590 592
592 594
594 595
595
601 603
603
609 610 611
610 611 612
611 612 613
612 613 614
613 614 615
614 615 616
615 616 617
616 617 618
617 618
618
628 630
630
634 636
636
639 640
640 642
642 643 644
643 644
644 646
646 648
648 650
650 651 652
651 652
652
660 662
662
667
672
677 678 679
678 679 680
679 680
680 682
682
685 686
686
690 692
692
695
699
704 705 706
705 706 707
706 707 708
707 708 709
708 709
709 711
711 713
713
717 719
719 720
720
723 724 725
724 725
725
728 730
730 732
732 734
734
737
740 742
742 744
744 745 746
745 746 747
746 747
747
750 751
751 753
753 754 755
754 755 756
755 756
756
760 762
762 764
764 765
765
770 771
771
774 776
776 777
777 779
779
782 784
784 785
785
788 789 790
789 790
790 792
792
795
798 799
799
802 804
804 805 806
805 806
806 808
808 809 810
809 810
810
817 818 819
818 819 820
819 820
820
827 828 829
828 829
829
832 833 834
833 834 835
834 835 836
835 836 837
836 837 838
837 838
838 840
840
843 844
844
847 848
848 850
850
853 854
854
858 860
860 862
862 864
864 865 866
865 866
866
869
873 874
874
877
880 882
882
891
894 895
895
898
904
907 909
909
913 914 915
914 915
915
926 927
927
930 932
932 933 934
933 934 935
934 935
935 937
937
944
948 950
950
953 955
955 957
957 959
959 960
960
964
969 971
971 972 973
972 973 974
973 974 975
974 975 976
975 976
976 978
978 980
980 981 982
981 982 983
982 983
983
986 988
988
991 992
992
996 997 998
997 998
998
