#naive2.0.py
# GMT Fri Feb 14 13:34:05 2020
# 
0 1
1 3
3 4 5
4 5
5 7
7 9
9
12
17 18 19
18 19 20
19 20 21
20 21
21
25 27
27
30 31 32
31 32 33
32 33 34
33 34
34 36
36 37
37 39
39
42 43
43
46
51 53
53
60 61 62
61 62
62 64
64 66
66 67
67
72 73
73
76 77
77 79
79 80
80 82
82
85 86 87
86 87 88
87 88
88
91 93
93 94
94
97
100 101
101
105 106 107
106 107 108
107 108
108
111
114 115
115 117
117
120 121 122
121 122
122
125 126
126 128
128 129
129
133 134
134 136
136
139 140 141
140 141 142
141 142 143
142 143
143
146 148
148 149
149
152 153
153 155
155
158 159 160
159 160 161
160 161 162
161 162 163
162 163
163 165
165 166
166
172 173
173
176 177
177
180 182
182 184
184 186
186 187
187 189
189
192 193
193
196
199 200 201
200 201
201
206
209
212 213
213
216
219
222
225 227
227
230 231
231
238 240
240 241
241
244 245
245
250 251 252
251 252
252 254
254 255
255
263
267 268
268
271 272 273
272 273 274
273 274 275
274 275
275 277
277 278 279
278 279
279
285 286 287
286 287
287
293 295
295 296
296 298
298 300
300 302
302 303 304
303 304
304 306
306 307
307
311 313
313 314 315
314 315 316
315 316 317
316 317
317
322 323 324
323 324 325
324 325 326
325 326 327
326 327
327
330 331 332
331 332
332 334
334
337 339
339
342 344
344 345 346
345 346
346
349 351
351 352 353
352 353 354
353 354
354 356
356 357 358
357 358 359
358 359 360
359 360 361
360 361 362
361 362
362 364
364 366
366
369 370
370 372
372 373 374
373 374 375
374 375 376
375 376 377
376 377 378
377 378
378
381 383
383 385
385 387
387
392 393
393 395
395
398 399
399
407 409
409 411
411 412 413
412 413 414
413 414 415
414 415 416
415 416
416 418
418 420
420
425 427
427
431 433
433
436 437
437
441 443
443 445
445 446
446 448
448 450
450 451
451
455 457
457 459
459
465 466 467
466 467 468
467 468 469
468 469 470
469 470 471
470 471
471 473
473 474 475
474 475 476
475 476 477
476 477
477 479
479 480
480 482
482 483
483
487 488 489
488 489 490
489 490 491
490 491 492
491 492
492
497 498 499
498 499
499
504 505
505 507
507 509
509 511
511
517 518
518
522 524
524
527
533 535
535
539 541
541 543
543 545
545
549 551
551 553
553 554
554 556
556
560 561
561
565
569 570
570 572
572 574
574 576
576 577 578
577 578 579
578 579 580
579 580 581
580 581 582
581 582 583
582 583 584
583 584 585
584 585 586
585 586 587
586 587
587
590
598
603
609
612 614
614
617
623
626
630 631
631
637 639
639 640 641
640 641
641 643
643 645
645
648
653
659
662
665 667
667 668 669
668 669 670
669 670
670
673 674
674 676
676 677 678
677 678
678 680
680 681 682
681 682
682
685
688 689
689 691
691 693
693 694 695
694 695 696
695 696 697
696 697 698
697 698 699
698 699
699 701
701 703
703 705
705 706
706
709 710 711
710 711 712
711 712
712
715 716
716
721
729
734 735 736
735 736
736
739 740
740 742
742 743 744
743 744
744
747 749
749 751
751
754 756
756
762 763 764
763 764
764 766
766 768
768
771
774 776
776
782
785 787
787
793
796 798
798 799
799
802
805
810 811
811
815 816
816 818
818 820
820
823
829
832
840 841
841 843
843
846
853 854 855
854 855
855
858
862 863
863
866 867
867
872 874
874 875 876
875 876 877
876 877
877
884 885 886
885 886
886
889
894 896
896
900 902
902 903 904
903 904 905
904 905
905
908 909
909
915
919 920
920
923 925
925 926 927
926 927 928
927 928
928
932 934
934 935 936
935 936
936
940 941
941 943
943 945
945 947
947 949
949 951
951 953
953
956
960 961 962
961 962 963
962 963
963 965
965 966
966
970
973 974
974 976
976
980 981 982
981 982
982
988 989
989
993
997
