#naive2.0.py
# GMT Fri Feb 14 13:34:00 2020
# 
4 5
5 7
7 8
8
11 12
12 14
14 15
15
21 23
23
27 28
28
36 37 38
37 38 39
38 39
39 41
41 42
42
45 46 47
46 47
47 49
49 50 51
50 51
51
56 57 58
57 58 59
58 59
59
65 66
66 68
68
72 74
74 76
76 77 78
77 78 79
78 79
79
82
87
90
95 97
97 98 99
98 99 100
99 100 101
100 101 102
101 102
102 104
104 106
106
109
112 114
114 115 116
115 116
116
120 121
121
125 126
126 128
128
131 132
132
143 144 145
144 145
145
151
155 156
156
159
164
168 170
170 171
171 173
173 175
175
178 180
180 182
182 184
184 185
185 187
187 188 189
188 189 190
189 190
190 192
192 193
193 195
195 197
197 198
198
208
214 216
216 217 218
217 218 219
218 219
219
222 223
223 225
225 226
226 228
228 230
230 231 232
231 232
232 234
234 235
235
238 239
239 241
241 242 243
242 243 244
243 244 245
244 245
245 247
247
251 253
253 254
254 256
256 257
257 259
259
262 263
263
267 268 269
268 269
269
275 277
277
280
283 284 285
284 285
285 287
287 288
288 290
290 291
291
294 295
295 297
297
304 306
306 307 308
307 308 309
308 309
309 311
311 312
312
319
322 323
323 325
325 326 327
326 327 328
327 328
328
337 338 339
338 339
339 341
341
347 348 349
348 349 350
349 350
350 352
352
355 357
357 359
359 360
360
364
375 377
377
386
389
394
398 399 400
399 400
400 402
402 403 404
403 404 405
404 405
405 407
407
410 411 412
411 412 413
412 413 414
413 414
414
418 419
419 421
421
425 427
427 428
428
431 432 433
432 433
433
440 441 442
441 442
442
445 447
447
459
462
466 467 468
467 468 469
468 469
469
473 475
475 476
476
484 485 486
485 486
486
489 490 491
490 491
491
494 495 496
495 496
496 498
498 499
499 501
501 502 503
502 503
503
508 509
509
514 515
515 517
517 518
518
524 525
525 527
527 528
528 530
530
535
542
545 546 547
546 547 548
547 548
548
552 554
554 555
555
558 560
560
564 566
566 567 568
567 568
568 570
570 571 572
571 572
572 574
574 576
576 577
577 579
579
587 589
589 591
591
595
598
601 602
602 604
604 606
606
609 611
611 612 613
612 613
613
616 618
618 620
620 622
622 624
624
627 628
628 630
630
638
641 643
643 644
644
647 649
649
653 655
655 657
657
662 664
664 665
665 667
667 669
669 671
671 672
672 674
674
678 680
680
683 684 685
684 685 686
685 686
686
689 691
691
695
698 699
699
703 704 705
704 705 706
705 706 707
706 707
707 709
709 711
711
715 717
717
731
734 736
736 737
737 739
739 741
741
744
747 748 749
748 749
749 751
751 752
752 754
754 755
755
758 759 760
759 760 761
760 761
761
764 765 766
765 766
766
769
772 773 774
773 774 775
774 775 776
775 776
776 778
778 779 780
779 780 781
780 781
781 783
783
786 787
787
793 794 795
794 795
795 797
797
800 802
802 803
803 805
805
808
811 813
813
816 818
818 820
820 821 822
821 822 823
822 823 824
823 824 825
824 825
825 827
827 828 829
828 829
829
832 833 834
833 834
834
837
841 842
842 844
844 845
845
848 849
849 851
851 852
852
856 857
857
860 861 862
861 862
862
867
870 871 872
871 872
872 874
874
878 880
880 882
882 883 884
883 884
884
889
893 895
895
899 900
900 902
902
906
911 912 913
912 913
913
919 920 921
920 921
921
924 925 926
925 926 927
926 927 928
927 928
928 930
930 931
931
937
940 941 942
941 942
942
948
951 953
953 954
954
958 960
960
963 964 965
964 965
965
970 972
972
977 979
979 980
980
984
987
990
993 995
995 996 997
996 997
997
