#naive2.0.py
# GMT Fri Feb 14 13:33:58 2020
# 
0 1 2 998
1 2 3
2 3
3
7
10
13 15
15
18
21 22
22
25 26 27
26 27
27 29
29
32 34
34
40
43 45
45 46 47
46 47 48
47 48 49
48 49
49
52 54
54 55 56
55 56 57
56 57
57 59
59 61
61 63
63 64
64
69
72 74
74 76
76 77 78
77 78
78 80
80 81
81 83
83 84
84
87 89
89 91
91 92
92 94
94 95 96
95 96
96
100 101
101
105 106 107
106 107
107
112 114
114 116
116 117 118
117 118 119
118 119 120
119 120
120
126
130 131
131 133
133 135
135 136
136
139
143
149 150
150
154 156
156
160 161
161 163
163 164
164
167 168
168 170
170
174 175 176
175 176
176 178
178 179
179 181
181 183
183 184 185
184 185 186
185 186 187
186 187 188
187 188
188 190
190 191 192
191 192
192
196 197
197
203 205
205 207
207 208 209
208 209
209 211
211 212
212 214
214 215
215 217
217
221 222 223
222 223 224
223 224
224
227
230
233
236 237 238
237 238
238
242 243 244
243 244
244
247
250 251 252
251 252 253
252 253
253 255
255 256 257
256 257
257 259
259 260
260
264 266
266 267 268
267 268 269
268 269
269
272 274
274 275 276
275 276
276
279
282 283 284
283 284 285
284 285
285
289 290
290 292
292 294
294 295 296
295 296
296
300 301
301
305 306
306 308
308
311 312
312
317 319
319 320
320
326 327
327 329
329 330 331
330 331
331 333
333
337 338 339
338 339
339 341
341
345
350 351 352
351 352 353
352 353
353
358
365 366
366
372 373 374
373 374 375
374 375
375 377
377 378
378
381 383
383
386 388
388 389
389 391
391 392 393
392 393
393 395
395 396 397
396 397
397
400
405 406 407
406 407
407
411
416
419
422 424
424 426
426
432 434
434
438
441
445 447
447 448
448
451 452
452 454
454 455 456
455 456
456 458
458 460
460 462
462 464
464
468 470
470 471 472
471 472 473
472 473
473 475
475 477
477
481
484 485 486
485 486 487
486 487
487
490 492
492 493
493
498 499 500
499 500
500 502
502
505 506
506 508
508
513 514
514 516
516 517
517
522
529 530
530 532
532 534
534 535
535 537
537
541 542
542
545
548
551 553
553 554 555
554 555 556
555 556 557
556 557
557 559
559 560
560
565 566
566
569 571
571 572
572 574
574 575 576
575 576
576
583
586 588
588 590
590 591 592
591 592 593
592 593
593
600 602
602
607
611
614 615
615 617
617
620 622
622 623
623 625
625 627
627 628
628
637 639
639
642 643 644
643 644 645
644 645
645
648 649 650
649 650
650
655 656
656 658
658
663 664 665
664 665
665 667
667 669
669 670
670
674 676
676
680 682
682 683
683 685
685 686
686 688
688
691
695
698
704 705 706
705 706 707
706 707
707 709
709
713 714
714 716
716 717 718
717 718
718 720
720 721 722
721 722 723
722 723
723 725
725 726
726 728
728 729 730
729 730
730
733 734 735
734 735
735
738 740
740 741
741
746 747
747
750
754 755 756
755 756 757
756 757 758
757 758 759
758 759
759
765 766
766
773 774 775
774 775 776
775 776 777
776 777 778
777 778
778
781 782 783
782 783 784
783 784
784
787
790
794 795 796
795 796 797
796 797 798
797 798 799
798 799 800
799 800
800
806 807 808
807 808 809
808 809 810
809 810 811
810 811 812
811 812
812 814
814 815 816
815 816
816 818
818 819
819 821
821 823
823 824 825
824 825
825 827
827 828
828 830
830 832
832 834
834 836
836
843
846
849 850 851
850 851 852
851 852
852
857
860 862
862
871 872 873
872 873 874
873 874 875
874 875
875
880
884 885
885 887
887 888
888
891
896 898
898 899
899
904 906
906 907 908
907 908
908
911 912
912 914
914 916
916
919
923 924
924 926
926 928
928 929
929
932 934
934 935 936
935 936
936
941 942
942 944
944
948 950
950 951 952
951 952 953
952 953 954
953 954 955
954 955
955
960 961
961 963
963
966 967 968
967 968
968 970
970 971
971
974
980
983 984 985
984 985 986
985 986 987
986 987
987
995 997
997 998
998
