#naive2.0.py
# GMT Fri Feb 14 13:33:58 2020
# 
0 998
3 4 5
4 5
5
12 13
13 15
15 16
16
22 23
23
26
30 32
32 33 34
33 34 35
34 35
35
40 41
41
48
52 53
53 55
55 56
56 58
58
61 63
63 64
64
69 70 71
70 71 72
71 72
72 74
74 75 76
75 76 77
76 77
77 79
79 80 81
80 81 82
81 82
82
85
92 94
94 95 96
95 96 97
96 97
97
101 103
103 104 105
104 105
105 107
107
110 111 112
111 112
112
115 117
117 118
118 120
120 121
121
125
129 131
131
136 137 138
137 138 139
138 139
139
143
147 148
148
151 152 153
152 153
153 155
155 156
156 158
158 160
160
163
167 168 169
168 169 170
169 170
170 172
172
175
179 180
180 182
182 184
184 186
186 187
187
190 191
191
194 196
196 197
197
206 208
208 210
210
213 214
214
217 219
219 220
220
223 224 225
224 225 226
225 226
226 228
228
231 233
233
237 238
238 240
240
245 246
246
249 250
250
253 255
255 256 257
256 257
257
263 264
264 266
266
272 274
274
277
281 283
283
287 288 289
288 289 290
289 290
290
293 294 295
294 295 296
295 296 297
296 297
297
302 303 304
303 304
304 306
306 307 308
307 308
308
312 313 314
313 314
314 316
316 317
317 319
319
322 323
323 325
325 326 327
326 327 328
327 328
328 330
330 331 332
331 332
332 334
334
337 339
339 340
340 342
342 344
344
348 349
349 351
351 352
352 354
354 356
356 358
358 360
360 361 362
361 362
362
365 366
366
369 370 371
370 371
371 373
373 374 375
374 375
375 377
377 378 379
378 379
379 381
381 382 383
382 383 384
383 384 385
384 385
385
391
394 396
396 398
398 399 400
399 400 401
400 401
401 403
403 405
405 406 407
406 407
407 409
409
412 413
413
416 418
418
423 424 425
424 425 426
425 426
426
429
434
438 439 440
439 440
440 442
442 444
444 446
446 448
448 449
449 451
451 452 453
452 453
453 455
455 456 457
456 457
457 459
459 461
461 462
462 464
464 465
465
470 471 472
471 472 473
472 473 474
473 474 475
474 475
475 477
477 479
479 480
480 482
482
486 487
487
490
496 498
498 499 500
499 500
500 502
502 504
504 505
505
509 511
511
514 515
515
521 523
523 524 525
524 525 526
525 526 527
526 527
527 529
529
534
537 539
539
543 545
545 546
546 548
548 550
550 551
551 553
553 554
554
558 559
559 561
561
564 565
565
572 574
574 575
575
578 580
580 582
582 584
584 585 586
585 586 587
586 587
587
591 592
592
596
599
602 603 604
603 604 605
604 605
605 607
607 608
608 610
610 612
612 613
613 615
615 617
617 618 619
618 619
619 621
621 623
623
626 627
627 629
629 630 631
630 631 632
631 632
632
635 636 637
636 637 638
637 638 639
638 639
639
642 643
643
650 652
652
657 658
658
663 664 665
664 665
665 667
667 668 669
668 669
669
673
677 678
678 680
680 681 682
681 682 683
682 683 684
683 684
684 686
686
694 695 696
695 696
696
699
706 707
707 709
709 711
711
715 716
716
719 720 721
720 721 722
721 722 723
722 723
723 725
725 727
727 729
729 730 731
730 731
731
736 738
738
743
754
758 759
759
767 769
769 770 771
770 771 772
771 772
772
776 778
778
782
785 786
786
789 791
791
794
798 800
800 802
802
807 809
809 811
811 812
812 814
814 816
816
819 821
821 823
823
828 830
830
834 835 836
835 836 837
836 837 838
837 838 839
838 839
839
846 848
848 849 850
849 850 851
850 851 852
851 852
852
855
863 865
865
869 870 871
870 871
871
875
878
882 884
884 886
886 887 888
887 888 889
888 889 890
889 890 891
890 891
891 893
893
896
899 900
900
905 906 907
906 907
907
910 911 912
911 912 913
912 913
913 915
915 916 917
916 917
917 919
919 920 921
920 921 922
921 922
922
926 928
928 929
929 931
931
935 936 937
936 937 938
937 938 939
938 939
939
944 945 946
945 946 947
946 947
947 949
949 950 951
950 951
951 953
953 954 955
954 955 956
955 956
956 958
958 959 960
959 960 961
960 961
961
965
968 969 970
969 970 971
970 971 972
971 972 973
972 973 974
973 974 975
974 975
975
980
985
992 993 994
993 994
994 996
996 998
998
