#naive2.0.py
# GMT Fri Feb 14 13:33:57 2020
# 
0
8
14 15
15 17
17 19
19 20
20
24 25
25 27
27 28
28
31 32 33
32 33
33
36 37
37
40 41
41
45 46
46 48
48 50
50 51
51 53
53 54
54 56
56
59 61
61 62
62
67
70 72
72
77 79
79 81
81
86
89
92
95 96 97
96 97 98
97 98
98 100
100
103
107
112
115 116
116 118
118 119 120
119 120 121
120 121 122
121 122
122
125 127
127
130 132
132 134
134
137 138 139
138 139 140
139 140 141
140 141
141 143
143 144
144
148 150
150 151
151
154 156
156
161 163
163 164 165
164 165
165 167
167 169
169 170 171
170 171
171 173
173
180 182
182 184
184 185 186
185 186 187
186 187
187
193 194 195
194 195
195
204 206
206 207 208
207 208
208 210
210 211
211
217
223 225
225
232 233
233 235
235 236 237
236 237
237
248 249
249
253 254
254 256
256 258
258 260
260
265
271 272
272 274
274 275 276
275 276
276 278
278
281
284 286
286 287 288
287 288 289
288 289
289
294
300 301 302
301 302
302
306 307
307
312 313
313 315
315 316
316
319
322 324
324
328 329 330
329 330 331
330 331
331
339 340
340 342
342 343 344
343 344 345
344 345 346
345 346
346
350
354 356
356 357 358
357 358 359
358 359
359 361
361 363
363
368
371 372 373
372 373
373
376 377
377
382
388 389
389 391
391 392
392
396 397 398
397 398
398 400
400
404 405
405
408 409
409 411
411 412 413
412 413
413 415
415 416
416
419
422 424
424 425 426
425 426 427
426 427
427 429
429 430
430 432
432
435 437
437
442 444
444
447 449
449 451
451
454
457 459
459 461
461 462 463
462 463
463
470
474 476
476 477
477
481 482 483
482 483 484
483 484 485
484 485
485
490 491
491 493
493 494
494
498 499 500
499 500
500
503 504 505
504 505
505 507
507 508 509
508 509 510
509 510 511
510 511
511
514
518 519 520
519 520
520
525 526
526
535 536
536 538
538 539 540
539 540
540
545 547
547
551 552 553
552 553
553 555
555
563 564 565
564 565 566
565 566 567
566 567 568
567 568 569
568 569 570
569 570
570 572
572 573
573 575
575 577
577 578
578
581 582
582 584
584 586
586 588
588
591 593
593 595
595 596
596
599 601
601
606 607
607 609
609 610
610
614 615 616
615 616 617
616 617 618
617 618 619
618 619 620
619 620 621
620 621 622
621 622 623
622 623
623
626 627
627 629
629
633 634
634 636
636 637 638
637 638 639
638 639 640
639 640 641
640 641 642
641 642
642 644
644 646
646 647
647
656
663 664 665
664 665
665
669 671
671 672
672
676 677
677
681 682
682
686
692
697 698
698 700
700 701 702
701 702 703
702 703 704
703 704 705
704 705
705
708 709
709
713 714
714 716
716 718
718 719
719
722 723
723
728 729
729 731
731 733
733 734
734
742
745
749 750 751
750 751
751 753
753 754
754
757
761 763
763 764 765
764 765
765
769 770 771
770 771
771 773
773
778 779
779 781
781 782
782
787
792
796
800
805 806
806 808
808 809
809 811
811
815
818 819 820
819 820
820
823 825
825
828 830
830 832
832 834
834 835 836
835 836
836
842 844
844 845
845 847
847 849
849
854 856
856
859 860 861
860 861 862
861 862 863
862 863
863 865
865 866 867
866 867 868
867 868 869
868 869
869 871
871 872
872
875 877
877 878
878 880
880
883 885
885 886 887
886 887
887
890 892
892 893
893
898
903 904
904
909
912
916
919 920
920
923
928
932 933 934
933 934 935
934 935
935 937
937
941 943
943 944
944 946
946 948
948 950
950 952
952
955 956
956
960
963
966 967 968
967 968 969
968 969 970
969 970
970 972
972 973 974
973 974 975
974 975 976
975 976
976
979 980 981
980 981
981
984 985
985
992 993 994
993 994 995
994 995
995
