#naive2.0.py
# GMT Fri Feb 14 13:34:01 2020
# 
0 2 998
2 3
3
6
11
14
17
20
23 25
25
32 33
33 35
35
39
45 46
46 48
48 49 50
49 50
50 52
52 54
54 56
56 57
57 59
59 60 61
60 61 62
61 62 63
62 63
63
67 68 69
68 69 70
69 70 71
70 71
71 73
73 74 75
74 75 76
75 76
76 78
78
84
87 88 89
88 89
89
95 96
96
99
104 106
106 107
107 109
109 111
111
114 115
115
120 122
122 124
124 125
125
136 137 138
137 138 139
138 139
139 141
141
146
149 150
150
154 155
155
158 159 160
159 160
160
166 168
168 169 170
169 170 171
170 171 172
171 172 173
172 173
173 175
175 177
177 179
179 181
181 183
183
186 187
187 189
189 191
191
196
203
206 207
207
210 211 212
211 212 213
212 213 214
213 214
214 216
216 217 218
217 218
218 220
220 221
221
224 225 226
225 226
226
229
232
238 239
239 241
241 242 243
242 243 244
243 244 245
244 245 246
245 246
246
250 251 252
251 252
252
255 256
256
260
268 269
269
273 275
275 276 277
276 277 278
277 278 279
278 279 280
279 280
280
283 285
285 286 287
286 287 288
287 288
288 290
290 292
292 294
294
299
303
306 307 308
307 308
308 310
310 311 312
311 312
312
317
323
328
332
335
338 339
339 341
341
347 349
349 350 351
350 351
351 353
353
356
365 366 367
366 367 368
367 368 369
368 369 370
369 370 371
370 371 372
371 372
372 374
374 375 376
375 376
376 378
378
381
387 388 389
388 389 390
389 390
390 392
392 393
393 395
395 396
396 398
398
401 403
403 404 405
404 405
405
409 410
410 412
412 414
414
417 418 419
418 419 420
419 420
420 422
422
425 426 427
426 427
427
435
438 439
439
442 443 444
443 444
444
447
451
456 457
457
461
467 468
468 470
470
473 474 475
474 475 476
475 476
476
479 480 481
480 481 482
481 482 483
482 483
483 485
485 486 487
486 487 488
487 488
488
492 494
494
497 499
499 500
500 502
502 503
503 505
505
510 512
512
517 518
518 520
520 522
522 523
523
526
534 535 536
535 536 537
536 537 538
537 538 539
538 539
539
544
547
550 552
552 554
554 556
556 557
557
561 563
563
566 567
567
576 577
577
580 582
582
587 589
589
592 593 594
593 594 595
594 595 596
595 596
596
600
603 604 605
604 605
605
614
619 621
621
625 626
626 628
628 630
630 632
632 633
633
636 637
637 639
639 641
641
648 650
650
654 655 656
655 656
656
661 662
662
668 669 670
669 670 671
670 671 672
671 672
672
675
679
682 683 684
683 684
684
687 688 689
688 689
689
692
698 699 700
699 700
700
703 705
705 706
706
710 711 712
711 712
712
716
720
726 727 728
727 728
728 730
730 731 732
731 732
732 734
734 735 736
735 736
736
739 740
740
743 745
745 746
746
749
756 758
758
762 764
764
768 769 770
769 770
770 772
772
777 779
779
783 785
785 786
786
789 791
791 792 793
792 793 794
793 794 795
794 795
795 797
797
802 804
804 805
805
808 809
809
813 814 815
814 815
815
818
824 826
826
833
836 838
838 840
840 841 842
841 842
842 844
844
847
851 852
852
855 856
856 858
858
863 865
865
868 869
869
873 874 875
874 875
875 877
877 878
878 880
880 881
881 883
883 885
885 887
887 888 889
888 889
889
893 894 895
894 895
895 897
897 898
898 900
900 902
902
905 907
907 909
909
913 914 915
914 915
915 917
917 918
918
922 923 924
923 924
924
927 929
929
933 935
935 937
937 939
939
942 943 944
943 944
944 946
946 947 948
947 948
948 950
950 952
952 954
954 955 956
955 956 957
956 957
957
960 961
961 963
963
966 967
967
971 972 973
972 973
973 975
975 976 977
976 977
977
984
988
995 996
996 998
998
