#naive2.0.py
# GMT Fri Feb 14 13:34:04 2020
# 
1 2 3
2 3 4
3 4
4 6
6 7
7
10 11
11 13
13 15
15 16 17
16 17
17 19
19 20
20 22
22 23
23
26 28
28
31 32
32
35
38 39
39 41
41 42
42 44
44 45
45
48 50
50 52
52 54
54
57 59
59 60 61
60 61
61
64 65
65 67
67 69
69 70
70 72
72 73
73 75
75 76 77
76 77 78
77 78
78 80
80 82
82
85 87
87
92 94
94
98 99 100
99 100
100 102
102
105 107
107 108 109
108 109 110
109 110
110
115 116
116 118
118 119 120
119 120 121
120 121
121
126
130 132
132
143 145
145 146
146
149 150
150 152
152
157 158
158 160
160 162
162 163
163
167 169
169 170 171
170 171
171 173
173
176 177
177
180
188 190
190 191
191
201
205
208
211 212
212 214
214
218 220
220 221 222
221 222 223
222 223
223 225
225
230 231 232
231 232 233
232 233
233
238
243 245
245 246 247
246 247 248
247 248
248 250
250 251
251 253
253 254 255
254 255 256
255 256
256
262
267 269
269 270 271
270 271
271
276 277 278
277 278 279
278 279
279
282 283 284
283 284 285
284 285
285 287
287 289
289 290 291
290 291 292
291 292
292 294
294 296
296 297
297 299
299 300
300
303 304
304 306
306
310 312
312 313 314
313 314
314
317
320
323 324 325
324 325 326
325 326
326 328
328 329 330
329 330 331
330 331
331 333
333
337 339
339 341
341 342 343
342 343 344
343 344 345
344 345 346
345 346 347
346 347
347
351 353
353
356 357
357
361
365
368 369 370
369 370 371
370 371
371 373
373 374 375
374 375 376
375 376
376
380
384 386
386 388
388 389 390
389 390
390
395 397
397
403 405
405 406
406 408
408 409 410
409 410
410 412
412 413 414
413 414 415
414 415 416
415 416 417
416 417 418
417 418
418
421 422
422
426
431 432
432 434
434 435 436
435 436
436 438
438
444 445
445
448 450
450 451
451 453
453
460 461
461 463
463 465
465 466 467
466 467
467
470 471 472
471 472 473
472 473 474
473 474 475
474 475 476
475 476
476
481 483
483 484
484 486
486
491 492
492
495 497
497 498
498 500
500 502
502 503
503 505
505 506 507
506 507
507
511
514 516
516 517
517 519
519 520
520 522
522 523
523
526 528
528 530
530
535 536
536
539
543
547 549
549 550
550 552
552 553
553
557
561
566 567
567 569
569
572 574
574 575
575 577
577
580
584 586
586 588
588
593
596 597 598
597 598
598
603
608 609
609
615 617
617
620 621 622
621 622 623
622 623
623
626 627 628
627 628
628 630
630
633 634 635
634 635
635
639 641
641 642
642
650
658 660
660 662
662 663
663
669
672
677 678
678 680
680
686 687
687
690
695 696
696 698
698
702
705 706
706
710
714 715 716
715 716
716
719 721
721
724 725 726
725 726
726
732
735 737
737 739
739
745
752 753 754
753 754 755
754 755 756
755 756 757
756 757
757
760 762
762 763 764
763 764
764
767 769
769
772
775 776 777
776 777 778
777 778 779
778 779
779 781
781 782
782 784
784 785
785 787
787 788
788
798 799 800
799 800
800
806 807 808
807 808
808
811 812 813
812 813 814
813 814 815
814 815 816
815 816
816 818
818 819 820
819 820
820
823 824
824
827 829
829 830
830
833 835
835
838 839
839 841
841 843
843 844 845
844 845 846
845 846 847
846 847 848
847 848
848 850
850 851 852
851 852 853
852 853 854
853 854 855
854 855
855 857
857 859
859 860
860
863 864 865
864 865
865
868 869
869 871
871 872
872 874
874 875
875
879 880 881
880 881 882
881 882
882
886
890 891
891
895
900 901 902
901 902
902
907 909
909 911
911
915 917
917 918 919
918 919
919 921
921
929 930 931
930 931
931 933
933
936 937 938
937 938
938 940
940 941
941
944 945
945
949 950 951
950 951
951
955 956
956 958
958
963
967
970
974 975
975 977
977 979
979
986 987 988
987 988
988 990
990
996 998
998
