#naive2.0.py
# GMT Fri Feb 14 13:34:04 2020
# 
0 2
2 3
3
8
12 13
13 15
15
20 22
22
26 28
28 29 30
29 30
30 32
32 34
34 35
35
39
43
47 48 49
48 49 50
49 50
50
54 55 56
55 56 57
56 57
57
60 61 62
61 62 63
62 63
63
66 68
68 69 70
69 70 71
70 71
71 73
73 74 75
74 75
75
78
84
87 88 89
88 89
89
93 94 95
94 95
95
102
105 106 107
106 107 108
107 108
108
111 113
113 114
114 116
116
125
130 132
132
135 136
136
139
145
150
154
157 159
159 160 161
160 161
161
166 167 168
167 168
168 170
170 172
172
176 178
178 179
179
183 184 185
184 185
185
188 189
189 191
191
195 197
197 198 199
198 199 200
199 200 201
200 201 202
201 202
202
205 206
206 208
208
211 213
213 214
214
217 218 219
218 219
219
222
225 227
227 229
229 230
230 232
232 234
234 236
236 237 238
237 238
238
241 243
243 245
245 246
246 248
248 249
249
252 253 254
253 254 255
254 255
255 257
257 258
258 260
260
264
267 269
269 271
271 273
273 274
274 276
276
279 280
280
284 285 286
285 286
286
289 291
291 292 293
292 293
293
299
302 304
304
309 310
310 312
312 313 314
313 314 315
314 315
315 317
317 318 319
318 319 320
319 320
320
324
327
330 332
332
336 338
338 340
340 341
341 343
343 345
345 346 347
346 347
347
350 352
352 353 354
353 354
354 356
356 357 358
357 358
358
363 364 365
364 365
365 367
367 368
368 370
370 372
372 373
373 375
375 376 377
376 377
377 379
379 380
380
385
389 390 391
390 391
391 393
393
397 398
398
401
406
409
412 413 414
413 414
414
417
424 425 426
425 426 427
426 427
427 429
429
432 433 434
433 434 435
434 435
435
439
443 444
444
448 450
450 452
452 453 454
453 454 455
454 455 456
455 456
456 458
458
461 462 463
462 463
463
467 468
468
475 477
477 478
478 480
480 481 482
481 482
482 484
484 485
485
492 493
493 495
495
499 500
500
503 504
504
516 518
518 519
519 521
521 522
522
525 526 527
526 527
527 529
529 531
531 532
532 534
534 535 536
535 536 537
536 537 538
537 538 539
538 539 540
539 540 541
540 541 542
541 542 543
542 543 544
543 544
544 546
546 547 548
547 548 549
548 549 550
549 550 551
550 551
551
554 555 556
555 556 557
556 557 558
557 558
558
561 562
562 564
564 565 566
565 566
566 568
568 569 570
569 570
570 572
572 574
574
577 578 579
578 579
579
582
585
589 591
591
594
597 598 599
598 599 600
599 600
600 602
602 603
603
610 612
612
615 617
617
620 621
621 623
623
626 627
627
630
635 636
636
640
645 647
647
650 652
652 654
654 655
655
658
661 662 663
662 663
663
666
672 673 674
673 674 675
674 675
675 677
677 678 679
678 679 680
679 680
680 682
682
688 689 690
689 690
690 692
692 693 694
693 694
694 696
696 698
698 699
699
702
705 707
707 708
708 710
710 711 712
711 712 713
712 713 714
713 714
714
719 720 721
720 721 722
721 722 723
722 723 724
723 724 725
724 725 726
725 726 727
726 727
727
734 736
736
740
743
746 748
748 749
749 751
751 752
752
756
759 760
760 762
762 764
764 765
765
768
772 773 774
773 774 775
774 775
775 777
777 778
778
782 784
784 785 786
785 786
786 788
788 789
789
793 795
795
798 799 800
799 800
800
804 805 806
805 806 807
806 807 808
807 808 809
808 809
809 811
811 813
813 814 815
814 815
815 817
817
820 821
821
828
831 832 833
832 833
833 835
835
839 841
841
844 846
846 847
847
850 851 852
851 852 853
852 853 854
853 854
854
860 861
861 863
863 864
864
867
870 871 872
871 872
872
876 877
877 879
879 881
881 882 883
882 883 884
883 884
884 886
886
896
899 900 901
900 901 902
901 902 903
902 903
903 905
905 906
906
909 910
910 912
912
916 917 918
917 918
918 920
920
925
929 930 931
930 931
931
934 935 936
935 936
936
940
943
946 947 948
947 948 949
948 949 950
949 950 951
950 951 952
951 952
952
955 956 957
956 957 958
957 958
958 960
960
964
967 969
969
976 978
978 979 980
979 980 981
980 981
981 983
983 984 985
984 985
985 987
987
990 992
992 993
993
