#naive2.0.py
# GMT Fri Feb 14 13:34:04 2020
# 
0 999
3 5
5 7
7 8 9
8 9
9
16
21 22
22
25 26
26
32
37 38
38
41 43
43 44 45
44 45
45
55 56
56 58
58 59
59
62 63 64
63 64 65
64 65 66
65 66
66
72 73 74
73 74
74 76
76 77
77 79
79
84 85
85 87
87 88 89
88 89 90
89 90 91
90 91 92
91 92 93
92 93
93 95
95 96
96 98
98
101 102 103
102 103
103 105
105 107
107 108
108 110
110
113 115
115 117
117 119
119 120 121
120 121 122
121 122 123
122 123 124
123 124 125
124 125
125
128 129
129
135 136 137
136 137
137 139
139 140
140
144 146
146 147
147
151
154
161 162
162
166 168
168
171 173
173
176
185
188 189
189 191
191 193
193 194
194 196
196 197
197
200 201 202
201 202
202
206 207
207 209
209 210
210
214 216
216 218
218 220
220 222
222
228 229 230
229 230 231
230 231
231
236 238
238
243 244 245
244 245
245 247
247 249
249 250 251
250 251 252
251 252 253
252 253
253
258 260
260
268 270
270 271 272
271 272
272 274
274
282 283 284
283 284
284
287 288 289
288 289
289
294 295
295
298 300
300 301 302
301 302
302
306
316 317
317
322 324
324 325
325
328 329
329 331
331 332
332
336 338
338 340
340
343
348 349
349
355 356
356
360 362
362 364
364 366
366 367
367
372 374
374 375 376
375 376
376 378
378 379 380
379 380
380
386 387
387
391 392 393
392 393
393 395
395 396
396
399 400 401
400 401 402
401 402
402
407 409
409 411
411 412
412
416 417
417 419
419 420 421
420 421 422
421 422
422
425 426
426
429
435 436 437
436 437
437
445 446
446
449
452 454
454
464 466
466 467 468
467 468
468
472 474
474 476
476 477 478
477 478
478 480
480 482
482 483 484
483 484
484 486
486 487 488
487 488
488 490
490 491
491 493
493 495
495
498 499 500
499 500 501
500 501
501
511 512 513
512 513 514
513 514 515
514 515
515 517
517
521
524 526
526 527
527
530
535 536 537
536 537
537 539
539 540
540 542
542 543 544
543 544
544
548
553
566 567 568
567 568 569
568 569
569
572 574
574
580 582
582 583 584
583 584
584
589 590 591
590 591
591 593
593 595
595 597
597 598
598
603 605
605
608
613 614 615
614 615
615
619
627 629
629 630
630
633
636
639 641
641 642 643
642 643
643
649
654 656
656 657 658
657 658
658
661 663
663 665
665 666
666
669 670
670
674
677
682 683
683 685
685 686
686 688
688 689 690
689 690
690 692
692 693 694
693 694
694
697 698
698 700
700 702
702 703
703 705
705 706
706
710 711
711 713
713
717
721 722 723
722 723 724
723 724 725
724 725
725
729 731
731 732 733
732 733 734
733 734
734
737 739
739 740
740
744 746
746
751
754 755
755
760
763 765
765
770 771 772
771 772
772
775 776 777
776 777
777
780
784
788 789 790
789 790 791
790 791
791
795 797
797 799
799
802 803
803 805
805 806 807
806 807
807
813 815
815
819 820 821
820 821 822
821 822 823
822 823
823
827
834 835 836
835 836 837
836 837 838
837 838 839
838 839
839
845
851 852 853
852 853
853
861 862 863
862 863
863
866 867
867
871 872 873
872 873
873
878
882 883 884
883 884 885
884 885
885
888
891 892 893
892 893
893 895
895 896
896 898
898
901
905
908 909 910
909 910
910 912
912
921 923
923 924
924
928 929 930
929 930
930
936 937 938
937 938
938 940
940 942
942
946
950 951 952
951 952
952
955
958
961 962 963
962 963 964
963 964 965
964 965
965
968 970
970 971
971 973
973
976 977
977
980
983 984
984 986
986 988
988 989
989 991
991 992
992
995 997
997 999
999
