#naive2.0.py
# GMT Fri Feb 14 13:34:00 2020
# 
1 3 999
3 5
5
10 11
11
14 15 16
15 16
16 18
18 19
19 21
21
24 25 26
25 26
26 28
28 29 30
29 30
30
34
38 39 40
39 40 41
40 41 42
41 42 43
42 43 44
43 44
44 46
46 48
48 50
50 51 52
51 52 53
52 53 54
53 54
54
59 60
60
63
66 68
68 70
70 72
72 73 74
73 74 75
74 75 76
75 76 77
76 77
77
81 83
83
86 87 88
87 88 89
88 89 90
89 90 91
90 91 92
91 92
92 94
94 95
95
98 100
100 101
101
107
111
115 117
117
120 122
122 124
124 125
125 127
127 128 129
128 129
129
132
135 136 137
136 137
137 139
139 140 141
140 141 142
141 142 143
142 143 144
143 144
144 146
146 147 148
147 148
148 150
150
153 154 155
154 155
155
158
161 162 163
162 163
163 165
165 166 167
166 167
167
172 174
174 176
176 177 178
177 178 179
178 179
179
184
187
191
196 197
197 199
199 200 201
200 201 202
201 202 203
202 203
203 205
205 206
206
209 210
210
213 214 215
214 215
215 217
217 219
219
225
230 231
231
236 237 238
237 238
238
244 246
246
251 252
252 254
254
257 259
259 261
261 263
263 264 265
264 265 266
265 266 267
266 267
267
270 271
271 273
273 274
274
277 278
278
281
285
288
301 303
303 305
305 306
306
309
312 313
313
318
327 328
328
337 339
339 340
340
343 344 345
344 345 346
345 346
346 348
348 349
349
356 358
358 359 360
359 360 361
360 361
361 363
363
366
371
374 376
376 378
378 380
380 382
382 383
383
388
393 394 395
394 395
395 397
397
402 403
403 405
405 407
407 408
408 410
410
413 414 415
414 415
415 417
417 418 419
418 419 420
419 420
420
425 426
426
430 431
431 433
433 435
435
439 441
441 443
443 445
445 447
447
451 452
452 454
454 456
456 457
457
460 461
461
470 471 472
471 472 473
472 473
473 475
475 476
476
479
482 483 484
483 484
484
488 489 490
489 490
490 492
492 494
494 495 496
495 496
496 498
498 500
500 501
501
506 508
508 510
510 512
512 514
514 515 516
515 516
516 518
518 519 520
519 520
520
523 524
524 526
526 527 528
527 528 529
528 529
529
535
539 540
540 542
542 543
543 545
545 547
547
551 552
552
555 557
557
560 562
562
565 566 567
566 567
567 569
569 570
570 572
572 574
574 575 576
575 576
576
579 581
581 582
582
585 586
586
591
595 597
597 598
598
607 608
608
613 615
615 616
616
619
625
628 629
629 631
631 632 633
632 633
633 635
635
639 640 641
640 641 642
641 642
642 644
644 646
646 647 648
647 648
648 650
650
654
661
664 665 666
665 666 667
666 667
667 669
669
672 673
673 675
675 676 677
676 677
677
685
688
692
700 701 702
701 702
702
705 706
706 708
708 710
710 711
711
716 717
717
722 723
723
727
730 732
732 733 734
733 734 735
734 735
735
738 740
740
743 745
745
748
752 753
753
758
763
766 768
768
772 773 774
773 774
774 776
776 777 778
777 778 779
778 779
779 781
781 783
783 785
785 786 787
786 787 788
787 788 789
788 789 790
789 790
790 792
792 793
793
796 798
798 799 800
799 800
800
803 805
805
809
814 816
816 818
818 819 820
819 820
820
823 825
825 826
826
831
834
838
846 847 848
847 848
848 850
850
853
858 859 860
859 860 861
860 861 862
861 862
862 864
864
867
870 872
872 873
873 875
875 876
876
880 881
881 883
883
886
891 892
892
895
899
904 905
905
908 910
910 912
912 914
914 916
916 917 918
917 918 919
918 919
919 921
921 922 923
922 923 924
923 924
924
927 928
928 930
930 932
932 933 934
933 934
934 936
936 937
937 939
939
944 946
946 948
948
951 953
953 955
955 957
957
960
963 964
964
968
977
980 981
981 983
983 985
985
989 990
990
993 994
994 996
996 997 998
997 998 999
998 999
999
