#naive2.0.py
# GMT Fri Feb 14 13:34:03 2020
# 
4 5 6
5 6
6 8
8 9
9
13 14 15
14 15 16
15 16 17
16 17 18
17 18
18
22 23 24
23 24
24
29 30 31
30 31
31
34 35 36
35 36 37
36 37 38
37 38 39
38 39 40
39 40 41
40 41
41
44 46
46
50 52
52 54
54
59
63 64
64
67 68
68
73 74 75
74 75
75 77
77 78 79
78 79
79 81
81 83
83 84 85
84 85
85 87
87
92 93 94
93 94 95
94 95 96
95 96 97
96 97
97 99
99 100 101
100 101
101 103
103 105
105 106 107
106 107 108
107 108
108
111
114 115
115
119 120
120 122
122 123 124
123 124
124 126
126 127 128
127 128 129
128 129 130
129 130
130
133
136
140 142
142 143
143 145
145
149 150
150 152
152
155
158 159 160
159 160 161
160 161
161
169 171
171 172 173
172 173
173
178
181 182 183
182 183
183 185
185
188 190
190 191
191
195
199 200
200
203 204 205
204 205 206
205 206 207
206 207
207
210 212
212
216 217
217 219
219 220 221
220 221 222
221 222
222
226 227 228
227 228
228
231 233
233 235
235 237
237
242 243
243 245
245 247
247 248 249
248 249
249
253
261 262
262
265 267
267 269
269
272 273
273
277 278
278 280
280 282
282
289 291
291 293
293 295
295
299 300 301
300 301 302
301 302
302 304
304 305 306
305 306 307
306 307 308
307 308 309
308 309 310
309 310
310 312
312 313
313 315
315
319 320 321
320 321
321 323
323 324
324
328 329 330
329 330 331
330 331
331 333
333 334 335
334 335
335
338 339
339
343 344 345
344 345 346
345 346
346
352 353 354
353 354
354 356
356 357
357
360 362
362 364
364 365
365
368 370
370 371 372
371 372
372
378 380
380
388 389
389 391
391 392
392 394
394 395
395
398 399
399
406 408
408 409 410
409 410 411
410 411 412
411 412 413
412 413 414
413 414
414
419 420 421
420 421
421 423
423 424 425
424 425
425
429 431
431 432
432
435 436
436 438
438 439 440
439 440
440 442
442 443
443 445
445
449
453
457 458
458
461 462
462 464
464
467 468 469
468 469
469
472 473 474
473 474 475
474 475 476
475 476
476
480 481 482
481 482
482 484
484
494 495
495 497
497 499
499 501
501
504
507 509
509 510
510
514 516
516 517 518
517 518 519
518 519 520
519 520
520
525 526 527
526 527 528
527 528 529
528 529 530
529 530
530
535 536
536
539 540 541
540 541 542
541 542
542
546 547
547 549
549 550 551
550 551 552
551 552 553
552 553
553
557 559
559 560 561
560 561
561 563
563 565
565 566
566 568
568 569
569
574
579 580
580
587 589
589
593 595
595 597
597 598
598 600
600 601
601
604 606
606
610
613 615
615 616
616
619 621
621 623
623 624
624 626
626 627
627
631 632 633
632 633
633
636 637 638
637 638 639
638 639 640
639 640 641
640 641
641 643
643
646 648
648 650
650 651 652
651 652 653
652 653 654
653 654 655
654 655
655 657
657 659
659
667
673
676 678
678 679
679
683 684
684
688
692
695 697
697 698 699
698 699 700
699 700
700
703 704
704
707
710 711
711
716 718
718 720
720 721
721 723
723 724
724 726
726
730 731
731
736 738
738
741
746
752
755
758 759
759
762 764
764 765
765 767
767
770 771
771
775 776
776
780 781
781
785 786
786
790
793 795
795 796
796 798
798 800
800 801
801 803
803 805
805 807
807 809
809
816 818
818 819
819 821
821 823
823 825
825 826
826 828
828 830
830
834 835 836
835 836 837
836 837 838
837 838 839
838 839 840
839 840
840 842
842
846
849
856 857
857
862 864
864 865
865
868 869 870
869 870 871
870 871 872
871 872
872
878 879 880
879 880
880 882
882 883
883
886 887
887
890 892
892 893
893 895
895
899 901
901
904 906
906 908
908 909
909 911
911 912 913
912 913 914
913 914 915
914 915 916
915 916 917
916 917
917
920
927
930 931 932
931 932
932
935 936 937
936 937
937
940
945 946 947
946 947 948
947 948
948 950
950 951
951
954 955
955
958
964 965 966
965 966
966 968
968 969 970
969 970
970
973 974
974 976
976
979 980 981
980 981 982
981 982
982
985
988 989
989
992 993
993 995
995
999
