#naive2.0.py
# GMT Fri Feb 14 13:33:59 2020
# 
1 3 999
3 4
4 6
6 7
7
10 11 12
11 12 13
12 13 14
13 14 15
14 15
15 17
17 18 19
18 19
19 21
21
27 28 29
28 29
29 31
31
34 35
35
39 41
41 42
42 44
44 46
46 48
48
51 52 53
52 53 54
53 54
54 56
56
59 60
60
70 71
71
74 75 76
75 76
76 78
78 79 80
79 80
80
84
87 88 89
88 89
89
93 94 95
94 95 96
95 96 97
96 97 98
97 98
98
101 102
102 104
104 105
105 107
107 108
108
111
115 116
116 118
118 119 120
119 120
120
127 129
129 130 131
130 131
131
136 137
137 139
139 140 141
140 141
141
146
150 151 152
151 152 153
152 153 154
153 154
154
157 158 159
158 159 160
159 160
160 162
162 164
164 165
165 167
167
170 171 172
171 172 173
172 173 174
173 174
174 176
176 177
177
183 185
185 186
186 188
188 190
190 191
191 193
193 194
194 196
196 198
198 200
200 202
202 204
204 205
205
208
213 215
215 216
216
220
223 225
225 226
226
230 232
232
236 237
237 239
239
244
248
255 256 257
256 257
257
264
267 268
268 270
270 271 272
271 272
272 274
274
277
282 284
284 285 286
285 286
286 288
288
292 293 294
293 294
294
302 303
303
308
312 313
313 315
315
321
324
327
332
336 338
338 339 340
339 340
340 342
342 343 344
343 344
344 346
346
349 350
350 352
352
355 357
357 358
358 360
360
366 368
368 370
370 371 372
371 372
372
375 377
377 378
378 380
380 381 382
381 382
382
388 390
390 391
391
396 397 398
397 398 399
398 399
399
402 403
403
406 407
407
410 412
412 414
414 415
415
419
422 423
423
428
437 438 439
438 439 440
439 440
440 442
442
447 449
449 450 451
450 451
451
454
457 459
459 460
460 462
462 464
464 465
465 467
467
471 472
472 474
474 475
475 477
477 478
478 480
480 481 482
481 482 483
482 483
483
486 488
488 489 490
489 490 491
490 491 492
491 492 493
492 493
493 495
495
498 500
500
503
510 511
511 513
513 514 515
514 515
515 517
517
524
527 528
528
533 535
535 536 537
536 537 538
537 538 539
538 539 540
539 540 541
540 541 542
541 542 543
542 543 544
543 544
544
548
551
554
558 560
560 561
561
565 566
566
571
575 576
576
579 580
580
586 587
587 589
589 590 591
590 591 592
591 592
592
597
601 602
602 604
604 605 606
605 606
606 608
608 609 610
609 610
610 612
612
615
619 620 621
620 621
621 623
623 624
624
628
631 633
633 635
635
639 641
641
644
647
650
653 654 655
654 655
655
658 659
659 661
661 663
663 664 665
664 665 666
665 666
666
669 670 671
670 671 672
671 672
672 674
674
678 679
679 681
681 682 683
682 683 684
683 684 685
684 685
685
689
694 696
696 697 698
697 698 699
698 699
699
703 705
705 707
707 708
708 710
710 712
712 714
714
720 722
722
725 726 727
726 727
727
730 731 732
731 732 733
732 733 734
733 734
734
740 742
742 743
743
751 752 753
752 753
753
758 759
759 761
761
765 766 767
766 767
767
772 773
773
776 778
778
782 784
784 785
785
792 793 794
793 794
794
798 799 800
799 800
800 802
802 803
803 805
805
808 810
810
813 815
815 816
816 818
818
821
826 827
827
831
836 837 838
837 838
838 840
840 842
842 843 844
843 844 845
844 845
845
848 850
850 851
851 853
853 854 855
854 855
855 857
857
860 861
861
864 865
865
869 871
871 872
872
875 876
876 878
878 879
879
882
887 888
888 890
890 891
891
895
900 902
902 904
904 905
905
908
914 915
915 917
917 919
919 920 921
920 921 922
921 922
922 924
924 925 926
925 926 927
926 927 928
927 928
928 930
930
933 934
934 936
936
939
943 945
945 947
947 948
948
953
957
961 962
962
968 970
970
973 975
975
979
983 984
984 986
986
990 992
992 994
994 996
996
999
