#naive2.0.py
# GMT Fri Feb 14 13:34:04 2020
# 
4 6
6 8
8
15 16 17
16 17
17
22
26 27
27 29
29
33 35
35 37
37
40 41 42
41 42
42
47
52 53
53
56 58
58 59
59 61
61
65 66
66
69 71
71 73
73 74 75
74 75 76
75 76 77
76 77 78
77 78 79
78 79 80
79 80
80 82
82 83
83
86 88
88
92 93 94
93 94
94
97 99
99 100
100 102
102
109 111
111 113
113 114
114 116
116 117 118
117 118
118
123 125
125 126
126 128
128 129 130
129 130 131
130 131
131 133
133 135
135 136 137
136 137 138
137 138
138
142 143
143 145
145 146 147
146 147
147 149
149
152 153
153 155
155 156 157
156 157
157 159
159
165 167
167 169
169 170
170
174 175
175 177
177 179
179 180 181
180 181
181 183
183 184
184
188 190
190 192
192 194
194 196
196 197 198
197 198
198
201
205 207
207
210 211 212
211 212 213
212 213
213 215
215 217
217 219
219 221
221 222 223
222 223
223 225
225 226
226
229 230
230
235 236 237
236 237 238
237 238 239
238 239 240
239 240 241
240 241 242
241 242
242 244
244 245
245
248
251
255 256
256 258
258 260
260
264 265
265
269 270
270 272
272
275 277
277 279
279 280 281
280 281
281 283
283 284
284 286
286
289 290 291
290 291 292
291 292 293
292 293 294
293 294 295
294 295
295 297
297
301
304 305
305 307
307
310 312
312 313 314
313 314
314
318
321 322 323
322 323
323
328 329
329 331
331 332
332 334
334 335
335 337
337 338 339
338 339 340
339 340 341
340 341 342
341 342
342
349
352 353
353 355
355 356
356 358
358 359 360
359 360 361
360 361 362
361 362
362 364
364 365
365
369 371
371
374
381 383
383
386
389 390 391
390 391
391
394
400 402
402 403
403
406 408
408
413 415
415
419 420 421
420 421 422
421 422 423
422 423 424
423 424 425
424 425
425
431
436 438
438 439
439
444
452 453
453
456 458
458 460
460 461
461
466 467 468
467 468 469
468 469
469
473
476 477 478
477 478 479
478 479
479
483 485
485
491 492 493
492 493 494
493 494 495
494 495
495
500 501
501 503
503 505
505 507
507
511 513
513 514 515
514 515 516
515 516
516
520
523
530 531
531
535 536
536
539 540 541
540 541
541
547 548 549
548 549
549 551
551
555 556 557
556 557 558
557 558 559
558 559
559 561
561 562
562
566
569 570 571
570 571
571
575 577
577 578 579
578 579
579 581
581
585
589
592 593
593
596
599 600
600
605 606 607
606 607 608
607 608
608
612 613
613 615
615 617
617 618
618
621 622 623
622 623 624
623 624
624 626
626 628
628
633 634
634 636
636 637
637 639
639
643 644 645
644 645
645 647
647 648 649
648 649 650
649 650 651
650 651
651
657 658 659
658 659 660
659 660
660
663 664 665
664 665
665
668 670
670 671 672
671 672 673
672 673 674
673 674
674
680
684
687 689
689
692 693 694
693 694 695
694 695 696
695 696
696 698
698
702
706 708
708 709 710
709 710
710 712
712
716 718
718
723
726 728
728 730
730 731
731 733
733 734 735
734 735
735 737
737 738 739
738 739
739
742
750 751
751
754
758 759
759
762 763 764
763 764
764
767 769
769 770
770 772
772 774
774
778
787 788 789
788 789 790
789 790
790 792
792
795 796 797
796 797
797
801 803
803 804
804
807
810 811 812
811 812 813
812 813
813 815
815 816 817
816 817 818
817 818 819
818 819
819 821
821 823
823 825
825 826
826
830 831
831 833
833 834 835
834 835 836
835 836
836
839 841
841 842 843
842 843
843
851 852
852
859
862 863
863
870 872
872 873
873 875
875 877
877 879
879 880 881
880 881
881 883
883 885
885
888 889
889
893
896 897
897 899
899
905 907
907 909
909 910 911
910 911 912
911 912 913
912 913 914
913 914 915
914 915
915
919 920
920
925 927
927 929
929 931
931
935 937
937 938 939
938 939 940
939 940
940 942
942 943 944
943 944
944 946
946
950
953 954
954
957 958
958
962 963 964
963 964 965
964 965
965
971
974 975
975 977
977
982 983
983
991
994 995
995
998 999
999
