#naive2.0.py
# GMT Fri Feb 14 13:34:03 2020
# 
0 2
2 4
4 6
6
10 11 12
11 12
12 14
14 16
16 17 18
17 18
18 20
20 21
21
29 31
31 33
33 34
34 36
36 37 38
37 38
38 40
40 42
42
45 46 47
46 47
47
50
54 55 56
55 56 57
56 57 58
57 58 59
58 59 60
59 60
60 62
62 63 64
63 64
64 66
66 68
68 69 70
69 70 71
70 71
71 73
73
76 77
77
86 87
87 89
89 90
90
93 94
94
97 98
98 100
100 101
101 103
103 105
105 107
107 108
108 110
110 111
111
114 116
116 118
118 119 120
119 120 121
120 121
121
125 126
126 128
128 129
129
138 139 140
139 140
140
144 145
145 147
147 148 149
148 149 150
149 150
150
155 156
156
159
164 165
165
168 170
170 171
171
181 183
183 184 185
184 185 186
185 186
186
190
193
196
201
205 207
207 209
209
212 214
214 216
216 217 218
217 218
218 220
220 221
221
224
228 230
230
233 235
235 237
237 239
239 240
240
247 249
249 250 251
250 251
251 253
253 254 255
254 255
255
258 260
260
263
270 271
271
276 277 278
277 278 279
278 279
279
282 283 284
283 284
284 286
286
289 290 291
290 291
291 293
293
299 301
301 302
302
307 308 309
308 309
309
314
318 320
320
324
328 330
330 331 332
331 332 333
332 333
333 335
335 336 337
336 337 338
337 338
338 340
340 342
342 343 344
343 344 345
344 345
345
348 350
350 351 352
351 352 353
352 353 354
353 354
354 356
356
360 361 362
361 362 363
362 363 364
363 364
364 366
366 368
368 369
369
374
380 381 382
381 382
382 384
384
387 388 389
388 389 390
389 390 391
390 391 392
391 392
392 394
394 396
396 397
397 399
399 400
400
405 406
406
412 413
413 415
415 416
416
422 423 424
423 424
424
427 428
428
431 432 433
432 433 434
433 434
434
438 439
439
442 443
443
447 449
449 450
450 452
452 454
454
457 458 459
458 459 460
459 460
460
463 464
464 466
466
469 471
471 472 473
472 473
473
481
486
489 490
490
493 494 495
494 495 496
495 496 497
496 497 498
497 498
498 500
500 501 502
501 502 503
502 503
503 505
505 506
506 508
508 509
509 511
511 513
513
517 518 519
518 519 520
519 520
520
523 524 525
524 525
525 527
527 529
529 530 531
530 531 532
531 532
532 534
534 535
535
538 539 540
539 540
540
543 544
544 546
546
550 552
552
555
560 562
562 564
564 565
565 567
567 568
568 570
570
575 576
576
579 580
580
583 584
584 586
586 588
588 590
590 592
592 593 594
593 594
594
597 599
599
602 604
604
616 618
618 619 620
619 620
620 622
622 623 624
623 624
624
627 628 629
628 629
629
634
637
640 641
641 643
643
646
650 652
652 653 654
653 654
654
657 659
659 660
660
668 669
669 671
671 672
672
678 679
679
685
693
696
701 702
702
705
708 709
709 711
711
714 715
715
718 720
720
730 732
732 733
733 735
735 736
736
739 740
740
744
747 749
749
752 753
753
758 759
759
763
766 767 768
767 768
768 770
770
773
782
785 786
786 788
788
793 794
794 796
796
800 802
802
806
809 811
811 812 813
812 813 814
813 814
814
821
824 825
825
829 830 831
830 831
831 833
833 835
835 836
836 838
838
847 849
849 850
850
854 855 856
855 856 857
856 857
857
862 863
863
869 871
871 872 873
872 873 874
873 874
874
877
882 883 884
883 884 885
884 885
885 887
887
891 893
893
897 898 899
898 899
899
902 904
904
908 909
909
913 914
914
917 918
918
922 924
924 925
925 927
927 928
928
931 932
932 934
934
939 940 941
940 941
941
944 945
945
948
952 953
953 955
955 956
956 958
958 960
960 961 962
961 962
962
965
968 969 970
969 970 971
970 971 972
971 972
972
976 977
977
981 982 983
982 983 984
983 984
984
989 990 991
990 991 992
991 992
992
997
