#naive2.0.py
# GMT Fri Feb 14 13:33:58 2020
# 
1 2 3 999
2 3
3 5
5 6
6
9 11
11
15 16
16
21
25
35 36 37
36 37
37 39
39 41
41 43
43 44
44
48 49
49
52
55 57
57
63
67 69
69
74 75 76
75 76
76 78
78 79
79
84 85 86
85 86 87
86 87
87
90 91
91
96
100
106 108
108
112 114
114 116
116 117
117 119
119 120 121
120 121
121
124 125
125 127
127 129
129 131
131 132
132
136
141
144 145 146
145 146
146
149
153 154 155
154 155 156
155 156 157
156 157
157 159
159 161
161 163
163 165
165 167
167 168
168 170
170 172
172 174
174 176
176
179
184 186
186 187 188
187 188 189
188 189
189
193 194 195
194 195
195 197
197 198
198 200
200
203 204 205
204 205
205
209 210 211
210 211
211
214 215 216
215 216
216
221 222 223
222 223
223
226 227 228
227 228
228
231 232 233
232 233
233 235
235
238 240
240 242
242
246
249 251
251 252 253
252 253 254
253 254
254
257
260 261 262
261 262 263
262 263
263 265
265 266 267
266 267
267 269
269 270 271
270 271
271
274
277
280
283 284 285
284 285
285
288
291 292 293
292 293 294
293 294 295
294 295
295 297
297 298
298
301 303
303 304
304 306
306
310 312
312
315
318 319
319 321
321
324 325
325
328 330
330
335 336 337
336 337
337 339
339 340 341
340 341
341
344
347
350
353
356
359
363 364 365
364 365
365
368
371
374
378 379
379 381
381 383
383 385
385
390 391
391
394
397 399
399 400
400
404 405
405 407
407 408 409
408 409 410
409 410
410
416
419 420 421
420 421
421
429
434 435
435
439 441
441 443
443 444
444
447
452
457
460 461
461 463
463 464
464
467 468
468
471 473
473 474 475
474 475 476
475 476
476
481
484 485 486
485 486 487
486 487 488
487 488 489
488 489 490
489 490
490 492
492
499 500
500 502
502
509 510 511
510 511
511
514
517 518
518 520
520
524
527
531 532
532 534
534 535 536
535 536
536
539 540 541
540 541
541 543
543 544
544 546
546
549
552 554
554 555
555
558 559 560
559 560
560 562
562 564
564 566
566 568
568
572
575 576 577
576 577 578
577 578 579
578 579
579 581
581 583
583 584 585
584 585 586
585 586
586 588
588 589 590
589 590
590
596 597 598
597 598
598 600
600 602
602 603
603
606
609
612 613 614
613 614 615
614 615
615
618
621 622
622
629 630
630
634 636
636
640 642
642 644
644 645 646
645 646 647
646 647
647 649
649 650 651
650 651
651
655 656 657
656 657 658
657 658 659
658 659
659
662 664
664 665 666
665 666 667
666 667 668
667 668
668
671 672
672 674
674 676
676
679 680 681
680 681 682
681 682
682
685
688
691 692 693
692 693
693 695
695 696 697
696 697 698
697 698 699
698 699 700
699 700 701
700 701
701
704
707 708 709
708 709
709 711
711
715 716
716 718
718 719
719
722 723 724
723 724
724 726
726 727 728
727 728
728 730
730
734
737
741 742 743
742 743
743
746
749
752 753
753
769 770 771
770 771
771
777 779
779 780 781
780 781
781
785
788 790
790 791 792
791 792
792
795 796
796 798
798 800
800 801
801
805
810 811
811 813
813 815
815 817
817 818 819
818 819 820
819 820 821
820 821 822
821 822
822
825 826
826
829 830 831
830 831 832
831 832
832
840 842
842 844
844 846
846 847 848
847 848
848 850
850 852
852 853
853
856 857
857 859
859 860
860
864 865
865
868 870
870
876 878
878 880
880 882
882 883 884
883 884
884
887 889
889 890 891
890 891 892
891 892
892 894
894 896
896 897
897
900 901
901 903
903
906 907 908
907 908
908
913
920 921
921
924 925
925
929
932 933
933
936 937 938
937 938
938
943 945
945 947
947 949
949 950
950 952
952 953
953 955
955
958 959 960
959 960
960 962
962 964
964 965
965
968 969
969 971
971 973
973
976
980 982
982
985 986 987
986 987 988
987 988
988
995 996
996
999
