#naive2.0.py
# GMT Fri Feb 14 13:34:02 2020
# 
0 2 998
2
5 6
6
15
23 24 25
24 25 26
25 26 27
26 27
27 29
29 30
30
33
37 38
38 40
40 42
42 43
43 45
45
50 52
52
57
61 62 63
62 63
63 65
65 67
67 68 69
68 69
69
72 73
73
78 79 80
79 80
80 82
82 83 84
83 84
84
90
94 96
96 97 98
97 98 99
98 99 100
99 100 101
100 101
101 103
103 105
105 106 107
106 107
107
112 113
113
120 122
122 123
123 125
125 126 127
126 127
127
130
135 137
137
140 141 142
141 142
142 144
144
152 154
154 155
155 157
157
160
163 164
164 166
166 167 168
167 168 169
168 169 170
169 170 171
170 171
171
174 176
176 177
177
180 181
181
185 186 187
186 187 188
187 188 189
188 189
189 191
191
195 196
196 198
198 199 200
199 200
200 202
202 203
203 205
205 206
206
209 211
211 212
212
215
221
224 226
226 228
228 229
229
234
237
240
243 244
244 246
246
250 251 252
251 252
252
258 259
259
262 263 264
263 264
264
269 271
271
274
281 283
283
286
289 290
290
293 294 295
294 295
295
299 300 301
300 301
301
306 307 308
307 308 309
308 309
309 311
311 313
313 314
314
322
325 326 327
326 327
327 329
329 330 331
330 331
331
340 341
341
344 345
345
350 351 352
351 352
352
358
361 362
362 364
364 365 366
365 366 367
366 367 368
367 368
368 370
370
375 377
377 378 379
378 379
379
382 383
383
390 391 392
391 392 393
392 393 394
393 394
394
397
403 404 405
404 405
405
408 409
409 411
411
416 418
418 419
419
423
426 428
428 430
430 431
431
434
438
443
447 449
449 450
450
453 454
454
460 461
461
464 466
466 467
467
473 475
475 476
476 478
478
481
484 485 486
485 486 487
486 487
487 489
489 491
491 492 493
492 493
493 495
495
499 500
500
503 504
504 506
506 507 508
507 508
508 510
510 511
511
518
522
525
528
532 533 534
533 534
534 536
536 537
537
540 541
541 543
543
547 549
549 550
550
553 554 555
554 555 556
555 556 557
556 557
557
560 562
562 564
564 566
566
570 571 572
571 572
572
577 578 579
578 579
579
582
587 588
588 590
590 592
592
595
599
604 606
606
609 610
610 612
612
615
618 619
619
622 624
624 625
625 627
627 628
628 630
630 631 632
631 632
632 634
634 636
636 637 638
637 638 639
638 639 640
639 640
640
643 645
645 646 647
646 647 648
647 648
648 650
650 651 652
651 652 653
652 653 654
653 654
654
658 660
660
665 667
667
674 676
676 677 678
677 678 679
678 679 680
679 680 681
680 681
681 683
683
692 693 694
693 694 695
694 695
695
698 700
700 702
702 704
704 706
706 707
707 709
709 710 711
710 711 712
711 712 713
712 713 714
713 714 715
714 715
715
720 722
722 724
724 725 726
725 726 727
726 727
727
730
733 734 735
734 735 736
735 736
736
740 741
741 743
743 745
745 746
746 748
748
751 752 753
752 753
753 755
755 756 757
756 757 758
757 758
758
764 766
766 767
767 769
769
773
777 778
778
781
784 786
786 787
787 789
789
796 797 798
797 798 799
798 799 800
799 800 801
800 801 802
801 802 803
802 803
803
806 807
807
810
813 815
815 817
817
820 821 822
821 822 823
822 823
823
827
832
835 836
836 838
838
841 842
842
848 849
849
854 855
855 857
857
863 864 865
864 865
865
869 870
870
877 878
878
884 885
885 887
887 889
889 891
891 892
892
895
901 902 903
902 903
903 905
905 906 907
906 907
907
910 911
911 913
913 915
915
918 919 920
919 920 921
920 921
921 923
923
928 929
929
932
935 937
937 938 939
938 939
939
942
945
949
952 953
953
956
959
963 965
965 967
967
973 975
975 977
977 979
979 980 981
980 981
981
984 985
985
990
993 994
994 996
996 997 998
997 998
998
