#naive2.0.py
# GMT Fri Feb 14 13:33:58 2020
# 
1 2
2
5
9
21
24 25
25
29 30
30
33 34
34
40
43 45
45 47
47 49
49 50
50
53 54 55
54 55
55 57
57 58
58 60
60 61
61
64 66
66 68
68 69
69
72 74
74
77 78
78
81
85 87
87 88 89
88 89
89 91
91 92
92 94
94 95 96
95 96
96 98
98 100
100
103 105
105 107
107 108
108
111 113
113 114
114 116
116 117
117
122 124
124 125 126
125 126
126 128
128 130
130 131
131 133
133 134 135
134 135 136
135 136 137
136 137
137 139
139 140
140
144 145 146
145 146
146
154 155
155 157
157 158
158 160
160 161
161
164 165
165 167
167 168
168
172 173
173 175
175 176
176
179
183 185
185
189 190 191
190 191 192
191 192 193
192 193
193 195
195 196 197
196 197 198
197 198 199
198 199
199
202
205 206
206 208
208 209 210
209 210
210
217
221 223
223 224
224 226
226 227 228
227 228
228 230
230 231
231 233
233 235
235 236 237
236 237
237
241 242
242 244
244 246
246
249 251
251 252 253
252 253 254
253 254
254
257 258
258 260
260 262
262
265 267
267 268
268 270
270
276 277
277
281 282 283
282 283
283
286
291 292
292 294
294
300 301
301
310
314
318 319
319
322 323 324
323 324
324
327 328 329
328 329 330
329 330
330 332
332 333 334
333 334 335
334 335
335
339
342 344
344 346
346 348
348 349
349
353 354 355
354 355 356
355 356 357
356 357 358
357 358 359
358 359
359
363
370 372
372 373
373 375
375 376
376
380
383
389
392
395
398 400
400 401
401 403
403
406 407
407
410 412
412 413
413
417 418 419
418 419
419 421
421 422 423
422 423
423 425
425 426
426
432 433
433
440
445
448 450
450
453
456 458
458
461 463
463
470 471
471
474 476
476
484 486
486 487 488
487 488
488 490
490 492
492
495 497
497 498 499
498 499
499
503 505
505
508
512 514
514 516
516 518
518 519 520
519 520
520 522
522 523 524
523 524
524
533 535
535 536
536 538
538 539 540
539 540 541
540 541
541 543
543 544
544 546
546 547
547 549
549 551
551
556
560 561
561 563
563
567 569
569
572 574
574 576
576
579 580
580 582
582 584
584 585
585 587
587
593 594
594 596
596 598
598 600
600 601 602
601 602
602
606 607
607
613
618 619 620
619 620 621
620 621 622
621 622
622
630 631 632
631 632
632
636
641 643
643
647
654
658
661 662 663
662 663
663 665
665
668 669 670
669 670 671
670 671
671 673
673 674 675
674 675 676
675 676 677
676 677
677
680 681 682
681 682
682
686 688
688
693 694
694 696
696
705 707
707 708 709
708 709 710
709 710 711
710 711
711
714 715
715
720 721
721
726 728
728
731 732
732
736 737
737
740 741
741
746
750
753 755
755 757
757
764 765
765
770 772
772
775 776
776
779
788 790
790 791 792
791 792
792
796 797 798
797 798
798 800
800 802
802 803
803 805
805
810 811 812
811 812
812
816 818
818 820
820 822
822 823
823
829 830 831
830 831 832
831 832
832
836 838
838
844 846
846
855 857
857 859
859 860
860 862
862 863 864
863 864
864
867 868 869
868 869 870
869 870
870
876 877 878
877 878
878 880
880
883 884
884 886
886
889 890 891
890 891
891 893
893 894 895
894 895
895
898 900
900 901
901
905 906 907
906 907
907 909
909
913 915
915
919 921
921 923
923 925
925
928
934 935
935 937
937 938
938
941
944
948 950
950 952
952 954
954
957
960
963
967
973
985 986 987
986 987
987 989
989 991
991 992
992
997
