#naive2.0.py
# GMT Fri Feb 14 13:34:05 2020
# 
0 1 998
1
4 6
6 7
7
10 12
12 14
14 16
16 17 18
17 18 19
18 19
19
22 23 24
23 24 25
24 25 26
25 26
26
29
33
37 38 39
38 39 40
39 40
40
44 45
45
48 49
49
54 55
55
60 61 62
61 62 63
62 63 64
63 64
64 66
66 67 68
67 68 69
68 69 70
69 70 71
70 71 72
71 72
72 74
74 75 76
75 76
76
80 81
81
86 87
87 89
89 91
91 92 93
92 93
93
97 98
98
103
110 111
111 113
113 114 115
114 115 116
115 116
116
119
123 125
125 127
127
130 132
132
135 136
136 138
138 139 140
139 140
140
145 146
146 148
148 149
149
153
156 157
157
162 163
163
168 169
169
173
176 177
177
181 183
183
188 189 190
189 190
190
193 195
195 196
196 198
198 200
200 201
201
204 205 206
205 206 207
206 207 208
207 208
208 210
210
213
216
219 220
220 222
222 224
224 225 226
225 226
226 228
228 229 230
229 230 231
230 231
231
235 237
237 239
239 241
241 242
242
248 249
249
252 253 254
253 254
254
260 261 262
261 262 263
262 263
263 265
265 266 267
266 267
267 269
269
273 274
274 276
276
285 286 287
286 287 288
287 288
288
291
298
303 304
304 306
306 308
308 310
310 311
311
314 315
315 317
317 319
319 321
321
332 333
333
336
341 343
343
346 347
347
351
357 359
359 360
360 362
362 363
363 365
365 367
367
370
375 376
376
381 383
383
387 388
388
391
395 396 397
396 397 398
397 398
398
402
406 408
408
411
414 415
415 417
417 419
419
425 426
426
430 431 432
431 432
432
439
446 447
447 449
449 450
450 452
452 454
454 456
456 457
457
460
463
466
469 470
470
474 475
475 477
477
481
484
489 491
491 493
493 494 495
494 495
495 497
497 498
498
501
504 505 506
505 506 507
506 507
507
511 512
512
516 517
517 519
519 521
521 523
523
527
531 532 533
532 533
533 535
535 536
536 538
538 540
540 541
541 543
543
548 550
550 551 552
551 552 553
552 553 554
553 554 555
554 555 556
555 556 557
556 557
557
560
565 566
566
570 571 572
571 572
572 574
574 575
575
578
581 582 583
582 583
583 585
585 586
586 588
588 589 590
589 590
590
594 595
595 597
597
600 602
602 604
604 606
606 608
608 610
610
616 617 618
617 618 619
618 619
619 621
621 622 623
622 623
623
626 627 628
627 628
628
631 632 633
632 633 634
633 634 635
634 635
635
638
641 643
643
646 648
648 650
650 652
652 653
653
659 661
661 662 663
662 663 664
663 664
664
667 669
669 670 671
670 671 672
671 672 673
672 673 674
673 674 675
674 675 676
675 676
676 678
678 680
680 682
682 683 684
683 684 685
684 685
685
688 689 690
689 690
690 692
692
697
700 701
701
704 705 706
705 706 707
706 707
707 709
709 710
710 712
712
715 717
717 718
718 720
720 722
722
725
729 731
731 732
732
736 737
737 739
739 741
741 742
742 744
744 746
746 747 748
747 748 749
748 749
749 751
751 752
752 754
754 755 756
755 756
756
759 761
761 763
763
768 769 770
769 770
770 772
772 773 774
773 774
774 776
776 777
777
781 782
782
786 788
788 790
790 791
791 793
793 794
794
798
801
804
809 811
811 812
812
816 817
817
820 821
821
824
828 829
829 831
831 832
832
835
842 843 844
843 844
844 846
846 848
848 850
850 851 852
851 852
852 854
854 855
855
860
864 866
866 867 868
867 868 869
868 869
869 871
871 872 873
872 873 874
873 874 875
874 875
875 877
877 878
878 880
880
883 884
884 886
886 887 888
887 888
888 890
890 891
891 893
893 894
894 896
896 897 898
897 898 899
898 899
899
905
908
911
914 915 916
915 916 917
916 917
917 919
919 921
921
926 927 928
927 928 929
928 929
929
932 933 934
933 934
934 936
936 937
937
943 944 945
944 945
945 947
947 948 949
948 949 950
949 950
950
953 954
954
958 960
960 962
962 963 964
963 964 965
964 965
965
968 969 970
969 970 971
970 971
971 973
973 974 975
974 975
975
980 982
982 983 984
983 984 985
984 985 986
985 986 987
986 987
987
990 992
992
996 998
998
