#naive2.0.py
# GMT Fri Feb 14 13:33:59 2020
# 
0 1 2
1 2
2 4
4 5
5 7
7 8 9
8 9
9
13 15
15
19
23
27
30 32
32 33 34
33 34 35
34 35
35 37
37 38 39
38 39 40
39 40
40
45 46 47
46 47 48
47 48
48
51 52 53
52 53
53 55
55 57
57 58 59
58 59
59
64 65 66
65 66
66
69 70 71
70 71
71
75 77
77
80 81
81
84
89 91
91
95 96 97
96 97
97
101 103
103 105
105 106 107
106 107
107
112
117 118
118 120
120
129
132
138 140
140 141 142
141 142 143
142 143
143
146 148
148 150
150
153 155
155 156
156 158
158
161
164 165
165 167
167 169
169 171
171 172
172
179
184
189 191
191 193
193 194
194 196
196 197
197
205
208 210
210 211 212
211 212
212 214
214 215
215 217
217
220 221 222
221 222
222
225
229 230 231
230 231
231 233
233
240
243 245
245 247
247 248
248 250
250 252
252 253
253 255
255 256 257
256 257
257 259
259
264
267 269
269 271
271 272 273
272 273
273 275
275 276
276 278
278 279
279
283 285
285
288 290
290 292
292 293 294
293 294 295
294 295 296
295 296 297
296 297 298
297 298
298 300
300
307 309
309 311
311 313
313 314
314
317 319
319 321
321 322
322 324
324 325 326
325 326
326 328
328 329
329
332 333 334
333 334 335
334 335
335 337
337
340 341
341
344 345
345
349
352
355
362 363
363
367 369
369 370
370
374 375 376
375 376 377
376 377 378
377 378 379
378 379
379 381
381 383
383
387 388 389
388 389
389
393 394 395
394 395 396
395 396 397
396 397
397 399
399 401
401 402 403
402 403
403 405
405
410 411
411
415 416 417
416 417
417
421
424 425 426
425 426 427
426 427 428
427 428
428
433
439 440
440
443
448 450
450 452
452
455 456
456 458
458 459 460
459 460
460 462
462 463 464
463 464
464
468
473 474 475
474 475
475 477
477
480
485 486 487
486 487
487
490
493 495
495 497
497 498
498
501 502 503
502 503
503
506 507
507
512 513 514
513 514
514 516
516 518
518 520
520 521
521 523
523 525
525 526
526
529 530
530 532
532 533 534
533 534 535
534 535
535
540 541 542
541 542 543
542 543 544
543 544
544 546
546
550 551
551 553
553 554
554
557 558 559
558 559 560
559 560 561
560 561
561 563
563 565
565 566 567
566 567 568
567 568 569
568 569
569
574
577 578
578 580
580 582
582
585 586
586
590 591 592
591 592 593
592 593 594
593 594
594
597 599
599
602 604
604 605
605
610 611
611 613
613 615
615 617
617 618
618
621 622
622 624
624 626
626 628
628 629 630
629 630
630
633 634 635
634 635
635 637
637
640 642
642 644
644
648 649 650
649 650
650
653 654 655
654 655 656
655 656 657
656 657
657
660 662
662
667 668 669
668 669
669
672 674
674
679
682 683
683 685
685
688
694 695 696
695 696
696 698
698 699 700
699 700
700
705
708 709
709
717 718
718
721 722
722
725 727
727 728 729
728 729 730
729 730 731
730 731
731 733
733 734 735
734 735
735 737
737
741 742
742 744
744 745
745 747
747 748
748
752 753
753
758 759 760
759 760
760
767 769
769
775 776 777
776 777 778
777 778 779
778 779
779 781
781 782 783
782 783
783
787 789
789 790 791
790 791 792
791 792 793
792 793
793 795
795 796 797
796 797 798
797 798 799
798 799
799 801
801 802 803
802 803 804
803 804
804
809 810
810 812
812 813
813 815
815
818 819
819
824
828 829 830
829 830 831
830 831 832
831 832
832
835 836 837
836 837
837 839
839 840 841
840 841 842
841 842
842 844
844 846
846 847
847
850 851 852
851 852
852 854
854 855 856
855 856 857
856 857
857
862
868 869
869 871
871 873
873
876
879 880 881
880 881
881
884 886
886 887 888
887 888 889
888 889 890
889 890
890
893 895
895 896
896
901
904 905
905
908
911 913
913 914
914 916
916 917
917 919
919 921
921 923
923 924 925
924 925 926
925 926
926
929 931
931 933
933 934
934
937 938
938 940
940 941
941
951 953
953
966 968
968
972 974
974 976
976 977
977 979
979 980 981
980 981 982
981 982 983
982 983 984
983 984 985
984 985 986
985 986
986 988
988
