#naive2.0.py
# GMT Fri Feb 14 13:33:59 2020
# 
2 3
3 5
5
8
12 13
13
17 18
18 20
20
25 26 27
26 27 28
27 28 29
28 29
29 31
31 32
32 34
34 35
35
38 39 40
39 40
40
44 45 46
45 46
46
49 51
51
54 56
56
60 61
61 63
63 64 65
64 65 66
65 66
66 68
68 69
69
72 74
74
79 81
81 82
82
85 87
87
91 93
93
96
100
103 104 105
104 105
105
109 110 111
110 111
111
115
119 120 121
120 121 122
121 122 123
122 123 124
123 124
124
129 130 131
130 131 132
131 132
132 134
134 135 136
135 136 137
136 137 138
137 138
138
142 143
143 145
145 147
147 149
149 150 151
150 151 152
151 152 153
152 153 154
153 154
154
161 163
163 165
165 166 167
166 167
167
171 172
172
175
178
181
184 186
186 187 188
187 188
188
193 195
195 197
197 198
198 200
200 201
201 203
203 204
204 206
206
211 212
212 214
214 215
215
220 221
221 223
223 224
224
228
232 233
233
236 237
237 239
239 240
240
243 244
244
252 253
253
260
264 265 266
265 266
266
270
274
280 281
281 283
283 285
285 286
286 288
288
291 292
292
296
299
304 306
306 307
307
312 313 314
313 314 315
314 315 316
315 316 317
316 317 318
317 318 319
318 319
319
323
326 328
328 329 330
329 330
330 332
332
337 338
338 340
340
343
346
350 351 352
351 352 353
352 353
353
360
364 366
366 368
368 370
370 371 372
371 372
372
376
379 380 381
380 381
381 383
383 384
384
388 389 390
389 390
390
395 396 397
396 397
397 399
399
403
408
411
414 415
415 417
417 418
418
421 423
423 425
425
428
432 433 434
433 434 435
434 435
435
438
442 444
444 445
445 447
447 449
449 451
451 452 453
452 453
453
457 458 459
458 459
459 461
461 462 463
462 463
463
466 468
468
472 473
473
477
480 481 482
481 482
482
487
491 492 493
492 493 494
493 494
494 496
496 497
497
501 503
503 505
505 506 507
506 507
507 509
509 510
510
513 514
514
519 521
521 523
523 525
525 527
527 528 529
528 529
529
535 537
537 539
539 540 541
540 541
541 543
543 544
544 546
546 547
547
550
554 555 556
555 556
556 558
558
561
565 567
567 568
568
571
575 577
577 579
579
585 586
586
590
593
596 597
597 599
599
604
607 609
609 611
611 613
613 614
614
617 619
619 620
620
624 626
626 628
628 629 630
629 630
630
634 635
635
638 640
640 642
642 643
643
647 648
648
652 653 654
653 654
654
659 661
661
664
667 668
668
671 673
673 675
675
682 684
684 686
686 688
688 690
690
693 694
694
698 699 700
699 700 701
700 701
701 703
703
706 707
707
710 712
712 714
714 715 716
715 716 717
716 717 718
717 718
718 720
720
726
729 730
730 732
732 734
734 736
736 737
737
740 741 742
741 742 743
742 743 744
743 744
744 746
746
749 750 751
750 751 752
751 752
752
755 757
757
760 761
761
767
771 772 773
772 773 774
773 774
774 776
776
781 782 783
782 783
783
793 794
794
797 798 799
798 799 800
799 800
800 802
802 804
804
807
810
813 814
814 816
816
822 823 824
823 824 825
824 825
825
828 829
829
833
836 837 838
837 838 839
838 839 840
839 840
840
843 845
845 846 847
846 847
847
852 853
853 855
855
860 861
861 863
863 864 865
864 865
865
870 871
871
874 875
875
883 884
884 886
886 888
888 889 890
889 890
890
895 896 897
896 897
897
904 905
905
908 910
910 912
912
915
919 920
920 922
922 923
923 925
925 926
926 928
928 930
930 931
931 933
933 934 935
934 935
935
938 939
939 941
941 943
943 944
944 946
946
951 952
952
955 957
957 958
958
961 962 963
962 963 964
963 964 965
964 965 966
965 966 967
966 967
967 969
969
973 975
975
978
981
984 985
985
989 990 991
990 991 992
991 992
992
996 997 998
997 998 999
998 999
999
