#naive2.0.py
# GMT Fri Feb 14 13:33:59 2020
# 
0 1
1
5
9
13 14 15
14 15
15
22
27 28 29
28 29
29 31
31
36 37 38
37 38
38 40
40 42
42 43
43 45
45
48 49
49
52 53
53
58 59 60
59 60 61
60 61
61 63
63 64 65
64 65
65 67
67
72 73 74
73 74
74
78
82 83
83
89
93 95
95 97
97 98 99
98 99
99 101
101 102
102 104
104 105
105
108 110
110 111
111 113
113 114
114
117
121 122
122 124
124 125
125
128
136 137
137
142 143 144
143 144 145
144 145 146
145 146 147
146 147
147
150
154 155 156
155 156 157
156 157
157 159
159
162 163
163
166 168
168 170
170 171
171 173
173 174 175
174 175
175
180
183
186 188
188 190
190 192
192
195 197
197 199
199 200 201
200 201
201
206
209 210
210 212
212 214
214 215 216
215 216 217
216 217 218
217 218 219
218 219 220
219 220
220 222
222 224
224 225 226
225 226 227
226 227
227
230 232
232 233 234
233 234
234
239 241
241 242 243
242 243
243 245
245 246
246
249 251
251 252 253
252 253
253
264 265
265 267
267 269
269 270
270 272
272 273
273 275
275
281 283
283 284 285
284 285
285 287
287 288 289
288 289
289
294 295 296
295 296 297
296 297
297
302 303
303
308 309 310
309 310
310 312
312 313
313 315
315
319
322
326 327 328
327 328 329
328 329
329
333 334 335
334 335
335
338 339 340
339 340
340
346 347 348
347 348 349
348 349
349
352 354
354
357 358
358
361 363
363
369 370 371
370 371
371
376
379 380 381
380 381
381 383
383 385
385 386
386 388
388 389
389
392
396 398
398
401
406 407
407 409
409
414 415
415 417
417
422
425
430 431 432
431 432 433
432 433 434
433 434 435
434 435
435 437
437
441
447 448 449
448 449 450
449 450 451
450 451
451 453
453 455
455 456 457
456 457
457 459
459 461
461 462
462
469 470 471
470 471
471 473
473
477 479
479
483 484
484
488 490
490
494 495
495 497
497 498
498 500
500 501
501
505 507
507
510
513
516 517 518
517 518
518
521 522
522 524
524 525
525
528 530
530 531 532
531 532
532
535
538 539 540
539 540
540 542
542 544
544
548
553
556 558
558
561 562
562 564
564 566
566 567 568
567 568
568
572
575 576
576
579 580 581
580 581 582
581 582 583
582 583 584
583 584
584 586
586 587 588
587 588
588
591 592
592 594
594 595
595
599 601
601 603
603 604
604 606
606 608
608 610
610
615 617
617 619
619 620
620
623 624 625
624 625 626
625 626 627
626 627
627
630
634
639
643
646 648
648
657 658 659
658 659 660
659 660
660
663 664 665
664 665
665
670 671
671 673
673
680
688
692 693
693 695
695 696
696 698
698 699
699 701
701 702 703
702 703
703
706
709 710
710 712
712 713 714
713 714
714 716
716 718
718
722
726
729 730 731
730 731
731 733
733
736 737 738
737 738
738 740
740
746 747
747
750
753
756 757 758
757 758
758 760
760 761 762
761 762 763
762 763
763
767 769
769 771
771 772
772 774
774 775
775
782
785 787
787
791 792
792 794
794 795
795 797
797 799
799
803 805
805 806
806 808
808
812
816
821 822
822 824
824 825 826
825 826
826 828
828 829
829
832
837 839
839 840 841
840 841
841
847 848 849
848 849
849
852 853 854
853 854
854 856
856
859
863
867 868
868
872 873 874
873 874 875
874 875
875 877
877 878
878
881 883
883 884
884
892 893 894
893 894 895
894 895 896
895 896
896 898
898 899
899
902 903
903 905
905 906
906 908
908
912 913 914
913 914
914 916
916 917 918
917 918
918
921
927 929
929
936 937
937 939
939 940
940
943 945
945
952 953
953 955
955 956 957
956 957
957 959
959 960
960
965
968 969
969 971
971 972 973
972 973
973
977 978
978
983
987 989
989 991
991 993
993
997
