#naive2.0.py
# GMT Fri Feb 14 13:34:01 2020
# 
0 999 2
2
8 9
9
14 16
16 17
17
20 21 22
21 22
22 24
24 26
26 27 28
27 28
28
31
35 36
36
41 42
42
45 46 47
46 47 48
47 48 49
48 49
49 51
51 52 53
52 53 54
53 54
54
59 61
61 62
62
65
73 74 75
74 75
75 77
77
82
85 86
86
90 91
91
95 97
97
100
103 104
104 106
106 107
107 109
109 110 111
110 111 112
111 112
112 114
114 115 116
115 116 117
116 117 118
117 118 119
118 119
119
124 125
125
129 130
130 132
132 134
134
145 147
147 149
149 151
151 152 153
152 153
153 155
155 157
157 158 159
158 159
159 161
161 163
163 164
164
168
172 173 174
173 174
174
184 186
186 187 188
187 188 189
188 189 190
189 190
190 192
192 194
194
197 198
198 200
200
203 204
204
207 208 209
208 209
209 211
211 213
213
216 217 218
217 218
218
222 224
224
227 228
228 230
230 232
232 233 234
233 234
234
239 240 241
240 241 242
241 242 243
242 243
243
246 247
247 249
249 250
250
257
264 265 266
265 266 267
266 267
267
270
277 279
279 280
280
285
289
293 294 295
294 295 296
295 296 297
296 297 298
297 298 299
298 299
299 301
301 302
302
307
314 315 316
315 316
316 318
318
321
324
327 329
329 330
330
333
338
346 348
348
351 352
352 354
354
359
363 364 365
364 365 366
365 366
366 368
368 369
369
372
379 380 381
380 381
381 383
383 384 385
384 385
385 387
387 388
388
392
395
398 399
399 401
401
405 406
406
409 410
410
414 415 416
415 416
416 418
418
428 430
430 431 432
431 432
432
438
441 443
443 445
445
448 450
450 452
452 454
454
458 459 460
459 460
460 462
462
465
469
472
477 478
478
482 484
484 486
486
490
495 497
497 498
498
501 502
502
505 506
506
509
515 516
516 518
518 519
519
522 523 524
523 524 525
524 525
525 527
527 528
528
535 536 537
536 537
537 539
539
545
549 550
550
554 556
556 557
557 559
559
563 564 565
564 565
565
568
572 573
573
576 577 578
577 578
578
581
589 590 591
590 591
591
594
597
601 602
602 604
604
609 610
610 612
612
616 618
618 619 620
619 620
620
634
637
647 648
648
651
655 657
657 658
658
661 662 663
662 663
663 665
665 666 667
666 667 668
667 668 669
668 669
669 671
671 672
672 674
674 676
676 678
678 679 680
679 680 681
680 681 682
681 682
682
687 689
689 691
691 692
692 694
694 696
696 697
697 699
699 700
700
706 707 708
707 708
708 710
710 711 712
711 712
712 714
714 715 716
715 716 717
716 717
717
720 721 722
721 722
722
727
732
736 738
738
745 747
747 748
748
753 754 755
754 755 756
755 756 757
756 757
757
762 763 764
763 764
764 766
766 768
768 769
769
778 779 780
779 780 781
780 781
781
788 789
789
792 793
793 795
795 796
796
799 801
801
804 805
805 807
807
813
817 818 819
818 819 820
819 820 821
820 821 822
821 822
822
825 826 827
826 827 828
827 828 829
828 829 830
829 830
830
833 834
834
837 838 839
838 839
839 841
841 842
842 844
844 845
845
849
861
865 866
866 868
868 869
869
877 878
878 880
880
884 886
886 887
887
891 892
892 894
894 895 896
895 896
896 898
898 900
900 901
901
906
915 917
917 918 919
918 919 920
919 920 921
920 921
921
925 927
927 929
929 931
931
935
938 939
939
942
946 947
947
952 953 954
953 954
954
957
960 961
961 963
963 964
964
969 971
971 973
973 975
975 976
976
980
983 984 985
984 985
985 987
987 989
989 991
991 992 993
992 993 994
993 994
994
999
