#naive2.0.py
# GMT Fri Feb 14 13:34:04 2020
# 
0 1 2
1 2 3
2 3
3
6 7
7 9
9 10
10
13 14
14
17 19
19 20
20
23
27 28
28
31 33
33 34
34 36
36 38
38 39 40
39 40
40
43
46 48
48 49
49
52 54
54 55
55
59 61
61
64 65
65 67
67 68
68 70
70 71
71
75
80
84 86
86 88
88 89 90
89 90 91
90 91
91
96 98
98 100
100 101 102
101 102
102 104
104 105
105
108 109 110
109 110
110
113
118 119 120
119 120 121
120 121 122
121 122
122
125 127
127
130 131
131 133
133 134 135
134 135
135 137
137 139
139
145 147
147 149
149 150
150 152
152 154
154 155
155
159 161
161 162
162 164
164 166
166
171 172 173
172 173 174
173 174
174 176
176
184 185
185 187
187 189
189 190 191
190 191 192
191 192 193
192 193
193 195
195 196
196
199 200 201
200 201
201
205
208
211 212 213
212 213
213 215
215 216
216
219 220 221
220 221
221
226 228
228 229
229
233
239
243
246
251 252
252 254
254 255
255 257
257 259
259
263
268
271
274
279 280
280
284
287 288 289
288 289 290
289 290
290 292
292 293
293
298 299
299
302 303
303
308
311 312 313
312 313
313 315
315 316 317
316 317
317
322
327 328
328 330
330 331
331 333
333 335
335
340
343 345
345 346
346 348
348
353 355
355 356 357
356 357
357 359
359 360 361
360 361 362
361 362
362
369 370
370 372
372
378 380
380 382
382
385 386
386 388
388 389
389
393 394 395
394 395
395
398
401
405
408 410
410 412
412
421 422
422
430
434 436
436
439 441
441 443
443
446
454
460 461 462
461 462
462 464
464 465 466
465 466
466
474 476
476 477
477 479
479 480 481
480 481
481 483
483 485
485 486 487
486 487
487 489
489 490
490 492
492 493
493 495
495 496 497
496 497
497
500 501 502
501 502 503
502 503 504
503 504 505
504 505
505
508
511 512 513
512 513 514
513 514
514 516
516 517 518
517 518
518
523 524 525
524 525
525
529 531
531 532
532
538 539
539
544 546
546
550 552
552 554
554 555 556
555 556
556
562 564
564
568
571 572
572
576 577
577 579
579 580
580
586
590 592
592 593 594
593 594 595
594 595 596
595 596 597
596 597
597
600 601
601 603
603 605
605 607
607
610
614 616
616 617
617
622 623 624
623 624 625
624 625
625 627
627 628
628
632 634
634 635 636
635 636
636
639
643
646 647 648
647 648 649
648 649
649 651
651 653
653
657 659
659
662 664
664 666
666
670
683 684 685
684 685
685 687
687 688 689
688 689 690
689 690
690 692
692 693
693
696 697
697
703
707
710 712
712 714
714 715 716
715 716 717
716 717 718
717 718
718
724 725
725 727
727 729
729 730
730
736 737
737 739
739 740 741
740 741 742
741 742
742
746
749 750
750 752
752
755 756 757
756 757
757
761 762
762
765
771
776
780
783 784 785
784 785
785 787
787 788
788 790
790 791
791 793
793
796 797
797
801 802
802
805
808 809 810
809 810
810 812
812 813
813
816 817 818
817 818
818
823 825
825 827
827 828
828
837 839
839 840 841
840 841
841 843
843 844 845
844 845 846
845 846
846 848
848
853 855
855 856 857
856 857
857 859
859 861
861 862 863
862 863 864
863 864
864 866
866
870 871 872
871 872 873
872 873 874
873 874 875
874 875
875 877
877 878 879
878 879 880
879 880 881
880 881
881
887 888
888
892 893
893
897 898
898 900
900
903 905
905
917 918
918
921 922 923
922 923 924
923 924
924
928
932 933
933 935
935 936
936 938
938 939 940
939 940
940
943
948 949 950
949 950 951
950 951 952
951 952 953
952 953
953 955
955
961 962
962
966
971 972 973
972 973
973
977 979
979 980
980
983 984
984 986
986 988
988 989
989
992 994
994 995
995 997
997
