#naive2.0.py
# GMT Fri Feb 14 13:33:58 2020
# 
2 4
4 6
6
11 12 13
12 13 14
13 14
14 16
16 17
17
20 22
22
33
36 37 38
37 38 39
38 39
39 41
41 42 43
42 43
43 45
45 46 47
46 47 48
47 48
48
51 52
52 54
54 55 56
55 56
56 58
58 60
60 61
61 63
63 64
64
68
73 75
75 76
76 78
78 79 80
79 80
80
83 84
84
89 91
91
94 95
95
98 99 100
99 100 101
100 101
101
107 109
109 110
110
113 114 115
114 115
115
118 120
120 121
121
126 127 128
127 128
128
132 134
134 135
135
138
146
149 150
150 152
152 154
154 156
156 158
158 159 160
159 160
160
163
167 168
168
175 177
177
181 182
182
188
192 193 194
193 194 195
194 195
195
201 203
203
207 208
208
211 213
213
220
223
227 228 229
228 229
229
232
235 237
237 238 239
238 239
239 241
241 243
243 245
245 246 247
246 247 248
247 248
248
253 254
254
257
261 263
263
266
271 272 273
272 273
273 275
275 276
276 278
278 280
280
283
290
293 295
295
299 300 301
300 301
301
305 306 307
306 307
307
314 315
315
320
327 328
328 330
330 332
332 333 334
333 334
334
337 338 339
338 339 340
339 340 341
340 341
341
346 347
347 349
349
352 353 354
353 354
354
359 360 361
360 361
361
366 367 368
367 368 369
368 369
369
378 379
379 381
381 382 383
382 383
383 385
385 387
387 389
389
392
396 398
398 400
400 401
401 403
403
407 408 409
408 409 410
409 410
410 412
412 414
414
419 420 421
420 421
421 423
423 424 425
424 425 426
425 426 427
426 427 428
427 428 429
428 429
429
433 434
434 436
436 438
438 440
440
444
449 450 451
450 451
451 453
453
456 457 458
457 458 459
458 459
459
465
469 470
470
473 475
475 476 477
476 477
477 479
479 480 481
480 481
481 483
483 484 485
484 485
485
488 490
490 492
492 493 494
493 494
494
499 501
501 502
502 504
504
507 508 509
508 509
509
512
515
518
527 528
528 530
530 532
532 533 534
533 534 535
534 535 536
535 536 537
536 537
537
546
549
553 555
555 557
557
566
569 570 571
570 571 572
571 572
572
576 578
578 580
580
583 584 585
584 585
585
589 590
590 592
592 594
594
597
601 603
603
607
612 614
614 616
616 617 618
617 618
618 620
620
624 625
625
628 629
629 631
631 632 633
632 633
633 635
635 637
637 638 639
638 639 640
639 640
640 642
642
645 646 647
646 647 648
647 648
648
653
661 663
663
666 667 668
667 668 669
668 669 670
669 670 671
670 671
671
675 676 677
676 677
677 679
679 681
681 682 683
682 683
683 685
685 686
686 688
688 689
689 691
691 693
693 695
695
700 701
701 703
703
708
711 712
712
717
722 723
723
731 733
733
739 741
741 742
742 744
744
749 750
750 752
752 753
753 755
755
759
765 766 767
766 767 768
767 768 769
768 769
769
773 775
775
781 783
783 784 785
784 785 786
785 786
786
789 790
790 792
792
796 797
797
806 808
808
811 813
813 815
815 816
816 818
818 819
819 821
821 823
823
827
832 833 834
833 834
834
838 840
840
844
848 850
850
853
856 857
857
862 863
863 865
865 867
867 868 869
868 869
869 871
871 873
873
876 877
877
880 881 882
881 882
882
887 888
888
892 894
894 895 896
895 896
896 898
898 900
900 902
902 903 904
903 904
904 906
906
909
912 913
913
917 919
919
922
926 927
927
930 931
931
941 943
943
948 949
949 951
951 952
952 954
954 955 956
955 956
956 958
958 960
960 961
961
964 965
965 967
967 968
968 970
970 971 972
971 972
972
976
979 980
980 982
982 984
984 985
985
988
991
996
