#naive2.0.py
# GMT Fri Feb 14 13:33:58 2020
# 
2
5 7
7 8 9
8 9
9 11
11 12 13
12 13
13
17
22
28 29
29 31
31 33
33 35
35
38
42
45
48
51 52
52
55 56
56
59 60 61
60 61
61
64 65 66
65 66
66 68
68 70
70 71 72
71 72
72
76
82 83
83
87 89
89 91
91
94 96
96
100 101
101 103
103 105
105 106 107
106 107
107
110 111 112
111 112
112 114
114
118 119 120
119 120 121
120 121 122
121 122
122
127
130 131 132
131 132
132
135 137
137 139
139
142 143
143
147 149
149
152 154
154
157 159
159
164
167
171 173
173
181 182
182 184
184 185 186
185 186 187
186 187
187
190 191
191 193
193
197 198 199
198 199 200
199 200
200
204 205
205
208 210
210 211 212
211 212
212 214
214 216
216
219 221
221 222
222 224
224 226
226 227 228
227 228
228 230
230 231
231
235 236 237
236 237 238
237 238
238
241 242
242 244
244 246
246
249 250
250
253 254 255
254 255
255
258 259
259 261
261
265 267
267 269
269 270 271
270 271 272
271 272
272
277
280 281
281
284
290
294
301 302
302 304
304 306
306 308
308 309
309 311
311 312 313
312 313 314
313 314
314
318
323 324 325
324 325 326
325 326 327
326 327
327 329
329
332 333
333 335
335
344 345 346
345 346
346 348
348 350
350 352
352 353
353
363 364
364 366
366 368
368
371 372
372 374
374 376
376 378
378
381 383
383 384 385
384 385 386
385 386
386 388
388 390
390 392
392 394
394
401
405 407
407 408
408 410
410 411 412
411 412 413
412 413
413
416 418
418 420
420 422
422 423
423
426 428
428 430
430
434
438 440
440 442
442
446
452 453
453
457 458 459
458 459 460
459 460 461
460 461
461
466
469 471
471
476 477 478
477 478 479
478 479
479 481
481 482 483
482 483 484
483 484 485
484 485 486
485 486
486 488
488 490
490
494 496
496
501
507 509
509
512
521 523
523 525
525
529 531
531 532 533
532 533
533 535
535 537
537 538
538
542
546 547 548
547 548
548 550
550 551 552
551 552
552
555
559
569 570
570
573 574
574
580
583
590 592
592
596
599
604 605
605 607
607
611
617 619
619
623 624 625
624 625 626
625 626 627
626 627
627
630 632
632 633
633 635
635 637
637 638 639
638 639
639
646 647
647 649
649
653
657 659
659 660
660 662
662 664
664
670 672
672
681 682
682
686
692 693 694
693 694
694
697 699
699
702 704
704 706
706 707 708
707 708
708
711 712 713
712 713 714
713 714 715
714 715 716
715 716 717
716 717 718
717 718
718
721
727
732
736 738
738 739 740
739 740
740 742
742 744
744
748 750
750 751
751
754 755
755 757
757 758
758
762 763
763 765
765
768 769 770
769 770 771
770 771
771
776 777 778
777 778 779
778 779 780
779 780
780
784
789 790 791
790 791 792
791 792
792 794
794 796
796 798
798 800
800 801
801
805
808 809
809
812 813
813 815
815 817
817 819
819
824
827 829
829
833 835
835 836
836 838
838 840
840 841
841 843
843 844
844
847 848
848 850
850 852
852
855
860 862
862 863
863
868 870
870 871
871 873
873 875
875
878 880
880 881 882
881 882
882
886
896
899 900
900
903 904 905
904 905
905
909 911
911 913
913 915
915 917
917
920 921
921
924 925 926
925 926
926
930
933
940 942
942
945 947
947 948 949
948 949
949 951
951 952
952
955 956 957
956 957 958
957 958
958 960
960 962
962
965 966 967
966 967
967 969
969 970 971
970 971
971
974
977 979
979 980 981
980 981
981 983
983 984 985
984 985 986
985 986
986
990 991
991
996 998
998 999
999
