#naive2.0.py
# GMT Fri Feb 14 13:34:05 2020
# 
0 1 999
1 3 999
3
6
11 13
13 14
14
17 19
19 20 21
20 21 22
21 22
22 24
24
30
37 38
38 40
40 41 42
41 42 43
42 43 44
43 44 45
44 45 46
45 46
46
49
52 53
53
59 60 61
60 61 62
61 62
62 64
64 65 66
65 66 67
66 67
67 69
69 71
71
74
78 79
79
82 84
84 86
86 88
88 89
89 91
91 93
93
98
101
105 106
106
111 112 113
112 113 114
113 114 115
114 115 116
115 116 117
116 117 118
117 118 119
118 119 120
119 120
120 122
122 124
124 125 126
125 126 127
126 127 128
127 128 129
128 129
129 131
131 132 133
132 133 134
133 134
134
142 143 144
143 144
144
151 152 153
152 153 154
153 154 155
154 155
155 157
157 158
158 160
160 162
162
167 168 169
168 169
169
172 174
174 175 176
175 176 177
176 177
177 179
179 180 181
180 181
181
185
189 190 191
190 191
191 193
193 195
195
198
207 208
208 210
210 211 212
211 212
212
216 217 218
217 218 219
218 219 220
219 220 221
220 221
221 223
223 224
224 226
226 227
227 229
229
238 239 240
239 240 241
240 241 242
241 242
242
249 251
251 252
252 254
254 255 256
255 256
256
260 261
261
265 266 267
266 267 268
267 268
268 270
270 272
272 273
273
278
281 283
283 284 285
284 285 286
285 286
286
290 291
291 293
293
296 297
297
300 301
301 303
303
309 310 311
310 311 312
311 312 313
312 313
313 315
315 316 317
316 317
317
320
324
327 328 329
328 329 330
329 330 331
330 331 332
331 332 333
332 333 334
333 334 335
334 335
335 337
337 339
339
343 344 345
344 345 346
345 346
346
354
360 361
361
365 366
366
371 372
372 374
374 375 376
375 376
376
383 384
384
387 388
388 390
390
393 394
394 396
396 397
397
400
404
407 409
409 410
410 412
412
419
426
433 434 435
434 435 436
435 436
436
439 441
441
444 446
446
451 452 453
452 453
453 455
455 456 457
456 457 458
457 458 459
458 459 460
459 460
460
463 465
465 466 467
466 467
467
477 478 479
478 479
479 481
481 482
482
487
490
496 498
498
502
511
514 516
516 518
518 520
520
523 524 525
524 525 526
525 526
526 528
528 529
529 531
531 532 533
532 533
533 535
535 537
537
543 545
545
549 550 551
550 551
551
555 556
556 558
558 559
559
562
567 569
569
572 574
574
577 578 579
578 579
579 581
581 582 583
582 583
583
587
592 593
593
598 599
599
607
612 613
613
616 618
618
623 625
625 626
626
636 637
637
641 642
642
648 649
649 651
651
655 656 657
656 657 658
657 658
658 660
660 661 662
661 662
662 664
664 666
666
675 676
676
679
684
687 689
689
692
695 696
696
705 706
706
712 714
714 715
715
718
723
726 727 728
727 728
728
732
735 736
736
743 745
745
749
752 754
754 756
756 758
758 759
759
762
765 766 767
766 767 768
767 768 769
768 769
769
777
780 782
782
785
788 790
790
802 804
804 805
805
810
814 816
816 818
818
823 824 825
824 825
825
830 831
831
834 836
836 837 838
837 838
838 840
840 842
842 843 844
843 844
844
847 848 849
848 849 850
849 850 851
850 851
851
854 856
856
860 862
862 863
863 865
865 866 867
866 867
867
873 875
875 877
877 878
878
881
886
889 890
890
894 895
895 897
897 898
898 900
900 901 902
901 902
902 904
904
910 912
912 913
913 915
915 916
916 918
918 920
920 922
922 924
924
927
930
933 934 935
934 935 936
935 936
936 938
938 939
939
944
951 952 953
952 953
953 955
955 956
956
959 961
961 962 963
962 963
963
966 967 968
967 968 969
968 969
969 971
971 972
972 974
974
977
981 982
982 984
984 985
985
989
993 994 995
994 995 996
995 996
996
999
