#naive2.0.py
# GMT Fri Feb 14 13:34:04 2020
# 
0 1 2
1 2
2
5 7
7 9
9 10 11
10 11
11
14 15
15
18 19
19
22 24
24 26
26 27 28
27 28 29
28 29
29 31
31 33
33
39
42 43 44
43 44
44 46
46 47 48
47 48 49
48 49
49
52 53 54
53 54 55
54 55
55
58 60
60
64 66
66 68
68 69
69
74 75
75
78 79
79 81
81 82
82
86 87 88
87 88
88
101 102 103
102 103
103
107 108 109
108 109 110
109 110 111
110 111 112
111 112
112
116 117
117
124 125
125
132 134
134 136
136 137
137 139
139
144 146
146 147
147 149
149 150 151
150 151 152
151 152
152
155 156
156 158
158 159
159
162
166 168
168 170
170
173
176 178
178
182 183 184
183 184 185
184 185
185 187
187 189
189
192
195 197
197
202
209
212 214
214 216
216 217 218
217 218 219
218 219
219
224 225
225
228 230
230 231 232
231 232 233
232 233 234
233 234
234 236
236 237 238
237 238 239
238 239
239 241
241 242
242
250 252
252
255
261
265 266
266 268
268 270
270
273 275
275 277
277 278
278 280
280 281
281
285 287
287 288 289
288 289
289 291
291 292 293
292 293
293
301 302 303
302 303
303
307 309
309 311
311 313
313 314
314
318
321 323
323 325
325 326 327
326 327 328
327 328
328
335 336
336 338
338 339
339 341
341
344 346
346
349 350
350 352
352
355
358
361 363
363 364 365
364 365 366
365 366
366 368
368 370
370 371
371 373
373 375
375
380 382
382 383
383
387 388 389
388 389 390
389 390 391
390 391
391 393
393 394 395
394 395
395
398
401 402
402 404
404 405 406
405 406 407
406 407
407
413 414
414 416
416
420
423 424
424 426
426
429
432 433
433 435
435 436 437
436 437
437
444 445
445
449
453
456 458
458
462
465 467
467 469
469
475 476
476 478
478 479
479 481
481 483
483
490
493 495
495 497
497 498 499
498 499
499 501
501
509 510 511
510 511 512
511 512
512 514
514 515 516
515 516
516 518
518
521 523
523 525
525
530
533 535
535 536
536
541 542 543
542 543
543
548 549
549 551
551 553
553 555
555
562 563 564
563 564
564 566
566 568
568 569
569 571
571 572 573
572 573 574
573 574
574 576
576 578
578 579
579 581
581 582
582 584
584
588 589 590
589 590
590 592
592 593 594
593 594
594
600 601
601 603
603 604 605
604 605
605 607
607 609
609 611
611 612
612 614
614 616
616 617 618
617 618 619
618 619
619 621
621 622 623
622 623 624
623 624 625
624 625 626
625 626 627
626 627
627 629
629 630 631
630 631
631 633
633
638 639
639 641
641 642
642
645 646
646
649
652
666 668
668
671 672
672
677
680 681
681
686 688
688 690
690 691
691 693
693 695
695 696
696
699 700
700 702
702 704
704
708 709
709 711
711 712 713
712 713 714
713 714
714
718 719 720
719 720 721
720 721
721
727 728
728
731 732 733
732 733
733 735
735 736
736 738
738 739
739
742 743
743
746 747 748
747 748
748 750
750 751 752
751 752 753
752 753
753 755
755 756
756
760 762
762 763 764
763 764 765
764 765
765
769
773 775
775
781 783
783
791
797 798
798
805 806
806
809
817 819
819 821
821
824
829 830
830
837 839
839 840 841
840 841 842
841 842
842
848
851
854
858
861 862 863
862 863
863
866
869 870
870 872
872 874
874 876
876 877
877
880 881
881 883
883 885
885
890 892
892 893
893 895
895 896 897
896 897
897
900 901 902
901 902 903
902 903 904
903 904 905
904 905
905 907
907
911 912
912
915
919 920 921
920 921
921 923
923
926 927 928
927 928 929
928 929
929
933 935
935 936
936
941 943
943
946
949 950
950
954 955
955
963 964
964 966
966 967 968
967 968 969
968 969 970
969 970 971
970 971
971 973
973 974 975
974 975
975 977
977 979
979 980
980 982
982 983
983 985
985 987
987 988 989
988 989
989
993 994 995
994 995
995
