#naive2.0.py
# GMT Fri Feb 14 13:33:58 2020
# 
0 999 2
2
5 7
7
10
13 15
15 16 17
16 17
17 19
19
22 23
23 25
25 27
27 28
28 30
30
35 36 37
36 37 38
37 38 39
38 39 40
39 40 41
40 41 42
41 42
42
45 46
46 48
48 49
49
53 54
54
57 58
58
61 63
63 64
64 66
66
70 72
72 74
74
78 79
79 81
81 83
83 84 85
84 85
85 87
87 88
88
92 94
94 95 96
95 96 97
96 97 98
97 98 99
98 99 100
99 100 101
100 101
101 103
103
111
115 116 117
116 117 118
117 118 119
118 119
119
122 123
123 125
125 126
126
130 131 132
131 132 133
132 133
133 135
135 136 137
136 137
137
141 142
142
146
151 153
153 155
155 156 157
156 157
157
161
166
169 170
170
173
176 177
177
180 182
182 184
184 185
185
188 189 190
189 190 191
190 191
191
195 196
196 198
198 199
199 201
201 202
202
206 207
207
213 215
215 217
217 218 219
218 219 220
219 220
220
224 225 226
225 226 227
226 227 228
227 228
228 230
230
233 234
234
239
244 245
245 247
247 249
249 250
250 252
252 253
253
256
260 261
261 263
263 264 265
264 265 266
265 266
266
271 273
273 274 275
274 275
275
280
284 285 286
285 286
286
289 290 291
290 291
291 293
293 294 295
294 295
295
300 301 302
301 302
302 304
304 306
306
311 313
313 314 315
314 315 316
315 316
316 318
318 319
319
323 324 325
324 325
325 327
327 329
329 331
331 332
332
338 340
340 341 342
341 342 343
342 343 344
343 344
344
348 349 350
349 350
350
353
357 358
358
364
367 368
368
371 373
373
378
386 387
387 389
389
398
401 403
403 404 405
404 405
405 407
407 409
409
413 415
415 416
416
419 420
420 422
422 423
423 425
425 426
426
432 433
433 435
435 436 437
436 437
437
440 441 442
441 442 443
442 443
443
447
450 451 452
451 452 453
452 453
453
456 457 458
457 458 459
458 459 460
459 460 461
460 461 462
461 462
462 464
464 466
466 468
468 469 470
469 470
470
474
478 479 480
479 480
480
485 486 487
486 487 488
487 488 489
488 489 490
489 490 491
490 491 492
491 492 493
492 493
493 495
495 496
496 498
498 500
500 502
502 504
504 505
505
510 512
512 514
514 515 516
515 516 517
516 517 518
517 518 519
518 519
519
522 523 524
523 524
524 526
526
534 535
535
542 543 544
543 544
544
547
550 552
552 554
554 555
555 557
557 558
558
568 570
570 571 572
571 572 573
572 573 574
573 574 575
574 575
575 577
577 578 579
578 579
579
583 585
585 586
586 588
588
591
596 597 598
597 598
598 600
600 601 602
601 602
602 604
604 606
606 607
607 609
609 610 611
610 611
611 613
613 614
614 616
616
619 620
620 622
622
627
630 631 632
631 632
632
636 637
637
640 641 642
641 642
642
646 647 648
647 648 649
648 649
649
654
659 660
660
663
668 669 670
669 670
670 672
672
675 676
676 678
678 679
679
686 687 688
687 688
688
695 696
696 698
698 699
699
707 708 709
708 709 710
709 710
710 712
712 713
713
716 718
718 719
719 721
721 722 723
722 723 724
723 724 725
724 725 726
725 726
726 728
728 730
730 732
732
736 738
738 739 740
739 740
740
746 748
748
751
754 756
756 757 758
757 758
758
762 763
763 765
765 767
767 768
768
771 772 773
772 773
773
777 778
778 780
780 782
782 784
784 785
785
789 790 791
790 791
791
796 797 798
797 798 799
798 799
799
803 804 805
804 805
805 807
807 808 809
808 809
809
812 814
814 815
815 817
817
820
825
829 831
831
835 836
836
839 840 841
840 841 842
841 842
842
849 851
851 853
853 854
854 856
856 858
858 859 860
859 860 861
860 861 862
861 862
862
868 869 870
869 870 871
870 871
871 873
873 875
875 876 877
876 877
877 879
879 880 881
880 881 882
881 882
882
885 886
886
895
898 899 900
899 900
900
903 904 905
904 905
905 907
907 908
908 910
910
915 916
916
920
924 926
926
930
933 935
935
939 940
940
944 945
945 947
947 948
948 950
950 951
951 953
953 955
955
958 959
959 961
961 962
962
966 968
968
972 974
974 976
976 978
978
981 983
983
987
990 992
992 993
993 995
995 996 997
996 997
997 999
999
