#naive2.0.py
# GMT Fri Feb 14 13:33:57 2020
# 
5
10 11
11 13
13 14
14
18 19 20
19 20
20 22
22 23 24
23 24
24
27 29
29 31
31 33
33 35
35 36
36
40 42
42 43
43 45
45
49 50 51
50 51
51 53
53 54
54 56
56 57 58
57 58
58 60
60 61 62
61 62
62
65 67
67 68
68 70
70 72
72 73 74
73 74
74
80
83 84 85
84 85 86
85 86
86
91
94 96
96 97
97 99
99 100
100
106
110
113
119 120
120
123 125
125 126
126
130 131
131
134 135 136
135 136 137
136 137 138
137 138
138
144 146
146 148
148
151
154 156
156
160 162
162 163 164
163 164
164
168 170
170 172
172 174
174 175
175 177
177 178
178 180
180 181 182
181 182 183
182 183
183 185
185 186 187
186 187
187 189
189
192 193 194
193 194 195
194 195
195 197
197 198
198
201 203
203 205
205 206 207
206 207
207 209
209 210 211
210 211
211
216
221 222
222
225 227
227
234 236
236 238
238
241 243
243 244
244
248 249
249
255 256
256
260 261 262
261 262
262 264
264 266
266
269 270
270
278
284 285 286
285 286 287
286 287 288
287 288
288 290
290
295 297
297 298
298
304 306
306
313 314
314
317
320
325 327
327 329
329 330 331
330 331 332
331 332 333
332 333
333
336 337
337
340 341 342
341 342
342 344
344 345 346
345 346 347
346 347 348
347 348 349
348 349
349
354 356
356 357
357 359
359
364
368 370
370 371
371
374 376
376
379
384 386
386
389
396 398
398 400
400 402
402 404
404
407
410
414
417 419
419 420
420
428
431 433
433 435
435 436
436 438
438 439
439 441
441 442 443
442 443
443
449 450
450
455 457
457 458 459
458 459
459
462 463
463 465
465 466 467
466 467 468
467 468
468 470
470
473 474
474
478 479 480
479 480 481
480 481
481
484 485 486
485 486
486
491
495 496 497
496 497
497
500 502
502 504
504
513 514 515
514 515
515
522 523 524
523 524 525
524 525 526
525 526
526 528
528 530
530
533
536 537 538
537 538 539
538 539
539 541
541 542 543
542 543 544
543 544
544
547
550 551
551
556 557
557 559
559 560
560 562
562 564
564 565
565
569
577
580
583
586
593 594
594
598
601 602
602
605 606
606
610 612
612
616
621
630 632
632
635
639 640
640
644
648
651 652
652 654
654
657 659
659 660
660
664 665
665 667
667 669
669 670
670
675 676
676
680 681 682
681 682
682 684
684 686
686
689
692 694
694 695
695
698 700
700
703
707
710 711
711 713
713 714 715
714 715 716
715 716 717
716 717 718
717 718 719
718 719 720
719 720
720
724
727 728
728 730
730 732
732 734
734 735 736
735 736
736
739
742 744
744
749 751
751
755 756 757
756 757 758
757 758
758
761 763
763
769 770 771
770 771 772
771 772 773
772 773
773 775
775 777
777 779
779 780 781
780 781
781
786 788
788 789
789 791
791 793
793
796 798
798 800
800
803
807 808 809
808 809
809
812 813
813
816 817 818
817 818
818
822
825
828 830
830 832
832 834
834 836
836
843 844
844
847 849
849 851
851 852 853
852 853 854
853 854
854 856
856
860
864 865
865 867
867 868 869
868 869
869
872 873 874
873 874 875
874 875 876
875 876
876 878
878
890 892
892 893 894
893 894 895
894 895
895
901 903
903
906 907
907
911 912
912
916 917 918
917 918 919
918 919
919
922 923
923
930
933 935
935 937
937 938
938 940
940 941
941 943
943 944
944 946
946 948
948
951 952 953
952 953 954
953 954 955
954 955 956
955 956
956 958
958
961
964
968 970
970 971
971
976
979 980
980 982
982 983
983 985
985
988
993 995
995
