#naive2.0.py
# GMT Fri Feb 14 13:34:02 2020
# 
0 1
1 3
3
7
10 11
11
15 16 17
16 17
17 19
19
27
30 31
31 33
33 34
34
38
43
46 47
47
50 51
51
55 56
56 58
58 59
59 61
61 62 63
62 63
63 65
65 66
66 68
68
71 72
72
79 81
81 82
82 84
84
88
94 95 96
95 96
96
101 103
103
107 108 109
108 109
109 111
111 113
113 115
115 116 117
116 117
117
123 125
125 127
127 129
129 130
130 132
132 134
134 135 136
135 136
136 138
138 139 140
139 140 141
140 141
141 143
143 144
144 146
146
149
153 155
155 157
157 158
158
161 163
163 164
164 166
166
174
177 178
178
183
186
191
194
198
201 202 203
202 203 204
203 204
204 206
206 207 208
207 208 209
208 209 210
209 210
210 212
212 214
214 215 216
215 216
216 218
218 219 220
219 220 221
220 221
221
225
228 230
230 231
231
234 236
236 237
237
242 243
243
251
256 258
258 259
259 261
261 262 263
262 263 264
263 264 265
264 265
265 267
267 268 269
268 269 270
269 270
270
273 274 275
274 275
275
278 279 280
279 280
280 282
282 283 284
283 284
284
287 288
288
291 293
293 295
295 297
297 299
299 300 301
300 301
301
307
310 311 312
311 312
312 314
314 315
315 317
317
320
330 331 332
331 332 333
332 333
333
336 338
338 339
339 341
341 342
342
345 346
346
349
352 354
354 355
355 357
357
361 363
363 365
365 366
366 368
368
371 372 373
372 373
373 375
375 376
376 378
378 380
380 381
381 383
383 384 385
384 385 386
385 386
386 388
388
391 392
392 394
394 395
395
399 401
401 402
402
409 410
410
413 414
414 416
416 418
418
424 425
425 427
427 428 429
428 429 430
429 430
430
436 437 438
437 438
438
441
447 448
448
451
459
468
471 472
472 474
474 476
476 477 478
477 478 479
478 479
479
485 486 487
486 487 488
487 488 489
488 489
489 491
491 492 493
492 493
493 495
495
499 500
500 502
502 504
504
509 511
511 513
513 514 515
514 515
515
518 519 520
519 520
520 522
522 524
524 525
525 527
527
533
537 538 539
538 539 540
539 540 541
540 541
541
547 548
548
551 552
552
559 560
560 562
562 563 564
563 564
564
567 569
569 570 571
570 571 572
571 572 573
572 573 574
573 574
574
578
581 582
582
585
591
594 595 596
595 596 597
596 597 598
597 598
598
602 603 604
603 604 605
604 605
605
609 610 611
610 611
611
614
618 619
619
622 624
624 625
625
630 631 632
631 632
632
637 639
639 640 641
640 641
641
648
653
656 658
658
663 664
664
667 668
668 670
670 672
672
675
682
685 686
686
690 692
692 693 694
693 694
694
697 699
699 701
701 702 703
702 703
703 705
705
709 710 711
710 711 712
711 712 713
712 713 714
713 714
714
717 718
718 720
720 721
721
724 726
726 727 728
727 728 729
728 729 730
729 730
730
733
736 738
738 740
740 741
741 743
743 744 745
744 745 746
745 746
746 748
748 749 750
749 750
750 752
752 753
753 755
755 756
756
759 761
761 762 763
762 763
763
767 768 769
768 769
769 771
771 772 773
772 773
773
777 779
779 780
780 782
782 784
784 785
785
788 790
790 791
791 793
793
800 802
802 803 804
803 804 805
804 805 806
805 806
806 808
808
812 813
813
816 817 818
817 818 819
818 819 820
819 820
820
823 824
824
827
831 832 833
832 833
833
836
840 842
842
846
850
853 855
855 856 857
856 857 858
857 858 859
858 859
859
863 865
865
869 870
870 872
872 873 874
873 874
874 876
876
879 880 881
880 881 882
881 882
882 884
884 886
886 887 888
887 888 889
888 889 890
889 890
890 892
892 893 894
893 894 895
894 895
895 897
897 898
898
901 902
902 904
904 905
905
910 911 912
911 912
912
915 916 917
916 917 918
917 918 919
918 919 920
919 920 921
920 921 922
921 922 923
922 923 924
923 924
924 926
926 927 928
927 928
928 930
930
933
938 939
939
943
949 950
950
955 957
957 959
959 960 961
960 961 962
961 962
962 964
964 966
966 968
968 970
970 971 972
971 972
972 974
974 976
976
980 981
981
984
989 991
991 992 993
992 993 994
993 994
994 996
996
