#naive2.0.py
# GMT Fri Feb 14 13:33:58 2020
# 
0 999
3 4
4
7
10 12
12 14
14 15 16
15 16
16
20 21
21 23
23 25
25 26
26
29
33
37 38
38 40
40 42
42
45 46 47
46 47
47
50 51
51
54 55 56
55 56 57
56 57 58
57 58
58
61
65 66
66
71 73
73 75
75 76 77
76 77
77
81 82
82 84
84
87 88 89
88 89
89
92 94
94 95
95
98
101
107 108
108 110
110
116 117
117
120 121
121
124 126
126 127 128
127 128
128
131 132 133
132 133 134
133 134 135
134 135
135
138 139 140
139 140 141
140 141
141
144 145 146
145 146 147
146 147 148
147 148
148
151 152
152 154
154 155
155
158 159
159 161
161
164 166
166 167 168
167 168
168
172 173
173
179 180 181
180 181 182
181 182 183
182 183
183
186 187 188
187 188
188 190
190
193 194
194
198 199
199
202 203
203
207
213
216 217
217
221 222 223
222 223
223 225
225 226 227
226 227
227 229
229 231
231 232 233
232 233 234
233 234
234 236
236
239
242 243
243
246
250
253
256 257 258
257 258
258 260
260
263
271 272 273
272 273 274
273 274
274 276
276 277
277 279
279 280
280
285 286 287
286 287 288
287 288
288
291 293
293 295
295 296
296
301 302 303
302 303
303
306
312 314
314 315
315
326 327
327 329
329 330 331
330 331
331 333
333
337
340 342
342 343
343
346 347
347 349
349 350
350 352
352
356 357 358
357 358
358 360
360 361 362
361 362
362
367 368
368
371 372 373
372 373 374
373 374
374 376
376 377
377
382 383 384
383 384 385
384 385 386
385 386 387
386 387
387 389
389 391
391 392 393
392 393
393 395
395 396 397
396 397
397
401 403
403
406 407
407 409
409 411
411 413
413 414
414
418 419
419
422
425 426
426
433
437 438 439
438 439 440
439 440
440
443
446 447 448
447 448
448
451
454 455
455
458 459
459
462 463
463
467
470
476
480 481
481 483
483 485
485 486 487
486 487
487 489
489
492
495 497
497 498
498
504
512 513 514
513 514
514 516
516 518
518 519 520
519 520
520 522
522
526
529 530 531
530 531 532
531 532
532
535
538
550 551
551
556 557 558
557 558
558
562 563
563
569 570
570 572
572
579 580 581
580 581 582
581 582 583
582 583
583
591 592
592 594
594 595
595 597
597 598
598 600
600
603
606
610 611
611 613
613 614
614 616
616 618
618
624 625
625 627
627 628 629
628 629
629
633 635
635 636
636
639 641
641 642 643
642 643 644
643 644 645
644 645
645
648
653 655
655 657
657 658 659
658 659 660
659 660
660
666 668
668 669
669 671
671 672
672 674
674 675
675
681
686 687
687 689
689 690
690
694 695 696
695 696
696 698
698 699
699
702 703 704
703 704 705
704 705 706
705 706 707
706 707
707 709
709 711
711 712
712
715
718
721 722 723
722 723
723 725
725 727
727 729
729
732 733
733
738 739
739 741
741 742
742 744
744 745 746
745 746
746 748
748 749 750
749 750
750
753
758
762
765
770
777
780 781
781
784
787 788 789
788 789
789 791
791
794 795
795
799
805 806 807
806 807
807
810
816 817 818
817 818 819
818 819 820
819 820
820 822
822
825 826
826
829 830 831
830 831
831 833
833 834
834 836
836
841 843
843
846 847
847
850
853
856
859 860
860
863 864 865
864 865 866
865 866
866 868
868 869
869
872 874
874 875 876
875 876
876
880 882
882
888 889
889 891
891 892 893
892 893
893
896
899 900 901
900 901
901 903
903
909 910
910
913 914
914
917 919
919
923
928 930
930 932
932 933
933
936 937
937
942 944
944
947
950
954
957 959
959
964 965
965
972 973 974
973 974 975
974 975
975 977
977 978
978 980
980 981
981 983
983 984 985
984 985 986
985 986
986 988
988 989
989 991
991 992 993
992 993 994
993 994 995
994 995 996
995 996 997
996 997
997 999
999
