#naive2.0.py
# GMT Fri Feb 14 13:33:59 2020
# 
1 2
2 4
4 5
5 7
7 8
8 10
10 11
11
14 15
15 17
17 19
19 21
21 23
23
28 29
29
34 35
35 37
37 39
39
46
51 52
52 54
54 55
55 57
57 58
58
67 68 69
68 69 70
69 70
70 72
72 73 74
73 74
74 76
76 78
78
82
85 87
87
90
94 96
96 98
98 100
100 102
102
106 107
107 109
109 111
111 112
112
116 118
118
121 122
122 124
124
127 129
129 131
131
135 136
136
142
148 149
149
152 154
154 155 156
155 156
156
159
162 163 164
163 164
164 166
166
171
178 179 180
179 180 181
180 181
181 183
183
186 187
187 189
189 190 191
190 191 192
191 192 193
192 193
193 195
195 197
197 198
198
202 203 204
203 204
204
207 208
208 210
210 211 212
211 212
212
215 217
217 218 219
218 219
219 221
221 223
223 224 225
224 225
225
229 231
231 232 233
232 233 234
233 234
234
239
243 244
244
247 249
249 251
251 252
252
257 259
259 260 261
260 261
261 263
263 264
264
267 269
269
277
280
284
289 290
290 292
292 293 294
293 294 295
294 295 296
295 296 297
296 297
297 299
299 301
301 303
303
306
310
313 315
315 317
317
324
330 332
332 334
334 336
336 337 338
337 338
338
342
347 348
348
351 352
352
355 357
357 358
358
361
365 366
366
369 370 371
370 371
371 373
373 374 375
374 375 376
375 376 377
376 377 378
377 378
378 380
380 381
381
385 386
386
391
394
404 405
405
413 414 415
414 415 416
415 416 417
416 417
417
420 421 422
421 422 423
422 423 424
423 424 425
424 425
425 427
427 429
429 431
431 432
432
438 439 440
439 440 441
440 441 442
441 442 443
442 443 444
443 444
444
447
450 451
451 453
453
456 457
457
464 466
466 468
468
471 473
473
479
484 486
486 487
487
490 492
492 493
493 495
495
498 499
499
502 504
504 505
505
508
513 515
515
518 519 520
519 520
520
523
529
535 536
536 538
538 539 540
539 540
540
543 545
545 547
547 549
549 551
551
555 556 557
556 557
557
560
563 565
565 566
566
569 571
571 572 573
572 573
573 575
575 576
576 578
578 579 580
579 580 581
580 581
581
584
587 588
588
591 592 593
592 593 594
593 594 595
594 595
595
599 600
600 602
602 603 604
603 604 605
604 605 606
605 606 607
606 607 608
607 608
608 610
610
613 614
614 616
616
619
626 628
628 630
630 632
632 634
634 635
635
639
642 643 644
643 644 645
644 645
645
650 651
651 653
653 654
654
659 660
660 662
662 664
664 665
665 667
667 668
668
671 673
673 674
674 676
676
681 683
683 684
684
694 695
695
699 701
701
704
716
719
723 724
724 726
726
730
736
739 740 741
740 741
741
744 745 746
745 746 747
746 747 748
747 748
748 750
750 752
752 753
753
756
760 761 762
761 762
762 764
764 765 766
765 766 767
766 767 768
767 768 769
768 769 770
769 770
770 772
772 774
774
780 781 782
781 782
782
788
791 792
792 794
794 796
796 797
797 799
799
803 804
804 806
806 808
808 809
809 811
811 813
813 815
815
818
821 823
823 824
824 826
826 828
828 829 830
829 830
830 832
832 834
834 835 836
835 836 837
836 837 838
837 838
838
842 843 844
843 844 845
844 845 846
845 846
846
850 852
852 853
853 855
855
861 862
862 864
864
867 869
869
872 874
874 875 876
875 876 877
876 877 878
877 878 879
878 879
879 881
881 882
882
889 890 891
890 891 892
891 892
892 894
894 896
896 898
898 899
899 901
901 902
902
905
910 911
911
915 917
917
920 921
921
927
930
936
941 942 943
942 943
943
949 951
951 953
953
956 958
958 959
959
964 965
965 967
967
970 971
971
975 976 977
976 977
977 979
979
983
986 987
987 989
989
993 994 995
994 995
995 997
997 998
998
