#naive2.0.py
# GMT Fri Feb 14 13:34:01 2020
# 
0 1 999 2
1 2 3 999
2 3
3 5
5 6
6 8
8 9
9 11
11 12
12 14
14
18 19 20
19 20
20
24 25
25
31 32
32 34
34 35 36
35 36 37
36 37
37 39
39 41
41 42
42
46 47 48
47 48
48 50
50 52
52 53
53
56
62 63 64
63 64 65
64 65
65 67
67 68
68
72
75
78 80
80
86 88
88
92 94
94 96
96
100 102
102 103 104
103 104
104 106
106 107 108
107 108 109
108 109 110
109 110
110
114 115
115
120
125 126
126 128
128
132
135 136
136
139 141
141 142
142 144
144 145
145 147
147 148
148
155
158
161
164 165 166
165 166
166
169 171
171
176 177
177
180 182
182 184
184 186
186 188
188 189 190
189 190 191
190 191
191
194 195 196
195 196 197
196 197 198
197 198 199
198 199
199
203 205
205
211
214
218
222 224
224 225
225 227
227
230 231 232
231 232
232
236 238
238 240
240 241
241
245 246 247
246 247 248
247 248
248
251 252 253
252 253
253 255
255
258 259
259
262 264
264 266
266 268
268 269 270
269 270 271
270 271
271 273
273 274 275
274 275
275 277
277 279
279 280
280
285 286 287
286 287 288
287 288 289
288 289 290
289 290 291
290 291
291 293
293 295
295
299 300
300 302
302 303
303 305
305 306
306
310
313
318 319
319 321
321 323
323 325
325
329 330 331
330 331 332
331 332 333
332 333 334
333 334 335
334 335
335
338 339
339 341
341 342 343
342 343
343 345
345
350 351 352
351 352
352 354
354 355
355 357
357 358 359
358 359 360
359 360
360 362
362
366 367 368
367 368 369
368 369 370
369 370 371
370 371
371
375 377
377
380 381 382
381 382 383
382 383 384
383 384 385
384 385
385 387
387
390
393 394 395
394 395
395 397
397 398 399
398 399 400
399 400 401
400 401 402
401 402 403
402 403
403
406 408
408 410
410 411 412
411 412
412
418 419 420
419 420
420 422
422 424
424 425
425
430
433
437 439
439 440
440
443 445
445 446
446
450 451 452
451 452
452
458 459 460
459 460 461
460 461
461
464 466
466 468
468
471
476 477 478
477 478 479
478 479
479
491 492
492
495
501 502
502 504
504 506
506 507 508
507 508 509
508 509
509
512 513
513 515
515
518 519
519
522 523
523
526 527 528
527 528 529
528 529
529
533 534 535
534 535
535
538
541 542
542 544
544 545
545 547
547
550
554
560 562
562 564
564
567
570
573 574 575
574 575 576
575 576 577
576 577
577
584 586
586 588
588 590
590
596
600
603 604
604
609
612 613
613 615
615 616
616
620
623 624
624
631 633
633
636 637
637
642 643
643 645
645 646 647
646 647
647
653 654 655
654 655
655 657
657 659
659 661
661 662
662 664
664 665 666
665 666
666 668
668 669
669
672 673
673
676
680 681
681 683
683 684
684
689 690 691
690 691
691
694 695
695 697
697 699
699 700 701
700 701
701
704 705 706
705 706
706
709 711
711 712 713
712 713
713
721
725 726
726
730 731
731
735 737
737 738 739
738 739
739
745 746 747
746 747 748
747 748
748 750
750 751
751
754
758 760
760 762
762 764
764 766
766
769 771
771 772 773
772 773 774
773 774
774 776
776
779 780 781
780 781 782
781 782 783
782 783 784
783 784 785
784 785 786
785 786
786
789 790 791
790 791 792
791 792 793
792 793
793 795
795 797
797 798 799
798 799 800
799 800 801
800 801 802
801 802 803
802 803
803
807 808 809
808 809
809
812 813 814
813 814 815
814 815
815
819
822 823 824
823 824 825
824 825
825 827
827 829
829 831
831 832 833
832 833
833 835
835 836 837
836 837 838
837 838
838
842 843
843
846 847 848
847 848 849
848 849
849
852 853
853
856 858
858 859
859
869
872
878 879 880
879 880 881
880 881 882
881 882 883
882 883
883
886 887
887
890 891
891
896
902
909
914
919 921
921
924 925
925
930 932
932 934
934 935
935
938 940
940 941
941
949 951
951
955
959 960
960
963 965
965 966 967
966 967
967 969
969 970
970
973
976 978
978 979
979 981
981 982
982 984
984 985
985 987
987
993 994
994
999
