#naive2.0.py
# GMT Fri Feb 14 13:34:00 2020
# 
0 999 2 998
2 3
3 5
5 6 7
6 7
7
12 13
13 15
15 16 17
16 17
17
23 24
24
28 29
29
34 35 36
35 36 37
36 37
37
42 43 44
43 44
44 46
46
50
55
59 61
61 62
62
67 68
68
73 75
75 77
77 79
79 80
80 82
82
85
90 91
91 93
93 94
94
98
101 102
102 104
104 105 106
105 106 107
106 107
107 109
109 111
111
114
117 118
118
122 123 124
123 124 125
124 125 126
125 126
126
132
135
144 145 146
145 146 147
146 147
147
150 152
152 153 154
153 154 155
154 155
155
159 160
160
163 164 165
164 165 166
165 166 167
166 167 168
167 168 169
168 169
169 171
171 173
173 175
175 176
176 178
178 180
180 182
182 184
184 185
185 187
187 189
189 190 191
190 191
191
194 195
195 197
197 198 199
198 199
199 201
201 203
203 205
205
208
211
217
220
226 227
227
231 233
233 235
235 237
237
241
248 249 250
249 250
250 252
252 253
253
256
259 260 261
260 261 262
261 262
262
269
277
280
286 288
288
291 293
293 295
295 296
296 298
298
302 303 304
303 304 305
304 305 306
305 306 307
306 307
307
312 313
313
320 321
321 323
323 325
325 326
326
329 330 331
330 331
331 333
333 335
335
338 340
340
343 345
345 346 347
346 347
347 349
349 351
351
354
358 359
359
364
367
374 375
375 377
377 378
378 380
380 382
382 383
383
386 387 388
387 388
388
391 393
393 394 395
394 395
395 397
397 399
399 400
400
403 404
404
407 408 409
408 409 410
409 410
410 412
412 414
414
417 418 419
418 419
419 421
421
425
428 429
429 431
431 432
432 434
434 435 436
435 436
436
441 443
443 444
444
447 449
449 450 451
450 451
451
454 455
455
459 461
461
465 466 467
466 467
467
471 473
473
481 482
482
485 486
486
491 492 493
492 493 494
493 494 495
494 495 496
495 496 497
496 497
497 499
499 501
501 503
503 504 505
504 505
505
509
514 515
515
518
521 523
523
534 536
536
540
543 544
544 546
546
549
554 555 556
555 556
556
559
562 563
563
566 568
568 570
570 572
572 574
574 575
575
578 579 580
579 580
580
583 584 585
584 585
585
590 592
592 593
593 595
595
598
604 605
605
609
612 613
613 615
615
620 621
621
624
628 629 630
629 630
630
634 635 636
635 636 637
636 637 638
637 638 639
638 639
639 641
641
646 648
648 649
649 651
651 652
652
655 657
657 658 659
658 659
659
662 663 664
663 664
664
667 668 669
668 669
669 671
671 672
672 674
674 676
676 677
677
682 683 684
683 684 685
684 685 686
685 686
686
695 697
697
701 703
703 704
704
707
710
713 714 715
714 715
715 717
717 719
719
722 724
724 726
726 728
728 729 730
729 730
730
734
739 740 741
740 741
741 743
743 744
744
748 749 750
749 750
750
753
757 758 759
758 759
759
762 763 764
763 764 765
764 765 766
765 766
766 768
768
772 774
774 775
775 777
777
781
786
789 791
791
794 795
795 797
797 798
798 800
800 801 802
801 802 803
802 803
803
806 807 808
807 808
808 810
810
813
817 819
819
823 824 825
824 825 826
825 826 827
826 827 828
827 828
828
831 832
832
835 837
837 838
838
842 844
844 845 846
845 846 847
846 847
847 849
849 850
850 852
852
856 858
858 859 860
859 860
860 862
862
865
868 869 870
869 870
870
873
877 879
879 880
880
883 885
885 886
886
889
892 893
893
896 897 898
897 898
898
903
908
912
916 917
917 919
919 921
921 922
922 924
924
928 930
930 931
931
934 935
935 937
937 939
939
944 945 946
945 946 947
946 947
947
950
953 954 955
954 955
955 957
957
960
967
970 971
971 973
973
976 978
978
983 984
984 986
986
990 991 992
991 992
992
996 998
998 999
999
