#naive2.0.py
# GMT Fri Feb 14 13:34:04 2020
# 
0 1
1
4
8
14 15
15
20
23 24
24 26
26 27
27
31 32 33
32 33
33
37
40 42
42 43
43
47 49
49
54 56
56
59 60
60 62
62 63
63
66 67
67 69
69 70
70
74 75
75 77
77
81
84 86
86 87 88
87 88 89
88 89 90
89 90 91
90 91 92
91 92 93
92 93
93 95
95
99
102 103 104
103 104
104 106
106
110 111
111
114 116
116 117 118
117 118 119
118 119
119
122
128
132 133
133
137 138 139
138 139
139
142
148 149
149 151
151 153
153
156 157 158
157 158
158 160
160 161
161 163
163 164
164
167
171 173
173 174 175
174 175 176
175 176 177
176 177 178
177 178 179
178 179
179
183 185
185 186 187
186 187 188
187 188 189
188 189
189
192 194
194 195
195 197
197 198
198 200
200 201 202
201 202 203
202 203
203 205
205 206 207
206 207
207
210 212
212 214
214
219
223 225
225 226
226
229 230 231
230 231
231 233
233 234
234
242 244
244 245
245
248
252
256 257 258
257 258
258 260
260 261 262
261 262 263
262 263 264
263 264 265
264 265 266
265 266
266
270 271
271 273
273 275
275 276 277
276 277
277
281 282
282
287 288 289
288 289
289
292
295 297
297 298
298
302 303
303
308 309
309 311
311 313
313 314
314
323
326 328
328 329 330
329 330
330
333 334
334
337 338 339
338 339
339
345
348
354 355 356
355 356
356 358
358 360
360 361
361
367
370 372
372 374
374 376
376 378
378
382 384
384 386
386 387
387 389
389 391
391 392
392
396
399 401
401 402 403
402 403
403
406 407 408
407 408 409
408 409
409 411
411 412 413
412 413
413
417 418
418
421 422 423
422 423 424
423 424
424
432 433 434
433 434 435
434 435 436
435 436
436
439 441
441
446 447
447
452 454
454 456
456
461
470 471 472
471 472
472
477 478
478 480
480
483
486 488
488 489 490
489 490 491
490 491 492
491 492
492
495 497
497 498 499
498 499 500
499 500 501
500 501 502
501 502
502 504
504 506
506 508
508 510
510 511 512
511 512 513
512 513
513
518
525 527
527 528
528 530
530 531 532
531 532 533
532 533
533 535
535 536
536
545 547
547 548
548 550
550 551 552
551 552 553
552 553
553 555
555 557
557
561 563
563 565
565 567
567 568
568 570
570
574 575
575
580
583 584
584
590 591
591 593
593 595
595
599 600 601
600 601
601
607 608
608 610
610
613 615
615 616
616 618
618
621 623
623
628 629
629
632 633 634
633 634
634 636
636 637 638
637 638
638
641 642
642
646 648
648
652 654
654 655 656
655 656
656
660 661
661
664 665
665
669
672 673
673
676 677
677 679
679 680 681
680 681 682
681 682
682
686
689 691
691
697
700 701
701
705 707
707 708
708
711 712
712
715
718
721 722 723
722 723 724
723 724
724 726
726 727 728
727 728
728
735
740 741
741 743
743 744
744 746
746 748
748 749
749 751
751
756 757
757 759
759
762 763 764
763 764 765
764 765 766
765 766
766
769 771
771
775 776 777
776 777
777
780 781 782
781 782 783
782 783
783 785
785
788 789 790
789 790 791
790 791
791
794 795 796
795 796
796 798
798 799
799 801
801 802
802
805 806
806 808
808
811 812
812 814
814
820 821
821
825 826 827
826 827
827 829
829
832 834
834 835
835
840
845 846 847
846 847
847 849
849
859 860 861
860 861
861
864 865
865
869 870
870 872
872 873
873 875
875 877
877 879
879
882 883
883 885
885 886
886 888
888
891
899 900
900 902
902 903 904
903 904 905
904 905 906
905 906
906
910 911
911 913
913 914
914
917 918 919
918 919
919
923 924
924 926
926 927 928
927 928 929
928 929 930
929 930 931
930 931 932
931 932
932 934
934 936
936 937 938
937 938
938 940
940 941 942
941 942 943
942 943
943 945
945 947
947 948 949
948 949
949
952 953
953 955
955 956
956 958
958
961 963
963 964 965
964 965
965 967
967 968
968 970
970 972
972
977 978 979
978 979
979 981
981 982
982
985 986
986
990 991
991
994 995
995
