#naive2.0.py
# GMT Fri Feb 14 13:34:04 2020
# 
1 2
2 4
4 5 6
5 6 7
6 7 8
7 8
8 10
10
13 14
14
17
23 24
24
28 29
29
32 33
33
36 38
38 39
39 41
41
46 47
47
51 53
53
57 58 59
58 59
59
63
66 68
68
72
77 79
79
82
85 87
87 88
88 90
90 92
92 93
93 95
95 97
97 98
98 100
100
109 110 111
110 111
111
114 115
115 117
117 119
119 120 121
120 121 122
121 122
122
125 126 127
126 127 128
127 128
128 130
130 131
131
137 138 139
138 139
139 141
141 143
143
150
153 155
155 156
156
164 165
165
177 178
178 180
180 181
181
184 186
186
189 191
191 192 193
192 193
193 195
195
199 201
201
206 207
207
211 213
213 214
214
220
224 225 226
225 226
226 228
228
234 235
235 237
237
241
245 246 247
246 247 248
247 248
248
252 253
253
258 259 260
259 260
260 262
262 264
264 265
265
269 270 271
270 271 272
271 272 273
272 273 274
273 274
274
279
288 290
290 292
292 294
294 296
296 297 298
297 298
298 300
300 302
302 304
304
307
311
315
318
321 322 323
322 323 324
323 324 325
324 325 326
325 326 327
326 327 328
327 328 329
328 329 330
329 330
330 332
332
336
340 342
342 343
343
347 349
349
353 354 355
354 355
355 357
357 358 359
358 359
359
364 365
365
368
373 374
374
379 380 381
380 381 382
381 382 383
382 383 384
383 384
384
388 390
390
393 395
395 396
396
401
405
409
415 416 417
416 417 418
417 418
418 420
420
425 427
427
434 436
436 437 438
437 438 439
438 439 440
439 440
440 442
442
447 448 449
448 449 450
449 450
450 452
452 454
454 455
455
460
465 467
467
470
473 475
475 477
477
484
495
499 500
500
506 507 508
507 508
508
511 512 513
512 513 514
513 514
514
517
520
527 528 529
528 529
529
532 534
534
537 538
538
542
545 547
547 548
548 550
550 551 552
551 552
552
555 556
556
559 560 561
560 561 562
561 562 563
562 563 564
563 564
564
567 569
569 571
571 572 573
572 573
573 575
575 576 577
576 577 578
577 578 579
578 579 580
579 580
580 582
582
585
590
593 594
594
599 601
601 603
603
611
614 615
615 617
617
621
630 632
632 634
634 636
636
641 643
643 644 645
644 645
645
648 649 650
649 650
650
654 655
655 657
657 658
658 660
660 661
661
667 668 669
668 669 670
669 670 671
670 671 672
671 672 673
672 673 674
673 674
674 676
676
679 681
681
686 688
688 689 690
689 690
690
700 702
702 704
704 705
705 707
707 708
708 710
710
713
718 720
720
725 727
727 728 729
728 729
729 731
731 732 733
732 733 734
733 734 735
734 735
735 737
737 739
739 740 741
740 741
741 743
743
751 752 753
752 753
753 755
755 756 757
756 757 758
757 758
758
761 763
763
766
770 772
772 774
774
782 783 784
783 784
784 786
786 788
788
792 793 794
793 794 795
794 795 796
795 796 797
796 797 798
797 798
798 800
800
803 805
805
808 810
810
813
819 821
821 823
823
826
829
836 838
838
842 843 844
843 844
844
847
853 854 855
854 855
855
861 862 863
862 863
863 865
865 866
866
870 871
871 873
873 874
874
880
883
886 888
888 889 890
889 890
890 892
892
895 897
897
902 903
903
906 908
908
913 915
915
918
922 923
923
926
930
933 935
935 936
936
941 942 943
942 943
943
947 949
949 950 951
950 951 952
951 952
952
955 957
957 959
959 960 961
960 961 962
961 962
962
966
971 972
972 974
974
982 983
983
986 987
987 989
989 990
990
995 996 997
996 997
997
