#naive2.0.py
# GMT Fri Feb 14 13:34:04 2020
# 
1 2 3
2 3
3
7
10 11 12
11 12
12 14
14 15
15
18 19
19
23 25
25 26
26
34 35
35
39
42
49
53
56 57
57
62
65 66
66
69 70 71
70 71
71
74
78
85 86
86
89 90
90
93 94
94
97
100 101
101 103
103 104 105
104 105
105
108 109 110
109 110
110 112
112 113
113 115
115 116
116
119
122 123 124
123 124
124
132
135 137
137 138 139
138 139
139 141
141 143
143 145
145 146 147
146 147 148
147 148 149
148 149 150
149 150 151
150 151 152
151 152 153
152 153
153 155
155 156
156 158
158 159 160
159 160
160 162
162
165
169 170
170
177
180 181
181 183
183
188 189
189
193 194
194 196
196
200 202
202 203
203 205
205 207
207 208 209
208 209
209 211
211 213
213 214 215
214 215 216
215 216
216 218
218 220
220 221
221 223
223
226 227
227 229
229
234 235 236
235 236 237
236 237 238
237 238
238 240
240 241 242
241 242
242
246
251 252
252 254
254 256
256
261 262
262 264
264 265 266
265 266
266
271
274 275
275 277
277 279
279
282
286
289 290 291
290 291 292
291 292
292
295 297
297 299
299 301
301 302 303
302 303
303 305
305 306
306
309
313
317 319
319
325
329 330
330
337 338 339
338 339 340
339 340 341
340 341
341 343
343 344 345
344 345
345 347
347
350 351 352
351 352 353
352 353 354
353 354 355
354 355 356
355 356
356 358
358 359
359
365 366
366
369
373
379 381
381
385
388
394 395
395 397
397
400
405
408
411 412 413
412 413
413 415
415 416 417
416 417 418
417 418
418 420
420
425
430 432
432 433
433
437 438 439
438 439
439
442
446 448
448 449
449 451
451 452
452 454
454 455
455
460 462
462
465 466 467
466 467 468
467 468 469
468 469 470
469 470 471
470 471
471 473
473 474 475
474 475
475 477
477 478
478
481
484 486
486
489
492 493 494
493 494
494 496
496 498
498 499
499
502 504
504
508
515
520
523 524 525
524 525
525
528 530
530
535 537
537 539
539 540 541
540 541
541
545 547
547 548
548 550
550
554
557 558 559
558 559 560
559 560 561
560 561 562
561 562 563
562 563
563 565
565 566 567
566 567
567 569
569 570
570
573 574 575
574 575
575
581 582
582
585
590 591 592
591 592
592 594
594
599
603 604 605
604 605 606
605 606
606
611 612 613
612 613
613
619 621
621 622
622
626
630 631
631 633
633
639 640
640
643
646 648
648 649
649
653 654 655
654 655 656
655 656
656 658
658
661 662
662
665 666
666
669
681
686 687
687
690
694 695
695
698
702 704
704 705
705 707
707 708 709
708 709
709 711
711 713
713 715
715
719 720 721
720 721
721
724 725 726
725 726 727
726 727 728
727 728 729
728 729
729
737 738
738 740
740 741 742
741 742
742 744
744
749
752 754
754
757 758
758
762
765 767
767
770
774 775 776
775 776
776
781 783
783
786 787
787
790 792
792 794
794 795
795
798 800
800
804 805
805
810 811
811
814
818 819 820
819 820 821
820 821 822
821 822 823
822 823
823 825
825 826
826
833 835
835
839 840
840
850 851 852
851 852
852
855 856 857
856 857
857
861
865 867
867 869
869 870
870
874
880 881 882
881 882
882 884
884 885
885 887
887 888
888 890
890 891
891
896
903 905
905 907
907 908 909
908 909
909
912 913 914
913 914
914
918
921 922 923
922 923 924
923 924
924
927 928 929
928 929
929
932 934
934 935
935 937
937 938 939
938 939 940
939 940 941
940 941 942
941 942 943
942 943
943 945
945 946
946
950 951 952
951 952
952 954
954
961
965 966
966 968
968
973 974
974
977 979
979 980
980
984 985
985 987
987
993 994 995
994 995 996
995 996 997
996 997
997
