#naive2.0.py
# GMT Fri Feb 14 13:33:58 2020
# 
0 1
1 3
3 4
4
9 11
11 13
13
16 18
18
21 22 23
22 23
23 25
25 27
27 28 29
28 29 30
29 30 31
30 31
31 33
33 34 35
34 35
35
38 40
40 42
42 44
44 45 46
45 46 47
46 47
47 49
49 50 51
50 51 52
51 52 53
52 53
53
57 59
59 60
60
63 65
65 66 67
66 67
67 69
69
73 74 75
74 75
75 77
77 79
79 80
80
83
89
92 93
93
96 98
98 99 100
99 100
100
103 104 105
104 105 106
105 106
106
109 110
110
114 115 116
115 116 117
116 117 118
117 118
118
121 122 123
122 123
123
126 127 128
127 128 129
128 129
129 131
131
135 137
137 138 139
138 139
139
143 144
144
149
152
156 157
157
165 166
166
171
174
178 179
179
182
185 187
187 188 189
188 189
189
193
196 197
197
201 203
203 205
205 207
207
210
213
217 218
218 220
220
225 226 227
226 227
227 229
229 231
231
235 237
237 238 239
238 239
239
247
250 252
252 253 254
253 254
254 256
256 258
258
261 262 263
262 263 264
263 264
264 266
266 267
267
271
276 278
278 279 280
279 280
280
285 286 287
286 287 288
287 288 289
288 289
289 291
291 292
292
295 296
296
299
302
305 306
306
311
314 316
316 317 318
317 318
318
321 322
322 324
324 325
325 327
327 329
329 331
331
336 338
338
341 343
343 345
345 347
347 349
349 350 351
350 351 352
351 352 353
352 353
353
361 363
363
366 368
368 370
370
373 374
374
377
380 381 382
381 382
382
389
394
397 399
399 401
401 403
403 404 405
404 405
405 407
407 408
408
411 413
413 415
415
419
427 429
429 430
430 432
432
437
442 443
443 445
445 447
447 449
449
452
455 457
457 458
458
462 464
464
471
476
479 480
480 482
482
485 487
487 488 489
488 489
489
492 493
493
499 500
500
503 504
504
508
512
516
522 523
523 525
525
528
532
535 536
536 538
538 539
539 541
541 543
543 544
544 546
546
549
557
567
570 572
572 573 574
573 574
574
577 578 579
578 579 580
579 580
580
583 584 585
584 585
585
588 589 590
589 590
590 592
592 593
593
596 598
598
601 603
603 604
604
607 608
608 610
610 612
612
615 616
616
619
622 623
623
626 627 628
627 628
628
632 634
634 635 636
635 636
636 638
638 640
640 641
641 643
643
648
653
656
663 664 665
664 665 666
665 666
666
671 673
673 675
675
678
682 683
683 685
685 687
687 688
688 690
690 692
692 693
693
696
699 700 701
700 701 702
701 702 703
702 703 704
703 704
704 706
706 707
707 709
709 711
711 712
712
716 717 718
717 718 719
718 719
719
723 725
725 726 727
726 727
727
731 732
732 734
734
739
742 743
743
746 747 748
747 748
748 750
750 751
751
758 759 760
759 760 761
760 761 762
761 762 763
762 763 764
763 764 765
764 765
765 767
767
770 771
771
775 776
776 778
778 779
779 781
781
785 787
787
792
798
803 805
805 806 807
806 807 808
807 808 809
808 809
809 811
811 813
813
816
822 823
823
833 834
834
842 843 844
843 844 845
844 845
845 847
847 848 849
848 849 850
849 850
850 852
852 854
854 855
855 857
857
866
869 871
871 873
873 874
874
877 878
878 880
880 881
881
885 886
886 888
888 889 890
889 890 891
890 891
891 893
893 894 895
894 895 896
895 896
896 898
898 900
900 901
901
905 907
907 909
909 910
910
913
916 917 918
917 918
918 920
920 921
921 923
923 925
925 926 927
926 927
927
930 931 932
931 932 933
932 933
933
937 938 939
938 939 940
939 940
940 942
942
946 948
948 949 950
949 950
950
954 955 956
955 956
956
959 961
961 962
962 964
964
968 969 970
969 970 971
970 971 972
971 972 973
972 973
973
981
985 986
986 988
988
991 993
993 994
994 996
996
