#naive2.0.py
# GMT Fri Feb 14 13:34:02 2020
# 
4 5
5
8 9
9
12 13
13
16 18
18 20
20 21
21 23
23
28 30
30
34 36
36 38
38 39 40
39 40
40 42
42 44
44
48 50
50 51 52
51 52
52 54
54
58 60
60
70 71
71 73
73 74 75
74 75
75 77
77
82 83
83
86
90 91
91
95 97
97 99
99
106 107
107 109
109 111
111
114
119 120
120 122
122 124
124
127 128 129
128 129 130
129 130
130 132
132 134
134 135
135
143 145
145 146
146
149 150
150
154
160
163 165
165
169 170 171
170 171
171
175 177
177 178
178 180
180
183 184
184
187 189
189 190
190
193 194
194 196
196 197 198
197 198
198
203
207 209
209
213 214 215
214 215 216
215 216
216 218
218 220
220
225
229 231
231
234 236
236 237 238
237 238
238
241
245 246
246 248
248 250
250 251 252
251 252
252 254
254 256
256
259 261
261 262
262
266
269 271
271 273
273
277
281 282
282
285 286
286 288
288 289 290
289 290
290
295 296 297
296 297
297 299
299 300
300 302
302
305 306 307
306 307 308
307 308 309
308 309 310
309 310 311
310 311
311
315 316 317
316 317 318
317 318
318
321 322
322
325 326
326
329 330 331
330 331
331
337 339
339 340
340 342
342 344
344 346
346 348
348
352 354
354 356
356
360
364 365
365 367
367 369
369 370
370
373 375
375 377
377 378 379
378 379
379 381
381 383
383
387 388
388 390
390 392
392 394
394 395
395
400
403 405
405
410 412
412 413
413 415
415 416 417
416 417
417
420
423 424 425
424 425
425
428 429
429
434
437 438 439
438 439
439 441
441
444 446
446 447
447 449
449
452 454
454 456
456 457
457
460 461
461
464 465 466
465 466
466 468
468 469
469 471
471 472 473
472 473
473 475
475
480 481
481
484
487
490
493 494
494
497
503 504 505
504 505
505
508 510
510 512
512 513
513
518
521 522 523
522 523
523
529 530
530 532
532 533
533
538 540
540 542
542 544
544
548
554
557 559
559 561
561
565
569 571
571
575 576
576 578
578 579
579
583 584
584
593 595
595
598
602 604
604
608
615
618 619 620
619 620
620
625
629 630 631
630 631
631 633
633 634 635
634 635 636
635 636
636
639
644 645
645 647
647 648 649
648 649 650
649 650 651
650 651 652
651 652 653
652 653 654
653 654
654 656
656 657
657
660 661
661
665 666 667
666 667 668
667 668 669
668 669 670
669 670
670
673 674
674 676
676 678
678 679
679
683
688 689 690
689 690 691
690 691 692
691 692 693
692 693
693
696 697 698
697 698 699
698 699
699
706
710 711
711 713
713 714 715
714 715 716
715 716 717
716 717 718
717 718
718
725
729
733 735
735 736
736
741 742
742
746 747
747 749
749 750 751
750 751
751
754
758
761
766 767
767 769
769
772 773 774
773 774
774
777
780 781
781
784 785
785
788 789 790
789 790
790 792
792 794
794
798 799 800
799 800 801
800 801
801 803
803
806 807
807 809
809 810
810
814 815
815 817
817 818
818
822 824
824
827 829
829 830 831
830 831
831
834 836
836
839 841
841 843
843 844
844 846
846 847
847 849
849 851
851 852
852
855 857
857
863 864
864 866
866 867
867
870 871
871
874 875 876
875 876
876 878
878 879 880
879 880 881
880 881
881 883
883
887 889
889 890 891
890 891 892
891 892
892
895 897
897
902 904
904 905
905 907
907 908
908 910
910 912
912 913 914
913 914
914
917 918 919
918 919 920
919 920
920
927
930
933 935
935
938
942 943
943 945
945 946 947
946 947 948
947 948
948
953 955
955 956 957
956 957
957
962 964
964 965 966
965 966
966
969 970 971
970 971 972
971 972 973
972 973 974
973 974
974
979 981
981
984
991 993
993 994
994
998
