#naive2.0.py
# GMT Fri Feb 14 13:34:06 2020
# 
7
12 14
14 15
15 17
17 18
18 20
20 21
21 23
23
26 27
27 29
29 31
31 32
32 34
34 35
35 37
37 38
38
43 44 45
44 45
45 47
47
51 52
52 54
54 55
55 57
57
61 63
63
66
69 71
71 73
73 75
75
80 81
81 83
83 85
85 86 87
86 87 88
87 88
88
92 94
94 95 96
95 96
96
99
102
107 108
108 110
110
114 116
116
119 120 121
120 121 122
121 122 123
122 123 124
123 124
124
135 136 137
136 137 138
137 138
138
141 143
143 144 145
144 145 146
145 146
146 148
148 149
149
153 154
154
158
161 162
162
166
169
172 174
174
178 179
179 181
181 183
183 184 185
184 185
185 187
187 188
188
194 195 196
195 196 197
196 197
197
204 205
205 207
207
211
215 217
217 218
218 220
220 221
221 223
223 224
224 226
226 227 228
227 228
228
231 232
232 234
234 236
236 238
238 240
240
244 245
245
248
253
257 259
259 260 261
260 261 262
261 262 263
262 263 264
263 264 265
264 265
265 267
267
271
275 277
277 279
279 280 281
280 281 282
281 282
282 284
284 285 286
285 286 287
286 287 288
287 288 289
288 289 290
289 290
290
296 297 298
297 298 299
298 299 300
299 300
300
303 305
305
308 310
310 311
311
315
318 320
320 321
321
326 328
328 329
329 331
331
337 339
339
344 345
345 347
347
352 354
354
358 360
360 362
362
365 366
366 368
368 369 370
369 370 371
370 371
371
375 377
377 378
378
383 384 385
384 385
385 387
387 388 389
388 389
389
392 393 394
393 394
394 396
396
400
403
407 409
409
412 413 414
413 414
414
419 420 421
420 421
421 423
423 424
424
430 432
432 433
433 435
435 436
436
439 440 441
440 441
441
445 446 447
446 447 448
447 448
448
455 456
456
459 461
461 462
462 464
464
474 475 476
475 476
476
479 480
480
490 491 492
491 492
492
495 497
497
502
506 507
507 509
509 510
510 512
512 514
514 515 516
515 516 517
516 517
517 519
519
522 524
524 525
525
528 529 530
529 530 531
530 531
531
535 536 537
536 537 538
537 538
538
541 542
542
546 547 548
547 548
548
552 553 554
553 554
554
558 559 560
559 560 561
560 561 562
561 562
562 564
564
568 569
569 571
571 572
572 574
574 576
576 577
577 579
579 580
580
585 586 587
586 587 588
587 588 589
588 589 590
589 590
590
596 598
598 600
600 601 602
601 602
602
607 608 609
608 609 610
609 610 611
610 611
611
614
618
621 623
623 625
625 626
626
633 634
634 636
636 638
638
641
648
656 657
657
660 662
662 663 664
663 664 665
664 665
665
668 670
670 671
671 673
673 675
675
680 682
682 684
684
691 692 693
692 693 694
693 694 695
694 695
695 697
697 699
699 700
700 702
702 703
703
712 713
713
717 718
718
721 723
723 724 725
724 725
725 727
727
733
736 737
737 739
739 740
740
745 747
747 748 749
748 749
749
755 756 757
756 757
757
760 761 762
761 762
762 764
764
767 768 769
768 769
769
772
779
783 784
784
788 789
789
795
799
802
805
811 812
812 814
814 815 816
815 816 817
816 817
817 819
819 821
821 823
823 824
824
827 828 829
828 829
829
832 833
833
838
841
844
850 852
852 854
854 855
855
858
861 863
863 864
864 866
866 867
867 869
869 871
871 873
873
877
882
885 886 887
886 887
887
893 895
895
898 899 900
899 900
900
907
912 913 914
913 914 915
914 915
915
918 919 920
919 920
920 922
922 923
923 925
925 927
927 929
929
936 937
937
940 941
941 943
943
946 947
947 949
949 950
950 952
952 954
954
959
969 970
970
973 975
975
979
985 986 987
986 987
987 989
989 990 991
990 991
991 993
993 994
994 996
996 997
997
