#naive2.0.py
# GMT Fri Feb 14 13:34:05 2020
# 
1 2 999
2 4
4
7 8
8 10
10 11 12
11 12
12 14
14 15
15
19
23 24 25
24 25 26
25 26
26
30 32
32
38 39
39 41
41
44
48
51 52 53
52 53
53
56
59 60 61
60 61
61
66
69 70 71
70 71
71 73
73 74
74
80
83 84
84
88
93 94
94
98 99 100
99 100 101
100 101
101
104 105
105
110 111 112
111 112
112 114
114 115 116
115 116 117
116 117
117
121
125 126
126
129 130 131
130 131 132
131 132 133
132 133 134
133 134
134 136
136 137 138
137 138 139
138 139
139
143 144
144
151 152 153
152 153 154
153 154
154
157 158 159
158 159
159 161
161 163
163 165
165 166 167
166 167 168
167 168
168 170
170 171
171 173
173 174 175
174 175
175
178
181
185
197 198
198
201 203
203 205
205 207
207
210
216 218
218 220
220 222
222 223 224
223 224 225
224 225 226
225 226
226 228
228 229
229
232 233
233
236 237 238
237 238
238
242 243 244
243 244 245
244 245 246
245 246 247
246 247 248
247 248 249
248 249 250
249 250
250 252
252 253 254
253 254 255
254 255
255
259 260 261
260 261 262
261 262
262
270 271
271
274 276
276
283 284 285
284 285
285
294 295
295
298 300
300 301 302
301 302 303
302 303
303 305
305 306
306
310 311
311 313
313 314
314
318 319 320
319 320
320
323 324
324 326
326 327 328
327 328
328
331
334 335
335 337
337
340
344
347
352 354
354
358 360
360 362
362 364
364 365
365 367
367 368 369
368 369
369 371
371 373
373 374 375
374 375
375
378 379
379 381
381 382
382
385 387
387
392
397
400 402
402 403
403 405
405
412 414
414 416
416 417 418
417 418
418
421
425 426 427
426 427 428
427 428 429
428 429
429 431
431 432
432 434
434 436
436 438
438 439
439 441
441 442 443
442 443 444
443 444 445
444 445 446
445 446 447
446 447
447 449
449 450
450
453 454 455
454 455 456
455 456 457
456 457
457
461 463
463 464
464 466
466
469
473 474
474
479
488 490
490 492
492 493 494
493 494
494 496
496 497
497
500 502
502 503 504
503 504
504 506
506 507
507
512 513 514
513 514 515
514 515 516
515 516
516
521 523
523
526 527 528
527 528 529
528 529
529
532 533 534
533 534 535
534 535 536
535 536 537
536 537
537 539
539 540
540
545
548 549
549
554 555
555 557
557 559
559 560 561
560 561 562
561 562
562
577
587 588 589
588 589
589 591
591 592 593
592 593 594
593 594 595
594 595 596
595 596
596 598
598 599 600
599 600
600 602
602
605 606
606
609 610 611
610 611 612
611 612 613
612 613 614
613 614
614 616
616
620
625 627
627
630
633
636
640 641 642
641 642
642
646 648
648 649 650
649 650 651
650 651
651
654 655
655 657
657
660 661
661
665 667
667 669
669
672 673
673 675
675
681 682 683
682 683 684
683 684
684 686
686 688
688
691
694 695 696
695 696
696
700
706 707 708
707 708 709
708 709
709 711
711
715 717
717 718 719
718 719
719
722 724
724
727 728
728
732 734
734 735 736
735 736
736 738
738 739 740
739 740
740 742
742 744
744 745
745
752 753 754
753 754 755
754 755
755 757
757 759
759 760
760
764 765 766
765 766
766 768
768 769
769 771
771 772 773
772 773
773 775
775 776 777
776 777
777
781 782 783
782 783 784
783 784
784
787 788 789
788 789
789
792 793
793
796 797
797 799
799 800 801
800 801
801
804 805
805
808 809
809 811
811
814
817 818 819
818 819 820
819 820
820
823 824
824
827 829
829
833
837
841 842 843
842 843
843
846 848
848 850
850 851
851 853
853 854 855
854 855
855 857
857 858
858
863 865
865 867
867 868 869
868 869
869
872 873
873 875
875 876 877
876 877 878
877 878
878
885 886 887
886 887
887 889
889
893 895
895
899 901
901 903
903
908 909
909
912
915
918 920
920
923
927 929
929 931
931 932
932 934
934 936
936 937 938
937 938 939
938 939 940
939 940
940 942
942 944
944 945
945
950 951 952
951 952 953
952 953
953
958 959 960
959 960 961
960 961 962
961 962
962 964
964 965 966
965 966 967
966 967 968
967 968
968 970
970 972
972
975 977
977
980
984 985 986
985 986
986 988
988 989
989 991
991 992 993
992 993 994
993 994
994
998 999
999
