#naive2.0.py
# GMT Fri Feb 14 13:33:59 2020
# 
1
4 6
6 8
8 10
10 12
12 14
14 16
16 17
17 19
19 21
21 22
22
25 26 27
26 27 28
27 28
28 30
30 32
32 33 34
33 34
34
37 39
39 40
40 42
42 43
43
48
57
61 63
63 64 65
64 65 66
65 66
66
69 71
71
75 77
77 78
78
82
85 86
86 88
88 90
90 91 92
91 92
92 94
94 95 96
95 96
96
99 101
101
105 106
106
109 111
111
114 116
116
119
122 124
124 126
126 127 128
127 128 129
128 129
129 131
131 132
132 134
134 135 136
135 136
136
140
146 147 148
147 148
148
151 153
153 154
154
163 165
165
171 172 173
172 173 174
173 174 175
174 175
175
178 180
180 181 182
181 182 183
182 183 184
183 184 185
184 185
185 187
187 188 189
188 189 190
189 190 191
190 191
191 193
193 194
194
197 198 199
198 199 200
199 200 201
200 201 202
201 202
202 204
204 205
205
216 217 218
217 218
218
222 223 224
223 224
224 226
226 227 228
227 228
228 230
230 231
231
242 244
244 246
246
249
254
259
268 269 270
269 270 271
270 271
271 273
273
279 280
280
283 284 285
284 285 286
285 286 287
286 287 288
287 288
288 290
290 291 292
291 292 293
292 293
293 295
295 296
296
301 302
302 304
304
308 310
310
313
317 318
318
323 324
324 326
326 327
327 329
329 330
330 332
332 333
333
342 343 344
343 344
344
347 348
348
352 353 354
353 354 355
354 355
355 357
357
362 364
364 365
365 367
367
370 371
371
374
377 378
378
382 383 384
383 384
384 386
386 388
388 390
390
393
396 398
398 400
400 402
402 404
404
408 410
410 411 412
411 412
412 414
414
417 418
418
425 427
427 428
428 430
430
434 436
436 438
438 440
440 441 442
441 442 443
442 443
443 445
445 447
447
450 452
452 453 454
453 454 455
454 455 456
455 456 457
456 457
457
462
465 466
466
470 471
471
474 476
476 478
478 479
479
482 484
484 485 486
485 486
486
490 491
491 493
493 494
494
498 499
499 501
501 502
502 504
504 505 506
505 506
506
509 511
511 512
512 514
514
519 520 521
520 521
521 523
523
532 533 534
533 534
534 536
536
539
545 546 547
546 547
547
551 552
552
555 556
556 558
558 559
559
562 563 564
563 564
564 566
566
569 570
570
573
576 577
577
584 586
586 588
588
591
595 597
597
600 601 602
601 602
602
605
608 609 610
609 610
610
613 614 615
614 615
615 617
617 618
618 620
620 621
621
626
632 634
634 636
636 637 638
637 638
638 640
640
648
651 653
653 655
655
658 660
660 662
662 663
663
666 668
668 670
670 671
671 673
673 674
674
677 678
678 680
680 681 682
681 682 683
682 683
683 685
685
690 691 692
691 692
692
695
698 699 700
699 700
700
704 706
706 708
708 709 710
709 710 711
710 711
711
714 716
716 718
718 719
719
723
729 730
730 732
732
737 738 739
738 739
739 741
741 742
742 744
744 746
746 747
747 749
749 750 751
750 751 752
751 752
752
758 759
759 761
761
765 766
766
769 770
770 772
772 773
773
778 780
780 782
782 783
783
788 789 790
789 790
790 792
792
795
798 800
800
805 806 807
806 807 808
807 808 809
808 809 810
809 810
810 812
812 814
814 816
816 817 818
817 818
818 820
820
828
832 833
833 835
835 836 837
836 837 838
837 838
838 840
840
843 845
845 846 847
846 847
847 849
849 850
850
853
856 858
858
861 862
862
866
869
874
878 879 880
879 880 881
880 881 882
881 882 883
882 883
883 885
885
888 889
889
893
897
901 902
902 904
904
909 911
911
918 919 920
919 920 921
920 921 922
921 922
922 924
924
927 928 929
928 929
929 931
931 933
933 934 935
934 935 936
935 936
936
942
950
954 955
955 957
957
962
965 966
966 968
968
971 972 973
972 973
973
977 978
978
983 985
985 987
987 988 989
988 989 990
989 990 991
990 991
991
995 996 997
996 997
997
