#naive2.0.py
# GMT Fri Feb 14 13:34:04 2020
# 
6 7
7
10 11 12
11 12
12 14
14
22 24
24
27 28 29
28 29 30
29 30 31
30 31
31 33
33 34 35
34 35
35
42 43 44
43 44
44
52 53 54
53 54
54
57 59
59 60 61
60 61 62
61 62 63
62 63
63
75 77
77 79
79
83 84
84 86
86 88
88
91 92 93
92 93 94
93 94 95
94 95
95 97
97
101
109 110 111
110 111
111 113
113
119 120
120
125 126 127
126 127
127
130 131 132
131 132
132
139
142 144
144 146
146 148
148
151 152 153
152 153 154
153 154
154
157
161
164
167 169
169 170
170
175 177
177 178 179
178 179 180
179 180 181
180 181 182
181 182 183
182 183 184
183 184
184
188 189 190
189 190
190
194 195 196
195 196
196
201 202
202
205 207
207
210 211
211 213
213
216 218
218 219
219
222 224
224 226
226 228
228
231 233
233 234 235
234 235 236
235 236
236
239 241
241 243
243
246 247
247
250 251
251
255 257
257
261 262 263
262 263
263
266
271 272 273
272 273 274
273 274
274
277 278
278 280
280
285 287
287
290 291 292
291 292 293
292 293
293 295
295 296
296 298
298
301 302 303
302 303
303
308 310
310
313
319
323 324 325
324 325 326
325 326
326 328
328 329
329 331
331 332 333
332 333
333 335
335 337
337 339
339
342 344
344 345
345 347
347 348
348
352 353 354
353 354
354
357 358 359
358 359
359
365 367
367 368
368
373 374 375
374 375 376
375 376
376
382 383 384
383 384 385
384 385 386
385 386
386 388
388 389
389 391
391 392 393
392 393
393
396 398
398 399 400
399 400 401
400 401 402
401 402 403
402 403 404
403 404 405
404 405 406
405 406
406
412
415 417
417 418
418
422 424
424 425 426
425 426 427
426 427 428
427 428 429
428 429
429 431
431 433
433 435
435 437
437 439
439
444 445
445
448 449 450
449 450
450
453 454 455
454 455 456
455 456 457
456 457
457 459
459 461
461
464
469 470 471
470 471 472
471 472
472
478 479
479 481
481 483
483 484
484
491 493
493 495
495 496 497
496 497 498
497 498
498 500
500 501
501
504 505
505
515 517
517
520
523 525
525
531
534
537 539
539 540
540
543
546 548
548 550
550
559 560
560 562
562 564
564 566
566
569 570
570
573 575
575
578 579
579 581
581
586 587 588
587 588
588 590
590 591
591
594 595
595
598
602 603
603
608 609 610
609 610
610 612
612
617 619
619
625 626
626
629 630
630 632
632 633
633
637 639
639
643 644 645
644 645 646
645 646
646 648
648 649 650
649 650 651
650 651
651
654 655 656
655 656 657
656 657 658
657 658 659
658 659 660
659 660 661
660 661
661
665 666
666
669 670 671
670 671 672
671 672 673
672 673
673 675
675 677
677 678 679
678 679 680
679 680 681
680 681 682
681 682 683
682 683 684
683 684 685
684 685 686
685 686
686 688
688 689 690
689 690
690
695 697
697 699
699 700
700
703 705
705 706 707
706 707 708
707 708
708
711 713
713
718 719
719
722 723
723
728
733 734 735
734 735 736
735 736 737
736 737 738
737 738
738 740
740 742
742 743
743
750
755 757
757 759
759 761
761
764 766
766 767 768
767 768
768 770
770
778
781 783
783 785
785 786
786
789
793
803
808 809 810
809 810
810
814 816
816
819
824 825 826
825 826 827
826 827
827 829
829 830
830
838 840
840
843 844 845
844 845
845
850 851
851 853
853
857 858
858
861 862 863
862 863
863 865
865
868
874
877 878
878 880
880
883 885
885 887
887
890
898 899
899
903
910
916 917
917
924 926
926 927 928
927 928 929
928 929
929
932 933
933
937 938
938
943
946
950 951
951 953
953 955
955 956
956 958
958
962 964
964 965 966
965 966 967
966 967
967
971 973
973 975
975 976 977
976 977 978
977 978
978
981 982 983
982 983 984
983 984
984 986
986
991 992
992 994
994 996
996
