#naive2.0.py
# GMT Fri Feb 14 13:34:03 2020
# 
2 4
4 5
5 7
7 8
8
14 16
16
20 21 22
21 22
22 24
24 26
26
29
32 33
33
39 41
41 43
43 45
45
48 50
50 52
52 53
53 55
55 56 57
56 57 58
57 58
58 60
60 62
62 63 64
63 64 65
64 65
65
70
73 75
75
79 81
81 82 83
82 83
83
86 87 88
87 88
88 90
90
95 97
97
101 102 103
102 103 104
103 104
104 106
106
110 111
111
114 115 116
115 116 117
116 117 118
117 118 119
118 119
119 121
121
124 125
125 127
127 128
128 130
130 131
131
136 137
137
141 142 143
142 143
143 145
145
149
152 153
153
157 158
158
162 163
163
169 170 171
170 171 172
171 172
172
175 176
176
180 182
182 184
184 186
186
191
197 198
198
204
207 209
209
214 215 216
215 216
216 218
218 219 220
219 220 221
220 221 222
221 222
222
226 227
227 229
229 230
230
234 235 236
235 236 237
236 237 238
237 238 239
238 239 240
239 240
240 242
242 243 244
243 244 245
244 245 246
245 246
246
253 254
254
258 259 260
259 260 261
260 261 262
261 262
262
265 266 267
266 267
267
270 271
271
274
277 278 279
278 279
279 281
281 282
282
285 286 287
286 287
287
290 292
292 293
293 295
295 297
297 298
298
302
305 307
307 309
309 311
311 312
312
317 318 319
318 319
319 321
321
325 326 327
326 327
327
331
334 335 336
335 336 337
336 337
337 339
339 340 341
340 341 342
341 342 343
342 343 344
343 344 345
344 345
345
352 353
353 355
355 356
356 358
358
364 365
365
368 369 370
369 370 371
370 371 372
371 372
372
379 380 381
380 381
381
385
392
395
398 400
400
405 407
407 408
408 410
410
416 418
418 419
419 421
421
427 429
429 431
431 433
433 434 435
434 435
435 437
437
444 445
445 447
447 448
448 450
450 451
451 453
453
456 458
458 460
460 461
461 463
463 465
465 466
466 468
468
473 474
474
478
481 483
483 484
484
487 488 489
488 489 490
489 490
490 492
492 494
494 496
496 497 498
497 498 499
498 499
499
502 504
504
507 508 509
508 509
509
513 514 515
514 515 516
515 516 517
516 517
517
523 524 525
524 525 526
525 526
526 528
528
532 533 534
533 534
534 536
536 537
537 539
539
543 544
544
548 549
549 551
551
555 556 557
556 557 558
557 558
558 560
560 561 562
561 562
562
565 567
567 568 569
568 569 570
569 570 571
570 571
571
574 575 576
575 576
576
581 583
583
589 590 591
590 591
591 593
593 594 595
594 595
595
599 601
601 603
603 605
605
610 611
611
614 615
615
618
621 622 623
622 623
623 625
625
629 630
630 632
632
638
644 645 646
645 646
646 648
648
651 652
652
655 656
656 658
658 659
659 661
661 662 663
662 663
663
667 668
668
674 675 676
675 676 677
676 677
677 679
679 680 681
680 681
681
687
691 692 693
692 693 694
693 694 695
694 695 696
695 696 697
696 697
697 699
699 700 701
700 701 702
701 702 703
702 703
703
714 715
715 717
717
720
723 725
725
728 729 730
729 730
730 732
732 733
733
736 737
737 739
739
744 746
746
749 750 751
750 751 752
751 752 753
752 753
753
756 758
758 759 760
759 760 761
760 761
761 763
763
768 769
769
772 773
773 775
775 776
776 778
778
782
785 786
786 788
788 789 790
789 790
790 792
792
796 797
797
800 801
801 803
803 804 805
804 805 806
805 806
806
813 815
815 816
816 818
818 819 820
819 820
820
823 824
824 826
826 828
828
831 833
833
837 838 839
838 839
839 841
841 842 843
842 843
843
846 847 848
847 848 849
848 849 850
849 850
850 852
852
857 858
858 860
860
867
871 872 873
872 873
873 875
875
881 882
882 884
884 886
886 887
887 889
889 890 891
890 891
891 893
893 894
894
898 899
899
902 904
904
910
914 915 916
915 916 917
916 917 918
917 918
918
921
928
932 933 934
933 934 935
934 935
935
941 943
943 944
944
947 949
949 950
950
954 955 956
955 956
956 958
958 959 960
959 960
960
963 964
964
968
971
976 977 978
977 978
978
984 985
985 987
987
990 991
991
998
