#naive2.0.py
# GMT Fri Feb 14 13:34:02 2020
# 
1 2
2
6 7 8
7 8 9
8 9
9 11
11 12
12 14
14 15
15
19 20 21
20 21
21 23
23 24
24
28
31 32 33
32 33 34
33 34
34 36
36
41 42 43
42 43 44
43 44 45
44 45
45 47
47 49
49
52 53 54
53 54
54
64 66
66 67
67
70 71 72
71 72 73
72 73
73 75
75
78 80
80
83 85
85 86 87
86 87 88
87 88 89
88 89 90
89 90
90
93 94
94
99
103 104
104
109 110
110 112
112 114
114 116
116
121
124 125 126
125 126
126 128
128 129
129 131
131 132
132
135
138 139 140
139 140
140 142
142 143
143
146 147 148
147 148
148 150
150 151
151 153
153 155
155 157
157 158
158
161 163
163
168
172 173
173 175
175 176
176
180 181
181
184
192 194
194
197 198
198
201 203
203 204
204 206
206 207 208
207 208 209
208 209 210
209 210
210
213 215
215 216 217
216 217
217 219
219 221
221
224 225
225 227
227 228
228 230
230 231 232
231 232
232 234
234 235
235 237
237
240 242
242
246 247
247
252
255 256
256 258
258 259
259
264 266
266 267 268
267 268 269
268 269
269
274
277 279
279
283
286
289 290
290
294
299 301
301
304 305
305
311
316 317 318
317 318
318
324 326
326 328
328 329
329
332 334
334 336
336 337 338
337 338
338 340
340
344 346
346
352 354
354
360 361
361
367
373
376 377
377
381
389 391
391 392 393
392 393 394
393 394 395
394 395 396
395 396
396 398
398
401 402 403
402 403
403
406
410
414
423 424
424
427 429
429
432 433 434
433 434
434
438 439 440
439 440 441
440 441 442
441 442 443
442 443
443
449 451
451
456 457
457
460 461 462
461 462
462
465 467
467 468
468 470
470 472
472 473
473
476 478
478 479
479
487 488
488 490
490
493
497
500 501
501 503
503 504
504
507 508 509
508 509
509
514 515
515 517
517 518 519
518 519
519 521
521 522
522 524
524
533 534
534 536
536
539 541
541 542 543
542 543
543 545
545
551 552
552
558 559
559
562 564
564 565
565
569
572 573 574
573 574
574
578 580
580 581
581
586 587
587
590 592
592 593 594
593 594 595
594 595
595
598 599
599
602 604
604 605
605 607
607 608
608
616
620 622
622 623
623
628 629
629
632
635 636
636
640 641 642
641 642
642 644
644 645
645
648 649 650
649 650 651
650 651
651
657 658 659
658 659 660
659 660
660 662
662 663 664
663 664
664
667 668
668 670
670
674 675 676
675 676 677
676 677
677 679
679
682
686 687
687
690
693 695
695
698 699 700
699 700
700
703 704
704 706
706 708
708
712
715 716
716
721 722
722 724
724 725
725 727
727 728 729
728 729
729
732 734
734 735
735
738 739
739
742 743
743
747 749
749
752 753
753 755
755 756 757
756 757
757 759
759
766 768
768 769
769
772
775 777
777 779
779 781
781 782
782
794 795
795 797
797 798
798
802 804
804 805
805 807
807 808 809
808 809 810
809 810 811
810 811
811
814 815 816
815 816 817
816 817 818
817 818 819
818 819
819
822 823 824
823 824
824 826
826 827
827
840 841
841 843
843 844
844 846
846 848
848 850
850 851
851
857 858
858
861
864
867
871 873
873 874 875
874 875 876
875 876
876 878
878 880
880 881 882
881 882
882
885 886
886
889
892 893 894
893 894
894
898 900
900 901
901 903
903 905
905 906
906 908
908 910
910
913 915
915 916
916
920 921
921
925
928
931
934 936
936 938
938
941 943
943 944 945
944 945
945
949
953 954 955
954 955 956
955 956
956 958
958 959
959
962 964
964 965 966
965 966 967
966 967 968
967 968 969
968 969 970
969 970
970 972
972 974
974 976
976 978
978 980
980
984 985 986
985 986
986 988
988 989 990
989 990 991
990 991 992
991 992
992 994
994 995 996
995 996 997
996 997 998
997 998
998
