#naive2.0.py
# GMT Fri Feb 14 13:33:58 2020
# 
0 1 2 998
1 2 3
2 3
3 5
5 6
6 8
8 10
10 11 12
11 12
12
15 17
17 18 19
18 19 20
19 20
20 22
22
26 27 28
27 28
28
33
40 41
41 43
43
47
50 51 52
51 52 53
52 53
53
56 57 58
57 58
58
61 62
62
66 68
68
73
76 77
77 79
79 80 81
80 81 82
81 82 83
82 83
83 85
85 86
86 88
88
93 94
94
102
107 108 109
108 109
109 111
111 113
113
117 118
118
122 124
124 125 126
125 126
126
130 131
131 133
133 134
134 136
136 138
138 139 140
139 140
140
144 145
145
148 150
150 151
151 153
153 154
154
160 161
161
164
167
172 173 174
173 174
174
179 180 181
180 181
181
184 185
185
189
192
195 196
196
199
203 205
205
208 210
210 212
212
215 216
216 218
218 220
220 222
222
225
236
239
246 248
248
253 254
254 256
256 258
258
261 262
262
266 268
268
271
276 278
278
282 284
284 285 286
285 286 287
286 287 288
287 288
288 290
290 292
292
295 296 297
296 297
297
302 303 304
303 304
304 306
306 307
307 309
309 310
310 312
312 313 314
313 314 315
314 315
315 317
317 318 319
318 319 320
319 320 321
320 321
321 323
323 324
324
337
340 341 342
341 342
342
345
349 351
351
355
363 364 365
364 365
365
370 371
371 373
373 375
375 376
376
380 381 382
381 382
382
386
390 391
391
395 397
397
400
406 407 408
407 408 409
408 409 410
409 410 411
410 411
411 413
413
416
422 423 424
423 424
424 426
426
429 431
431 433
433 435
435 436
436 438
438 440
440 442
442 444
444 446
446
449 450 451
450 451
451 453
453 454
454
460 462
462
465 466
466
470
475 476
476
479 481
481
486 487 488
487 488
488 490
490 491
491
496
500 501
501 503
503 504 505
504 505
505
511 513
513
517
521 523
523
526 527 528
527 528
528 530
530 531
531 533
533 535
535 536 537
536 537
537 539
539 541
541 543
543 544
544 546
546
550 552
552
555
558 559
559
563 564 565
564 565
565 567
567
571
575 577
577 578
578 580
580 582
582 583 584
583 584
584
588
592 593
593
596
599
607 609
609
612
616 617 618
617 618 619
618 619 620
619 620
620
623
626 627 628
627 628 629
628 629
629
632 633
633
636 637 638
637 638
638
641 643
643 644 645
644 645
645 647
647
650 652
652 653
653 655
655
661 662
662 664
664 665 666
665 666
666 668
668
672 674
674 675
675
678
681
685 686
686
689 691
691 693
693 694
694 696
696 697
697
701 703
703
708
716 718
718
722 723
723 725
725 727
727 729
729
733
736
739 740 741
740 741
741
746
751 753
753 754
754
757 759
759 760
760 762
762 764
764
768 770
770
773
777
782 784
784
787
791 792
792 794
794 795
795
799
802
806
810 811
811 813
813
816 818
818
821 822
822 824
824 825
825
828 830
830 832
832 833
833
840 841
841
844 845 846
845 846
846 848
848 849 850
849 850
850
853 854 855
854 855
855
860
864
867 869
869 870
870
874 876
876 877
877 879
879
888 889
889 891
891 893
893 894
894
897 899
899
902 903 904
903 904 905
904 905
905
908
912 913 914
913 914 915
914 915
915
920 922
922 924
924 925
925 927
927 929
929 931
931 932 933
932 933 934
933 934
934 936
936 938
938
943 945
945
949 950
950
955 957
957
960 961
961
964 965 966
965 966 967
966 967
967
972
979
983 985
985
990
994 996
996 997 998
997 998
998
