#naive2.0.py
# GMT Fri Feb 14 13:34:00 2020
# 
2 4
4 5
5
8 9
9 11
11 13
13 15
15
22
26 27 28
27 28 29
28 29 30
29 30
30
33
36 37
37
40 41
41 43
43 44 45
44 45 46
45 46 47
46 47
47
51
54
57 58 59
58 59 60
59 60
60 62
62 63
63
66 67 68
67 68
68
71 72
72
77
80 81
81
87 89
89
93 95
95
98 99
99 101
101
104
112
115 116
116 118
118 119
119 121
121
125 127
127 129
129 130
130 132
132 134
134 135 136
135 136 137
136 137
137 139
139
142 144
144 145 146
145 146
146
150 152
152 153
153
158 160
160
165
169 171
171 173
173 174 175
174 175
175
179 180
180
183 185
185 186
186 188
188
194 195
195 197
197 198 199
198 199
199 201
201 203
203
208 209
209 211
211
214
219 220 221
220 221
221 223
223
226
230
239
245 247
247
253
258 260
260
263
267
271
275 277
277 278
278 280
280 281
281
286 287
287 289
289 290 291
290 291 292
291 292
292
295 297
297 299
299 300
300 302
302 303
303
307 308
308
312 313
313 315
315 316
316
319
322 324
324 325 326
325 326 327
326 327 328
327 328 329
328 329
329 331
331 333
333 334
334
338
342 344
344 345
345 347
347
353 355
355
359 360
360
363 365
365
369 370
370 372
372
377 379
379 380
380
385 387
387 388 389
388 389
389 391
391 393
393
396 397
397
401
405
409
413
419 420
420
423 425
425
428 429 430
429 430
430 432
432
435 436 437
436 437
437 439
439 441
441 443
443
446 448
448 449 450
449 450
450
454 456
456 457
457
460
464 465
465
469
475
478 479 480
479 480
480
483 484
484 486
486 487 488
487 488
488 490
490
493 494
494 496
496 498
498 500
500 501
501 503
503
506 507 508
507 508
508 510
510 512
512 513 514
513 514 515
514 515 516
515 516 517
516 517 518
517 518
518 520
520
524
528 530
530 531 532
531 532 533
532 533 534
533 534 535
534 535
535 537
537
541 542 543
542 543 544
543 544
544
549 551
551
554 555
555
558 559 560
559 560
560 562
562
565 567
567
572 573 574
573 574 575
574 575 576
575 576
576 578
578 579 580
579 580
580 582
582 584
584 586
586 587 588
587 588
588
596 598
598
603
606 608
608 610
610 612
612 614
614
622 624
624
632 633 634
633 634 635
634 635 636
635 636
636 638
638
643 644 645
644 645 646
645 646 647
646 647
647
650 651
651
656 658
658 660
660 661
661 663
663
666
669 671
671 673
673 674
674
679 680 681
680 681
681 683
683 685
685 687
687 688 689
688 689 690
689 690 691
690 691
691
696 698
698 699
699
702 703
703 705
705 707
707 709
709
714 715
715
718
721 722
722
725 726 727
726 727
727
731
735 737
737 738 739
738 739 740
739 740
740
744
747 748
748
752 753 754
753 754 755
754 755
755
760 761
761 763
763 764 765
764 765 766
765 766
766 768
768 769
769
778
782 784
784 786
786 787
787 789
789 790
790 792
792
795
803 805
805
809
812 813 814
813 814
814 816
816 817 818
817 818 819
818 819 820
819 820
820 822
822 824
824 825 826
825 826
826 828
828 830
830 831
831
839 841
841
844
848 849 850
849 850
850 852
852 853
853
856 857 858
857 858
858
866
871 872 873
872 873 874
873 874
874 876
876 877
877 879
879 880
880 882
882 883 884
883 884 885
884 885
885 887
887 888 889
888 889
889 891
891 893
893 895
895 896
896 898
898 900
900 901 902
901 902 903
902 903 904
903 904
904
908 909
909
913
916 917 918
917 918
918 920
920
923
926 928
928 930
930 931
931 933
933 934 935
934 935 936
935 936 937
936 937 938
937 938 939
938 939 940
939 940
940 942
942
945
950
956 957
957
960 961
961
965 967
967 969
969 970 971
970 971
971 973
973 974 975
974 975
975
978 980
980 981
981
984 985 986
985 986 987
986 987
987 989
989
993 995
995 997
997 998
998
