#naive2.0.py
# GMT Fri Feb 14 13:34:04 2020
# 
0 1 999 998
1 999
4
9 11
11 12
12 14
14 15 16
15 16 17
16 17
17 19
19 20
20 22
22
25 27
27
31 33
33
36 37
37 39
39 41
41 43
43 44
44
49 50
50 52
52 54
54
57 58
58
61 63
63
67 69
69 70 71
70 71 72
71 72 73
72 73
73
78 80
80
83
88 89 90
89 90 91
90 91
91 93
93 94 95
94 95
95
100 101 102
101 102 103
102 103
103 105
105 106 107
106 107 108
107 108 109
108 109
109 111
111 113
113 114 115
114 115
115
118 120
120
124
127 128
128
132 133
133
139 141
141 143
143 144
144 146
146 147 148
147 148
148
154 156
156 157 158
157 158
158
161 163
163
166
171 172 173
172 173
173
176 177
177
183 185
185 186
186 188
188
191
197 198
198 200
200
205 206 207
206 207
207 209
209 211
211 212 213
212 213 214
213 214
214 216
216 218
218 219 220
219 220
220
223 224
224 226
226 228
228 229
229
233
237
243 245
245 246
246 248
248
252
255 257
257 258
258
262 264
264 266
266 268
268 269
269 271
271 272
272
276 277
277
281 283
283
289 290
290
294 295
295 297
297
304 306
306 307
307
310
313
316 317 318
317 318 319
318 319 320
319 320 321
320 321
321
324 325
325 327
327
330
333 334 335
334 335 336
335 336 337
336 337
337
342 344
344 346
346 347
347 349
349 350
350 352
352
355 356 357
356 357 358
357 358
358 360
360
364 365 366
365 366 367
366 367 368
367 368 369
368 369 370
369 370
370
375 376
376 378
378
381
384 385
385
390 391 392
391 392
392 394
394 395
395 397
397 399
399 400 401
400 401 402
401 402
402 404
404 406
406 407
407 409
409 411
411 412
412 414
414 415
415
418 419 420
419 420
420
433 434 435
434 435
435 437
437 438 439
438 439
439 441
441
444 445
445 447
447
452 453 454
453 454 455
454 455
455 457
457
460 461
461
464
468 469
469
472 474
474 476
476
479 481
481 482 483
482 483 484
483 484 485
484 485
485
488
491 492 493
492 493
493 495
495
498 499 500
499 500 501
500 501 502
501 502
502 504
504 506
506 507
507
511
515 516
516
519
523
529 530
530
537 538 539
538 539
539
543 544
544
551 553
553
556
559
562
566 567
567
572
576
582 584
584 585 586
585 586
586 588
588 589 590
589 590 591
590 591 592
591 592 593
592 593
593
596
600
606 608
608 610
610 612
612
617 619
619 620
620
626
630
634 635 636
635 636
636
641 642
642
649 650 651
650 651
651 653
653 654
654
658
661 663
663 664 665
664 665 666
665 666
666
671
675 677
677 679
679 680 681
680 681
681 683
683 685
685 686 687
686 687 688
687 688 689
688 689
689 691
691
694 696
696
706 707
707
710 712
712 713 714
713 714
714 716
716 718
718 719
719
722
726 727 728
727 728
728
734
737
745 746
746 748
748 749
749 751
751 753
753 754 755
754 755
755
760
763 764 765
764 765 766
765 766 767
766 767 768
767 768
768
777
781 783
783 784
784
787 788
788 790
790 792
792 793
793
796 797
797 799
799 801
801 802
802 804
804
813 814
814
818 820
820
825 826
826
829 831
831 832
832
839 841
841 842
842 844
844 845
845 847
847 848 849
848 849
849
854 855 856
855 856
856
862 863
863
866 868
868
871
874
877 878
878 880
880 881
881 883
883 885
885
892 893
893
897
903 904
904 906
906 907
907
911 913
913 915
915 917
917 918
918
923 924
924
928 929
929
932 934
934 935
935
938 940
940 941 942
941 942
942
945
948 949
949
952 953
953 955
955 956
956 958
958 959 960
959 960
960 962
962 963
963
966
970 972
972
975
980 982
982 983 984
983 984 985
984 985 986
985 986
986 988
988 989 990
989 990
990
993 994
994 996
996 998
998 999
999
