#naive2.0.py
# GMT Fri Feb 14 13:34:05 2020
# 
1
4 6
6 8
8 9
9
13
17 19
19 20 21
20 21
21
25 26
26 28
28 30
30
36 38
38
42 43
43
46 47 48
47 48 49
48 49 50
49 50
50
53 55
55
59 60 61
60 61 62
61 62
62 64
64 65
65
69
72 73 74
73 74
74
77
80 81 82
81 82 83
82 83
83 85
85 87
87 88
88
92 93 94
93 94
94
100 101
101 103
103
107 108 109
108 109 110
109 110
110 112
112 114
114 115
115 117
117
120
123 124
124
128 130
130 131 132
131 132
132 134
134 135
135
138
142 143
143 145
145 146 147
146 147 148
147 148
148 150
150
153 154 155
154 155
155
158 160
160
163
168 169
169
173
179
183 184
184
189
193 194
194 196
196 197 198
197 198 199
198 199 200
199 200
200
203 204
204
208 209
209
213
216 218
218 219
219 221
221 223
223 224 225
224 225
225
231 232
232
236 237 238
237 238
238 240
240
243
246 248
248 249
249
253 255
255 256
256 258
258 259 260
259 260
260 262
262 263 264
263 264
264
268 269 270
269 270 271
270 271 272
271 272
272 274
274
278 280
280 281
281 283
283
286 288
288
291
296 298
298
302 304
304 306
306
311 312
312
315
319 320 321
320 321
321
324 326
326 327 328
327 328 329
328 329 330
329 330
330 332
332 334
334
337 339
339 340
340 342
342 343
343 345
345
350
354 355 356
355 356
356
360 361
361 363
363 364
364
369 371
371 372
372 374
374
383 384 385
384 385
385 387
387 388 389
388 389
389
394 395
395 397
397 398
398 400
400 401
401
406
410 411
411 413
413 414
414
419
423 424 425
424 425 426
425 426 427
426 427
427
430
434 435 436
435 436
436 438
438 440
440 441
441 443
443 444 445
444 445 446
445 446 447
446 447 448
447 448 449
448 449
449
455 457
457 459
459 460
460
463 464 465
464 465 466
465 466 467
466 467 468
467 468
468 470
470 472
472 473
473
480 482
482 484
484
487 488 489
488 489 490
489 490 491
490 491
491 493
493
496 498
498 500
500 501
501
506 508
508
511
514
517
521 522 523
522 523 524
523 524 525
524 525
525
529 531
531 532
532
535 537
537 538
538
542 543
543 545
545
549 551
551 552
552
559 560 561
560 561 562
561 562
562
566 567 568
567 568
568 570
570
577 578
578 580
580 581 582
581 582
582
589
593 594 595
594 595 596
595 596
596
603
607 608 609
608 609
609
614 615
615
619 620
620
624 625
625
630
633
636 637
637
641 643
643 645
645 646
646
652 653
653
659
665 666 667
666 667
667
675 677
677 679
679 680
680
683 684
684 686
686 687 688
687 688 689
688 689
689 691
691 692
692
698 700
700 701
701 703
703
707 708
708
712 713
713
716
719 720
720
725
729 731
731 732
732 734
734 735 736
735 736
736
740
744
747 748
748 750
750
754 755 756
755 756
756
759
762 764
764
768 770
770 771
771
775
781
784 785
785 787
787 788 789
788 789
789 791
791 793
793
797
801
804
808 809
809 811
811 813
813
816
822 823 824
823 824
824
827 828 829
828 829 830
829 830
830
833 834
834
844 845 846
845 846 847
846 847
847 849
849
854
858 860
860 862
862 863 864
863 864
864 866
866
870
875 876
876 878
878
881
884 885
885 887
887 888
888 890
890 891
891 893
893 895
895 896
896
901 902 903
902 903 904
903 904
904
907 909
909 910
910 912
912 913 914
913 914
914
917 918
918 920
920 922
922 923
923 925
925 927
927
933 934
934 936
936 937
937
941 942 943
942 943
943
947 949
949
952 954
954
957
960 961
961
964 966
966 967 968
967 968 969
968 969
969 971
971 972
972
976
979
984 985
985 987
987 989
989 991
991 993
993 995
995 996 997
996 997
997
