#naive2.0.py
# GMT Fri Feb 14 13:34:02 2020
# 
0 999 2 998
2 3 4
3 4 5
4 5 6
5 6
6 8
8 9
9 11
11
15
18 20
20
24 26
26 28
28 29
29 31
31 32 33
32 33
33
38
45
56 58
58 59
59 61
61 62 63
62 63
63 65
65 66 67
66 67
67
71 72 73
72 73
73 75
75 76
76 78
78 79
79
83 85
85 86 87
86 87 88
87 88
88
92 93 94
93 94 95
94 95
95 97
97
100 101
101
104 105
105 107
107 108
108 110
110
113 114
114
117 118 119
118 119 120
119 120
120
124 126
126 127
127 129
129
134
139 140 141
140 141 142
141 142 143
142 143
143
146
149
153
158 160
160 162
162 164
164 166
166 168
168 169 170
169 170
170
176
179 181
181 183
183 185
185 186
186
191 192
192
198
202 204
204
209 210
210 212
212 213
213 215
215
218
221 222 223
222 223
223
227
232
236 237 238
237 238 239
238 239
239 241
241 243
243 244
244 246
246
249 250
250 252
252 253 254
253 254
254 256
256
259 260
260 262
262 263
263 265
265 266
266
269 271
271 273
273 275
275 277
277 278 279
278 279 280
279 280 281
280 281
281 283
283
286
291 292 293
292 293 294
293 294 295
294 295
295
300
303
306 308
308 309
309
312 314
314 316
316
319 320 321
320 321
321
324 325 326
325 326
326
331 332
332 334
334
339
342 343 344
343 344
344 346
346 347
347
350
354 355 356
355 356
356 358
358 359
359
362 364
364 366
366 367
367 369
369 370
370
375 376 377
376 377
377
380
383 385
385 386
386 388
388 389
389
392 394
394 395
395 397
397 398 399
398 399
399 401
401 403
403
408
411 413
413
416
419 421
421
426 427 428
427 428
428
433
438
441
444
451
457
460 462
462
467
470 471
471 473
473 474 475
474 475
475 477
477
480
485 486
486
489 490
490
493
499 500 501
500 501
501 503
503 504 505
504 505
505 507
507
510 511 512
511 512
512 514
514 516
516 518
518
521 523
523 524 525
524 525 526
525 526
526
531
536 537
537 539
539 541
541 542 543
542 543
543 545
545 547
547 549
549
552
555
558 559 560
559 560 561
560 561 562
561 562
562
566 567
567
570
573 575
575 577
577 578
578
582 583
583 585
585 587
587 589
589
595 597
597
600 601 602
601 602
602
606 608
608 610
610 611
611
617
621 622
622 624
624 625 626
625 626 627
626 627 628
627 628
628 630
630 632
632 634
634
638
641 643
643 645
645
649 650
650
653 655
655 657
657 658 659
658 659 660
659 660 661
660 661
661 663
663
666
673 675
675 677
677 678 679
678 679
679
682 683 684
683 684
684 686
686 687 688
687 688
688 690
690 692
692 693
693 695
695 697
697 698
698 700
700
703 704
704 706
706 707 708
707 708 709
708 709 710
709 710 711
710 711
711
714 715 716
715 716
716
719
722
725 726
726 728
728 729
729 731
731 732
732 734
734 735
735
738 740
740 742
742
748
751
755
759 761
761 763
763
768 770
770 771 772
771 772
772 774
774
777 778 779
778 779 780
779 780
780
783 784
784
791 793
793 794 795
794 795 796
795 796
796
799 800
800
804 806
806 808
808 809 810
809 810
810 812
812 814
814 815 816
815 816 817
816 817 818
817 818 819
818 819
819 821
821
824 826
826 827 828
827 828
828 830
830 832
832
835
839 840
840
843 844
844
848 850
850 851
851
858
862 863 864
863 864
864 866
866 868
868 870
870 871 872
871 872 873
872 873
873
878
883 885
885
888 889
889
893
896 897
897
906 908
908
911 913
913
916 917 918
917 918 919
918 919
919
922 924
924
928 929 930
929 930 931
930 931 932
931 932 933
932 933 934
933 934
934
939
942 944
944
948 950
950 952
952 953 954
953 954
954
960 961 962
961 962 963
962 963 964
963 964 965
964 965
965
968 970
970 972
972
975
978
981 982 983
982 983
983 985
985 986 987
986 987 988
987 988 989
988 989 990
989 990 991
990 991
991 993
993 994
994
998 999
999
