#naive2.0.py
# GMT Fri Feb 14 13:34:02 2020
# 
2 3
3 5
5 6 7
6 7 8
7 8 9
8 9 10
9 10 11
10 11 12
11 12
12
15
19 20
20 22
22
27 28 29
28 29 30
29 30
30 32
32
35 36
36
42 43 44
43 44
44
50
53 54
54
57
61 63
63 64
64
68
71 72
72
75
78 79
79
83 84 85
84 85 86
85 86
86 88
88 90
90
93 95
95 97
97 99
99
102 103 104
103 104 105
104 105 106
105 106
106
111 112
112 114
114 116
116 117
117
120
127 129
129
135
140 142
142
145 146 147
146 147
147
152 153
153
157
165
168
171 172
172 174
174 175 176
175 176
176
179 180
180
183 185
185 186 187
186 187
187 189
189
192 194
194 195
195 197
197 199
199 200 201
200 201 202
201 202 203
202 203
203 205
205
211 212
212 214
214 216
216
222 224
224 225
225
228
233 235
235 236 237
236 237 238
237 238
238
242 243
243 245
245 247
247 248 249
248 249 250
249 250 251
250 251
251 253
253
257 258 259
258 259 260
259 260
260 262
262
268 269
269
275
279
282
285
288 289 290
289 290 291
290 291 292
291 292
292
298 299 300
299 300 301
300 301
301
304
307 308
308 310
310 311 312
311 312
312
316 317 318
317 318 319
318 319
319 321
321
326 327
327 329
329 330
330
333 335
335 336
336 338
338 339
339 341
341
346 347
347
354 355 356
355 356
356 358
358 359
359
362 363
363
367 368 369
368 369 370
369 370 371
370 371
371 373
373 375
375 376
376
380 382
382
388
391 393
393 395
395 397
397 399
399 400
400
404 406
406 408
408 409
409
413 415
415 417
417 419
419 420 421
420 421 422
421 422
422 424
424 426
426 427
427
431
439 441
441 443
443 444
444 446
446
451
456 457
457
462 463
463
466 468
468 469 470
469 470 471
470 471
471
474 475 476
475 476
476
480 481 482
481 482 483
482 483 484
483 484 485
484 485 486
485 486 487
486 487 488
487 488
488
491
494 495 496
495 496
496
499 500 501
500 501 502
501 502
502 504
504
507
510
513
516 518
518
524 526
526 527 528
527 528
528
531 532
532 534
534
541
545
549 550 551
550 551 552
551 552 553
552 553 554
553 554 555
554 555
555 557
557 558
558
561 562
562
579 581
581 583
583 584 585
584 585
585 587
587 589
589 591
591 592 593
592 593
593 595
595 596 597
596 597
597
601 603
603 605
605
608
612 614
614
619 620
620
623 625
625
629 630
630
633 635
635 636 637
636 637
637 639
639 641
641
644 646
646 647
647 649
649 650
650 652
652 653
653
659 661
661 662
662
665 666
666 668
668 669 670
669 670
670
674
677
681 683
683 684
684
689 690
690 692
692 694
694 696
696 698
698
705
708
712
718 719
719 721
721
726 728
728 729 730
729 730
730
733 735
735 736
736 738
738 739
739 741
741 742
742
745 746
746 748
748 750
750 752
752 753
753
756
759 760
760
765
775 777
777 778 779
778 779
779 781
781 783
783 785
785 787
787 788 789
788 789 790
789 790 791
790 791
791
794 796
796 797 798
797 798
798 800
800
803
807 808
808 810
810 811
811 813
813 814 815
814 815 816
815 816
816
820 821 822
821 822
822 824
824 825 826
825 826 827
826 827 828
827 828
828
832 834
834 835 836
835 836 837
836 837 838
837 838 839
838 839 840
839 840 841
840 841 842
841 842
842
846 848
848 850
850 852
852 853
853 855
855 856 857
856 857
857 859
859
865 867
867 868
868
871
874 875 876
875 876
876 878
878 879 880
879 880
880
888
891 893
893 894 895
894 895 896
895 896
896 898
898 899 900
899 900
900 902
902 904
904 905 906
905 906 907
906 907
907 909
909 910 911
910 911
911
914
918 919 920
919 920
920 922
922 923
923
926
933 934
934
938
942 944
944
951
954 956
956 957
957 959
959 960
960
964 965 966
965 966
966 968
968
973 974
974
977 978
978
982
985 986
986
990 992
992 994
994 995 996
995 996
996
