#naive2.0.py
# GMT Fri Feb 14 13:34:04 2020
# 
0 999 998
5 6 7
6 7
7
15 17
17
22 23
23
34
38 39
39
44 45
45 47
47 48
48
51 52 53
52 53
53 55
55 56 57
56 57 58
57 58 59
58 59 60
59 60
60 62
62 63 64
63 64
64 66
66 67 68
67 68
68 70
70 71
71
76 77
77
80 81
81 83
83 85
85
89 91
91 93
93 95
95
98 99 100
99 100
100 102
102 103
103
109 110 111
110 111 112
111 112
112
115 116 117
116 117
117 119
119 120 121
120 121 122
121 122
122 124
124
128 130
130
136
141 142
142
150 152
152 153 154
153 154 155
154 155
155 157
157
160 161
161 163
163
167
170
175 176
176
179 180
180 182
182 183 184
183 184
184 186
186 188
188 190
190 191 192
191 192 193
192 193 194
193 194
194 196
196 197
197
200 201 202
201 202 203
202 203
203 205
205 207
207
214 216
216
220 221
221
225
228
231
234
237 239
239
242
245 246 247
246 247
247
255
258 260
260 262
262
265 266
266
274 275
275 277
277 278
278 280
280 281 282
281 282 283
282 283 284
283 284
284
287 289
289 290
290
299 300 301
300 301
301
305 306
306
310
313 314 315
314 315 316
315 316 317
316 317
317
322
326 327
327
331
335 336 337
336 337 338
337 338
338
341 343
343 345
345 347
347 348 349
348 349 350
349 350
350
355
362 364
364 365 366
365 366
366
370 371 372
371 372 373
372 373 374
373 374
374
378 379 380
379 380
380
383
386
391 392
392 394
394 395 396
395 396 397
396 397
397 399
399 400 401
400 401 402
401 402
402 404
404 405
405
408 410
410 412
412 414
414
417 419
419 420
420 422
422 423 424
423 424
424
427
434
437 438 439
438 439
439
443 444
444 446
446 447 448
447 448
448 450
450 451
451
454 455 456
455 456
456
459 460 461
460 461 462
461 462
462
465 467
467 468
468
472 473 474
473 474
474 476
476
480 481 482
481 482
482
488
498
502
508
511
515 516 517
516 517
517
522 524
524
527 529
529 530 531
530 531
531
534 535
535 537
537 538
538 540
540 541
541 543
543 544
544 546
546 547
547 549
549 550
550 552
552
555 556
556 558
558
564
569
572 574
574 575 576
575 576
576
581 582 583
582 583 584
583 584 585
584 585
585 587
587 588 589
588 589 590
589 590 591
590 591 592
591 592
592 594
594 595 596
595 596
596
601
605 607
607 608 609
608 609
609
614 615
615 617
617 619
619 621
621 622 623
622 623 624
623 624
624 626
626
630 631
631 633
633 634
634
638 639 640
639 640
640
644
647
650
653
657 658 659
658 659 660
659 660 661
660 661
661 663
663 664
664 666
666 667 668
667 668
668
671 672
672
675
678 680
680
687 688 689
688 689
689
696 698
698 699
699
706
712 713
713 715
715 716
716
719 720 721
720 721 722
721 722
722
725 726
726
729
737 739
739 740 741
740 741
741
746 748
748
754 756
756 757
757
760
763 765
765 767
767
770
773
777 779
779 780
780 782
782
785 786
786
792 794
794 796
796
799
802 804
804 805
805 807
807
810 811 812
811 812 813
812 813 814
813 814
814 816
816 817
817
820 821 822
821 822
822
825 826 827
826 827 828
827 828 829
828 829 830
829 830
830
841 842
842
846 847 848
847 848 849
848 849
849 851
851
854 856
856
859
863 864
864
868 869
869
876 877 878
877 878 879
878 879
879
882
887
894 895
895
901 903
903 905
905
908 910
910 911
911 913
913 915
915 917
917
924
930 932
932 933
933
936 937
937
943 945
945 946 947
946 947
947
950
953
957 959
959 960 961
960 961
961 963
963
966 967 968
967 968
968
971 972
972
975 977
977 978 979
978 979 980
979 980
980 982
982 983 984
983 984
984
991
998 999
999
