#naive2.0.py
# GMT Fri Feb 14 13:34:04 2020
# 
0 1 998
1
4 5
5
11
16 17 18
17 18
18 20
20
24
27 28 29
28 29 30
29 30
30 32
32 34
34 36
36 37
37
42
46
50 51 52
51 52
52
55 56
56
61
66 67 68
67 68 69
68 69 70
69 70
70 72
72 73
73 75
75 76
76
80 82
82
87 88 89
88 89 90
89 90 91
90 91
91
100 101 102
101 102
102 104
104 105
105 107
107 108 109
108 109 110
109 110
110
113 114
114 116
116 117 118
117 118
118
121
124 126
126 127
127 129
129 131
131 132
132 134
134 135
135 137
137
144 145 146
145 146
146 148
148 150
150
158
164
169
174
180
185 187
187
190
198 199 200
199 200
200 202
202 203
203 205
205 207
207 209
209 210 211
210 211
211 213
213
216 218
218 220
220 221
221
224
227 229
229
246 248
248 249
249
255 257
257 258
258
261 263
263 264
264
268
271 272 273
272 273 274
273 274
274
279 281
281
285 286
286 288
288 290
290
294 295
295 297
297 298
298
301
304 306
306
315 316
316
319 320
320
326 328
328 329 330
329 330
330 332
332 333
333 335
335 336
336 338
338
341 342
342
345 346 347
346 347
347
351 353
353 355
355 356
356
360 362
362 364
364 365
365
371 373
373 374 375
374 375
375
378
382
386 387 388
387 388
388
391 393
393
397 399
399 401
401 402 403
402 403
403
406
409 411
411 413
413 414
414 416
416
419 421
421 423
423 424
424 426
426 428
428 430
430 431
431 433
433
437 439
439 440 441
440 441
441
444 446
446 447 448
447 448
448 450
450
455
459 461
461 463
463 465
465
468 469
469 471
471 472 473
472 473 474
473 474
474 476
476
479 480
480 482
482
486
489
492
495 496
496
499 500 501
500 501 502
501 502 503
502 503
503
506 508
508 509 510
509 510 511
510 511 512
511 512
512 514
514 516
516 517
517 519
519 521
521
525
529
533 534 535
534 535
535 537
537 539
539
543 544
544
549 551
551 553
553 555
555 557
557 558 559
558 559 560
559 560
560
563 564
564
568 569 570
569 570
570
573
576 577 578
577 578
578 580
580 581
581
586 587
587 589
589
595 596 597
596 597
597
608 610
610 611 612
611 612 613
612 613
613 615
615 617
617 619
619 621
621 622 623
622 623
623 625
625 626
626
629
632 634
634 635
635 637
637
640
645 646
646
649 651
651 652
652 654
654 655 656
655 656 657
656 657
657
660 661
661
664 666
666 667
667
670 672
672 673
673 675
675 677
677
680 681
681
684 686
686 687 688
687 688 689
688 689
689 691
691
694 696
696
701
704
710 711 712
711 712 713
712 713
713
716 718
718
722 723
723 725
725
728
731 733
733 735
735 737
737 738
738
742 743
743
746
749
754
757 758
758
761 762 763
762 763 764
763 764
764
767
772 773 774
773 774
774 776
776 777 778
777 778 779
778 779 780
779 780 781
780 781
781 783
783
788 789 790
789 790
790
794 795 796
795 796
796 798
798 800
800 801 802
801 802
802
805
808
816 817 818
817 818
818
823 824 825
824 825 826
825 826
826 828
828 829 830
829 830
830
833 834 835
834 835
835 837
837 838 839
838 839
839 841
841
845 846
846 848
848 850
850 851
851
854 855
855
858 860
860
866
870
874 875 876
875 876
876 878
878 879
879 881
881 883
883 884 885
884 885 886
885 886
886
892
896
901 903
903 904
904
908 909 910
909 910 911
910 911
911 913
913
921 923
923 924
924 926
926 927
927 929
929
932 933 934
933 934 935
934 935
935
938 940
940 941 942
941 942
942 944
944
949
954
957 958
958
962
965
969 971
971 973
973 974 975
974 975
975 977
977
981 982
982 984
984 985 986
985 986
986 988
988 990
990 991
991 993
993 994
994 996
996 998
998
