#naive2.0.py
# GMT Fri Feb 14 13:34:02 2020
# 
0 1 2
1 2 3
2 3 4
3 4
4 6
6
9
12 14
14 15
15
18
21 22
22 24
24 25
25 27
27 28 29
28 29
29 31
31
34 35 36
35 36 37
36 37 38
37 38 39
38 39 40
39 40
40 42
42
52 53 54
53 54
54 56
56 57
57
64 65 66
65 66 67
66 67 68
67 68
68
72 73
73
76
79 80 81
80 81
81 83
83 84 85
84 85 86
85 86
86
93
97
100
103 104
104
110
114
117 118 119
118 119 120
119 120
120
124
128 130
130 131 132
131 132
132 134
134 136
136 137
137
143 145
145 147
147
150 151
151
156 158
158 159 160
159 160
160 162
162 163
163 165
165 166 167
166 167 168
167 168
168
171 172 173
172 173
173
179 180 181
180 181 182
181 182 183
182 183 184
183 184 185
184 185 186
185 186 187
186 187
187
190 192
192 193
193 195
195
201
207 208
208 210
210 211 212
211 212
212 214
214 215 216
215 216 217
216 217
217
220 221
221
226 227 228
227 228
228 230
230
233 234
234 236
236 237
237
240
243 244
244 246
246 247
247 249
249 251
251 252 253
252 253 254
253 254
254
257 259
259 261
261
266
269 270
270 272
272 274
274 276
276
282
286 288
288 289
289
292 293
293 295
295
304 305
305
308 309
309
313
318 319 320
319 320
320 322
322 323 324
323 324 325
324 325
325 327
327 328 329
328 329
329
333
339 340 341
340 341
341
344 345 346
345 346
346
349 350 351
350 351 352
351 352
352 354
354
362 364
364
371
375 376
376
379
387 388 389
388 389
389 391
391 392
392
395
398 399
399 401
401 402 403
402 403 404
403 404 405
404 405
405 407
407
410
413 415
415
418
421 423
423 424 425
424 425
425
429 431
431 432
432 434
434 435
435
441 442 443
442 443 444
443 444 445
444 445
445 447
447 449
449 450
450
453 455
455
458 459 460
459 460
460 462
462
465 466 467
466 467 468
467 468
468
472 473 474
473 474
474 476
476 477
477 479
479 480
480
484 485
485
492 494
494 496
496 497
497 499
499 500 501
500 501
501 503
503
509 510 511
510 511 512
511 512
512
515
518 520
520 521
521
526
532 534
534 536
536
540
543 544
544
547
550
554
559 561
561 563
563 564
564 566
566 567 568
567 568 569
568 569 570
569 570 571
570 571
571
575 576
576 578
578
581
585 586 587
586 587 588
587 588
588
591 593
593 594
594 596
596 597
597
600 601 602
601 602
602 604
604 606
606
610 611 612
611 612 613
612 613 614
613 614 615
614 615 616
615 616 617
616 617
617 619
619 620
620 622
622 623
623
626 628
628 629 630
629 630
630
634
637 639
639 641
641
644 645
645 647
647
653 654
654
660 662
662 663 664
663 664 665
664 665
665 667
667 668 669
668 669 670
669 670
670 672
672
676 677
677
681 682 683
682 683
683 685
685 686
686 688
688 690
690 691 692
691 692
692 694
694 695
695
700 701
701
704 705 706
705 706
706
709 710
710
714 715 716
715 716
716
720 722
722 723
723 725
725 726 727
726 727 728
727 728
728
731 733
733
740 741
741 743
743 744
744
747
752
755 756
756 758
758 759 760
759 760 761
760 761
761 763
763 764
764 766
766 768
768
771 773
773
776
782 784
784 786
786 787
787 789
789 791
791
794 796
796 797
797 799
799 800 801
800 801 802
801 802
802
806 807
807 809
809 810 811
810 811
811
816
820
824
828
837 839
839 841
841 843
843
847
850 851
851
855 857
857 859
859 860
860 862
862 863
863
866 867
867
870
874 875
875 877
877 878
878 880
880
883
886 887
887
890 892
892 893
893 895
895 896
896 898
898
901 903
903 904
904
908 909
909
913
918 919
919 921
921 922 923
922 923
923
926 927 928
927 928
928
932
942 943 944
943 944
944 946
946 948
948 949
949 951
951 952
952
956
960
963 964 965
964 965
965 967
967
971 972
972 974
974 976
976
981 982
982 984
984 985 986
985 986 987
986 987
987
992 993 994
993 994 995
994 995
995 997
997
