#naive2.0.py
# GMT Fri Feb 14 13:34:05 2020
# 
1 2 999
2 4
4 5 6
5 6
6
9 11
11 12 13
12 13 14
13 14 15
14 15 16
15 16 17
16 17
17
22 23
23
27 29
29 30
30 32
32 34
34 36
36 37
37
40
43
50 51 52
51 52
52
57 59
59 60
60
64
68 69 70
69 70
70
76 77
77
86 87 88
87 88 89
88 89 90
89 90
90
93 94
94
101 102
102
107
111 113
113 114
114
117 118
118
123 124
124
127
130 131 132
131 132
132
135 137
137
140 142
142 143 144
143 144
144
148
151 152 153
152 153 154
153 154 155
154 155 156
155 156 157
156 157
157 159
159 160
160
163 165
165 166 167
166 167 168
167 168
168 170
170
173 174
174
178 179 180
179 180
180 182
182 183 184
183 184
184
188
191 192
192
195 196 197
196 197 198
197 198
198 200
200 202
202 203 204
203 204 205
204 205
205
208 209
209
220 221 222
221 222 223
222 223 224
223 224
224
230
234 236
236 237
237 239
239
243 244
244 246
246 247 248
247 248
248 250
250
255 257
257 258 259
258 259 260
259 260
260
263 265
265
270
273 274
274 276
276
279 280 281
280 281 282
281 282 283
282 283
283 285
285 286 287
286 287
287
290 292
292 293
293
298 300
300
304 305 306
305 306
306
310 311
311 313
313 314
314 316
316 318
318 319 320
319 320 321
320 321
321 323
323
328 329 330
329 330 331
330 331
331 333
333
339
342 343 344
343 344
344
347 348
348 350
350
354 355 356
355 356
356
359
366 367
367
371 372 373
372 373
373 375
375 376
376 378
378
384 386
386 387
387 389
389 390 391
390 391
391
395 396
396
399 400 401
400 401
401 403
403 404 405
404 405 406
405 406
406 408
408
411
416 417
417
420 421 422
421 422
422 424
424 425 426
425 426
426
430 432
432
438 440
440 441 442
441 442 443
442 443
443
447 448
448 450
450
454 455
455
458
461
467 468 469
468 469 470
469 470 471
470 471
471 473
473 474 475
474 475
475 477
477 478
478 480
480
483 484 485
484 485
485 487
487 488
488 490
490 492
492 493
493
496 497 498
497 498
498 500
500
505
509 511
511 512 513
512 513
513
516 518
518 520
520
523
526
529 531
531
534
539 541
541
544 545
545
548
553 554 555
554 555
555
558 560
560 561 562
561 562 563
562 563
563 565
565 566 567
566 567 568
567 568
568
571 572
572
576 577 578
577 578
578 580
580 581 582
581 582 583
582 583 584
583 584 585
584 585 586
585 586 587
586 587
587 589
589 590
590
599 600 601
600 601
601 603
603
606
613 614
614 616
616 618
618 619 620
619 620
620
625 626 627
626 627
627
633 635
635
642 643
643
647
650 651 652
651 652 653
652 653 654
653 654
654 656
656 658
658 660
660 662
662 664
664 665 666
665 666 667
666 667
667 669
669
672 673
673 675
675 676
676
679
687 688
688
695 697
697
701 702 703
702 703 704
703 704 705
704 705 706
705 706
706 708
708 709 710
709 710 711
710 711
711
715 716 717
716 717 718
717 718
718
721
724 725
725 727
727 728 729
728 729 730
729 730
730 732
732 733
733
736
740
744 745
745 747
747 748 749
748 749 750
749 750
750
753
758
764 765 766
765 766
766
770 771 772
771 772
772
780 781 782
781 782
782
786 787
787
790 791 792
791 792 793
792 793 794
793 794 795
794 795
795
798 800
800 802
802 804
804 805 806
805 806 807
806 807
807
810 812
812 813
813
816 818
818 819 820
819 820
820
828 829 830
829 830
830 832
832
843 845
845
849 850
850 852
852 853
853 855
855
858 859 860
859 860 861
860 861
861 863
863 865
865
869
872
877
882 884
884 885
885
890 891 892
891 892 893
892 893
893
897
901 902
902 904
904
908 910
910 911
911
915 916
916
919 920
920
924 925
925
934 936
936 937 938
937 938 939
938 939 940
939 940 941
940 941 942
941 942 943
942 943
943
946
951
955 957
957 959
959 961
961 962 963
962 963
963 965
965 966
966
969 970
970
977 978
978
982
987 988
988 990
990
994 995
995 997
997 998 999
998 999
999
