#naive2.0.py
# GMT Fri Feb 14 13:33:58 2020
# 
0 1 999
1 999
4 6
6 7 8
7 8
8
12
15 17
17 18
18 20
20 22
22 23
23
29
34 35 36
35 36
36 38
38 40
40 42
42 43 44
43 44 45
44 45 46
45 46 47
46 47 48
47 48
48
51 53
53
57 59
59 60
60 62
62 63 64
63 64
64
67 68
68 70
70 71
71
74 75
75 77
77 78
78
81 83
83 84 85
84 85 86
85 86 87
86 87 88
87 88 89
88 89
89 91
91 92 93
92 93
93 95
95 96 97
96 97 98
97 98
98
103 105
105 106 107
106 107
107 109
109 111
111 113
113 115
115
118 120
120 121 122
121 122
122
126 127
127 129
129
133 134
134 136
136
142
147 148
148 150
150
157 158
158
163 164
164
169 170
170 172
172 173
173
176 178
178 179
179
182 183 184
183 184
184
187 188 189
188 189
189 191
191
194 195 196
195 196 197
196 197
197 199
199 201
201 202
202
206
210 212
212
215 216 217
216 217
217
220
225 227
227 228
228
234 235
235 237
237 238
238
243 245
245 246 247
246 247 248
247 248
248
253 255
255
258
262 263
263 265
265 266
266 268
268 270
270
273 274
274
278 279
279
284
289 291
291
297 299
299 300
300
303
307 309
309 311
311 313
313 314
314
317 318 319
318 319
319
322 324
324
331 332 333
332 333
333 335
335 336
336
342 343 344
343 344 345
344 345
345 347
347
353 354
354 356
356 357
357
362 363
363 365
365 367
367 368
368 370
370 371 372
371 372
372 374
374 375 376
375 376 377
376 377
377 379
379 380
380 382
382 383 384
383 384 385
384 385
385
389
392
395 396
396
400 401
401
404
407 409
409 410
410
414
418 419
419 421
421 423
423 424
424
429 430
430
437 439
439
446 448
448 450
450 452
452
458
461
464 466
466 467
467 469
469 470
470 472
472 473 474
473 474
474
477
487 489
489 491
491 492 493
492 493
493
496 498
498 500
500 501 502
501 502 503
502 503
503
508 509
509
512 513
513
520
525 526
526
529 530 531
530 531
531
537 538
538 540
540 541 542
541 542 543
542 543 544
543 544 545
544 545 546
545 546 547
546 547 548
547 548 549
548 549 550
549 550
550
553 554 555
554 555 556
555 556
556 558
558 559 560
559 560
560
563 565
565 566
566
571 573
573 574
574
579 580 581
580 581
581 583
583 584
584
588 589 590
589 590
590
594
598
602 603
603
606
609 610
610
615
618 620
620 622
622
626 627 628
627 628
628
635
640 641
641
647 648 649
648 649
649
652 654
654 655
655
658 660
660
663 665
665 666
666
671
676 677 678
677 678 679
678 679 680
679 680 681
680 681
681
686
689 691
691 692
692
695 696
696 698
698 700
700
705 706
706
709 710
710 712
712 713
713 715
715
719 720 721
720 721
721
724 725
725
728
732 733
733
738
741 743
743
746 747
747
751 752 753
752 753 754
753 754 755
754 755
755 757
757 758 759
758 759
759
762
765 766 767
766 767 768
767 768
768 770
770 771
771
774 775
775 777
777 779
779 781
781 782 783
782 783
783
787 788 789
788 789 790
789 790
790 792
792 793 794
793 794 795
794 795
795
798 799
799
803 804
804 806
806 807 808
807 808 809
808 809 810
809 810
810 812
812 814
814 816
816 817
817 819
819 820
820
823
826 828
828 830
830 831 832
831 832
832
837 838
838 840
840 841
841 843
843
850 851 852
851 852 853
852 853
853
857 859
859
863
866 867
867
874 876
876 877
877 879
879 881
881 882
882
886 887 888
887 888 889
888 889
889
892 893 894
893 894
894 896
896 897
897 899
899 901
901 903
903
906
912 913
913 915
915
919 921
921
924
928
931 932 933
932 933
933 935
935 936 937
936 937
937
940 941
941
946 947
947 949
949 951
951
954 955
955 957
957 959
959 961
961 963
963 964 965
964 965
965
968 970
970 971 972
971 972 973
972 973 974
973 974 975
974 975 976
975 976
976 978
978 980
980
983 984
984
987 988
988 990
990 992
992 994
994
997 999
999
