#naive2.0.py
# GMT Fri Feb 14 13:34:01 2020
# 
0 1 998
1
4
10 11
11 13
13
17
20 22
22
27
35 36 37
36 37 38
37 38
38
41 42 43
42 43 44
43 44 45
44 45 46
45 46
46
49
55
61 62 63
62 63
63
69 70 71
70 71 72
71 72
72
76 77
77
80
83 84
84 86
86 88
88
91 92
92
95
100 101 102
101 102 103
102 103
103 105
105 106
106
110 111
111 113
113 114 115
114 115
115
119 121
121 123
123 124
124 126
126
130
133
137 138
138 140
140
143
147 149
149 151
151
154
160 161 162
161 162 163
162 163
163
167 168
168
173
176 177
177 179
179 180
180 182
182 184
184 185 186
185 186 187
186 187
187
190
194 195
195 197
197
202 203 204
203 204
204 206
206 207
207
213 215
215
221 222
222 224
224
233
237
240 241
241 243
243 244
244
252
255
258
264 266
266
273
276
281 282
282 284
284 285 286
285 286
286 288
288
294 295
295
298
301 302
302
305 306
306 308
308
313
316 317 318
317 318 319
318 319
319 321
321 322 323
322 323
323 325
325
329
332 334
334
337 338
338 340
340
343
348 349
349
353 354 355
354 355 356
355 356 357
356 357 358
357 358
358
362
365 366
366
370 371 372
371 372
372 374
374 376
376
379 380 381
380 381 382
381 382 383
382 383 384
383 384
384
389 390
390
393 395
395
398
404
407 409
409 410
410
415 416 417
416 417
417
420 422
422 423
423
426 428
428 429 430
429 430 431
430 431
431 433
433
436 438
438 439 440
439 440
440
443 444
444 446
446 447
447 449
449
453
456 457
457
461 463
463
466
470 471
471 473
473 474
474
480
483
486 487
487
493 494 495
494 495 496
495 496 497
496 497
497
501 502 503
502 503 504
503 504
504
509
512 513
513 515
515 517
517
520
524 525 526
525 526
526 528
528 530
530 531 532
531 532
532 534
534
540
546 548
548
552 553
553 555
555
558 559 560
559 560
560 562
562 563
563 565
565 566
566
569 570
570
576 577 578
577 578
578 580
580 582
582 583 584
583 584 585
584 585
585 587
587 588
588 590
590 591
591
594
598 599
599 601
601 602 603
602 603
603 605
605 607
607
611 613
613 615
615
618 619
619 621
621
625
629 630
630 632
632 634
634 636
636
639 640 641
640 641 642
641 642
642
645 647
647
650
655 657
657 658 659
658 659
659
663 665
665
669 671
671 672
672
675 676 677
676 677
677
680 682
682
687 689
689 691
691 693
693 694
694 696
696 697 698
697 698
698
701 702
702
705 707
707 708 709
708 709 710
709 710 711
710 711
711
714 716
716 718
718 720
720 721 722
721 722
722 724
724 726
726
732 733 734
733 734 735
734 735 736
735 736 737
736 737
737
741 743
743
749 751
751
755 756 757
756 757
757
760 761
761 763
763
767 769
769
772
777
782 783 784
783 784 785
784 785
785
788 789
789 791
791 793
793 795
795
808
813
816 817
817
820 822
822
825 827
827
833 835
835 836 837
836 837
837 839
839 840
840
843 844 845
844 845
845
851 852 853
852 853
853 855
855 856
856
859 860 861
860 861 862
861 862
862
865 867
867
870 871
871
876 878
878 879
879 881
881 882 883
882 883 884
883 884
884 886
886 888
888 889
889
893 894
894 896
896 897 898
897 898 899
898 899 900
899 900
900
906
910
913 914
914
919
922 923 924
923 924
924 926
926
929 930
930
937
940
944
954 956
956 957 958
957 958
958
962 963
963
966
969 970
970 972
972 974
974 975
975
980 981
981 983
983 985
985
989 990
990 992
992 993
993
996 997 998
997 998
998
