#naive2.0.py
# GMT Fri Feb 14 13:33:57 2020
# 
0 1 999 2
1 2 3 999
2 3 4
3 4 5
4 5 6
5 6 7
6 7
7
10 11
11
14 16
16
22
25
33
36 37 38
37 38
38
43 44 45
44 45
45 47
47 48 49
48 49 50
49 50
50 52
52
56 58
58
62 63 64
63 64 65
64 65
65
73
76 77 78
77 78
78
81 82 83
82 83 84
83 84 85
84 85
85
88 90
90
94 95 96
95 96
96 98
98 99
99
107 108 109
108 109
109 111
111 112 113
112 113
113 115
115 116
116 118
118
121
125
129 130 131
130 131
131
134 135 136
135 136
136 138
138
141 143
143 145
145
148
151 152
152
155
163 165
165
170
182
190 191 192
191 192 193
192 193
193 195
195 196 197
196 197
197
201 203
203
208 210
210 211 212
211 212
212 214
214 215 216
215 216 217
216 217 218
217 218
218
222 224
224 225
225
228 230
230 231 232
231 232
232 234
234 235 236
235 236
236 238
238
243 245
245 246
246
249 251
251 253
253 254 255
254 255
255
258 260
260 261
261 263
263 264 265
264 265
265
271 272 273
272 273 274
273 274
274
277
285 287
287 288
288 290
290 291
291 293
293
296
300
303
306
309 310
310
313 315
315
318 320
320 321 322
321 322
322
327 328
328
331
334
338
342 344
344 345 346
345 346 347
346 347 348
347 348 349
348 349 350
349 350 351
350 351 352
351 352 353
352 353 354
353 354 355
354 355 356
355 356 357
356 357
357
361 363
363 364 365
364 365
365 367
367 368
368 370
370 371 372
371 372
372
376
379
382 383
383 385
385 387
387
390
394 396
396 397 398
397 398 399
398 399
399 401
401 403
403 405
405 407
407 408
408 410
410 411
411 413
413
417 418
418 420
420
423 424 425
424 425
425 427
427 429
429 431
431
434 436
436
439 441
441
446 447
447 449
449
455
460
466
471 473
473 474 475
474 475
475
483
489 490
490
494 495 496
495 496
496 498
498
504
507 508
508
511 513
513
517
523 524
524
527 528
528 530
530 532
532 534
534 535
535
538 539
539
542 543
543
546 547
547 549
549 551
551 552
552
555
558 559 560
559 560
560 562
562 563
563
566
569 570
570 572
572
575 576 577
576 577
577 579
579 581
581 583
583
586 588
588
593
598
603
608 609
609 611
611 612 613
612 613 614
613 614
614
617 618 619
618 619
619 621
621 622
622
627 628 629
628 629
629 631
631 632
632
635 636
636
646 647
647
655 656
656
660 662
662
665 667
667 668 669
668 669 670
669 670
670
673 675
675 677
677 678
678 680
680
685 686
686
689 691
691 693
693
702 704
704 705
705
708 710
710 711
711
715
718
723
727
730 732
732 733
733 735
735
741 743
743 744
744 746
746 748
748 749
749 751
751 752
752
755
758
761 762
762
770 771 772
771 772
772 774
774
779
782 784
784 785
785 787
787
790
793 794
794 796
796 797
797
802 803
803
806
809 811
811 812 813
812 813
813
816
819
827 829
829 830
830
835
840 841 842
841 842 843
842 843 844
843 844 845
844 845
845 847
847 848
848
852 853 854
853 854
854
857 859
859 860 861
860 861
861
864
869 870 871
870 871
871 873
873 875
875
878
881
884
889 891
891 892
892
896
899 900 901
900 901 902
901 902
902
905 907
907 908 909
908 909 910
909 910
910
913 915
915 916
916
920
926
930 932
932 934
934 936
936 937
937 939
939
942
945 947
947 949
949 950
950 952
952 953 954
953 954
954 956
956
961 962 963
962 963
963 965
965 966 967
966 967
967 969
969 971
971 972 973
972 973
973 975
975
979 981
981 982 983
982 983 984
983 984 985
984 985
985
989
997 999
999
