#naive2.0.py
# GMT Fri Feb 14 13:34:03 2020
# 
0
3 4
4 6
6
10 11 12
11 12
12
15 17
17 18
18
23 24
24
30
37 39
39
44 46
46
49 51
51 52 53
52 53
53 55
55 56 57
56 57
57
60 61
61
64 65 66
65 66 67
66 67 68
67 68
68 70
70 72
72
76 77
77
80 82
82
89 90 91
90 91 92
91 92 93
92 93
93 95
95 96 97
96 97
97
100 101
101 103
103 104 105
104 105
105
110 112
112 113
113 115
115
122 124
124
127 129
129
134 136
136
139
142
145 147
147
150 151
151
156 158
158 159
159
163
170 172
172 174
174 175 176
175 176
176
181
190
194 195 196
195 196
196 198
198 200
200 201
201
207 209
209 210 211
210 211
211 213
213 214 215
214 215
215 217
217
220 221
221
224
227 229
229 231
231
234
239 240 241
240 241
241 243
243 245
245
248 250
250
256
259 261
261 262
262
267 268
268
271 273
273 275
275 276
276
279 281
281 283
283 284
284 286
286
291 292
292
296 297 298
297 298
298
303 304
304 306
306 307 308
307 308 309
308 309 310
309 310 311
310 311 312
311 312
312 314
314 315 316
315 316 317
316 317
317
320
324 325
325
328
331
334 336
336 337
337
342 343
343 345
345 346
346 348
348 349 350
349 350
350
353
356 357
357
364 366
366
371
374 375
375 377
377 378
378 380
380 381 382
381 382
382
385 387
387 388 389
388 389
389 391
391 392 393
392 393 394
393 394 395
394 395
395 397
397
402
405
408 409 410
409 410
410 412
412 413
413 415
415 417
417
424 426
426
429 430
430 432
432 434
434 436
436 437 438
437 438 439
438 439 440
439 440 441
440 441
441 443
443 444
444 446
446 447 448
447 448 449
448 449
449
455 457
457 458 459
458 459
459
464 466
466
470 471
471
477 479
479
483
489
495 496
496 498
498
506
509
512 514
514
517 519
519 520
520 522
522
525
529 531
531 532
532
542 543
543 545
545
549
552 554
554 556
556 558
558
561 562
562
570 571 572
571 572
572
576 578
578
581 582
582 584
584 586
586 587
587 589
589 590 591
590 591 592
591 592
592 594
594 595
595
598 599 600
599 600 601
600 601 602
601 602 603
602 603
603
606 608
608 609
609 611
611
616 617 618
617 618 619
618 619 620
619 620
620
624
627 628
628 630
630 631 632
631 632
632
638 639
639 641
641 642 643
642 643
643 645
645 646
646 648
648
652 654
654
657 659
659
662
665 666
666
671 672 673
672 673
673
679
682 684
684
691
695 696
696 698
698 699
699
703 704
704 706
706 707
707
710
713 715
715 717
717
720
725 726
726 728
728
734 735 736
735 736 737
736 737 738
737 738
738 740
740 741 742
741 742
742
748 750
750 751 752
751 752 753
752 753
753
756 758
758
761
764 766
766 767
767
773
778 780
780 782
782 783
783
786 787 788
787 788
788 790
790
793
797 798 799
798 799 800
799 800
800
804 805 806
805 806
806 808
808 809 810
809 810 811
810 811
811 813
813 814 815
814 815
815 817
817 818
818
821
824
827
834 836
836 837 838
837 838 839
838 839 840
839 840 841
840 841
841 843
843
848 849
849 851
851 852
852
855 856 857
856 857
857 859
859 861
861 863
863 864 865
864 865
865
870 871 872
871 872
872
876 878
878 879
879
883
891
894 896
896 897
897
902
906
910 911 912
911 912 913
912 913
913
919 920
920
928
931
934 936
936
940
943 945
945 947
947
950 951 952
951 952
952 954
954 955
955 957
957 959
959 960
960
965 966 967
966 967
967
971
974 975
975 977
977
980
985
988 989
989
992
995
