#naive2.0.py
# GMT Fri Feb 14 13:33:58 2020
# 
1 2 3 999
2 3 4
3 4 5
4 5 6
5 6
6
12
18
22 23 24
23 24
24 26
26 28
28 30
30 32
32 33
33
38
41
48
53 55
55 56 57
56 57 58
57 58
58
62 63 64
63 64
64 66
66 67 68
67 68
68
72 73
73
78 79
79
82 84
84 86
86 88
88
93 94
94
97
102 103
103
109 110
110
113 115
115 117
117 118 119
118 119 120
119 120
120
123 124
124 126
126
131 133
133 134
134
138 140
140 141
141
144 145 146
145 146 147
146 147
147 149
149
152
157
161
166
169 170
170
175 177
177 178 179
178 179 180
179 180
180
183 184 185
184 185
185
190
194 195 196
195 196 197
196 197 198
197 198
198 200
200 201 202
201 202 203
202 203
203
206 208
208 210
210 212
212
218 219 220
219 220
220 222
222 223
223 225
225 226
226 228
228
232
235
240 241
241 243
243
248 250
250 252
252 253
253
261
265
268 270
270 271 272
271 272 273
272 273 274
273 274
274
277
280 281 282
281 282
282
285 287
287 288
288
291
295 297
297 299
299
302
308 310
310 311 312
311 312 313
312 313
313 315
315
321 322
322 324
324 325 326
325 326
326 328
328 329 330
329 330
330 332
332 333
333 335
335 337
337
340 341
341
348 349
349 351
351 353
353 354
354 356
356 357
357 359
359 360
360
363 365
365 366 367
366 367
367
370 371
371
375 376
376 378
378 380
380
383 384
384 386
386 387 388
387 388
388
392 394
394
400 401
401 403
403
406
412
418
422
425 427
427 429
429
432 433
433
436
439
443 445
445
448 449 450
449 450
450 452
452 453 454
453 454
454 456
456 457
457 459
459
463
468 470
470
474 475 476
475 476
476
479
485 486
486
489 490 491
490 491 492
491 492
492
495
498
502
505 506
506 508
508 510
510 512
512 513 514
513 514 515
514 515 516
515 516 517
516 517
517
520
523 524 525
524 525
525
529 531
531 532
532
535 537
537
541 542 543
542 543
543
546 547
547
552 554
554 556
556 558
558 559 560
559 560 561
560 561 562
561 562 563
562 563
563 565
565 567
567
570
573 574
574
577
580 581
581 583
583
587 588
588 590
590 591
591 593
593 594
594
600 601 602
601 602 603
602 603
603
610 611
611
616 617
617 619
619
624 626
626 628
628 629
629
633 634
634
638
643
646
650
653
656 658
658 659
659 661
661
665
670
674 676
676
682 683 684
683 684 685
684 685 686
685 686
686 688
688
691 692 693
692 693
693
696 697
697 699
699 700 701
700 701 702
701 702 703
702 703
703
706 707 708
707 708 709
708 709
709
714
718 719
719 721
721 722
722
726
729 730
730
734
737 738
738
741 742 743
742 743
743
746 747 748
747 748
748 750
750 751
751 753
753
759
762 763
763 765
765
768
771 773
773 775
775
782 783
783
788 790
790
793 794
794 796
796 798
798 799
799
802
806 807
807
810
813 814
814
817 818 819
818 819
819 821
821
825
831 832
832 834
834 835
835
840 841
841
846
849 851
851 852 853
852 853
853
856 857
857 859
859
862 864
864 865
865
868 869
869 871
871 872 873
872 873
873
877 878
878
882 883
883 885
885 886 887
886 887 888
887 888 889
888 889
889
892
895
899 901
901
909 911
911 912
912
917 918 919
918 919 920
919 920 921
920 921 922
921 922 923
922 923
923
928 929
929
932 934
934 935
935 937
937
941 942
942 944
944 945
945 947
947 948
948
951 952 953
952 953
953
957 958 959
958 959
959
962
966
971 972 973
972 973 974
973 974 975
974 975 976
975 976
976 978
978
983
986
990 991
991
995 997
997 999
999
