#naive2.0.py
# GMT Fri Feb 14 13:34:03 2020
# 
1 2 3 999
2 3 4
3 4 5
4 5 6
5 6 7
6 7
7
10 11
11
15 16 17
16 17
17
21 23
23
31
41 43
43 45
45 47
47
51
55
59 60
60 62
62 63
63
67 68
68 70
70
73 74
74
78
81
84 85
85 87
87 88
88 90
90 91
91 93
93
98
103 104
104
107 108 109
108 109 110
109 110
110 112
112 114
114 115
115 117
117 118
118
124 126
126 127
127
130
135 137
137 139
139
143 145
145 146 147
146 147 148
147 148
148
151 152
152
155
162 163
163
167 169
169 170 171
170 171
171 173
173
178 180
180 182
182 184
184
187 188
188 190
190 191 192
191 192
192 194
194 195
195 197
197
202
205
210 212
212
215 216
216
220 221
221 223
223
228 230
230 232
232 233 234
233 234
234
237
242 243
243
246 247
247
250 251 252
251 252
252
258
263 264
264
267 268 269
268 269
269
273 274 275
274 275
275 277
277 278 279
278 279
279
282 283
283
288
294
300 301
301 303
303
306
309
312 313
313
316 318
318
321 322 323
322 323 324
323 324
324 326
326 327 328
327 328 329
328 329
329 331
331 332
332 334
334 336
336 337
337
341 342
342
346 347
347 349
349 350 351
350 351 352
351 352
352
356 357
357
361
367 369
369
373
376
379
385 386 387
386 387 388
387 388
388
391 392 393
392 393 394
393 394 395
394 395
395 397
397 399
399 400
400
403
407 408 409
408 409 410
409 410 411
410 411 412
411 412 413
412 413 414
413 414
414
420 421
421
426 428
428 429
429 431
431 432 433
432 433 434
433 434 435
434 435
435
439
442 444
444 445
445
451 453
453 454
454 456
456 458
458
462 463 464
463 464
464
470 471 472
471 472 473
472 473
473
476
479
482 483
483
489
496
499 500 501
500 501 502
501 502 503
502 503 504
503 504
504
508 510
510 511 512
511 512
512
515 517
517 518 519
518 519
519 521
521
526
536 538
538 539
539
542 543
543
546 547
547 549
549 550
550 552
552 554
554 555
555
559 560 561
560 561 562
561 562
562
566 567
567 569
569
573
576 577 578
577 578
578
581 582 583
582 583
583 585
585 586 587
586 587 588
587 588
588
592 593
593
597 599
599 600
600 602
602 603
603 605
605 606 607
606 607
607
615 616
616
625 626
626 628
628 629
629 631
631
637 638
638 640
640 642
642 644
644 645 646
645 646
646 648
648
651 652 653
652 653 654
653 654
654 656
656 657
657 659
659 660 661
660 661 662
661 662
662
669
672 673
673
677 678
678 680
680 681 682
681 682
682
686
689 690 691
690 691 692
691 692 693
692 693
693 695
695
698 699
699
702
708 710
710 711 712
711 712 713
712 713 714
713 714
714
719
728
736 737
737 739
739
742 743
743 745
745
751 752 753
752 753 754
753 754 755
754 755
755
761
765 766
766 768
768
773 774 775
774 775
775 777
777 778 779
778 779
779 781
781 782
782 784
784
788 790
790
794 796
796
801 802 803
802 803 804
803 804
804 806
806 808
808 810
810 812
812 813 814
813 814
814
820 821 822
821 822 823
822 823
823
828 829 830
829 830 831
830 831
831
834 836
836 837 838
837 838 839
838 839
839 841
841
844 845 846
845 846 847
846 847 848
847 848 849
848 849 850
849 850 851
850 851
851
854
857 858
858
863 864
864
869 871
871 873
873 875
875 877
877 878 879
878 879
879 881
881 882 883
882 883
883
886 887
887
890
894 895 896
895 896 897
896 897 898
897 898
898
901 903
903
907 908
908
911 912
912 914
914
917
921 923
923 924 925
924 925 926
925 926
926
930 931 932
931 932 933
932 933
933 935
935 936
936 938
938 939
939 941
941 943
943 945
945 946
946 948
948
955 956 957
956 957 958
957 958 959
958 959 960
959 960 961
960 961
961
965 966
966 968
968
973
976 978
978 979 980
979 980
980 982
982
986 987
987
991 992
992
995
999
