#naive2.0.py
# GMT Fri Feb 14 13:34:01 2020
# 
3 4 5
4 5
5 7
7 9
9 11
11 12 13
12 13 14
13 14 15
14 15
15
23
26 27 28
27 28
28 30
30 31
31
40 42
42 44
44 45
45
49 50 51
50 51
51 53
53 54 55
54 55
55
58 60
60
63 64
64 66
66 67
67
71 72
72 74
74
78
83
86 87
87 89
89 91
91 93
93 94 95
94 95
95
99 100
100 102
102 104
104 105 106
105 106
106
110 111
111
115 117
117
122
125 127
127
131 133
133 134 135
134 135 136
135 136
136
141 142
142
145 146
146 148
148 149
149 151
151 152
152
160 161
161 163
163
166 167
167 169
169 170
170
173 174 175
174 175
175
178
182
186
189
192 194
194
197
201 203
203 204 205
204 205 206
205 206
206 208
208 209 210
209 210 211
210 211 212
211 212
212
216
221 222 223
222 223
223 225
225 227
227 228 229
228 229 230
229 230 231
230 231
231
235 236
236
241 243
243
246 247 248
247 248 249
248 249
249 251
251 253
253 255
255
258 260
260
263 264
264 266
266 267
267 269
269
274 276
276
280 281
281
285
288
291 292 293
292 293
293 295
295 296 297
296 297 298
297 298
298
301 302
302
306 308
308 309
309
313
316
320 322
322 323 324
323 324
324
327
331
337 338 339
338 339
339
343 344
344
347 349
349
353
358
361 363
363
367
370 371
371
374 376
376 378
378
381 383
383 384
384
387
391
394 396
396 397
397 399
399 400
400
403 404
404
408 409
409 411
411 412
412 414
414 415
415 417
417 418 419
418 419
419 421
421 422
422 424
424 426
426
431
435 436
436 438
438 439
439 441
441 442 443
442 443
443 445
445 446 447
446 447
447
450
453
461
464 465 466
465 466
466 468
468 469 470
469 470 471
470 471
471 473
473 474
474 476
476
485 486
486 488
488 489
489
492 493
493 495
495 496 497
496 497 498
497 498 499
498 499
499
507
510
513 514
514 516
516 517
517
522 524
524
527
530 532
532 534
534 536
536 537
537
540 542
542 544
544 545 546
545 546 547
546 547 548
547 548
548
556 557
557
560 562
562
565 567
567 569
569 570
570 572
572 573
573
576 577 578
577 578
578
581 583
583 585
585
590 592
592 594
594 595 596
595 596 597
596 597
597
604
609
612 614
614 616
616 617
617 619
619 621
621 622 623
622 623
623 625
625 626
626
630
636
639 641
641
646 648
648 649 650
649 650 651
650 651
651
656
659 661
661 663
663
667 668
668
675
678
683 684 685
684 685
685
690 691 692
691 692 693
692 693 694
693 694 695
694 695 696
695 696
696
699 701
701 702
702
706 708
708 710
710 712
712 713 714
713 714 715
714 715 716
715 716
716 718
718 719
719
723
730 732
732 733
733
736
739
743 744
744
747 749
749 750
750
754
757 758 759
758 759 760
759 760
760 762
762
766
769 770 771
770 771
771
774 775 776
775 776 777
776 777
777 779
779 781
781 783
783
786 787
787
791 793
793 794 795
794 795 796
795 796
796
799 801
801
804
809 811
811 812 813
812 813
813 815
815
819 821
821 823
823 824 825
824 825
825
829
832 833 834
833 834 835
834 835
835 837
837
840
845 846
846 848
848
852 853 854
853 854 855
854 855 856
855 856
856
859 860 861
860 861
861
864 865
865 867
867 868
868 870
870 872
872
877
880 881 882
881 882 883
882 883
883 885
885 886
886 888
888 889 890
889 890
890
896 898
898 900
900
903 904
904
909
917 918 919
918 919
919 921
921 923
923 925
925 926 927
926 927
927 929
929 930 931
930 931
931 933
933 934 935
934 935 936
935 936 937
936 937 938
937 938 939
938 939
939
943
948
951 952 953
952 953
953
956 957
957 959
959
964 965
965 967
967 968
968
971
974
981 982 983
982 983
983
989
994 995
995
999
