#naive2.0.py
# GMT Fri Feb 14 13:34:00 2020
# 
4 6
6
9
12
15 16
16 18
18 19
19 21
21 22 23
22 23
23
30 32
32 33 34
33 34 35
34 35
35
38
43 44 45
44 45
45
48
54 56
56 58
58 59
59
64 65
65 67
67 68
68 70
70 71
71 73
73 74
74 76
76 77 78
77 78
78 80
80 81
81 83
83 84
84
91 93
93 94 95
94 95
95 97
97 98 99
98 99
99 101
101 102 103
102 103 104
103 104 105
104 105
105
108 110
110
114 116
116 117 118
117 118
118 120
120
125 126 127
126 127
127 129
129 130
130
134 136
136 138
138 140
140
144 145 146
145 146
146
149 150
150
154 155
155 157
157 158 159
158 159
159
162
166 168
168 170
170
175 176 177
176 177
177
181
186 187 188
187 188 189
188 189 190
189 190
190 192
192 193 194
193 194
194
201
204 205 206
205 206 207
206 207 208
207 208
208
213
216 217
217
221 222 223
222 223 224
223 224
224
230 231 232
231 232
232 234
234 236
236 238
238 240
240 242
242 243 244
243 244
244
248 249
249 251
251 252 253
252 253
253 255
255
258 259 260
259 260
260 262
262 263 264
263 264 265
264 265 266
265 266
266 268
268 269
269 271
271 273
273
278 280
280 281 282
281 282 283
282 283 284
283 284 285
284 285 286
285 286
286
289 291
291 293
293 294
294 296
296 298
298
301 302
302
310 311 312
311 312
312 314
314 315
315
320
326 327 328
327 328 329
328 329
329
335
338 339 340
339 340 341
340 341
341 343
343
347 348
348 350
350
353 354
354
357 359
359 361
361
364 365 366
365 366
366
369 371
371 372 373
372 373
373 375
375
378 380
380
386 387
387
392
395 396 397
396 397 398
397 398
398
402 403 404
403 404
404 406
406 408
408
412 413 414
413 414
414 416
416 417
417 419
419
422 424
424 426
426 428
428 430
430
435
441 443
443
446 447 448
447 448
448 450
450 451 452
451 452 453
452 453 454
453 454
454
464
467 469
469 470
470
474 475
475 477
477
480 481
481 483
483
492 493 494
493 494 495
494 495
495 497
497
501 502 503
502 503
503 505
505 507
507 509
509 510
510
514 516
516 517
517 519
519 521
521
527
532 533
533
536 537
537 539
539 541
541 542
542 544
544 545
545
553 554
554 556
556 558
558 560
560
563 564
564 566
566 567 568
567 568
568
572 574
574
579
582 583 584
583 584
584
588 590
590 591
591 593
593 594 595
594 595
595 597
597 598
598
605 607
607 608 609
608 609 610
609 610 611
610 611
611 613
613 615
615 616
616 618
618 619 620
619 620
620
627
630
635
638 639 640
639 640
640 642
642 644
644 645
645 647
647 648 649
648 649
649 651
651 652 653
652 653
653 655
655
663 665
665 666 667
666 667
667
670
673 675
675 676
676
679 681
681 683
683 684 685
684 685
685 687
687
690 691
691
695 697
697 698
698 700
700
705 706 707
706 707
707 709
709
713 715
715 716 717
716 717 718
717 718 719
718 719 720
719 720 721
720 721
721
724
729 731
731 732 733
732 733 734
733 734
734
737 738 739
738 739 740
739 740 741
740 741
741 743
743
750 751
751 753
753 754
754
759 761
761 763
763 764
764 766
766 767 768
767 768 769
768 769
769
772
775 776 777
776 777
777 779
779 780
780 782
782
786 787 788
787 788 789
788 789 790
789 790
790 792
792 793
793
797 799
799 801
801
812 814
814
817 818 819
818 819 820
819 820
820
823 825
825
828 829
829
832 834
834 836
836 837 838
837 838
838 840
840 841
841
844
853 854 855
854 855
855 857
857 858
858 860
860 861
861 863
863
866 868
868
871 873
873 874 875
874 875
875
880 881 882
881 882
882 884
884 885 886
885 886 887
886 887 888
887 888
888
895 897
897 898 899
898 899 900
899 900
900 902
902 904
904
909
913
918
922 924
924 925 926
925 926
926 928
928 929 930
929 930 931
930 931 932
931 932
932 934
934 935
935
940 942
942 943
943
954 955 956
955 956
956
961 962
962 964
964 965
965
968
973
976 977 978
977 978
978
982 983
983
988
991
994 995
995 997
997 998 999
998 999
999
