#naive2.0.py
# GMT Fri Feb 14 13:34:04 2020
# 
2
6 8
8
12 13
13 15
15 16 17
16 17
17
20
24
29 30 31
30 31 32
31 32 33
32 33 34
33 34 35
34 35
35 37
37 39
39 40 41
40 41 42
41 42
42 44
44
49 51
51 53
53 54 55
54 55 56
55 56 57
56 57
57 59
59 61
61
65
68 70
70 72
72 73
73 75
75 77
77 78 79
78 79 80
79 80
80
83
87 88 89
88 89 90
89 90
90
94 95 96
95 96
96 98
98 99 100
99 100 101
100 101
101
106 107
107 109
109
112 113
113
118
121 122
122
126
129 130 131
130 131
131 133
133 135
135 136 137
136 137 138
137 138 139
138 139
139 141
141
144
147 149
149
152
156 157 158
157 158 159
158 159
159
166
169 170 171
170 171
171
175 176
176
179 181
181
185
188
191 193
193 194
194
197
200 202
202 203
203
206 208
208 209 210
209 210
210 212
212 213
213
216 217
217
220 222
222 223 224
223 224 225
224 225 226
225 226 227
226 227
227
230 231 232
231 232 233
232 233
233
238
242 244
244 245
245
251
254
257
260 261 262
261 262 263
262 263
263
266
269
273
276 278
278
281 282
282 284
284 286
286 287
287 289
289 290
290
296 297
297
301 302
302
308 310
310
313 315
315 317
317 318 319
318 319
319
323
327
331 333
333 334
334
337
340 341
341 343
343
346
350
355 356 357
356 357
357
362 363 364
363 364
364 366
366
369
374 376
376
381 383
383 385
385 387
387 389
389 390 391
390 391
391
395
399 400
400
405 406 407
406 407
407 409
409
413 415
415 416
416
419 420 421
420 421
421 423
423 425
425 426 427
426 427
427 429
429
433
438 439
439 441
441 442
442
445 446
446
450 452
452 454
454
461 462
462 464
464 465
465 467
467 468
468 470
470 472
472 473
473
478 479 480
479 480
480
483
486 487 488
487 488
488 490
490
493 495
495 496
496
499 501
501 502
502
506 507
507 509
509 510
510 512
512 513
513
516 517
517 519
519 520
520 522
522 524
524 526
526
529 530 531
530 531
531
535 536
536
541 542 543
542 543 544
543 544 545
544 545
545
551 552 553
552 553 554
553 554
554
557
560 561
561 563
563
566 568
568
575
578 580
580 582
582 584
584 586
586 587 588
587 588
588 590
590
594 595 596
595 596
596 598
598 600
600 601
601
604 605
605
609 611
611 612
612 614
614 616
616
620 621 622
621 622 623
622 623 624
623 624
624 626
626 628
628
633 635
635
638
648 650
650 652
652 654
654
659
662 663
663
668
671 672
672 674
674 676
676
679 680
680
683 685
685
689 690 691
690 691 692
691 692
692 694
694
697 698
698 700
700
703 704
704
707 709
709 711
711 713
713
716
719
723 724 725
724 725
725 727
727 728
728 730
730 731
731
735 736
736 738
738
741 743
743 745
745 746
746 748
748
751 752 753
752 753 754
753 754
754
757
760
765
771 772
772
776 777
777 779
779 780
780
783 784
784
789
792 793
793 795
795
798 799
799 801
801 802
802
805
808 810
810 812
812 813 814
813 814 815
814 815
815
820 821
821 823
823 825
825
828
831 833
833 834
834 836
836 838
838
843 844
844 846
846 848
848 849
849 851
851 853
853 854
854
857 858 859
858 859 860
859 860
860 862
862 864
864 865 866
865 866 867
866 867 868
867 868 869
868 869 870
869 870
870
875 876 877
876 877
877 879
879
885
889
894 895
895 897
897 898
898
901 903
903 904
904 906
906 908
908
911 913
913
920
924 926
926 928
928 929
929 931
931 932 933
932 933 934
933 934 935
934 935
935
939 941
941 942 943
942 943
943
946 948
948 950
950 952
952 953
953
956 957
957 959
959 961
961 963
963 964
964
967 968
968 970
970 971 972
971 972
972 974
974
981 983
983 984
984
987 988
988 990
990
996
