#naive2.0.py
# GMT Fri Feb 14 13:34:04 2020
# 
0 1
1 3
3
6 7 8
7 8
8
13 15
15 16 17
16 17 18
17 18 19
18 19
19
24 26
26
29 31
31 32
32
36 37 38
37 38 39
38 39
39
47
54
58
61 63
63 64 65
64 65 66
65 66
66
72 73
73
81 83
83
88 89 90
89 90 91
90 91
91
95 96
96 98
98 99 100
99 100
100 102
102
105 106
106 108
108
111 113
113
117
120 122
122 123 124
123 124 125
124 125 126
125 126
126 128
128 130
130
133 135
135 136
136
140 141
141 143
143
146 147 148
147 148
148
151
156 157
157 159
159 160 161
160 161
161 163
163 164
164 166
166 167
167
173 174
174 176
176 177 178
177 178
178 180
180
185 186 187
186 187
187
193
197 198 199
198 199
199
203 205
205
212 213 214
213 214
214 216
216 218
218 220
220 222
222 223 224
223 224
224 226
226
229
232 234
234 235 236
235 236
236
239 240 241
240 241
241
246 247
247 249
249
252
257 258 259
258 259 260
259 260 261
260 261
261 263
263 264
264 266
266 267
267 269
269 271
271 272
272
276 277
277 279
279 280
280
283 284 285
284 285
285
288 289 290
289 290 291
290 291
291
294
299
303 304
304
307 308
308
314 315
315 317
317
320
326 327
327 329
329
333 334
334 336
336
343 345
345
349 350
350 352
352
356 358
358 359
359
363 364
364
371 372
372
375 377
377 378
378 380
380 381 382
381 382
382 384
384 385 386
385 386
386
391 392
392
396 397 398
397 398
398 400
400
403 405
405 406 407
406 407
407
410 411
411
416 417 418
417 418
418 420
420 422
422 423
423 425
425 427
427 428
428
431
435
438 439 440
439 440
440
443
447
451
454 455
455 457
457 458
458 460
460 462
462
467
470 472
472
483 484
484 486
486 487
487 489
489
494 495
495 497
497 498 499
498 499
499
502
505 506
506
511 513
513 515
515 516 517
516 517 518
517 518 519
518 519
519 521
521 522
522 524
524 525
525
528 529 530
529 530 531
530 531
531
534 536
536
539 540
540
546 547
547 549
549 550
550 552
552 554
554 556
556
560 561
561
571
579
583 584 585
584 585
585 587
587 589
589 590
590
594 595 596
595 596 597
596 597 598
597 598 599
598 599
599 601
601 602
602 604
604 606
606
609 610 611
610 611
611
615 616
616
621
625 626 627
626 627 628
627 628 629
628 629
629
635 636
636
639 640
640 642
642
645
648
652 653 654
653 654 655
654 655
655
659 660 661
660 661 662
661 662
662
665 667
667
671 672
672 674
674 675 676
675 676
676
680 681
681
684 686
686 688
688
692
695 696
696
699 700 701
700 701
701
705
708 709
709
715 717
717
720 721 722
721 722
722 724
724 725
725 727
727 729
729
732
737 738
738 740
740 741 742
741 742
742 744
744
748 749
749 751
751 752
752
756 758
758 759 760
759 760
760
766 767 768
767 768
768
771 772
772
779 780
780
783 785
785 786
786
789 791
791 792 793
792 793
793 795
795 797
797 798
798
802 803
803 805
805 806 807
806 807
807 809
809 810
810
813 814 815
814 815
815
820
823 824
824
827
830
833 835
835 836
836 838
838 839
839 841
841
844 845
845 847
847
851 852 853
852 853 854
853 854
854
860 861 862
861 862
862
867 869
869 870
870 872
872
876 878
878 880
880 881
881
885 886
886 888
888 890
890
896 897
897 899
899 900
900
906 907
907 909
909 910
910
913
916 917
917
920 921 922
921 922
922 924
924 925
925
929 930 931
930 931
931
935
939
942
945 947
947 949
949 950
950
953
960 962
962 964
964 965
965
968
971 972 973
972 973
973 975
975 976 977
976 977 978
977 978 979
978 979
979
991
994
