#naive2.0.py
# GMT Fri Feb 14 13:33:59 2020
# 
0 1
1
9 10
10
16 17 18
17 18 19
18 19
19
24 26
26 28
28
31 32 33
32 33
33
38 40
40 42
42 43 44
43 44
44
47
50 51
51 53
53 54 55
54 55 56
55 56 57
56 57 58
57 58
58
61 62
62
66 67 68
67 68 69
68 69 70
69 70
70
73
76
80 81
81 83
83 84
84 86
86 88
88
93 94 95
94 95
95
98 99 100
99 100
100 102
102
105 106 107
106 107 108
107 108 109
108 109
109
115 116
116 118
118 120
120
123
127 128 129
128 129 130
129 130 131
130 131 132
131 132
132 134
134 135 136
135 136 137
136 137 138
137 138
138
141
144 145 146
145 146
146
152 153 154
153 154
154
162 163
163 165
165
172 173 174
173 174 175
174 175 176
175 176
176 178
178 179 180
179 180
180
184
188 190
190 191
191 193
193 195
195 196 197
196 197 198
197 198
198
201
204 206
206 208
208 209 210
209 210 211
210 211
211 213
213
222 224
224 226
226 228
228 229
229 231
231 233
233 235
235
240 241
241 243
243 244
244
250 251
251 253
253 255
255
259
262
266
270 271 272
271 272
272 274
274
277
280 281 282
281 282
282
287
290 291 292
291 292
292
295 297
297 298
298
303 305
305 307
307
311 312
312
315 316 317
316 317
317 319
319 320 321
320 321 322
321 322
322
325 326 327
326 327
327 329
329 330
330 332
332
335 336 337
336 337
337 339
339
343 344
344 346
346 348
348 350
350
353 355
355 357
357 358 359
358 359
359
363 364 365
364 365
365 367
367 368
368 370
370 372
372 373 374
373 374
374 376
376
380 381
381 383
383
386 388
388 389
389 391
391 393
393
396 397
397 399
399 401
401
406 408
408 409
409 411
411 412
412
418 419 420
419 420
420 422
422
425 426
426
431
436 437 438
437 438 439
438 439 440
439 440
440
444
447
452
456 457
457
462 463 464
463 464 465
464 465 466
465 466
466 468
468 469 470
469 470 471
470 471 472
471 472
472 474
474 475
475
480 481 482
481 482
482 484
484 485 486
485 486 487
486 487 488
487 488
488
492 493 494
493 494
494
497 498 499
498 499
499
507
510 511
511 513
513
516 518
518
524 526
526 527
527 529
529
532 533
533 535
535 536 537
536 537 538
537 538
538
542 544
544 545 546
545 546
546
549 551
551
554
557
561 562
562 564
564
569
572 574
574 576
576 578
578 579
579 581
581 582
582 584
584 585
585
593 595
595 597
597 598
598
602
605 606 607
606 607 608
607 608
608
615
618
621
625 626
626 628
628 630
630 631
631
636
641 642 643
642 643
643
658 660
660 661
661 663
663 664
664 666
666 667
667
671 672 673
672 673
673 675
675 676 677
676 677 678
677 678 679
678 679
679
685 686 687
686 687
687
691 693
693 695
695 696 697
696 697 698
697 698
698
707
722 723
723 725
725 727
727
733 735
735
745
754 755 756
755 756
756
760 761 762
761 762 763
762 763 764
763 764
764 766
766
773
778 779
779
783 784
784
789
794 796
796 797
797
801 802
802 804
804
807
810 811
811 813
813 814 815
814 815
815 817
817 818
818
823 825
825
830 831
831
835
838 839
839 841
841 842
842
847
851 852 853
852 853 854
853 854 855
854 855
855 857
857 859
859 860 861
860 861
861
864 865
865 867
867 868
868
876 878
878
881 882 883
882 883 884
883 884 885
884 885 886
885 886 887
886 887 888
887 888
888
891
896 897
897
902
905 906
906 908
908 909 910
909 910 911
910 911
911
914 916
916
920 922
922
928 930
930 931 932
931 932
932
935 937
937
944 946
946
949 951
951
954
957 959
959 961
961 962
962
965 966
966
969 971
971 972 973
972 973
973 975
975
980 981
981 983
983 985
985 987
987 989
989 990
990 992
992 994
994 996
996
