#naive2.0.py
# GMT Fri Feb 14 13:34:03 2020
# 
0 999
3 5
5 6
6 8
8 10
10 11 12
11 12 13
12 13
13
22 23 24
23 24 25
24 25 26
25 26
26 28
28
32 33 34
33 34
34
37 38
38 40
40 41
41
44 46
46 47 48
47 48 49
48 49
49 51
51
56 57
57
61 63
63 65
65
71
80 81
81
84 85
85
90
95 97
97
100
108 109
109 111
111 112
112
117
124 126
126 127 128
127 128
128 130
130
136 138
138 140
140 141 142
141 142
142 144
144 145
145
149 150 151
150 151
151
154
158
165 166
166
170
173 174
174 176
176 178
178
181 182 183
182 183
183 185
185
188 189 190
189 190
190
193 195
195 196
196
199 200
200 202
202 203 204
203 204 205
204 205 206
205 206 207
206 207
207
213 215
215 216
216
221 223
223 224
224
229 230
230
236
241 242
242 244
244
248
252
255 256 257
256 257
257 259
259 260
260
263 265
265
268 270
270 272
272
275 276 277
276 277
277
280 281 282
281 282 283
282 283
283
286 288
288 289
289
293
299
303 304 305
304 305
305
308
311 313
313 314
314
318 319
319 321
321 323
323 325
325 326 327
326 327 328
327 328
328 330
330 331 332
331 332
332
336 338
338 339 340
339 340 341
340 341 342
341 342 343
342 343
343
346 347
347 349
349 350 351
350 351
351 353
353
364
369
372 373
373 375
375 376 377
376 377
377 379
379 381
381 383
383 385
385 386
386
390 391 392
391 392 393
392 393
393
399 400 401
400 401 402
401 402
402
406 407 408
407 408 409
408 409
409
414 415 416
415 416
416 418
418 420
420
424 425 426
425 426 427
426 427 428
427 428
428 430
430 432
432 434
434 435
435 437
437
442 444
444 446
446 447 448
447 448
448
451 453
453
457 458
458
462 464
464 465 466
465 466
466
474
477
480 482
482 483
483 485
485
490
497 498
498
503 504
504 506
506 507 508
507 508 509
508 509
509
513
517
520 522
522 523
523 525
525
529
532 534
534 535
535 537
537 538
538 540
540 541 542
541 542 543
542 543
543 545
545
548 549 550
549 550
550 552
552
555
558 560
560 561
561
564 565
565 567
567 568 569
568 569 570
569 570
570
574 575
575
578
581 582 583
582 583
583
587
591 593
593 594
594
597
604 606
606
609 610 611
610 611 612
611 612
612 614
614
617 619
619 621
621 623
623 624
624 626
626 628
628 629
629 631
631 633
633
637 638
638
643
648 649
649
652 653
653 655
655 657
657 658
658
661 663
663 664
664
673
678
686
697
700
706
709 710 711
710 711
711
715 716
716
719 720
720 722
722
725
730 731 732
731 732
732 734
734
748
751 752 753
752 753 754
753 754
754
757 759
759 760
760 762
762
765 766 767
766 767 768
767 768 769
768 769 770
769 770
770
773 775
775 776 777
776 777
777
780
784 785 786
785 786
786
789 790 791
790 791 792
791 792
792
796 797 798
797 798
798
802 803
803 805
805 807
807 808
808
821 822
822 824
824 825 826
825 826
826
829
832
835 836 837
836 837 838
837 838
838
841 843
843 844 845
844 845 846
845 846 847
846 847
847
852 853 854
853 854 855
854 855
855
859 860
860 862
862 863 864
863 864
864 866
866 867
867 869
869 870 871
870 871
871 873
873
876
881
885 887
887 888 889
888 889 890
889 890
890
893 895
895
900
904 905
905
908
912
915
918
921 922
922
925
929 930
930 932
932 933 934
933 934
934 936
936 938
938
941
944
953 954
954 956
956
959 960
960
964 966
966
975 976
976
979
982 983
983 985
985 986 987
986 987 988
987 988 989
988 989
989 991
991 992
992 994
994
999
