#naive2.0.py
# GMT Fri Feb 14 13:33:58 2020
# 
1 2 3
2 3 4
3 4
4 6
6 8
8
11 12
12
15 16
16
23 24 25
24 25
25
28 29 30
29 30
30 32
32 33 34
33 34
34
37 39
39 41
41 43
43 45
45 46
46 48
48 49
49 51
51 52 53
52 53 54
53 54 55
54 55 56
55 56 57
56 57
57
60
66
70
73 74
74
77 78 79
78 79
79 81
81 82 83
82 83 84
83 84
84 86
86 88
88
91
96 97
97
100 101 102
101 102 103
102 103
103 105
105
111 112
112 114
114
117 119
119 120
120 122
122 123 124
123 124
124
127 129
129 130 131
130 131 132
131 132 133
132 133 134
133 134
134 136
136 138
138
142 143 144
143 144
144
147 148
148 150
150 151
151
155 156 157
156 157 158
157 158
158 160
160 161 162
161 162 163
162 163 164
163 164 165
164 165 166
165 166
166
169 170
170
173 174
174 176
176 178
178
181 182
182 184
184 186
186 188
188 190
190
195
198 199 200
199 200 201
200 201
201 203
203 205
205 206 207
206 207 208
207 208 209
208 209
209
215
218 219 220
219 220
220
224 225
225 227
227 228
228
232 234
234 235 236
235 236
236 238
238
242 243
243
246
249 251
251 253
253
256 258
258 259 260
259 260
260
263 264
264 266
266
270 271
271
276 277 278
277 278 279
278 279 280
279 280
280
283 284
284
289 290 291
290 291 292
291 292 293
292 293
293
296
299 300 301
300 301
301
304 305 306
305 306 307
306 307
307 309
309 310
310 312
312
315 316
316
320
324 325 326
325 326 327
326 327
327 329
329 330
330 332
332 333
333 335
335 336 337
336 337
337
344
348 350
350 351 352
351 352 353
352 353 354
353 354
354 356
356 357 358
357 358
358 360
360
363 365
365 366
366
371
374 375
375
378 379 380
379 380 381
380 381
381 383
383
386 387 388
387 388 389
388 389 390
389 390 391
390 391 392
391 392 393
392 393
393 395
395 396 397
396 397
397
402 404
404 405
405
410 412
412
415
418 420
420 421
421
427 428
428
433 435
435
438 439
439
448 449 450
449 450 451
450 451
451
456 457
457 459
459
464 466
466 467
467
470 471
471
474 476
476 477
477 479
479 480 481
480 481 482
481 482
482
487
490 492
492
498 499
499 501
501 502
502 504
504 506
506
510 512
512 513 514
513 514 515
514 515
515
518
521 523
523 524
524 526
526
531 533
533
536 537
537
542
546 548
548
551 552 553
552 553 554
553 554 555
554 555
555 557
557
561 562
562
567
574
577 579
579 580
580
584
592 594
594
597 598 599
598 599
599
604 606
606
609
614 615 616
615 616 617
616 617
617
621
625 626 627
626 627
627 629
629 630 631
630 631 632
631 632
632
635 636 637
636 637
637 639
639 641
641 642
642
645
649
653 654
654
659 660
660
664 666
666 667 668
667 668 669
668 669 670
669 670 671
670 671 672
671 672
672
677 679
679 680 681
680 681
681 683
683 684
684 686
686 687
687 689
689 690 691
690 691 692
691 692 693
692 693 694
693 694 695
694 695 696
695 696
696 698
698 700
700 702
702
705
711 712
712
719 720 721
720 721
721 723
723 725
725
729 730
730 732
732
741 742 743
742 743
743 745
745 746
746
749 750
750 752
752 753 754
753 754 755
754 755
755
759 761
761 762
762
766 768
768 770
770 771 772
771 772
772
777 779
779
782 783 784
783 784
784 786
786 787 788
787 788
788 790
790 791 792
791 792
792 794
794 795
795
798 799
799
802 804
804 805
805 807
807 808
808
814 815
815
820 822
822 824
824
827
831
834
838 839
839
842
847
850
853 855
855
859 861
861
865 867
867
870 872
872 873 874
873 874
874
877
880
883
889 890 891
890 891
891
894 896
896 897 898
897 898
898
904 905
905
909 911
911 912 913
912 913
913
916 918
918
922 923 924
923 924
924
931 933
933
943
947 948 949
948 949
949
954 955
955
958
962 964
964 966
966
969 971
971 972
972
977
980 981
981 983
983 984 985
984 985
985 987
987
992 994
994 995
995 997
997 998
998
