#naive2.0.py
# GMT Fri Feb 14 13:34:02 2020
# 
0 999 998
5 7
7 8
8 10
10
13 15
15 17
17
21 22 23
22 23 24
23 24
24
30 32
32
39 40
40
43
46 47
47
50 51 52
51 52
52 54
54
57 58 59
58 59 60
59 60 61
60 61 62
61 62
62
66
69 71
71 72
72
75 76
76
79
83
87 89
89 90 91
90 91 92
91 92
92 94
94
98
101 102 103
102 103
103
106 107
107 109
109 110
110
118 119
119 121
121
124 126
126
129
132 133
133 135
135
138
141 143
143
149 150
150
153 154
154
159 160
160
165 166 167
166 167
167
171 172
172
177 179
179
182 183
183
186
189 191
191
194
197
202 203
203
206 207 208
207 208
208
211 212
212 214
214 215
215
218
221 222
222
227 228 229
228 229
229
232 233
233 235
235 237
237 239
239 240 241
240 241
241
244
247 248 249
248 249 250
249 250
250 252
252 254
254
259 260 261
260 261
261 263
263 264
264 266
266 267 268
267 268 269
268 269
269
277 278 279
278 279
279 281
281 282
282
286
290 291 292
291 292 293
292 293
293
298 299
299 301
301 302
302 304
304 305
305
310 311
311
314 315
315
318 320
320 321 322
321 322
322
325 326
326 328
328
332
335 336 337
336 337 338
337 338
338
343 345
345
352
358 359
359 361
361 363
363 364 365
364 365
365
368
373 375
375 376
376
380 382
382 384
384 385 386
385 386 387
386 387
387
390 392
392 394
394 396
396 398
398
403
406 407 408
407 408
408 410
410
413 414
414 416
416
419
423 424 425
424 425 426
425 426
426
434
439 440 441
440 441 442
441 442
442 444
444
447
450
453
456 458
458 459 460
459 460 461
460 461
461 463
463
466 468
468 469 470
469 470
470 472
472
475 476 477
476 477 478
477 478 479
478 479
479
483
486
489 491
491 492 493
492 493 494
493 494 495
494 495 496
495 496
496
500
505
508 509 510
509 510 511
510 511
511 513
513 514
514 516
516
519
523 525
525 527
527 528
528
535 537
537 538
538 540
540 541 542
541 542
542
546
554 555 556
555 556 557
556 557
557 559
559 560
560
563 564
564
571 572 573
572 573
573 575
575 576
576
579 580
580
584
587 589
589 590 591
590 591
591
595 597
597 598
598 600
600
606 607 608
607 608 609
608 609
609
613 614
614
618 619 620
619 620 621
620 621 622
621 622 623
622 623 624
623 624 625
624 625
625 627
627 628
628
631
634 635
635
638
641 643
643 645
645 646
646
652
655 656 657
656 657 658
657 658 659
658 659
659
662 663
663
668
671
674
679
682 684
684
688 689
689
698
703 704 705
704 705 706
705 706
706
709 710 711
710 711
711
717 719
719 720 721
720 721 722
721 722 723
722 723
723 725
725
730 731 732
731 732 733
732 733
733
737 738 739
738 739 740
739 740
740
743 744 745
744 745 746
745 746
746
750
754
761
770
773 775
775
781
785 787
787
791 792 793
792 793 794
793 794
794 796
796 797 798
797 798 799
798 799
799
807
812 813 814
813 814 815
814 815
815
818 819
819
822 823
823 825
825 827
827 828
828
832
837 838 839
838 839
839
843 844 845
844 845
845 847
847 848 849
848 849 850
849 850
850
855
862 863 864
863 864
864
868
871 873
873 874 875
874 875
875
880
883 884 885
884 885 886
885 886
886 888
888 889
889
894 895 896
895 896 897
896 897 898
897 898
898 900
900 902
902
905 906 907
906 907 908
907 908
908
911
915 916 917
916 917 918
917 918 919
918 919 920
919 920
920
924
927 928
928 930
930 932
932
939 940
940
943
946
950 952
952 953 954
953 954
954
957 958 959
958 959
959
964
976 977
977 979
979 980 981
980 981 982
981 982
982 984
984
989 990 991
990 991 992
991 992
992
995 997
997 998 999
998 999
999
