#naive2.0.py
# GMT Fri Feb 14 13:34:01 2020
# 
2 3 4
3 4 5
4 5
5 7
7 8 9
8 9
9
15 17
17 18
18 20
20 21 22
21 22 23
22 23
23
26 27 28
27 28 29
28 29 30
29 30
30 32
32 34
34 35 36
35 36
36
39 40 41
40 41
41
44
48 49 50
49 50
50
53 54
54
59 61
61 62 63
62 63
63
66 68
68 69
69 71
71
74
77 78
78 80
80 81 82
81 82 83
82 83 84
83 84
84 86
86 88
88 89 90
89 90 91
90 91
91
94 96
96 97
97
100 102
102 103 104
103 104 105
104 105 106
105 106 107
106 107 108
107 108 109
108 109
109 111
111
115
118
123 125
125
128 129
129
132 134
134
137 138
138
146
154
159 161
161 162
162
165
175
179
184 186
186
189
192 193
193
196 197
197
200 201 202
201 202 203
202 203
203 205
205 206 207
206 207
207
210 211 212
211 212
212
215 217
217
220 222
222 223 224
223 224
224
228 229
229
235 236
236
239 240 241
240 241
241
244 245
245
248 249 250
249 250 251
250 251
251 253
253 254 255
254 255 256
255 256
256
259
262
265 266 267
266 267
267
272 273
273
276 277 278
277 278
278 280
280
283 284
284
292 293
293 295
295 297
297
300 301
301
304 306
306 307
307
310
313 315
315 317
317 319
319 320
320 322
322 323
323
333
336
339 340
340 342
342 343
343
349
355 356
356
359 361
361 362 363
362 363 364
363 364
364 366
366 368
368
371
374 375 376
375 376
376
381 383
383 385
385 386 387
386 387 388
387 388
388
391 392 393
392 393 394
393 394 395
394 395 396
395 396
396
399 400
400
406
410
413
416
419 421
421
424
427 428 429
428 429
429 431
431 432 433
432 433 434
433 434
434 436
436
439 440
440 442
442 443 444
443 444 445
444 445 446
445 446 447
446 447
447 449
449 450 451
450 451
451
454 455 456
455 456
456 458
458 459
459
462 464
464 466
466 467
467 469
469 471
471
474
477 478
478 480
480 482
482
488 489 490
489 490
490
493
496
499
503 504 505
504 505
505
508
511 513
513 514
514 516
516
519
523 524 525
524 525 526
525 526
526
536
540 541 542
541 542
542 544
544 545 546
545 546
546
549
553
556
559
562 563
563 565
565
573 574
574
581
585 586
586
591 592 593
592 593 594
593 594 595
594 595 596
595 596 597
596 597 598
597 598
598 600
600 601
601
606
612 613
613
616 618
618 620
620 622
622 623
623
627 628
628
641 643
643 645
645 647
647 648
648
653
656 658
658
662
665
668
674 675
675
678 679 680
679 680 681
680 681
681 683
683
686 687
687
693 695
695 696
696
700
703 704 705
704 705
705 707
707 708 709
708 709
709 711
711 713
713 715
715 717
717 718 719
718 719
719 721
721 723
723 724
724
730 732
732 734
734 736
736 737
737 739
739 740
740 742
742 743 744
743 744 745
744 745 746
745 746
746 748
748
752
756
759 760 761
760 761
761 763
763 764 765
764 765 766
765 766 767
766 767
767
770 771
771
775 776 777
776 777 778
777 778 779
778 779 780
779 780
780
783
786 788
788
791 793
793 794 795
794 795 796
795 796
796 798
798 799
799
805 807
807
810 811
811 813
813 814
814
817 818 819
818 819
819 821
821 823
823
827 828
828 830
830 831
831 833
833 835
835 836 837
836 837
837 839
839
844 845 846
845 846 847
846 847
847 849
849 850
850 852
852
856 857 858
857 858 859
858 859
859
866
870 871
871
875 877
877
880 881 882
881 882
882
892 893 894
893 894 895
894 895
895
898 899 900
899 900
900
904 905 906
905 906 907
906 907 908
907 908
908
915 916 917
916 917
917
922 923 924
923 924
924 926
926 927
927 929
929 930
930 932
932 933
933 935
935 937
937 938
938
941
944
947 948
948
951
960
964
969
974 976
976 977
977 979
979
983 985
985 986
986
990 992
992 993
993
997 998
998
