#naive2.0.py
# GMT Fri Feb 14 13:33:59 2020
# 
0 1 2
1 2 3
2 3
3
7 8
8 10
10
13
16 17
17
24 25 26
25 26
26
39
43
46 47 48
47 48
48
57 58 59
58 59
59
63 65
65 67
67 68
68
71 73
73 74
74 76
76
80 81
81
84
93 94
94 96
96 97 98
97 98 99
98 99
99
102 104
104 105
105 107
107 108 109
108 109 110
109 110 111
110 111 112
111 112
112 114
114 116
116 117
117 119
119
126 127
127
132
139
142 143
143
146 147 148
147 148 149
148 149
149 151
151
155 156 157
156 157 158
157 158
158
162 164
164
168
171 173
173 175
175 176 177
176 177 178
177 178
178
181
186
189
193 194
194 196
196 197 198
197 198 199
198 199
199 201
201
204 205
205 207
207 209
209 211
211 212
212 214
214 215
215
219 221
221 222
222
226
229
233
236 237 238
237 238
238
241 243
243 244 245
244 245 246
245 246 247
246 247
247
254
259 260 261
260 261
261
264
270
274 276
276 278
278
283 284
284 286
286 288
288
293 294
294
298 299 300
299 300 301
300 301 302
301 302 303
302 303 304
303 304
304
309
312 314
314 315 316
315 316
316 318
318 320
320 321
321 323
323 324 325
324 325
325
328 329 330
329 330
330 332
332 333
333
336 337
337
340 342
342 343 344
343 344
344
353 355
355 357
357 358
358 360
360
363 364
364
367 368 369
368 369
369 371
371
374 375
375
378 380
380
383 384 385
384 385
385 387
387 388 389
388 389
389 391
391
397
400 401 402
401 402
402
405 406
406
413 414 415
414 415 416
415 416
416
419 420 421
420 421 422
421 422 423
422 423 424
423 424
424 426
426
430 432
432
436 438
438
441
446
450 451
451
455
458
461 462 463
462 463
463 465
465 466
466 468
468 469
469
472
475 477
477
480 482
482
485 486 487
486 487 488
487 488 489
488 489
489
494 495
495
498 499
499
502 503 504
503 504 505
504 505
505
508
511 512
512
515 516
516
521 523
523 525
525 526
526
529 530
530 532
532
535 537
537 538
538 540
540 541
541 543
543 544 545
544 545 546
545 546 547
546 547
547
550
553 554 555
554 555 556
555 556
556
559 561
561 562 563
562 563 564
563 564
564 566
566 568
568 570
570
573 574
574
578 579
579 581
581 583
583 584 585
584 585 586
585 586 587
586 587 588
587 588
588 590
590
593
597 598
598
601 602
602 604
604 605 606
605 606
606
610 612
612
615
618 619
619
623 624 625
624 625 626
625 626
626 628
628 629 630
629 630
630
636
642 643 644
643 644 645
644 645 646
645 646
646 648
648
651 653
653
658 659 660
659 660 661
660 661
661 663
663 665
665
671
676 678
678 680
680 681
681
686
690
695 696
696
699
703 704 705
704 705
705 707
707 708 709
708 709
709
712
715 716 717
716 717 718
717 718 719
718 719
719
723 725
725 727
727 728 729
728 729
729
734
737 739
739 740
740 742
742 744
744 745 746
745 746
746
749
752 754
754
757 758 759
758 759 760
759 760
760 762
762 763 764
763 764
764 766
766 767
767
770
773 775
775 776 777
776 777 778
777 778 779
778 779 780
779 780
780 782
782 783 784
783 784
784
787 788 789
788 789
789
792 793
793 795
795
804
808 809
809
814 815 816
815 816 817
816 817
817
820
823
826 827 828
827 828
828 830
830 831
831
834 835 836
835 836
836
839
843
849
854 855
855 857
857 858 859
858 859
859
862 864
864
867
873 874 875
874 875 876
875 876 877
876 877 878
877 878
878 880
880
885 887
887 889
889 890
890
893 894
894 896
896 898
898 899 900
899 900 901
900 901 902
901 902
902
906 908
908 909
909
912 914
914
918
921 923
923 924
924
927 928
928 930
930
935 936
936
939 940 941
940 941 942
941 942
942
945 947
947 949
949 950
950 952
952
956 958
958
962 964
964
969 971
971 973
973 974
974
977 978 979
978 979
979
982
985 986
986
989 990
990 992
992
995 996 997
996 997
997
