#naive2.0.py
# GMT Fri Feb 14 13:34:03 2020
# 
5 6 7
6 7
7
10 11
11
17 18 19
18 19
19
22 23
23
26 27
27 29
29
32 33
33 35
35 36 37
36 37
37 39
39
43 45
45
50 51
51 53
53
57
64
69 70
70
74
77 78 79
78 79
79 81
81 82
82 84
84 85
85
92 93
93
98 99 100
99 100
100 102
102 103 104
103 104 105
104 105 106
105 106
106 108
108
111 112 113
112 113
113
116
119 121
121 123
123 125
125
134 135 136
135 136
136 138
138 139 140
139 140
140
144
149 150
150
154 155
155 157
157 159
159 160 161
160 161 162
161 162 163
162 163 164
163 164
164
171 172
172
175
186
192
197 198
198
203 204
204
207 208
208 210
210 212
212 213
213
217 218
218
225
229 230 231
230 231 232
231 232 233
232 233 234
233 234
234
238 239
239
243
248 249 250
249 250 251
250 251
251
255 257
257
261 263
263 264
264
267
274 276
276 278
278 280
280 282
282 284
284 285
285 287
287 288
288
296
299
305 306
306 308
308 309
309 311
311
317 318 319
318 319 320
319 320
320
323 324
324 326
326 327
327
331
337 338 339
338 339 340
339 340 341
340 341
341
348 350
350
356 357
357
360
363 365
365 366 367
366 367
367
372 373 374
373 374
374
377 378
378
381
384 385 386
385 386
386 388
388 389
389 391
391
396 397
397
400 402
402 403
403 405
405 407
407
414
420 422
422 423
423 425
425 427
427 428 429
428 429
429
433 435
435
439 440
440 442
442 443 444
443 444
444
447
452 454
454 456
456 458
458 460
460 461 462
461 462
462 464
464 465
465
469 470
470
473 474 475
474 475
475 477
477 479
479 480
480
485 486
486
489 491
491 492
492
495 496 497
496 497 498
497 498 499
498 499
499
503 504 505
504 505
505 507
507 508 509
508 509
509 511
511
516 518
518 519
519
524 526
526 527
527
530 531
531 533
533 534 535
534 535
535 537
537 539
539 540 541
540 541 542
541 542 543
542 543
543 545
545 547
547 548 549
548 549
549
553 554
554
558 559 560
559 560 561
560 561 562
561 562 563
562 563 564
563 564 565
564 565 566
565 566
566
571 572 573
572 573
573
579 580 581
580 581
581
584 585 586
585 586 587
586 587 588
587 588
588
597 598
598
602
605 606
606
609 611
611 612 613
612 613
613
620
627 628
628 630
630
636 638
638 639
639
642 644
644 645
645 647
647 649
649 650
650
655 656
656
659 660 661
660 661 662
661 662
662 664
664 665 666
665 666 667
666 667 668
667 668
668 670
670 671 672
671 672
672
678
682 683
683
687 689
689
693
696
700 702
702 704
704
707
711 713
713 714 715
714 715 716
715 716 717
716 717
717
720 721
721
724 725 726
725 726
726 728
728
731 732
732
735 737
737 738 739
738 739
739 741
741
749
752 753
753
756 758
758 760
760 761
761
765 767
767 768 769
768 769
769
774 776
776 777 778
777 778
778 780
780 781
781
790
795
799 800 801
800 801
801
807 809
809 810 811
810 811
811 813
813 815
815
819 821
821 822
822
826
831
835 837
837
844 845 846
845 846
846
851 853
853
856 857 858
857 858 859
858 859
859 861
861
869 870 871
870 871
871
874 875 876
875 876
876
883 884 885
884 885 886
885 886 887
886 887
887 889
889
893 895
895
898 899
899
907
911 913
913 914
914 916
916 917 918
917 918
918 920
920
923
928 929 930
929 930 931
930 931
931 933
933 934
934
938
941
945 947
947 948 949
948 949 950
949 950 951
950 951
951 953
953 954
954
957 958 959
958 959 960
959 960
960 962
962
965 966 967
966 967
967
970
975
979
984 986
986 988
988 990
990 991
991 993
993
997 998 999
998 999
999
