#naive2.0.py
# GMT Fri Feb 14 13:34:00 2020
# 
1 2 3
2 3
3 5
5
8 9 10
9 10 11
10 11 12
11 12
12
17 19
19
22 23 24
23 24
24 26
26 27
27
30 31
31
35 36 37
36 37
37 39
39 40
40 42
42
45 46 47
46 47
47
51 53
53 54 55
54 55
55 57
57 58 59
58 59 60
59 60
60 62
62 63
63
66 68
68
72 73 74
73 74 75
74 75
75
78
83
87 89
89 90 91
90 91
91
94
97 98
98
103 104 105
104 105
105 107
107 108 109
108 109 110
109 110
110
115 117
117 119
119
123 124
124
128 129
129 131
131 132
132
135 136 137
136 137 138
137 138
138 140
140
144
148 149
149 151
151 152
152
157 158
158
161 163
163 165
165 167
167
170
173 174 175
174 175
175
178 179 180
179 180
180
183
194 195 196
195 196 197
196 197 198
197 198 199
198 199
199 201
201
208 209
209
214 215
215 217
217 219
219
223 224
224
228 229 230
229 230 231
230 231
231
238 239
239 241
241 243
243
248 250
250 251
251 253
253
261 263
263 264
264
267 269
269 271
271
274
280
285 286 287
286 287
287 289
289 290
290 292
292 293
293
296 297
297 299
299 301
301 303
303 305
305
309 310
310 312
312 314
314
319 321
321
324 326
326
329 331
331
334 335
335 337
337 339
339 340 341
340 341 342
341 342 343
342 343
343 345
345 346 347
346 347 348
347 348 349
348 349 350
349 350
350
353 354
354
357
362 363
363
368 369
369 371
371 372
372
375 376 377
376 377
377 379
379 380 381
380 381
381
385 386 387
386 387
387
395
402
407
410 412
412 413 414
413 414
414 416
416
419 420 421
420 421 422
421 422
422
428
431 432
432
437 438
438 440
440 441
441
444 445
445
448 450
450 451 452
451 452
452
455 457
457 458 459
458 459
459 461
461 463
463
468 469
469
472 473
473
476
479 481
481 482 483
482 483
483
486 488
488 490
490 491
491
494 496
496
499 500 501
500 501 502
501 502 503
502 503 504
503 504 505
504 505 506
505 506
506
511 513
513
516 517 518
517 518
518
521 522 523
522 523 524
523 524
524
530
539
542 543
543 545
545
550
554 555 556
555 556 557
556 557
557 559
559 561
561 563
563 564
564
568
571 573
573 575
575 577
577 579
579
587 588
588 590
590 591
591
594 595
595
598
604
608 610
610
613 614
614
617 618 619
618 619 620
619 620 621
620 621
621
625 627
627 629
629
634 635 636
635 636 637
636 637 638
637 638
638 640
640 641 642
641 642
642
648 650
650
653 654 655
654 655 656
655 656 657
656 657 658
657 658 659
658 659 660
659 660
660 662
662 663
663
668
677
680 681 682
681 682
682
687 688
688
691
701 703
703 704 705
704 705
705 707
707
711 712
712
715 716
716
721 722 723
722 723 724
723 724
724 726
726
729 730 731
730 731
731
736 738
738 739 740
739 740
740 742
742 743 744
743 744
744
748 749
749 751
751
754 756
756 757 758
757 758
758 760
760
763 765
765 766
766 768
768 769
769 771
771
774
778
781
784
787 789
789
792
796 797 798
797 798 799
798 799
799
803 805
805
808 810
810 811
811 813
813
817 818 819
818 819
819 821
821 823
823 824 825
824 825
825
830 832
832 833
833
837 838 839
838 839
839 841
841 842
842 844
844 845 846
845 846 847
846 847
847 849
849 850
850 852
852 854
854 855
855 857
857 858 859
858 859
859 861
861 863
863 864
864 866
866 867
867 869
869 871
871 873
873
879
882 884
884
887
891
894
899 901
901
905
909
912 913 914
913 914 915
914 915
915 917
917 918
918 920
920 921 922
921 922
922 924
924
928 929
929 931
931 932 933
932 933
933
936 938
938 939 940
939 940 941
940 941 942
941 942
942 944
944 945 946
945 946
946
954
957
962 963
963 965
965 966 967
966 967
967 969
969 970 971
970 971 972
971 972
972
975 977
977 978 979
978 979 980
979 980
980
986 987
987
991 993
993 994
994
997
