#naive2.0.py
# GMT Fri Feb 14 13:34:04 2020
# 
1 2
2
6 7 8
7 8 9
8 9
9
12 13 14
13 14 15
14 15 16
15 16
16
21 22
22
25 26 27
26 27
27 29
29 30
30 32
32 34
34 35 36
35 36
36 38
38 40
40 41
41 43
43 45
45
48 49 50
49 50 51
50 51
51 53
53 54
54 56
56 57 58
57 58 59
58 59
59 61
61 62 63
62 63
63
66 67
67 69
69 70 71
70 71 72
71 72
72 74
74
77 78
78 80
80
86 88
88 89
89 91
91
94 95 96
95 96
96
100 102
102
105
108 109 110
109 110 111
110 111
111
114 115
115 117
117 119
119
122 123
123
128 130
130 131
131 133
133 134 135
134 135
135 137
137
141 143
143
146 148
148 150
150 152
152
159 160 161
160 161
161 163
163 165
165 166 167
166 167 168
167 168 169
168 169 170
169 170
170 172
172
175 177
177
181 182 183
182 183
183
187
191
198
201 202
202 204
204 205 206
205 206
206
210 212
212 214
214 216
216
219 221
221 222 223
222 223 224
223 224
224 226
226
229 230
230
233 235
235 237
237 238
238
241 243
243 244
244
251
254 256
256 257 258
257 258
258
264 265
265
268 270
270
274
277 279
279 280 281
280 281
281
284 285
285 287
287 289
289 290
290 292
292
299 300
300
309 310 311
310 311 312
311 312
312
316 317 318
317 318
318 320
320 321
321
324
328 329
329
334 335
335 337
337 338
338
344 345 346
345 346
346 348
348 350
350 351 352
351 352
352 354
354
359 360
360
363 364
364
368 370
370 371 372
371 372
372
379
382 383 384
383 384 385
384 385 386
385 386
386
389 390 391
390 391 392
391 392
392
395 397
397 398
398 400
400 402
402
406
412 414
414 415 416
415 416
416
419 420
420 422
422 424
424
427 428
428
431 432 433
432 433
433
436
441
444
448 449
449 451
451 452
452 454
454 455
455 457
457 458
458
461
464
467 468 469
468 469 470
469 470
470 472
472 474
474 475
475
478
483
490 491
491 493
493 494
494 496
496 497 498
497 498 499
498 499 500
499 500 501
500 501 502
501 502 503
502 503
503 505
505
508 510
510 511
511
514 516
516 518
518
523 524
524
528 530
530 532
532 533 534
533 534
534 536
536 538
538
542 543 544
543 544 545
544 545 546
545 546
546 548
548
551
556
562 563
563 565
565 566 567
566 567 568
567 568
568
571 572 573
572 573 574
573 574 575
574 575
575
578 579 580
579 580 581
580 581 582
581 582
582 584
584 586
586 588
588
592
595 596 597
596 597 598
597 598
598
601 602
602 604
604 605
605
608 609
609 611
611 612 613
612 613 614
613 614 615
614 615 616
615 616
616
619
622
626
630 631
631 633
633 634
634
638
647
650 652
652
655
658 660
660 661
661 663
663 665
665 666 667
666 667 668
667 668
668
672 674
674 675 676
675 676
676 678
678 680
680 681
681 683
683 684 685
684 685 686
685 686
686
690 692
692
695 697
697 699
699 700 701
700 701
701 703
703 705
705 706
706
709
712 714
714 715
715 717
717 719
719
727
730
733 734
734 736
736 737
737
740
745
748 749 750
749 750
750
756
763 764 765
764 765 766
765 766 767
766 767 768
767 768
768 770
770 772
772 773
773
779 780 781
780 781 782
781 782 783
782 783 784
783 784
784 786
786 787 788
787 788
788 790
790
795 796 797
796 797 798
797 798
798 800
800
803 804 805
804 805
805
810 811
811
814
817
822 823 824
823 824 825
824 825 826
825 826
826
829 831
831 833
833
840 842
842 843 844
843 844
844 846
846
849
852
856 857
857 859
859 860
860 862
862 863 864
863 864 865
864 865
865
868 869
869
874
877 879
879 880 881
880 881 882
881 882
882
885 886 887
886 887 888
887 888
888 890
890 891
891 893
893 895
895
902 904
904 906
906 908
908 909
909 911
911
914 915
915
920 922
922
925
930 931
931 933
933 934 935
934 935 936
935 936 937
936 937
937 939
939 940 941
940 941
941 943
943 944
944 946
946
949 950
950
953
956 958
958 960
960 961 962
961 962 963
962 963
963
966 968
968 969
969
973 974 975
974 975 976
975 976 977
976 977
977 979
979
982 983 984
983 984
984
987
991
994
997
