#naive2.0.py
# GMT Fri Feb 14 13:34:05 2020
# 
2 3
3 5
5 7
7 8 9
8 9
9 11
11
14 15
15 17
17 18 19
18 19
19
22 24
24 25
25 27
27
30
34 36
36 38
38
41 42
42
46
49
52
55 56 57
56 57
57
60 62
62 64
64 66
66
72
75 77
77 78
78 80
80 81
81 83
83
86 87
87 89
89
93 95
95 97
97 98 99
98 99
99 101
101 102 103
102 103 104
103 104
104
107
111
114 115 116
115 116 117
116 117
117
120 122
122 123 124
123 124 125
124 125 126
125 126
126 128
128 129 130
129 130 131
130 131
131
135 137
137 138
138
141
144 146
146 148
148 150
150 151
151
154 155
155 157
157
160
165
168 169 170
169 170
170
173 175
175 176
176 178
178 180
180 181
181
184
189
194 195
195
199 201
201 202 203
202 203
203 205
205 206
206 208
208 209 210
209 210 211
210 211
211
215
218
221 223
223 224
224
232 234
234
237 238 239
238 239 240
239 240 241
240 241
241 243
243 245
245 246
246 248
248 249
249
252 254
254 256
256 257
257
262 264
264 266
266 268
268 269 270
269 270
270
275
279 280 281
280 281
281 283
283 284
284
296 297 298
297 298
298
301 303
303 304 305
304 305
305
311 312 313
312 313 314
313 314
314 316
316 318
318 319 320
319 320
320
325
328 329 330
329 330
330 332
332 333 334
333 334 335
334 335
335 337
337 338 339
338 339 340
339 340
340 342
342
347
351 352 353
352 353 354
353 354
354
357
360
364 365
365 367
367
371 373
373 374 375
374 375 376
375 376
376
379
383 384 385
384 385
385
394 395
395
399 401
401 402
402
405
408 409 410
409 410 411
410 411 412
411 412
412 414
414 416
416 418
418
423 425
425 426
426
429 430
430
433 435
435 437
437
440 441
441
446 447
447
450
453 454 455
454 455 456
455 456 457
456 457
457
461 462 463
462 463
463 465
465
468 470
470
473 475
475 476
476
479 481
481 483
483 484 485
484 485
485
490
493 494 495
494 495 496
495 496
496 498
498 500
500 501
501 503
503 504 505
504 505
505 507
507
511
516 517
517
520
523 524
524 526
526
535 536
536 538
538
544 545
545 547
547 548 549
548 549 550
549 550
550 552
552
556
559 560
560
563 565
565 566
566 568
568 570
570 571
571
574 576
576
582 583 584
583 584
584
597 598
598
601 603
603
609 610
610 612
612 613
613
616
620 622
622 624
624
628
631 632
632
635 637
637 638 639
638 639
639 641
641 643
643 644
644
649 650 651
650 651
651
654
658 660
660 661
661 663
663 664 665
664 665 666
665 666 667
666 667
667
672 673 674
673 674 675
674 675 676
675 676 677
676 677
677
680 681 682
681 682
682 684
684 685 686
685 686
686
689
692 694
694
697
700 701 702
701 702
702
706 708
708 710
710 711
711 713
713
716 717 718
717 718
718
721
724 725
725
728 730
730 731
731 733
733
737 738 739
738 739
739 741
741 743
743
746
749 750 751
750 751 752
751 752
752 754
754 755 756
755 756
756 758
758 760
760
764
767 768
768
771 772 773
772 773 774
773 774
774
777 778
778
781
784
788 789
789 791
791 793
793 795
795 796 797
796 797 798
797 798 799
798 799
799
803
806 807
807 809
809 810 811
810 811 812
811 812
812
818 820
820
826 828
828 829 830
829 830
830
833
836 838
838 840
840
845
849 851
851
854 856
856 857
857
861
866 868
868 870
870
877 878
878 880
880 882
882 884
884 885
885
888 889
889
894
897 899
899 901
901
904 905
905
908 910
910 911 912
911 912
912
916
919 920 921
920 921 922
921 922
922
925
931 932
932 934
934 935
935
939
942 943
943
946 947 948
947 948 949
948 949 950
949 950 951
950 951 952
951 952 953
952 953 954
953 954
954 956
956 957 958
957 958
958 960
960 962
962
968
971
978 980
980 982
982 983 984
983 984
984 986
986 987
987
990
995 996
996
999
