#naive2.0.py
# GMT Fri Feb 14 13:33:56 2020
# 
1 3
3 4 5
4 5 6
5 6
6
9 10
10 12
12 13 14
13 14
14
18 19 20
19 20
20
25
33 34 35
34 35
35 37
37
40 41
41 43
43 44
44
54 55 56
55 56
56
59
63 65
65 67
67 68
68 70
70 71 72
71 72
72 74
74 76
76 77
77 79
79 80 81
80 81
81 83
83
87 88 89
88 89 90
89 90 91
90 91
91
94 96
96 97 98
97 98
98
102 104
104 106
106
112 113 114
113 114
114
118
121 122 123
122 123
123
127 128 129
128 129
129
133 135
135
138 140
140 141
141 143
143 145
145 146
146
152 153
153
159 161
161 162 163
162 163
163
167 169
169
179 180
180
183 185
185 186
186
189 191
191 192
192
196 198
198
202 204
204
208 209
209
214 216
216 217
217 219
219
223 225
225
228 229 230
229 230
230
236 238
238
243
251 253
253 255
255 256
256 258
258 259
259 261
261
265 267
267 269
269 270 271
270 271
271 273
273 275
275 277
277
282
285 287
287 289
289 290 291
290 291 292
291 292 293
292 293
293
297
301
307
310 312
312 313
313 315
315
318 320
320 322
322 324
324 325
325
328
332 333
333
339 340
340
345
348 349
349 351
351
355 357
357 358 359
358 359
359
364
367 368
368
372 374
374
380 381 382
381 382
382
387 389
389 390 391
390 391 392
391 392 393
392 393
393
396 398
398 399 400
399 400 401
400 401
401 403
403 404 405
404 405
405
411 412
412 414
414 416
416 418
418 420
420 421
421 423
423 425
425 426
426 428
428
431 433
433 435
435 437
437 438 439
438 439 440
439 440 441
440 441 442
441 442 443
442 443
443 445
445 446 447
446 447
447
451 452
452
456 458
458 460
460 462
462
465 466 467
466 467 468
467 468
468 470
470
476 477 478
477 478 479
478 479
479 481
481
484 485
485
488 489
489 491
491 492
492 494
494 495
495 497
497 499
499 501
501 502
502 504
504 505
505
509 511
511
515
520 522
522 523 524
523 524
524 526
526 527 528
527 528
528 530
530 531
531 533
533 534
534 536
536 538
538 540
540 541
541 543
543 545
545 547
547
550 552
552
555 556 557
556 557
557
560 562
562 563
563
566 567
567
571 572 573
572 573
573
576 577 578
577 578
578 580
580
583 584 585
584 585 586
585 586
586
589 590 591
590 591
591 593
593
601 602
602
606
610 611
611
614 615 616
615 616 617
616 617
617 619
619 620
620
625 626
626 628
628 630
630 632
632 633 634
633 634 635
634 635 636
635 636
636
641
644 645 646
645 646
646 648
648 649
649
654 655 656
655 656
656 658
658 659
659 661
661
667 668
668
673 675
675 676
676 678
678 679 680
679 680 681
680 681 682
681 682
682 684
684 685
685
689
692 693
693 695
695
699
703 704
704
707
711 712 713
712 713 714
713 714 715
714 715 716
715 716 717
716 717
717
720
726
729 730
730 732
732 734
734
737 739
739 740
740
745 746
746
750 752
752 754
754 755 756
755 756
756 758
758
763 765
765
771
774 776
776
779 781
781 782
782 784
784
787
792
797 798 799
798 799
799 801
801 802 803
802 803 804
803 804
804
810 811 812
811 812
812
817
821 822 823
822 823 824
823 824 825
824 825
825 827
827 829
829 830
830 832
832 834
834
840 842
842 843
843
846 847 848
847 848 849
848 849
849
853 855
855 856 857
856 857
857 859
859 861
861
866 867
867
875 876 877
876 877
877 879
879 881
881 882 883
882 883
883 885
885 886
886
889
893
896 897
897
901 902 903
902 903 904
903 904
904 906
906
910 911 912
911 912
912
915
918
921 922
922
925 926 927
926 927
927 929
929 931
931
938 939
939 941
941
948 949 950
949 950
950
956
961 962 963
962 963
963 965
965 966
966 968
968
971 973
973 974
974
979
982
985 986 987
986 987
987
990 991 992
991 992 993
992 993 994
993 994 995
994 995 996
995 996 997
996 997
997
