#naive2.0.py
# GMT Fri Feb 14 13:34:05 2020
# 
1 2 3 999
2 3
3 5
5 6 7
6 7
7
10 11
11
14 15 16
15 16 17
16 17 18
17 18
18 20
20 21
21 23
23 25
25
29 31
31
35 36 37
36 37 38
37 38
38 40
40 41 42
41 42
42 44
44 45 46
45 46
46 48
48 49
49
53 54 55
54 55
55
59
63 65
65
75
78 79
79
82 84
84 85 86
85 86 87
86 87 88
87 88 89
88 89
89
92 93
93 95
95 96
96 98
98
102 104
104
107
110 111
111 113
113 114 115
114 115
115 117
117 118
118
121 122 123
122 123 124
123 124 125
124 125
125
129
134
138 140
140 141
141
148
153
157 158 159
158 159 160
159 160
160
163 164
164 166
166 167
167 169
169 170 171
170 171
171
177 178
178 180
180
183 184
184
188
191
198 200
200 201
201 203
203 204 205
204 205
205 207
207 208 209
208 209 210
209 210 211
210 211 212
211 212
212
220 221
221
225 226 227
226 227
227
234 235
235 237
237 239
239
242
245
248 250
250 251 252
251 252
252
256 257
257
261 262
262 264
264 266
266 268
268
272 273
273
278 279
279 281
281 282
282 284
284 285 286
285 286
286 288
288 289 290
289 290
290
295 296
296
299 301
301 302 303
302 303
303 305
305 306 307
306 307
307
310 312
312 313 314
313 314
314 316
316 317 318
317 318
318
321
325
330 332
332
336
342 344
344 345
345
348 349 350
349 350
350 352
352 354
354 356
356
359 360
360
364 365
365
368 369 370
369 370 371
370 371 372
371 372
372
375
379 381
381 383
383 384
384 386
386 388
388 390
390 392
392 393
393
398 399 400
399 400
400 402
402 403
403
406 408
408 409
409
412
416 418
418
423 424 425
424 425
425
428
432 433
433 435
435 437
437
441 442
442
446 447
447
451 453
453 455
455 457
457 458
458 460
460
464 465
465
468 470
470 471
471
474 475
475 477
477 479
479 481
481
484 486
486 488
488
492
495 496
496 498
498 499 500
499 500
500 502
502 503
503 505
505 507
507 508
508 510
510
513 514
514 516
516 518
518 519 520
519 520 521
520 521
521
524
528 529 530
529 530 531
530 531
531 533
533 534 535
534 535
535 537
537
542 543
543 545
545 547
547 548 549
548 549
549 551
551 552
552 554
554 555
555
558 560
560
564 565 566
565 566
566
571 572 573
572 573
573
576
580 582
582
586
590 591 592
591 592 593
592 593 594
593 594 595
594 595
595 597
597 598 599
598 599
599
602 604
604 606
606 608
608 610
610
614 616
616 617 618
617 618
618
621 623
623 625
625 627
627 629
629 631
631
636 638
638 639 640
639 640
640 642
642 643 644
643 644
644
648 649
649
653 654 655
654 655 656
655 656
656
671 672 673
672 673 674
673 674
674
682 684
684 685 686
685 686
686 688
688 689
689
693
697
702 703 704
703 704 705
704 705
705
709 711
711
714 715
715
719 720
720 722
722 723 724
723 724 725
724 725 726
725 726 727
726 727
727
734 735
735
739 741
741 742
742 744
744 745
745
749 751
751 752 753
752 753 754
753 754
754
758 760
760
764 765
765
769 770
770 772
772
776 778
778 779
779
782 784
784 786
786
789 790 791
790 791
791
794
797 799
799 800
800
803
807 808
808
812
816
819
823
827 828
828
831 833
833 834
834 836
836 837 838
837 838 839
838 839 840
839 840
840 842
842 843 844
843 844
844
848 849 850
849 850 851
850 851
851
854 855
855
858 859 860
859 860
860 862
862
865
868 869 870
869 870
870
873
876 878
878 879
879
883 884
884 886
886
890 891
891 893
893 895
895
900 902
902 903 904
903 904 905
904 905
905 907
907 909
909
913 915
915 917
917
921 923
923 925
925
929 931
931
934
940 941
941
944 945
945 947
947 949
949 951
951
955 956
956 958
958 959 960
959 960
960
963
966
971
975 977
977 978
978
982 984
984 985 986
985 986
986 988
988 989
989
992 993 994
993 994
994 996
996 997
997 999
999
