#naive2.0.py
# GMT Fri Feb 14 13:34:02 2020
# 
0 998
3
8 9 10
9 10 11
10 11 12
11 12 13
12 13
13
18 20
20 21
21
24 25
25 27
27 28 29
28 29
29
32
36 38
38 40
40
44
48
54 55
55 57
57 58
58 60
60 62
62 63 64
63 64
64 66
66
69 71
71 72
72
76
79 80
80
83 84
84
88 89 90
89 90
90 92
92
95 97
97 98 99
98 99
99
105
111 112
112
123 125
125 126 127
126 127 128
127 128
128
131 133
133 134
134
138 139
139 141
141 142
142
145 146
146 148
148 150
150 151
151 153
153 154 155
154 155
155
158 159 160
159 160 161
160 161
161 163
163
172
177
180 182
182 183 184
183 184 185
184 185
185 187
187 188
188 190
190 191 192
191 192 193
192 193 194
193 194
194 196
196 198
198 199
199 201
201 202
202
206
212 214
214 216
216 218
218 220
220 222
222
225 226
226
230 231
231 233
233 234
234
237 239
239 240 241
240 241
241
247 249
249
252 253
253
256
260 262
262 263 264
263 264 265
264 265
265 267
267
270 271
271
275 277
277 278
278
281 282 283
282 283
283 285
285
288
291 293
293
300 301 302
301 302
302
306
309 311
311 312 313
312 313 314
313 314
314 316
316 317 318
317 318
318
321 322 323
322 323
323 325
325 326 327
326 327 328
327 328 329
328 329 330
329 330
330
333 335
335 337
337
340 342
342
346
353 354 355
354 355
355
360 362
362 364
364
369 370
370
378 380
380
384 385
385 387
387 388
388
393 395
395
400
405
409 410 411
410 411
411
416 417
417
420 422
422 423
423 425
425 427
427 428
428 430
430
434 435 436
435 436 437
436 437 438
437 438
438
442 444
444 446
446 447 448
447 448
448
452 453 454
453 454
454 456
456 458
458
461
464
467 468 469
468 469
469 471
471 473
473
478 479
479 481
481 482 483
482 483 484
483 484
484
487 488
488 490
490
493 494 495
494 495 496
495 496
496
499 501
501 502 503
502 503
503 505
505 507
507 509
509 510
510
514
517 518
518
521
525 527
527 528
528
531 532
532
536 537 538
537 538
538 540
540 541
541
546 548
548 549
549 551
551 553
553 554
554
559
563 565
565
568 570
570 572
572 573
573
578
581
587 589
589 590
590
593
596
602 604
604 606
606 607 608
607 608
608
612
615 616
616
626
629
633 635
635 637
637 638 639
638 639 640
639 640
640 642
642
650 651
651
655
659 661
661 663
663
666 667 668
667 668 669
668 669
669
672
677 678
678
681 682
682 684
684 686
686 687
687 689
689 690
690 692
692 693
693 695
695 696
696
699 701
701 702 703
702 703 704
703 704 705
704 705 706
705 706
706
709 711
711 712
712
717 718 719
718 719 720
719 720
720
726 728
728 729 730
729 730
730
733 734 735
734 735 736
735 736 737
736 737 738
737 738 739
738 739
739
744 745 746
745 746
746 748
748 749
749
754 755 756
755 756
756 758
758 759
759 761
761 762
762 764
764
767
777 778
778
781
787
792 793 794
793 794
794
801
809 810 811
810 811
811
814
818
821 822
822 824
824
830 831 832
831 832 833
832 833
833
836
840 842
842 844
844
848 849 850
849 850 851
850 851
851 853
853 855
855 856 857
856 857
857
860
867 868
868
872
881 882 883
882 883 884
883 884
884
894
898 900
900 902
902 904
904 905
905 907
907 909
909 911
911
914 915
915
922 923
923 925
925 926 927
926 927
927 929
929 930
930
934
941 942 943
942 943 944
943 944
944
947
952
956 957
957 959
959 961
961 962 963
962 963
963
968
971 972 973
972 973 974
973 974 975
974 975
975
978 979
979 981
981 983
983 985
985 986 987
986 987
987 989
989 991
991 992 993
992 993 994
993 994
994 996
996 997 998
997 998
998
