#naive2.0.py
# GMT Fri Feb 14 13:34:02 2020
# 
0 1 2
1 2 3
2 3 4
3 4 5
4 5
5
10 11 12
11 12 13
12 13
13 15
15 16
16 18
18
21
24
29 31
31 32
32
37 39
39 40
40 42
42 43 44
43 44
44
47
53 55
55 56 57
56 57 58
57 58
58 60
60 61 62
61 62
62
65 66 67
66 67 68
67 68
68 70
70 72
72 73 74
73 74 75
74 75
75
78 79 80
79 80
80 82
82 83 84
83 84
84 86
86
90 91
91 93
93
104 105
105 107
107
111
115 116
116 118
118 120
120
127 128
128
131 132 133
132 133
133 135
135 137
137 138 139
138 139 140
139 140
140
143 145
145
148 150
150 151 152
151 152
152
155 156 157
156 157
157 159
159
164
170
173 174 175
174 175
175 177
177
180
183 184 185
184 185
185
189 191
191
199
202 204
204 205
205
209
214
217
221 222
222
225
229
233
238 239
239 241
241 243
243 244 245
244 245
245
248 249
249 251
251
255 257
257 258 259
258 259
259
263 264
264
271 273
273
278 279
279 281
281 282
282 284
284
287 288
288 290
290 291 292
291 292 293
292 293 294
293 294
294
297 298 299
298 299 300
299 300
300 302
302 304
304 306
306 308
308
311 313
313
319 320 321
320 321
321
325 326 327
326 327
327
334 335
335 337
337 338
338 340
340 341 342
341 342 343
342 343 344
343 344 345
344 345 346
345 346 347
346 347 348
347 348 349
348 349
349
356 357
357 359
359 361
361 363
363 364
364
367
370 371
371
374
377 378 379
378 379 380
379 380
380
383
386 388
388
391 392
392 394
394 395
395
399 400 401
400 401
401 403
403 405
405
408 409
409
418 419
419
423 425
425
429 430 431
430 431
431
437
440
446 447
447
450 451 452
451 452
452
456 457
457
460
464
470 471 472
471 472
472
475 476
476 478
478 479
479
482 483
483 485
485 486
486
490 491 492
491 492
492
495
498
502
508 509
509 511
511 513
513
519 520 521
520 521 522
521 522
522
525
528 529 530
529 530
530
533 534
534
543
546 547 548
547 548 549
548 549
549
552
555 557
557 559
559
562 564
564
567
575
578
582
586 587
587 589
589 590 591
590 591
591
599 601
601
604 606
606 607
607
611 613
613 614 615
614 615 616
615 616 617
616 617
617 619
619 620 621
620 621 622
621 622 623
622 623
623
626
629
633 635
635
640
644 646
646
650 651
651
655 657
657 658 659
658 659
659 661
661 663
663 664 665
664 665
665 667
667 668
668 670
670 671
671
674 676
676 678
678 680
680 682
682 684
684 685
685
689 691
691 693
693 695
695
699 700
700
705 706 707
706 707
707 709
709 711
711 713
713
718 719 720
719 720 721
720 721
721 723
723 724
724 726
726 727
727
731
734 736
736 737
737
740 742
742 744
744
747 748 749
748 749 750
749 750 751
750 751
751
754 756
756 758
758 759
759 761
761 763
763 764 765
764 765
765 767
767 768
768
771 773
773 775
775 776
776 778
778 780
780 782
782
789 791
791
794
797 798
798 800
800
805 807
807 808
808
811
814
818 820
820
824
828 830
830 831
831
838 839
839
842 843
843
847
850 851
851
854 855
855 857
857 859
859 861
861 862
862
865 867
867 868
868
871 872 873
872 873
873 875
875 876
876 878
878 879 880
879 880
880 882
882 883 884
883 884
884
887 888 889
888 889
889 891
891 892 893
892 893 894
893 894
894
899 901
901 902 903
902 903
903
906 907 908
907 908
908
912 914
914 915
915 917
917 918 919
918 919 920
919 920 921
920 921 922
921 922 923
922 923 924
923 924 925
924 925 926
925 926 927
926 927
927 929
929 930
930 932
932
937
940 942
942
946
951
955 957
957
964 965 966
965 966 967
966 967
967
971 972 973
972 973 974
973 974
974 976
976
981
986
990 991
991
994 995
995 997
997
