#naive2.0.py
# GMT Fri Feb 14 13:34:03 2020
# 
3 4
4
9
13 15
15 17
17 18
18
21 23
23
32 34
34
37 38
38 40
40 41 42
41 42 43
42 43 44
43 44
44
47 48 49
48 49
49 51
51 52 53
52 53 54
53 54 55
54 55 56
55 56
56
59
63 64
64 66
66 67
67
70 71
71
74
77 78 79
78 79
79 81
81 82 83
82 83 84
83 84
84
87 88
88 90
90 91
91
94 95
95
101
104
108
112 114
114
117
121 122
122
125
128 130
130 131 132
131 132
132
135 136 137
136 137
137 139
139 141
141 143
143 145
145
148 149
149
152 153
153 155
155
161
164
169 170
170 172
172 173 174
173 174
174 176
176
180 182
182 183
183
186 187 188
187 188
188
191 193
193 194
194
197 199
199
204
209 211
211 212
212
215 217
217
220 222
222 223 224
223 224
224
227 229
229 230
230 232
232 233
233 235
235 236
236 238
238
243 245
245 246 247
246 247
247 249
249 250 251
250 251
251 253
253 254 255
254 255
255
261
264 265
265
274
277
280 281
281 283
283 284
284
287 289
289 290
290 292
292 294
294
300
303
310 312
312 313
313
316 317
317 319
319 320 321
320 321 322
321 322 323
322 323
323
329
332 333
333 335
335
339 341
341
348 350
350 351
351 353
353 355
355 357
357 359
359
364 365 366
365 366 367
366 367
367 369
369 370
370 372
372 374
374 375
375 377
377
383 385
385 386
386
389 391
391
397 398 399
398 399 400
399 400 401
400 401
401 403
403 404 405
404 405 406
405 406 407
406 407
407
410 412
412 413
413 415
415 416 417
416 417
417 419
419 421
421
425 427
427
431 432 433
432 433 434
433 434
434 436
436
441 442 443
442 443
443 445
445 447
447 449
449
454 455 456
455 456
456 458
458
461 463
463 465
465
468 469
469 471
471 472 473
472 473
473
478 480
480 482
482 484
484 485 486
485 486 487
486 487
487
491
501 502
502 504
504 506
506 507 508
507 508 509
508 509 510
509 510 511
510 511 512
511 512
512
515 516 517
516 517 518
517 518 519
518 519 520
519 520
520
529
534 535
535 537
537 538
538
541
548
551
555
560
564 566
566 567 568
567 568 569
568 569 570
569 570
570
575 576 577
576 577 578
577 578
578 580
580
583 584 585
584 585
585
588
591 593
593
599 600 601
600 601 602
601 602 603
602 603 604
603 604 605
604 605
605
609 611
611 612
612
615 616
616 618
618 620
620
624 625
625
628 629
629
633 634
634 636
636 638
638 639
639 641
641 642
642
647 649
649 651
651
654
657
660 662
662
665
669 670
670
674 675
675
680 682
682 683
683 685
685 686 687
686 687
687
690 691
691
694
699
702 704
704 706
706 707 708
707 708
708
711
714 715 716
715 716
716 718
718 719
719 721
721 722 723
722 723 724
723 724
724
729
732 733 734
733 734
734
739
742 743 744
743 744 745
744 745 746
745 746 747
746 747
747
751 752 753
752 753 754
753 754 755
754 755
755 757
757 759
759 761
761 762 763
762 763
763
770 771 772
771 772
772 774
774 776
776 777 778
777 778
778
781 782
782
786
789
794 796
796 797 798
797 798 799
798 799
799
802 803 804
803 804 805
804 805 806
805 806
806 808
808 810
810
813 814 815
814 815
815
820
823
828 829
829 831
831 833
833 835
835
838
843 844 845
844 845
845 847
847 848 849
848 849
849 851
851 853
853 854
854 856
856 857
857
861 862
862
865
868
871
874 876
876 878
878 880
880 881
881 883
883 884 885
884 885
885
888
891 892
892
896
899 900 901
900 901
901 903
903 905
905 906 907
906 907
907 909
909 910 911
910 911 912
911 912 913
912 913
913
916 918
918 919
919 921
921 922 923
922 923
923
929 930
930
936
940 941
941 943
943
948 949
949
952 953 954
953 954
954 956
956
964
969 971
971 973
973 974
974
977 979
979
983 985
985 986 987
986 987
987 989
989
993 994 995
994 995
995
