#naive2.0.py
# GMT Fri Feb 14 13:34:00 2020
# 
3 4
4 6
6 7 8
7 8 9
8 9
9 11
11 12 13
12 13 14
13 14 15
14 15 16
15 16 17
16 17 18
17 18 19
18 19 20
19 20 21
20 21 22
21 22 23
22 23
23
26
29 30
30
33 34
34 36
36 37
37
40 42
42
45 46
46
50 51 52
51 52 53
52 53
53 55
55
63 64 65
64 65
65
68 69
69
72 74
74 75
75 77
77 78
78 80
80
84
88
92
95 96 97
96 97 98
97 98
98 100
100 102
102 104
104 106
106 107 108
107 108 109
108 109
109
112
117 118 119
118 119
119 121
121 122
122 124
124
130 131
131
134 136
136 137
137
140 141
141
151 152 153
152 153
153 155
155 157
157 159
159 161
161 163
163
167
172
176
180
186
189
192 193
193
201
205
208 209 210
209 210
210 212
212 213 214
213 214 215
214 215 216
215 216 217
216 217 218
217 218 219
218 219
219 221
221
227 228 229
228 229
229
232
237 239
239 240
240
246 248
248
253 254 255
254 255
255
258 260
260 262
262
266 268
268
271 272 273
272 273 274
273 274
274 276
276
280
287 288
288 290
290 292
292 293
293 295
295
298 299 300
299 300 301
300 301
301
304
307 308
308
311 312 313
312 313 314
313 314 315
314 315
315
318
321 323
323
331
334 335 336
335 336
336
339
345 346
346
351 352 353
352 353 354
353 354
354 356
356 358
358 359
359
362
367 368
368 370
370 371
371
374
377
380
383
388 390
390 391 392
391 392
392 394
394 395
395 397
397 398 399
398 399 400
399 400
400
404 405
405
408 409
409 411
411
414 415
415 417
417
420 421
421 423
423 424
424
428 429
429 431
431
441 442
442
448 449 450
449 450
450 452
452
461 462
462
465 466 467
466 467
467 469
469 471
471
475 477
477 478
478 480
480 482
482
485 486
486 488
488 489
489
492 494
494
497 498 499
498 499
499
502 503 504
503 504
504
510 511
511 513
513
516
519
522 524
524
528 530
530 532
532
539 540
540
544 545 546
545 546 547
546 547
547
551
554
558 559 560
559 560
560
563 565
565 566 567
566 567 568
567 568
568
572 573 574
573 574
574
577 578 579
578 579
579 581
581 582
582 584
584 585
585 587
587
590
595 596
596
603 604
604
608 610
610 612
612 613
613
616 617 618
617 618 619
618 619 620
619 620
620 622
622 623
623 625
625 627
627 629
629 630 631
630 631
631
634
637 638
638
641 643
643 644
644
650 652
652
655 656 657
656 657 658
657 658
658
661 662
662 664
664
667
670 672
672
679
684 685
685 687
687
690 691
691
696
700 701 702
701 702 703
702 703
703 705
705
711
716 718
718 720
720 721 722
721 722 723
722 723
723
727 729
729 730
730
734 736
736 738
738 740
740 741 742
741 742 743
742 743
743
750
755
758 760
760 761
761
765 766
766
770 771
771 773
773 774 775
774 775 776
775 776 777
776 777 778
777 778
778
784
787
790
793
797
800 801 802
801 802 803
802 803
803 805
805 807
807 808 809
808 809
809
812 814
814
821 822 823
822 823
823
827
830
834 835 836
835 836 837
836 837
837 839
839
842 843 844
843 844 845
844 845
845 847
847 848 849
848 849
849 851
851 853
853 854
854
858
861
865
868 870
870
875 877
877 878
878
882
885 886
886
889 891
891
894 896
896
901 902 903
902 903
903
906 908
908 909
909
912
924 926
926 928
928
931 932
932 934
934
937 939
939 940 941
940 941 942
941 942 943
942 943
943
947
955 956
956
962 964
964 965 966
965 966 967
966 967 968
967 968
968
971 973
973 974 975
974 975
975
979
982 983
983 985
985
991 992
992
995 997
997
