#naive2.0.py
# GMT Fri Feb 14 13:33:56 2020
# 
0 998
6 8
8 9
9
13
16
20 22
22 23
23 25
25 27
27 29
29
34
37 38
38 40
40
45 46
46
51
55 56
56 58
58
63
68 69
69
73 75
75
78
82 84
84 86
86 87
87
90 91 92
91 92 93
92 93 94
93 94
94
99 100 101
100 101 102
101 102
102
107 108 109
108 109
109
121 122
122 124
124
127 129
129 131
131 133
133 134
134 136
136 137 138
137 138 139
138 139
139
144
147 149
149 151
151 152
152
159
164 165
165 167
167 168 169
168 169
169 171
171 173
173
176
180
183 185
185 187
187
191
195 196
196 198
198
201 202
202 204
204
207
210
214
219 220
220
225 226
226
229 230
230 232
232 233 234
233 234
234 236
236 238
238 240
240 242
242 244
244
247 248 249
248 249
249 251
251 252
252
256
259
262 263 264
263 264 265
264 265
265 267
267 269
269
274
279 280 281
280 281 282
281 282
282
285
288
291 292 293
292 293 294
293 294
294 296
296 298
298
304
308
311 312 313
312 313
313 315
315 316
316 318
318
321
325 327
327 329
329 331
331 332
332 334
334 335
335
338
344
350
353
356 357
357 359
359 361
361 362
362 364
364
369
372
377 379
379
384 386
386 387
387
390
397 399
399 400
400
403 405
405
409
413 414
414 416
416 417
417
424 425
425 427
427 428
428 430
430
434 436
436 437
437 439
439 440
440
443 444
444
450 451
451
454
457 459
459 460 461
460 461 462
461 462 463
462 463
463 465
465 467
467 468
468 470
470 471
471 473
473 475
475 476
476 478
478 480
480 482
482 483
483
487 489
489
494 496
496
500 501
501 503
503 504
504 506
506 507 508
507 508
508
512
515 517
517 518 519
518 519
519 521
521 522
522 524
524 526
526 527
527 529
529 530
530 532
532
535
542 543
543
549 551
551 553
553 554 555
554 555 556
555 556 557
556 557 558
557 558
558 560
560
563 565
565 566 567
566 567 568
567 568 569
568 569
569
572
575 576
576 578
578 579
579
590 591
591
595
598
601 602
602
605 607
607 608
608
611 613
613 614
614
617 618 619
618 619
619
622
627
630 632
632
636
640 641 642
641 642
642 644
644
647 648
648 650
650
653 654 655
654 655 656
655 656
656
660 662
662 663
663
668 669 670
669 670
670
675
679 681
681 683
683
688 689 690
689 690
690
696 697
697
702 703
703 705
705
708
711 712 713
712 713 714
713 714
714
717 718
718 720
720
725 726 727
726 727
727
734 735 736
735 736 737
736 737 738
737 738
738 740
740 742
742 743
743
746 747
747 749
749 751
751 752 753
752 753
753
758
761 762 763
762 763 764
763 764 765
764 765
765
768
772 773 774
773 774
774
778 779 780
779 780 781
780 781
781 783
783 784 785
784 785
785 787
787
790 792
792 794
794 795 796
795 796 797
796 797 798
797 798
798
801 802
802
805 807
807 809
809 810 811
810 811 812
811 812
812 814
814 816
816
820 822
822
825
828 829
829 831
831 832 833
832 833 834
833 834
834
837 838
838
841 842
842
847 848 849
848 849 850
849 850 851
850 851
851 853
853 854
854
857 858 859
858 859
859 861
861 862
862 864
864 865
865
868 869 870
869 870 871
870 871 872
871 872
872 874
874 876
876 878
878 879
879 881
881
886 887
887
891 892 893
892 893 894
893 894 895
894 895 896
895 896 897
896 897
897
900
903
907
911 912
912
918 920
920 921
921 923
923 925
925 926 927
926 927 928
927 928
928 930
930 931 932
931 932
932
936 937
937
941 942 943
942 943 944
943 944 945
944 945
945
951 952
952 954
954 956
956 957 958
957 958 959
958 959 960
959 960
960
964
969
974 975 976
975 976
976 978
978
981
984
987 988 989
988 989
989
992 993
993 995
995
998
