#naive2.0.py
# GMT Fri Feb 14 13:34:02 2020
# 
0 1 999
1 999
5
8 10
10 11
11
16 17
17
20 22
22 24
24
27
34
37
40
44 46
46 47
47
51
55 56 57
56 57
57 59
59 60
60 62
62 63
63
66 68
68 69
69
72 73 74
73 74 75
74 75
75
79 80 81
80 81
81
84
88 90
90 92
92 94
94
98 100
100 101 102
101 102
102 104
104 105 106
105 106 107
106 107 108
107 108 109
108 109
109
112 113 114
113 114
114
118 119
119
122 123
123
127 128
128 130
130 131
131
134 136
136 137
137 139
139
145
153 155
155 156
156 158
158 160
160 162
162
165 167
167 168
168 170
170
176 177 178
177 178
178
183 185
185 187
187 189
189
194 195
195
198 199
199
203 204
204
207
211 213
213
221 223
223 225
225 226 227
226 227
227
232 233 234
233 234 235
234 235 236
235 236 237
236 237
237
245 246
246
249 251
251
254 255
255 257
257
260 261
261 263
263
266
270
277 278
278 280
280 281 282
281 282
282
285 286
286
289
294 296
296 297
297
300
305 307
307 309
309 310 311
310 311
311
314 316
316 318
318
327 328
328
331 332
332 334
334 335 336
335 336 337
336 337 338
337 338
338 340
340 341
341 343
343 344
344 346
346 347
347 349
349 350
350 352
352 353 354
353 354 355
354 355 356
355 356
356 358
358 359 360
359 360
360 362
362 364
364
367
370 372
372 373
373
376 377
377
380
384 386
386 387 388
387 388
388
392 393 394
393 394 395
394 395 396
395 396
396
399 400
400 402
402
408 409
409 411
411 413
413 414 415
414 415 416
415 416 417
416 417
417
420
424 425
425
428
431 433
433 434
434 436
436 437
437
441
444
447
450 451 452
451 452
452
456
460 461
461
464
467 468
468
473 475
475 476 477
476 477 478
477 478 479
478 479 480
479 480 481
480 481
481
484 485 486
485 486
486 488
488
493 494
494
502
505 506 507
506 507 508
507 508
508 510
510 511
511
514 516
516 517
517
521 522
522
525 526
526
529 531
531
535
540
548 549 550
549 550
550 552
552 553
553
556 558
558
562 563 564
563 564 565
564 565 566
565 566
566
569 570
570 572
572 574
574
577
580
583 584
584 586
586 588
588 589
589 591
591
594 596
596
599 600 601
600 601 602
601 602
602 604
604
608 609
609
612
616
620 621 622
621 622
622
627 629
629
632 633
633
637
640 641 642
641 642
642 644
644 645
645
649 650
650
655 656
656
662 664
664 665
665
668 669 670
669 670
670
676
681 683
683
686 688
688 689 690
689 690 691
690 691 692
691 692
692 694
694
698 699
699
702 704
704
707 709
709 710 711
710 711
711
715 716
716 718
718
721
725 726 727
726 727 728
727 728
728
731 733
733 734
734 736
736 738
738 740
740
746
750
754 755
755 757
757
760 762
762
768
771
775
779
782
789 790 791
790 791 792
791 792 793
792 793
793 795
795 797
797
800 801
801 803
803 804 805
804 805
805
814
817 819
819 820 821
820 821
821
825 827
827 828 829
828 829 830
829 830 831
830 831 832
831 832 833
832 833 834
833 834
834 836
836
839
842 844
844 845 846
845 846
846
850 851 852
851 852
852
855 857
857 858 859
858 859
859
862
870 871
871
875
879 880
880 882
882 884
884 885 886
885 886
886
894 895
895 897
897 898 899
898 899
899 901
901 903
903
908
911 912
912
915 916 917
916 917 918
917 918
918
921 922
922 924
924
928
933
939 940 941
940 941 942
941 942
942
946 948
948
951
955 956 957
956 957
957 959
959
964 965
965 967
967 968
968 970
970 971
971 973
973 975
975
979 981
981
984 985
985
989
997 999
999
