#naive2.0.py
# GMT Fri Feb 14 13:34:05 2020
# 
2
9 10
10 12
12
15 16
16
22 23 24
23 24 25
24 25 26
25 26
26 28
28
31 32 33
32 33 34
33 34
34
38 40
40 42
42 44
44 46
46 48
48 50
50 51
51
54 55
55
58 60
60
63 64
64 66
66 68
68 69
69 71
71 72
72 74
74
78
81 82 83
82 83
83
86
91 93
93 94
94
98 99 100
99 100
100
105
108 110
110 112
112 113
113 115
115 116
116
119
122 123 124
123 124
124
127 128
128 130
130 131
131
135
138 139
139
143 144 145
144 145 146
145 146
146
149 150
150 152
152
155 157
157
160 161 162
161 162 163
162 163
163 165
165 166
166 168
168 169 170
169 170 171
170 171
171
175 176
176 178
178 179
179
182 184
184 186
186
190
193
198
201
206 208
208 209 210
209 210 211
210 211 212
211 212
212 214
214 215
215
219 220
220
225 226 227
226 227 228
227 228
228 230
230
233
238
241
246 248
248 250
250 251 252
251 252
252 254
254 255 256
255 256 257
256 257
257 259
259 261
261 262
262 264
264
267
271 272
272
276 277 278
277 278 279
278 279 280
279 280
280
284 285
285
289 290
290 292
292 293
293 295
295
298 299
299
302 304
304 305
305
308
311 313
313
316 317 318
317 318 319
318 319
319
322
327 328
328
332
336 337
337 339
339 340
340
343
346
349 351
351 353
353 354 355
354 355 356
355 356
356 358
358
368 369 370
369 370 371
370 371
371
374 375
375 377
377
384 385
385
389
392 394
394 396
396
399 400 401
400 401
401
406 407 408
407 408 409
408 409
409 411
411 412 413
412 413
413
416 417 418
417 418 419
418 419
419
423 424 425
424 425
425
432
435 436
436 438
438
441
446
449 451
451 452
452 454
454 455
455
459 460
460 462
462 464
464 466
466
469
473 474
474
479 480
480 482
482 483 484
483 484 485
484 485 486
485 486 487
486 487 488
487 488
488 490
490 491
491 493
493 495
495
499
504 506
506 508
508 510
510 511 512
511 512
512
521 523
523 524
524 526
526
530
535
538 539 540
539 540
540 542
542 543
543 545
545
550 551 552
551 552 553
552 553
553
557 558
558
561
564
569 570
570 572
572 574
574 575 576
575 576
576
579 580
580
583
588 590
590 592
592
595
608 609 610
609 610
610 612
612 613
613 615
615 616 617
616 617 618
617 618
618
622 623
623 625
625 626
626 628
628 629
629 631
631 633
633
636 637
637 639
639
645 646 647
646 647
647
650
654 656
656 658
658 659 660
659 660 661
660 661
661
665 666
666 668
668
671
675
681 682
682 684
684
688 690
690
693
706 707 708
707 708 709
708 709
709
712
717 719
719 721
721 722
722 724
724 725
725 727
727 728
728
731 733
733 734
734
737
740 742
742 743 744
743 744
744
752
755 756
756 758
758 760
760 761 762
761 762
762 764
764 765
765 767
767 769
769 770 771
770 771
771 773
773 774
774
778 780
780 781 782
781 782
782
785
788 789
789
795 796
796
799 801
801
804 806
806 807
807
810 811
811
815 816
816 818
818
821 822
822 824
824 825
825 827
827
830
836 837 838
837 838
838
841 842
842
845
848
853 855
855
861
864 865 866
865 866
866 868
868
873 874 875
874 875
875
878
883 884
884 886
886
890
893 895
895
898
901 902 903
902 903
903
908
913 915
915
920 922
922 923 924
923 924
924 926
926
930 931 932
931 932 933
932 933
933
938 939
939
947 949
949 951
951 952 953
952 953
953 955
955 956
956
960
967 968 969
968 969 970
969 970 971
970 971
971 973
973
976
982
987 989
989 990
990
996
