#naive2.0.py
# GMT Fri Feb 14 13:34:05 2020
# 
1 2 999
2
5 6
6
9
12 13
13 15
15
20
24
31 33
33
36
41
44
47 48
48
51 53
53
57 59
59 60
60 62
62 63 64
63 64
64 66
66
70
73 74
74
77 79
79 80
80
87 88 89
88 89 90
89 90
90
93 94
94 96
96 98
98 99
99 101
101 102 103
102 103
103 105
105 106
106
110 111
111 113
113
116
119 120
120
125 127
127 128
128 130
130 131 132
131 132 133
132 133
133
136 137 138
137 138 139
138 139
139 141
141
144
147 149
149
152
155
167 169
169 170 171
170 171 172
171 172 173
172 173
173 175
175 176
176
179 181
181 183
183 184
184
187 188
188
191 193
193 194 195
194 195 196
195 196
196
200 201
201
204 205 206
205 206
206 208
208
213 214
214
217 219
219
225
229
232 233 234
233 234 235
234 235 236
235 236 237
236 237 238
237 238
238
241 242
242 244
244
249 250
250 252
252 254
254 255 256
255 256 257
256 257
257 259
259 260 261
260 261
261 263
263 264
264
267
270
274 275
275 277
277 279
279 281
281
292 293 294
293 294 295
294 295 296
295 296 297
296 297 298
297 298
298
301
304
311 313
313 315
315 316
316
319 320
320 322
322
325
328
333 334
334 336
336 337
337
341 343
343 344 345
344 345
345
348 350
350 351
351
354
357 358 359
358 359
359
366 367
367 369
369
372
375 376
376
380 382
382
387 388
388 390
390 392
392 394
394
398 399 400
399 400 401
400 401
401
405 406
406 408
408 409
409
413 414
414
418 420
420
425
428 430
430
433 434 435
434 435 436
435 436
436
441 442
442
447
450 452
452 453
453
456 457
457 459
459 460 461
460 461
461 463
463
466 467 468
467 468 469
468 469
469 471
471
475 476 477
476 477
477
486 487 488
487 488
488
491 493
493 494 495
494 495
495
502 503
503 505
505 506
506
509 510
510
516
519
522 523
523
527 529
529
532
535
541
544
547
551 553
553
556 558
558 560
560 561
561 563
563
566 568
568
571
574
582 583
583
587 588
588
594 595 596
595 596
596
599 600
600
605 606 607
606 607 608
607 608 609
608 609
609
615
618 619
619
624 626
626 627 628
627 628
628 630
630 632
632 633
633
637 638
638 640
640 641 642
641 642
642
646 647
647
653 654
654 656
656 657
657 659
659 660 661
660 661
661 663
663
667 668 669
668 669
669
673 674 675
674 675
675 677
677
680 681
681
687 689
689
699
703 705
705 707
707 709
709 711
711 712
712 714
714
717 719
719 720
720
727 728 729
728 729 730
729 730
730 732
732
739
743 744
744
747
750
753 754 755
754 755 756
755 756 757
756 757
757 759
759 760
760
763 764
764
767 769
769 770 771
770 771
771 773
773 774 775
774 775
775
781 782 783
782 783
783
787 788 789
788 789 790
789 790 791
790 791 792
791 792
792
797
801 803
803 804 805
804 805
805
808
812 813 814
813 814 815
814 815
815 817
817
820 821
821 823
823 824 825
824 825 826
825 826
826 828
828
832 833
833
836
846
853 854 855
854 855
855
860
867 868
868 870
870 872
872 873 874
873 874
874 876
876
879 880 881
880 881 882
881 882
882 884
884
888 889
889
893
898 899 900
899 900
900
906
911 913
913 914 915
914 915 916
915 916 917
916 917
917
920
923 924
924
927
930 931
931
934
937 938 939
938 939 940
939 940
940 942
942
945 947
947 949
949 950
950 952
952
956
959
966 967 968
967 968 969
968 969 970
969 970
970
973
976 977
977 979
979 980 981
980 981 982
981 982
982 984
984 985 986
985 986
986
993 995
995 997
997 999
999
