#naive2.0.py
# GMT Fri Feb 14 13:34:00 2020
# 
1 2 3
2 3 4
3 4
4 6
6 7 8
7 8
8
11
14 15
15 17
17
20 22
22 23
23
27
30 31 32
31 32
32 34
34 35 36
35 36 37
36 37
37
41
45 46
46 48
48 50
50
53 54
54
57 59
59
64 65
65 67
67
71 72
72 74
74 76
76 77 78
77 78 79
78 79
79 81
81 83
83 84
84 86
86 88
88 90
90 91
91 93
93 94
94
99
103 105
105
108
111 112
112 114
114 115 116
115 116 117
116 117
117 119
119 120 121
120 121 122
121 122
122
128 130
130
134
138 139
139 141
141
144 146
146
152
156 157 158
157 158
158
161 163
163 164
164
171 172
172
175 176
176
179
183 184
184
187 188
188 190
190
198
201
205
210
216 217 218
217 218 219
218 219
219
222 224
224
227 228 229
228 229
229
232
235 236
236 238
238 239 240
239 240
240
243 245
245 246 247
246 247
247 249
249 251
251 253
253
258 260
260 262
262 264
264
271 273
273
277
281 283
283
292 293
293 295
295 297
297
300
303 305
305 306
306
309 310 311
310 311 312
311 312 313
312 313
313
317 319
319 321
321 323
323
326 327
327
339 341
341
344 346
346
355 357
357
363 364 365
364 365
365 367
367 368 369
368 369
369
372 374
374 375 376
375 376 377
376 377 378
377 378 379
378 379 380
379 380
380
385 387
387 389
389 390 391
390 391 392
391 392
392 394
394 395
395
398 399 400
399 400 401
400 401
401
404 405 406
405 406
406
411
415 416
416
420 421
421
424 425
425
428 429 430
429 430 431
430 431
431
434 435 436
435 436 437
436 437
437
440 442
442 443 444
443 444
444
447
453 454 455
454 455 456
455 456
456 458
458
463
467 469
469 470
470 472
472 473
473 475
475
479 480
480
483
490
493 494 495
494 495 496
495 496
496 498
498 500
500 502
502
505 507
507 509
509 510
510 512
512
516 518
518
523 524 525
524 525 526
525 526 527
526 527
527
530 532
532 534
534 536
536 538
538 539 540
539 540 541
540 541 542
541 542
542
546 548
548
553
556
559 561
561 562
562 564
564 565 566
565 566 567
566 567
567
573 574
574
578
587
591 593
593 594 595
594 595
595
598 600
600
603 605
605 607
607
610
613
617
620 621
621 623
623 624 625
624 625 626
625 626
626 628
628
633 634 635
634 635 636
635 636 637
636 637 638
637 638 639
638 639 640
639 640
640 642
642 643 644
643 644 645
644 645
645 647
647 648
648
651 652
652
655
660
664 665
665 667
667 668 669
668 669
669
672 674
674 675
675 677
677
684
687 688
688 690
690 691
691
696
701 702
702 704
704 705
705 707
707 708 709
708 709
709
713
716 717
717
720
723
726 728
728 729
729
732 734
734
737
740 742
742
745 746 747
746 747 748
747 748
748
757
760 761 762
761 762
762 764
764 766
766 768
768 769
769 771
771
775 777
777 778 779
778 779 780
779 780
780
788 789
789
792 793 794
793 794
794
797 798
798
801 803
803 805
805 806
806 808
808 809
809
815 816
816
819 820 821
820 821 822
821 822 823
822 823 824
823 824
824
831
838 840
840 842
842 843
843
846 847
847
853 854
854
857 858 859
858 859
859
862 863
863 865
865
868
871
877 878 879
878 879
879 881
881 883
883
887
891
894 895 896
895 896 897
896 897
897
900 901
901 903
903 904 905
904 905 906
905 906 907
906 907
907
910
913 914 915
914 915 916
915 916 917
916 917
917
920 922
922 923
923 925
925 926
926 928
928 929
929 931
931
935 936 937
936 937 938
937 938 939
938 939
939 941
941
944
949 951
951
954 955 956
955 956
956
959 960
960
963 965
965 967
967 969
969
978 980
980 981
981
986 987
987
990 991
991
994 995
995 997
997
