#naive2.0.py
# GMT Fri Feb 14 13:34:00 2020
# 
5 6
6
9
12
16 18
18 19
19 21
21 22
22
25 26 27
26 27
27
31
34 36
36
41
45 46
46 48
48 49 50
49 50 51
50 51
51
56 57 58
57 58
58
63 65
65 66 67
66 67 68
67 68
68 70
70
75 77
77 79
79 81
81 82 83
82 83 84
83 84 85
84 85 86
85 86 87
86 87
87
90 92
92 94
94 96
96 97
97 99
99
102
109 111
111 113
113 115
115 116 117
116 117
117 119
119
122
128 129 130
129 130
130 132
132
136 138
138 139
139
143 144
144 146
146 147
147 149
149 150 151
150 151
151 153
153 154
154 156
156
160 161 162
161 162
162 164
164 165 166
165 166
166 168
168
172
178 179
179
184
187
190 191
191
198 199
199
203 204
204 206
206 207
207 209
209 210
210
213 215
215
218 220
220
224 225 226
225 226
226
230
233 235
235 237
237
240 241
241
244 245 246
245 246 247
246 247
247
250 251
251 253
253
257 258 259
258 259
259 261
261
264 266
266 268
268 270
270 271 272
271 272
272 274
274 275
275
278 280
280 281
281 283
283
286 287
287
290 292
292
295 296 297
296 297
297
300 301 302
301 302 303
302 303 304
303 304
304
309
316
319 321
321 322
322
329 330 331
330 331
331 333
333 335
335 337
337 338
338 340
340 341 342
341 342
342
346 347
347
352 354
354 356
356 357 358
357 358 359
358 359
359
363 365
365
368 369
369
373 374 375
374 375
375 377
377 379
379
382
386 388
388 390
390
398 399
399 401
401
406 408
408 409 410
409 410
410
413 415
415 417
417
420 421 422
421 422 423
422 423 424
423 424 425
424 425 426
425 426
426
429 431
431
434 435 436
435 436 437
436 437 438
437 438 439
438 439
439 441
441 443
443 444 445
444 445
445 447
447 448 449
448 449 450
449 450
450 452
452 453
453
459
465
469 470
470 472
472
475 477
477 478
478 480
480
485 486 487
486 487
487 489
489 491
491 492
492
495 497
497 498 499
498 499
499
504
510 512
512 514
514 515 516
515 516
516
520 521
521
524 525 526
525 526 527
526 527 528
527 528
528 530
530
533 534
534
539 540
540
545 546 547
546 547
547 549
549
553
556 558
558 559 560
559 560
560 562
562 563
563 565
565
569 570
570 572
572
578
581
584 585 586
585 586
586
590 592
592 593 594
593 594 595
594 595
595 597
597
600 601 602
601 602
602
605 606
606 608
608 610
610 611
611
616 617 618
617 618
618 620
620
628 629
629 631
631
634 635
635
639 640
640
643 644
644
648
652
659 660
660
665 666 667
666 667
667
670 671 672
671 672
672 674
674
677 678
678 680
680 681 682
681 682
682
686 688
688
691 693
693 694
694 696
696
699 701
701
706 708
708
713
716 718
718 719
719
722 724
724 726
726 728
728 730
730 731 732
731 732 733
732 733
733 735
735 736 737
736 737
737
742 743
743 745
745 746
746 748
748
755 756 757
756 757
757 759
759 761
761 762
762
770
775 777
777
785 786 787
786 787 788
787 788 789
788 789
789 791
791
794 795 796
795 796
796
803 805
805
811 812 813
812 813
813
816
819 821
821 823
823 825
825 826
826
830 831 832
831 832
832
837
843 844
844 846
846 847 848
847 848
848
851
854 855
855 857
857 859
859 860
860 862
862 864
864 866
866 868
868 869
869 871
871
874 876
876 877
877
882 884
884
889 891
891
895 896 897
896 897
897 899
899 900
900
903 904 905
904 905 906
905 906 907
906 907
907
911 912 913
912 913 914
913 914 915
914 915 916
915 916
916
919 920
920
923
932 933
933 935
935 936
936
939 940 941
940 941
941
947
950 951
951 953
953 955
955 957
957 959
959 960
960
964 965 966
965 966 967
966 967 968
967 968 969
968 969
969
972 974
974 975
975 977
977 978
978
982 983
983
986 987 988
987 988 989
988 989
989 991
991 993
993 994 995
994 995
995 997
997 998
998
