#naive2.0.py
# GMT Fri Feb 14 13:34:04 2020
# 
1
6 7
7
15
18 20
20 22
22
26
31
34 36
36 37 38
37 38 39
38 39 40
39 40 41
40 41 42
41 42
42
45 46
46 48
48 49 50
49 50
50
54 55
55 57
57 59
59 61
61 62 63
62 63 64
63 64
64
68 70
70 71
71 73
73
78
82
85 87
87
90 91
91
94 95 96
95 96
96
103 104
104
113 114
114 116
116 117 118
117 118 119
118 119
119 121
121
126
131 132 133
132 133
133 135
135 137
137
145 146 147
146 147
147 149
149 150 151
150 151 152
151 152
152
155 157
157 159
159 160 161
160 161
161
170 171 172
171 172
172
175 177
177 178 179
178 179 180
179 180
180 182
182 184
184 185
185
188
195 196
196
199 200
200
204
207
210 211 212
211 212 213
212 213
213
218 219
219
224 225 226
225 226 227
226 227 228
227 228
228 230
230 231
231
236 237
237
240
243 244 245
244 245
245
248 249
249 251
251 253
253
261 263
263 264
264
270 272
272 273 274
273 274
274
278 279
279 281
281
285 286
286 288
288 289 290
289 290
290
295 297
297 299
299 300
300 302
302
306 307
307
310 311
311
314
319 320 321
320 321
321
328 329
329
333 335
335 336 337
336 337
337
344 345
345
348 349 350
349 350
350
354 355 356
355 356
356 358
358 359 360
359 360
360
369 371
371
374 375
375
378 379
379
385 386 387
386 387
387 389
389 391
391 392 393
392 393
393
398 400
400 401 402
401 402 403
402 403
403 405
405 406 407
406 407
407 409
409
412 413 414
413 414 415
414 415 416
415 416
416 418
418 420
420 422
422 424
424
433
437 438
438 440
440 442
442 444
444 446
446
449 450 451
450 451
451
454 455
455 457
457 458
458
461
465 466 467
466 467 468
467 468 469
468 469 470
469 470 471
470 471 472
471 472
472
475 476 477
476 477
477
480
487
490
493 494
494
497
501 503
503
506 507
507 509
509
512
515
520 521 522
521 522 523
522 523
523 525
525 527
527 528
528
531
535 537
537 538 539
538 539
539 541
541 542
542 544
544
547
551 552 553
552 553 554
553 554 555
554 555
555 557
557 559
559
562
568 569
569 571
571 573
573
576
579 581
581
585
588
598
601
604 606
606 607
607
610 611
611 613
613 615
615
618 619 620
619 620
620
624
628
631 633
633 635
635 637
637 638
638 640
640 642
642 644
644 645 646
645 646
646
651
657
661 662
662 664
664 665
665
671 672
672 674
674 675 676
675 676
676
681 683
683 684 685
684 685
685
692
695 696 697
696 697 698
697 698 699
698 699
699
702 704
704 706
706 707 708
707 708 709
708 709
709 711
711 713
713 715
715 717
717 719
719
722 723 724
723 724 725
724 725
725 727
727
731 732
732
735 736
736
740 741
741
747
750
753
757
761
764
767 768
768 770
770
774 775 776
775 776
776 778
778 780
780
788 789
789
793
797 798
798
801
804 806
806 807
807
810 812
812
819 821
821 822
822 824
824 825 826
825 826
826
837 839
839 840 841
840 841 842
841 842 843
842 843 844
843 844
844
849 850
850 852
852 853
853 855
855 856 857
856 857 858
857 858
858 860
860 861 862
861 862
862
865
868
874 875 876
875 876
876 878
878 879
879
882 883
883
888 890
890 891
891
894 895 896
895 896 897
896 897 898
897 898
898 900
900
905
911
914
917
923 924 925
924 925 926
925 926 927
926 927
927
931 932
932 934
934 935
935
938
941 943
943
947 949
949 950 951
950 951
951
962 963 964
963 964 965
964 965 966
965 966 967
966 967
967
970 971
971
978
982 983 984
983 984
984 986
986 987 988
987 988 989
988 989
989
996 998
998
