#naive2.0.py
# GMT Fri Feb 14 13:33:58 2020
# 
3 5
5 7
7 8
8 10
10
13 15
15 17
17 19
19 21
21 22 23
22 23 24
23 24 25
24 25 26
25 26 27
26 27
27 29
29
32 33
33 35
35 37
37
40 42
42 43 44
43 44
44
48
54
60 61
61
64 65
65
69 70
70
79 80
80 82
82 83
83
86 88
88
99 100 101
100 101
101 103
103 104
104
107 108 109
108 109
109
113
116 117
117
121 123
123 125
125 127
127 129
129 130
130 132
132
136 137
137
141
146
150
154
157 158 159
158 159
159
162 163
163 165
165 166
166
172
176
179 180 181
180 181 182
181 182 183
182 183 184
183 184
184 186
186 187
187
190
195
199 201
201 202
202
214
217 218 219
218 219 220
219 220
220
223
228
231 232
232
235 236 237
236 237
237
242 243
243 245
245 246 247
246 247
247 249
249 250 251
250 251
251
254 255
255
260 262
262 263
263
268
272
275 277
277
280 281
281 283
283 285
285 286 287
286 287
287 289
289 291
291 292
292 294
294
300 302
302 303
303
306
313
319 320 321
320 321
321
324
330
335 336
336
339
344 345 346
345 346 347
346 347 348
347 348 349
348 349 350
349 350 351
350 351
351
354 355
355
358 359
359
362 364
364
367 369
369 370 371
370 371
371
374 375 376
375 376 377
376 377
377
380 382
382 384
384 385 386
385 386
386 388
388 389 390
389 390 391
390 391
391 393
393
396 398
398 399 400
399 400
400
404
407 409
409
412 413 414
413 414 415
414 415
415 417
417 419
419 420
420 422
422 424
424 426
426 428
428 429
429
432 433 434
433 434
434 436
436 437 438
437 438 439
438 439
439
444 446
446 447 448
447 448
448
451 452
452 454
454
461
464 466
466
473 474 475
474 475 476
475 476 477
476 477 478
477 478
478
481 483
483
486 487 488
487 488 489
488 489
489 491
491 493
493
496 497 498
497 498
498
502 503
503
508
513 514 515
514 515 516
515 516
516
520 521 522
521 522
522
527 529
529
533 534 535
534 535
535 537
537
541 543
543 544 545
544 545 546
545 546
546
549
553 554 555
554 555 556
555 556
556
559 560
560
563
566 568
568
573 575
575 577
577 578 579
578 579
579
583
587 589
589 590 591
590 591
591 593
593 595
595 596 597
596 597
597 599
599 600
600
603
606 607
607 609
609 610
610 612
612 613
613 615
615
620 621
621 623
623 625
625 626
626
631 632
632
635 636
636 638
638 639 640
639 640 641
640 641
641
645 647
647 648
648 650
650 651
651
654 655
655
658 659 660
659 660
660 662
662 663
663
667 668 669
668 669 670
669 670
670
673 675
675 676 677
676 677
677 679
679 680
680
683 685
685 687
687 688
688
692
696 697 698
697 698 699
698 699
699 701
701 702
702
705 707
707
711 712
712
715 716 717
716 717
717
720
724 725
725
728
731 733
733 735
735
738 740
740
744 745
745
752 753
753
756 757
757 759
759 760
760 762
762 764
764 765
765 767
767
771 773
773 775
775
778 780
780 782
782 783
783
787 788
788
791 793
793 795
795
799 801
801 803
803 804
804
807 808
808 810
810
814
817 818
818
823 824
824 826
826
832
835 836
836
839 841
841
844
849 851
851
854 856
856
859 860 861
860 861
861 863
863 864
864
867 868
868
873
879
884 885
885
889 890 891
890 891 892
891 892 893
892 893 894
893 894
894 896
896
899
902 903
903 905
905 906
906 908
908 909
909 911
911
914 915 916
915 916 917
916 917
917 919
919
922 923
923
926 927
927 929
929
935
938 939 940
939 940 941
940 941 942
941 942
942
945 947
947
952
958 959
959 961
961 963
963
966 967
967 969
969 970 971
970 971 972
971 972 973
972 973 974
973 974
974
978
983 984
984
987
991
996 997
997
