#naive2.0.py
# GMT Fri Feb 14 13:33:57 2020
# 
0 999
3
13 14 15
14 15
15 17
17
22 24
24
28 29
29 31
31 32 33
32 33
33 35
35 36 37
36 37
37
42 43
43
47 48
48
53 55
55 56
56
64 65 66
65 66
66 68
68 69
69 71
71 73
73
77 78 79
78 79
79
82
85 86 87
86 87 88
87 88
88
91 93
93
97 98
98
101 102
102
108 110
110
113
117 118 119
118 119
119
122
125 126 127
126 127 128
127 128
128 130
130 131 132
131 132
132 134
134 136
136
139 140
140 142
142 144
144 145
145 147
147 148 149
148 149
149 151
151 153
153 154 155
154 155
155
159
162
166 167 168
167 168
168 170
170
173 174
174
178 180
180 182
182 183 184
183 184
184
188 190
190 191 192
191 192 193
192 193 194
193 194
194
198
203 204 205
204 205
205
209 210
210 212
212 213
213
217 218
218
222 224
224
227 229
229 230
230
235 237
237
242 243
243 245
245
248 249
249
252
255
258 259
259
262 263
263
267 268 269
268 269
269
272 273
273
276 278
278 280
280
283
296
299 300
300 302
302 304
304 305
305 307
307
311 312
312 314
314
319 321
321
326 327
327
330 331 332
331 332
332
335 337
337 338 339
338 339
339 341
341
344 345 346
345 346
346
349
353 354 355
354 355 356
355 356
356 358
358 359
359
363 364
364
367
370
378
381 382 383
382 383 384
383 384
384
391 393
393 394 395
394 395
395
403 404 405
404 405 406
405 406
406
410 412
412 414
414 415 416
415 416
416
421
426
429 430 431
430 431
431 433
433 434 435
434 435
435
438 439 440
439 440
440
445 447
447 448
448 450
450 451 452
451 452
452 454
454 455 456
455 456
456 458
458 459 460
459 460 461
460 461 462
461 462 463
462 463
463 465
465 467
467 468
468 470
470 471
471 473
473 475
475 477
477 479
479
482 483
483 485
485
488 490
490 491
491 493
493 495
495 496
496 498
498 499 500
499 500 501
500 501 502
501 502 503
502 503 504
503 504 505
504 505 506
505 506
506 508
508
511 513
513 514
514 516
516 517
517
520 521
521 523
523 524 525
524 525 526
525 526
526 528
528 530
530 531 532
531 532 533
532 533
533
540
543 544
544 546
546 547 548
547 548 549
548 549 550
549 550 551
550 551
551 553
553 555
555 556 557
556 557 558
557 558
558
562 563 564
563 564 565
564 565 566
565 566
566
578 579 580
579 580
580 582
582 583
583
586
591 592 593
592 593
593
596 597
597
600
606 608
608 609
609 611
611 612
612 614
614
617 619
619 620
620 622
622 624
624
628 629 630
629 630 631
630 631 632
631 632
632
637 638 639
638 639 640
639 640
640
647 648
648 650
650
653 654
654
666 667 668
667 668 669
668 669
669
672 673
673 675
675 676 677
676 677 678
677 678
678 680
680 681
681
684 686
686 687
687
692 693 694
693 694
694 696
696 697
697 699
699 700
700 702
702 703
703 705
705 707
707 708
708 710
710 712
712 713 714
713 714
714
718 719
719
723 724 725
724 725
725
728
732 734
734 735 736
735 736
736
743 744 745
744 745 746
745 746 747
746 747 748
747 748
748 750
750 751
751
755
760 761
761
764
767
770
773 775
775
778 779
779 781
781 783
783 785
785
792 793
793 795
795
798 799 800
799 800
800 802
802
806 808
808 810
810
815 816
816
821 822
822
827
830 831 832
831 832
832
835 837
837 838 839
838 839 840
839 840 841
840 841 842
841 842
842 844
844 845
845 847
847
853 855
855 856
856
859
862 863 864
863 864 865
864 865
865 867
867 869
869
872
876 878
878
882
885 887
887 889
889
898
901
904 906
906
910
914
922
926 928
928
931
934 936
936 937
937
941 942 943
942 943
943 945
945 946
946 948
948 950
950
953 954 955
954 955
955 957
957
960
964
967
970 972
972 973
973 975
975 976 977
976 977
977
980 981
981 983
983 985
985
989 991
991 992 993
992 993 994
993 994
994
997 999
999
