#naive2.0.py
# GMT Fri Feb 14 13:34:00 2020
# 
1 2 3
2 3 4
3 4 5
4 5
5 7
7
14
18 19
19 21
21 22
22 24
24 26
26 27
27
37 39
39 41
41 42 43
42 43
43 45
45 46
46
49
54 55
55 57
57 59
59 60
60
63 64 65
64 65
65 67
67 68
68
74 75 76
75 76
76
79 80 81
80 81 82
81 82 83
82 83
83
86 88
88 90
90 91 92
91 92 93
92 93 94
93 94 95
94 95 96
95 96
96
99
102
106 107
107 109
109 110 111
110 111 112
111 112 113
112 113
113 115
115 116
116
120
123 124
124 126
126 127 128
127 128 129
128 129 130
129 130 131
130 131
131 133
133
138 139 140
139 140
140 142
142 143 144
143 144
144 146
146 148
148 149 150
149 150
150 152
152 153
153 155
155
158 159 160
159 160
160 162
162
168 170
170 171
171 173
173 175
175 176
176
179 180 181
180 181 182
181 182
182 184
184 186
186 188
188 190
190
194
198
201 203
203
208 209 210
209 210 211
210 211 212
211 212 213
212 213 214
213 214 215
214 215 216
215 216
216
221
226 228
228 230
230 231 232
231 232
232 234
234 236
236 237
237 239
239
243 245
245 247
247 248 249
248 249 250
249 250 251
250 251
251
257 259
259 260 261
260 261 262
261 262 263
262 263
263 265
265 266 267
266 267 268
267 268 269
268 269 270
269 270
270 272
272 274
274 275
275
282 284
284
287 288
288
292 293
293 295
295 297
297 298 299
298 299
299
302
305 307
307 308 309
308 309
309 311
311
315
319 320
320
323
326 327
327
331 332 333
332 333
333
338 340
340 341
341
344 345
345
354 356
356 357 358
357 358
358 360
360
363 364
364
367
370 371
371
376 377 378
377 378 379
378 379
379 381
381 383
383 384
384 386
386 388
388
392 393 394
393 394
394
397 398
398 400
400
404
407 409
409
412 413
413
418 419
419
424
427
430
435 437
437 438
438 440
440 441
441
444
447 448 449
448 449
449
453
456
461 462 463
462 463 464
463 464
464
469 471
471 472 473
472 473
473 475
475 476 477
476 477 478
477 478 479
478 479
479
482
487
490 491 492
491 492
492
496 498
498 499 500
499 500 501
500 501
501
504 505
505 507
507 508 509
508 509 510
509 510
510
513 515
515 517
517 519
519 520
520
524 525
525
531 532
532 534
534
540 541 542
541 542 543
542 543 544
543 544 545
544 545
545 547
547
550
554 555
555
562 563
563 565
565 566 567
566 567
567 569
569
575 576
576 578
578
582
585 587
587
591 592 593
592 593
593
597 598
598
606 608
608 609 610
609 610
610
613 614
614 616
616 617 618
617 618 619
618 619
619 621
621
628 629 630
629 630
630
639
645
649 651
651 652
652
656 657 658
657 658 659
658 659
659
663 664 665
664 665 666
665 666
666
673 674 675
674 675
675 677
677 679
679
683
691 693
693 694
694 696
696 697 698
697 698 699
698 699
699
704 705 706
705 706 707
706 707
707
710 711
711 713
713 715
715 717
717 719
719 720 721
720 721 722
721 722
722
729
732 733
733
739 741
741
745
749
752
756 757 758
757 758 759
758 759 760
759 760 761
760 761
761
765
768 769
769
772 773 774
773 774
774
777 779
779 780
780
783
788 789 790
789 790
790 792
792
797
804
807
812
815 816
816
819 820 821
820 821
821 823
823 825
825 827
827 829
829 831
831 832
832 834
834 836
836
839 840
840
845
848 849 850
849 850
850
853 854 855
854 855 856
855 856 857
856 857
857 859
859 860 861
860 861
861 863
863 865
865 866
866
869 870
870
875
878 879
879
883
887
892 893 894
893 894
894 896
896 897
897 899
899 900
900 902
902
905 906 907
906 907
907
912 913
913 915
915 917
917
921
925
928 930
930
934 935
935 937
937 938
938
943
948 949
949 951
951
954
957 959
959 961
961
965 967
967
970 972
972 973
973
976 977 978
977 978
978 980
980 981
981
984
987 989
989
994
998
