#naive2.0.py
# GMT Fri Feb 14 13:34:01 2020
# 
1
5 7
7
11 12
12 14
14 15 16
15 16 17
16 17 18
17 18
18
23 24
24
33
41 42
42 44
44 46
46 48
48 49
49 51
51
54 55 56
55 56
56
61
64 66
66 67 68
67 68 69
68 69 70
69 70
70
73
77
81 82 83
82 83
83 85
85
88 90
90
94 95 96
95 96
96 98
98 99
99
103 104
104 106
106 108
108 109 110
109 110
110 112
112 113
113
116
122
129
135
140 142
142 143
143
150
153 155
155 157
157 158 159
158 159 160
159 160
160
163
167 169
169
176 178
178 179
179
182 183
183 185
185 186
186
190 192
192 194
194 195
195
199
202 203
203
206 207
207 209
209 210
210 212
212
215 217
217 219
219 221
221
224 225
225 227
227
233 235
235 236
236 238
238
244
247
252
257 258 259
258 259 260
259 260
260 262
262
265 267
267 269
269 270
270 272
272 274
274 275
275
279 280 281
280 281 282
281 282
282 284
284 286
286 287 288
287 288
288 290
290 291 292
291 292
292 294
294 295
295 297
297 299
299 300
300 302
302 304
304 306
306 307 308
307 308
308
311
314 315 316
315 316
316
319
325 326 327
326 327
327
333
336 337
337
340
343 344
344
350 351
351
354 355 356
355 356 357
356 357
357
361 362
362
369 370 371
370 371
371 373
373 374
374 376
376 378
378 380
380 382
382 383 384
383 384
384 386
386 387
387
390 391 392
391 392 393
392 393 394
393 394 395
394 395
395
398 399
399
402 404
404
408
415 416 417
416 417
417
421 422
422 424
424 425
425
428 429
429 431
431 432 433
432 433 434
433 434
434
437 439
439 440
440 442
442 443
443 445
445
448 450
450 451 452
451 452 453
452 453 454
453 454
454 456
456
459 461
461 463
463 464
464
468
472 474
474
477
480 481
481
484
490 491 492
491 492 493
492 493
493
499 500
500 502
502
509 511
511
517 518 519
518 519 520
519 520
520
525
529 530
530 532
532
536 537 538
537 538 539
538 539
539 541
541 542
542
546 548
548 549 550
549 550
550 552
552 553 554
553 554
554 556
556 557
557
562 564
564 565
565
568 570
570 571
571
577
582 583
583
588 589
589
597
604 606
606 607 608
607 608
608
614 616
616
621 622 623
622 623
623 625
625 627
627 628 629
628 629 630
629 630
630 632
632
635 637
637 638 639
638 639 640
639 640
640 642
642 644
644
658
661 662 663
662 663
663 665
665 666 667
666 667 668
667 668
668
671
674 675
675
679
682 684
684 685
685 687
687 688 689
688 689
689 691
691 693
693 694
694
699 701
701
704 705
705 707
707 709
709 710
710
713
722
725 726 727
726 727
727
732 733 734
733 734 735
734 735
735 737
737 739
739 740 741
740 741 742
741 742
742
745 747
747 749
749
752
756 758
758 759 760
759 760 761
760 761 762
761 762
762 764
764 765 766
765 766 767
766 767 768
767 768
768
775 776
776
779 780
780 782
782 783
783
786 787 788
787 788 789
788 789
789 791
791 793
793
796
800
803
806 808
808 810
810
814 816
816
820
825 827
827 828 829
828 829 830
829 830
830 832
832 833
833 835
835 837
837 839
839 840 841
840 841
841
845 846
846
850 851
851
856
860
863 865
865 866
866
871
875 876
876
880 882
882 883
883
888
891 892 893
892 893
893 895
895 897
897
901 903
903 905
905 906 907
906 907 908
907 908
908
913
916 917
917
923 924 925
924 925 926
925 926
926
929
937 938 939
938 939
939
942 944
944 945 946
945 946 947
946 947
947
951
956
959
962 964
964 965
965 967
967 969
969 971
971 973
973
979 981
981 982 983
982 983
983 985
985
989 990 991
990 991
991 993
993
996
