#naive2.0.py
# GMT Fri Feb 14 13:34:00 2020
# 
3 4 5
4 5 6
5 6
6 8
8 10
10 11
11 13
13
17 18
18
26 27 28
27 28
28 30
30
33 34 35
34 35
35
38
42
46 48
48 50
50 51
51 53
53
58 60
60 62
62 63
63
66
73 74 75
74 75 76
75 76
76
82
87
96
99 100 101
100 101
101
108 109
109
112 113
113
116 117 118
117 118 119
118 119
119 121
121
128 130
130
136 137 138
137 138
138
141 143
143
148 150
150
154 155
155
159 160
160 162
162 163
163 165
165 167
167 168 169
168 169 170
169 170 171
170 171
171
174 175 176
175 176
176
179 180 181
180 181
181
185
192 193 194
193 194 195
194 195 196
195 196
196
199 200 201
200 201
201
205 207
207 208 209
208 209
209 211
211 213
213 214
214 216
216
219
222 223
223
227
230
234 235
235
238 239
239
247 249
249 251
251
254 256
256 257
257 259
259 260 261
260 261 262
261 262
262 264
264
268
271 272 273
272 273
273
277 279
279 280
280
284
287 288
288 290
290 292
292 294
294 295 296
295 296
296
299 300 301
300 301
301 303
303 304 305
304 305 306
305 306 307
306 307
307 309
309
312
316
321 323
323 324 325
324 325 326
325 326
326
329 331
331 333
333 334 335
334 335 336
335 336 337
336 337
337 339
339 340 341
340 341
341 343
343 344
344
349 351
351 352 353
352 353 354
353 354
354 356
356 358
358 360
360 362
362 364
364 365 366
365 366
366 368
368 369
369 371
371 372 373
372 373
373
376 377 378
377 378 379
378 379
379
384
388 389 390
389 390
390
393 394
394 396
396 397
397
401
406 407
407
416
423 424
424
428
434 435 436
435 436 437
436 437
437 439
439
442 444
444 445
445
448 449 450
449 450
450 452
452
457
464 465 466
465 466
466
469 471
471 472
472
476 477 478
477 478 479
478 479
479 481
481 482 483
482 483 484
483 484
484
488 489
489 491
491 492
492
501
505 506
506 508
508
512 513
513
520
523 524 525
524 525
525
531 533
533 535
535 537
537
541 543
543 544
544 546
546 547
547 549
549
556 557
557 559
559
562 563
563 565
565 566 567
566 567 568
567 568
568
571 572
572
576 577
577 579
579 581
581
584 586
586 587 588
587 588 589
588 589
589 591
591 593
593 594 595
594 595
595
601 603
603
607 608
608
614
617 618
618 620
620 622
622
625 626
626
629 630 631
630 631
631 633
633
637 639
639 641
641
644
649 650
650
653 655
655 657
657 658
658
661 663
663 664 665
664 665 666
665 666 667
666 667
667 669
669 670
670 672
672
676 678
678 679 680
679 680
680
684
689
693 694
694 696
696 698
698 700
700 701
701 703
703
707 708
708
711
714 715 716
715 716
716 718
718 719
719
722 723 724
723 724 725
724 725 726
725 726 727
726 727
727 729
729 731
731 733
733 734
734 736
736 737
737 739
739 740
740
744 746
746 747
747 749
749 750
750
756
762 763 764
763 764 765
764 765 766
765 766
766
770 771 772
771 772
772 774
774
777
780 782
782 783 784
783 784
784 786
786 787 788
787 788 789
788 789 790
789 790 791
790 791
791 793
793 794 795
794 795
795 797
797 799
799 801
801
805
809 810
810 812
812 813
813
816
825
829
832
836 837 838
837 838
838
844 845
845
849 851
851
854
858 859 860
859 860
860 862
862 864
864 865
865 867
867
870 871
871 873
873
876 877 878
877 878
878
881
885
889
894 895
895
898 899
899 901
901 902 903
902 903
903
906 908
908 910
910
914
918
924 925
925 927
927 928
928
931 933
933 934
934 936
936
939 941
941 943
943 944 945
944 945
945 947
947 948
948 950
950 951 952
951 952 953
952 953
953
967
971 973
973 974
974
978 979 980
979 980
980
983 984
984
988 990
990
994
999
