#naive2.0.py
# GMT Fri Feb 14 13:33:58 2020
# 
0 1 999 2 998
1 2 999
2 4
4
8
12 14
14
18
21 22
22
30 31 32
31 32 33
32 33 34
33 34 35
34 35
35 37
37 38
38
41 43
43 44
44 46
46 47 48
47 48
48 50
50 51
51
55 57
57 59
59
62
65 66
66
69
72 73
73
76 77 78
77 78
78 80
80 81
81 83
83
86 87 88
87 88 89
88 89
89
92
98
102 103 104
103 104
104
109 110 111
110 111 112
111 112
112
117
122
128 130
130 131
131
136
139 140 141
140 141
141 143
143 144 145
144 145 146
145 146 147
146 147 148
147 148 149
148 149
149
152 154
154 155 156
155 156
156 158
158
164 165 166
165 166 167
166 167
167
170 171 172
171 172 173
172 173 174
173 174 175
174 175
175
180 181
181
184 186
186 187
187 189
189
196 197
197 199
199 201
201 202 203
202 203 204
203 204 205
204 205 206
205 206 207
206 207 208
207 208 209
208 209
209
214 215
215 217
217 218
218 220
220 222
222 223
223 225
225 227
227
231 232 233
232 233
233
236
239 240 241
240 241 242
241 242 243
242 243 244
243 244
244 246
246 247
247 249
249 250
250 252
252
256
260 262
262 263 264
263 264
264 266
266 267
267
273 274
274
284 285 286
285 286 287
286 287
287
290
296 297
297 299
299 300 301
300 301 302
301 302
302 304
304 305
305 307
307 308
308
311 312
312 314
314 315 316
315 316
316
319 320 321
320 321 322
321 322
322 324
324
329 330
330 332
332 334
334
337 338 339
338 339
339 341
341 343
343 344
344 346
346
349
353 354
354
358 359
359
364 366
366
370
377
380 381 382
381 382
382
385 386 387
386 387
387 389
389 390 391
390 391
391 393
393 394 395
394 395 396
395 396
396 398
398 399 400
399 400
400
403
407
412 413
413 415
415 416 417
416 417 418
417 418 419
418 419
419 421
421 422 423
422 423 424
423 424
424
429 431
431 432
432
439 440
440 442
442 444
444 445
445
449 450
450
453 454 455
454 455
455
458 459
459
462 463
463
467
470 471 472
471 472 473
472 473
473
478 479 480
479 480
480
483 484 485
484 485 486
485 486 487
486 487 488
487 488
488
492
496 498
498 499 500
499 500 501
500 501 502
501 502 503
502 503
503
509 511
511
514 515
515
519 521
521
524 525
525 527
527 528
528
532 533
533
536
540
543
548 549
549 551
551 552 553
552 553
553
556 557
557
560 561
561 563
563 564 565
564 565
565
570
573
576
579
582 583
583
587
590 591 592
591 592
592
597 598
598 600
600 601
601 603
603
606
609 610 611
610 611 612
611 612
612
615 616
616
619
626
631 632 633
632 633 634
633 634
634
638 640
640 641 642
641 642 643
642 643
643
651 653
653 654 655
654 655
655
659
662 664
664 665 666
665 666
666 668
668 669 670
669 670
670
674 676
676
684
691 692 693
692 693
693 695
695
698
701 702
702 704
704 706
706 708
708 709
709
712 714
714 715
715 717
717
723 725
725 726 727
726 727
727 729
729 730 731
730 731
731
734 735
735
739
743 744
744
749 750 751
750 751 752
751 752 753
752 753
753 755
755
758 759 760
759 760 761
760 761 762
761 762
762
765
773 775
775
779 780
780
786 787
787
790 792
792 793
793 795
795 797
797 798 799
798 799 800
799 800
800
804 805
805 807
807
811 813
813 814 815
814 815
815 817
817 819
819
823 824 825
824 825
825 827
827 829
829
833
837 839
839
843
846 847 848
847 848 849
848 849
849 851
851 853
853 855
855 856
856
861 862
862
867 868
868 870
870 871
871
874 876
876 877
877
881
884 886
886 887 888
887 888 889
888 889
889
892 893 894
893 894 895
894 895
895
898 899
899 901
901 902 903
902 903
903
908
912 913 914
913 914
914
917 919
919 921
921 922
922 924
924 926
926
930 931 932
931 932 933
932 933 934
933 934 935
934 935
935
943 944
944
949
952
955
958 959
959
962 964
964 966
966 967 968
967 968
968
971 972
972 974
974
978 980
980 981 982
981 982
982 984
984 986
986 987 988
987 988
988
992 993
993
997 998 999
998 999
999
