#naive2.0.py
# GMT Fri Feb 14 13:33:58 2020
# 
1 2 999
2 4
4 5
5
8
12
15 16 17
16 17 18
17 18
18 20
20
23 24 25
24 25 26
25 26 27
26 27 28
27 28
28
33
38 40
40 41 42
41 42
42 44
44
47 49
49 50 51
50 51
51
60 61
61
65
68 70
70
74 76
76
83 85
85 86 87
86 87
87
91
96 97 98
97 98
98
105 106
106
110
113 114 115
114 115 116
115 116
116 118
118 119
119
124
132 134
134 135
135
138
141
146 147 148
147 148
148 150
150 152
152 154
154
160 161
161
165
170 171
171
174 175
175 177
177 178
178 180
180 182
182
191 193
193 194 195
194 195 196
195 196 197
196 197
197
200 201
201 203
203 204 205
204 205
205 207
207 208 209
208 209 210
209 210
210
213 215
215 216 217
216 217
217 219
219 220
220 222
222
225
228
232 234
234 236
236
240 242
242 244
244
258
262
265
269 270 271
270 271
271 273
273 275
275 276 277
276 277 278
277 278
278 280
280 281
281 283
283 284
284
287 288
288 290
290 291
291
300 302
302
306 307
307
311 312
312
315 317
317
322
325
328
331 332
332
337 338 339
338 339
339 341
341
344 346
346 348
348 349 350
349 350
350 352
352
355
361 362 363
362 363
363 365
365
368 370
370 371
371 373
373 374
374
379 380
380
387
394 395
395 397
397 399
399
403 404 405
404 405 406
405 406 407
406 407
407 409
409 410
410
415
418 419 420
419 420 421
420 421
421
424
427 429
429
432 434
434 435 436
435 436
436
443 444
444
447
450 451
451 453
453 454
454
457
461 463
463 464
464
468 469
469
472 473
473
477 478
478
483
489 491
491
495 497
497 498
498
505 506
506
509 511
511 513
513 515
515 516 517
516 517
517
521
524
537 539
539 540
540
544 546
546 547
547
552 553
553 555
555
558 559 560
559 560
560 562
562
567 569
569 570
570
575
580 581 582
581 582
582
585 587
587 588
588
594 595
595 597
597 599
599 601
601 602
602 604
604 605
605
608
612 613
613 615
615
620 622
622 623
623
628 629 630
629 630 631
630 631
631 633
633
639 640
640 642
642 644
644
647
650 651
651
654
658 659
659
662
667 669
669 670
670 672
672 673 674
673 674 675
674 675
675 677
677 678 679
678 679
679
682
685 686 687
686 687
687
694
697 698 699
698 699
699 701
701
704 706
706 707
707
711 712
712 714
714 716
716 717
717
722 723
723
726 728
728 729
729 731
731 732
732 734
734 735
735
741 743
743
746 748
748 749 750
749 750
750 752
752 754
754
758
761 763
763 764 765
764 765
765
768 769
769 771
771 773
773
776 777
777
781 782 783
782 783
783 785
785
789 791
791 793
793 794 795
794 795
795 797
797 798 799
798 799
799 801
801 802
802 804
804 806
806
811 813
813 814
814 816
816 818
818
821 822 823
822 823 824
823 824 825
824 825
825
828 829
829 831
831 833
833
842
849
853
857 859
859 860 861
860 861 862
861 862
862
865 867
867 868 869
868 869
869 871
871 872 873
872 873
873 875
875
880
883 884
884
887 888 889
888 889
889 891
891
894 895 896
895 896
896
899 900 901
900 901
901 903
903 905
905 906
906
913 914 915
914 915
915 917
917 918
918 920
920
923 925
925 926
926
930 931
931
934 935
935 937
937 939
939 940 941
940 941 942
941 942 943
942 943 944
943 944 945
944 945 946
945 946
946 948
948
951 953
953
956
961 962 963
962 963 964
963 964 965
964 965 966
965 966 967
966 967
967
970 971
971
975
978
984
987
994 995
995
999
