#naive2.0.py
# GMT Fri Feb 14 13:34:00 2020
# 
4 5
5
10 11
11 13
13
16 17 18
17 18 19
18 19
19 21
21 22 23
22 23 24
23 24
24 26
26 28
28 30
30
33
38 39
39
42 43
43 45
45 47
47 48 49
48 49
49 51
51
54 55
55 57
57 59
59 60 61
60 61 62
61 62
62 64
64 66
66 67 68
67 68
68
73 74
74
79
83
87
90 92
92 93 94
93 94 95
94 95
95 97
97
102 103 104
103 104
104 106
106 107
107
110 112
112
115 117
117
120 121 122
121 122 123
122 123 124
123 124
124 126
126 127
127
130 131
131 133
133 134 135
134 135 136
135 136 137
136 137 138
137 138
138
142 143
143 145
145 147
147
152 154
154 156
156 157 158
157 158
158 160
160 162
162
166 167
167 169
169
176 177 178
177 178 179
178 179 180
179 180 181
180 181
181
188 189 190
189 190
190
197 198
198 200
200 202
202 203
203
206 208
208 209
209
212 214
214
218
221
224
229 230
230
234
239 240 241
240 241
241
247 249
249 250
250
254 256
256 257 258
257 258
258 260
260 261
261
267 269
269
272 274
274
280
283 284 285
284 285
285
288
294
298
306 308
308 309 310
309 310 311
310 311
311 313
313 315
315
319 321
321 322
322
329 330
330
333 335
335 337
337 338 339
338 339 340
339 340
340 342
342
346 347 348
347 348
348 350
350
353 354
354
357 358
358
361 362 363
362 363 364
363 364
364 366
366
370 372
372
375 377
377 378 379
378 379
379
382 383
383
386
391 393
393 394
394 396
396
399
403 405
405 407
407 408 409
408 409
409 411
411 413
413 414
414
420
423 425
425 426
426 428
428 429 430
429 430
430 432
432 433 434
433 434
434 436
436 437
437
442 444
444
447 449
449 450 451
450 451
451
456
459
462 463
463 465
465 466
466 468
468 470
470
474 476
476
479
483 484 485
484 485 486
485 486
486 488
488
492 493 494
493 494
494 496
496
499 501
501
505 506 507
506 507
507
514
517 518 519
518 519
519 521
521 522
522 524
524 525
525
528 529 530
529 530 531
530 531
531 533
533 534
534
537 538 539
538 539
539
544 546
546 548
548
551
555 556
556
559
562 563 564
563 564
564 566
566
571 573
573 575
575 576
576 578
578 579 580
579 580
580 582
582 584
584
587 588 589
588 589
589 591
591 592
592 594
594
597 598
598 600
600 602
602 603
603 605
605 607
607 608
608
613 615
615
619 620 621
620 621 622
621 622
622 624
624 625
625
628 629
629 631
631
634 636
636
641 642 643
642 643 644
643 644
644
651 652 653
652 653
653
656
665
668 669
669
674 676
676 678
678 680
680 681 682
681 682 683
682 683
683 685
685 686
686
689
692 693
693
698 699
699 701
701
704 705 706
705 706
706
709 710 711
710 711 712
711 712 713
712 713 714
713 714
714
718
721 722
722 724
724 725
725 727
727 728 729
728 729 730
729 730
730
733
737 739
739 741
741
749
757 759
759
762 763 764
763 764
764
771 772 773
772 773
773
779 781
781 782
782 784
784
787 788 789
788 789 790
789 790 791
790 791 792
791 792 793
792 793 794
793 794 795
794 795
795
798
802
807 808
808 810
810
814 816
816 817 818
817 818
818
821 822
822 824
824 826
826
829 831
831 833
833 835
835 836
836 838
838 839
839
842 843
843 845
845 846
846
852
855 856 857
856 857
857
860
863 865
865 867
867 868
868
871
874 876
876 877 878
877 878 879
878 879 880
879 880 881
880 881 882
881 882 883
882 883 884
883 884
884
889 890
890
896
900 901
901
905 907
907 908
908 910
910 911
911
915 917
917 918
918
922 924
924
928 929
929
932 933
933
937 938 939
938 939 940
939 940
940
945
948 949
949
952 953
953
957
961 962 963
962 963
963 965
965 966 967
966 967 968
967 968
968
971 973
973 974
974
978 980
980
983 985
985 987
987 988
988
991 992 993
992 993
993
997 999
999
