#naive2.0.py
# GMT Fri Feb 14 13:33:59 2020
# 
0 1 999 2 998
1 2 999
2 4
4 6
6 7 8
7 8
8
14 15 16
15 16 17
16 17
17
22 23
23
26 27
27 29
29 30
30
33 34 35
34 35 36
35 36
36
43 44 45
44 45
45 47
47 48 49
48 49 50
49 50
50
54 55 56
55 56 57
56 57
57 59
59
63
66 68
68
71 72 73
72 73
73 75
75
78 79 80
79 80
80
84 85 86
85 86 87
86 87 88
87 88
88 90
90 91 92
91 92
92
95 96
96 98
98 99
99
103 105
105 106
106 108
108 109
109 111
111 112
112
117 119
119
122 123
123 125
125 126
126
132
135 136
136
139 141
141 142
142
145
148 149 150
149 150
150
154
157
162 164
164
168 169
169 171
171 172 173
172 173
173 175
175 177
177 178
178 180
180
186
190 192
192
195 196
196
199
204 205
205
213 214 215
214 215
215
220 221 222
221 222
222
225 226
226
229
232 233
233 235
235 236
236 238
238
242
246
255
258 260
260
263 264
264 266
266 268
268 270
270 271 272
271 272
272
280
284
288 289
289 291
291 292
292 294
294 295
295
298 300
300 301 302
301 302 303
302 303
303
310
313 314
314 316
316 317 318
317 318
318
321 323
323
329
333 334
334
339 340
340
344 346
346
349 350 351
350 351
351 353
353 354 355
354 355
355 357
357 359
359 361
361
364 366
366 367 368
367 368 369
368 369
369
372 373
373 375
375
379
383 385
385 386 387
386 387 388
387 388
388
391 393
393
397
404 405 406
405 406 407
406 407 408
407 408
408
411 413
413
418
422
425
428 429
429 431
431 432 433
432 433 434
433 434 435
434 435 436
435 436
436 438
438 440
440 441 442
441 442 443
442 443 444
443 444 445
444 445
445
453 455
455 456
456
460 462
462 464
464
467 469
469
472 473
473
482 484
484 485
485
489 491
491 492 493
492 493
493
497 499
499 500
500 502
502
505 506
506 508
508
512 514
514
517 518
518
526
531
534 535 536
535 536 537
536 537
537
540 541 542
541 542 543
542 543
543
548 549
549
554 556
556 557 558
557 558
558 560
560
565 566 567
566 567 568
567 568
568 570
570 571
571
579 580 581
580 581 582
581 582 583
582 583 584
583 584
584 586
586 588
588
591
594 596
596 598
598
601
604 605
605 607
607 608
608
611 613
613 614
614
617
621
624
630 631 632
631 632
632
635
638 639 640
639 640 641
640 641
641
644
648 649 650
649 650
650 652
652 654
654 655
655
658 660
660 661
661 663
663 664
664 666
666 667 668
667 668 669
668 669
669 671
671 672 673
672 673 674
673 674 675
674 675 676
675 676
676 678
678 679 680
679 680 681
680 681
681
684 685 686
685 686 687
686 687
687 689
689 690
690 692
692 693
693
696 697 698
697 698
698
701 702
702
707 708
708
711 712
712
715
718
721 723
723 724 725
724 725 726
725 726
726
729 730
730
733 735
735 736 737
736 737
737
741 742 743
742 743
743 745
745 746
746
749
754 755 756
755 756 757
756 757 758
757 758 759
758 759
759 761
761 762
762
767
770 771 772
771 772
772
775 776
776
779 780 781
780 781 782
781 782
782
787 788
788
791
800 801 802
801 802
802 804
804 805 806
805 806
806 808
808
813
816 818
818 820
820 822
822
827 828
828
832 833
833 835
835 836 837
836 837 838
837 838 839
838 839 840
839 840
840 842
842 843
843 845
845
849 850
850 852
852 854
854 855 856
855 856 857
856 857
857
860
863 865
865 866 867
866 867
867
870
873 874 875
874 875 876
875 876 877
876 877
877 879
879 880
880
883 885
885
888 890
890
893 894 895
894 895 896
895 896 897
896 897
897
904 905 906
905 906 907
906 907 908
907 908 909
908 909
909 911
911
917 918
918 920
920 921 922
921 922 923
922 923 924
923 924 925
924 925 926
925 926 927
926 927
927
930
933 935
935 936
936 938
938 939
939
944
948 949 950
949 950 951
950 951 952
951 952
952 954
954
957 958
958
961
968 969
969
974 975
975 977
977
981 982 983
982 983
983
987 988
988
992
995
998 999
999
