#naive2.0.py
# GMT Fri Feb 14 13:34:04 2020
# 
0 1 999
1 999
5 7
7 9
9
13 14 15
14 15
15 17
17 18
18 20
20 21
21
25 27
27 29
29 31
31 33
33 35
35
38 39
39 41
41 43
43 44
44 46
46 47
47 49
49
52
59 60
60
63
67 69
69 70 71
70 71
71 73
73 74 75
74 75
75
78 80
80 81 82
81 82 83
82 83 84
83 84
84
87 88
88
91 93
93 95
95
98
104 105
105 107
107 108
108 110
110
114 115
115 117
117 119
119 120 121
120 121 122
121 122 123
122 123
123
126
130 131
131
135
138 139
139
142
149 150 151
150 151
151
155 156
156
159
164
167 168 169
168 169
169
172 173
173 175
175 177
177 178 179
178 179 180
179 180
180 182
182 184
184 185 186
185 186
186
189 191
191 193
193
197 198
198 200
200 201 202
201 202
202
205
208
211 212 213
212 213
213
216 217
217 219
219 220
220 222
222 223
223 225
225 226 227
226 227 228
227 228 229
228 229 230
229 230 231
230 231
231 233
233 235
235 236 237
236 237
237
246 247
247 249
249
252 253 254
253 254
254 256
256 258
258
263 264
264
267 268
268
271
274
281
284 286
286 288
288
292 293 294
293 294 295
294 295
295
299 301
301
305
309
314 316
316 317 318
317 318 319
318 319 320
319 320
320 322
322 324
324 325
325
328 329
329
332 333 334
333 334
334
337 338
338
342
353 354 355
354 355 356
355 356
356 358
358 359
359
362
366
369 370 371
370 371 372
371 372
372
375 376
376 378
378 379
379
382
385
389 390 391
390 391 392
391 392
392
395
398 399
399
402 403 404
403 404 405
404 405
405 407
407 408 409
408 409 410
409 410
410
415 416 417
416 417 418
417 418
418 420
420 422
422 423 424
423 424
424 426
426 427 428
427 428
428 430
430 431
431
438 439
439 441
441 442 443
442 443
443
446
449 450 451
450 451
451
455
459 460
460 462
462
468
471
475 476
476
481 482 483
482 483
483
486 488
488
494
498 500
500 502
502 503
503 505
505 507
507 508
508
513
516
520 521 522
521 522 523
522 523 524
523 524 525
524 525
525
530
535 537
537 539
539 540
540
545 547
547 548
548
551
554
560
565
577
584 586
586 588
588 589
589
596
599 600 601
600 601 602
601 602
602 604
604 605 606
605 606 607
606 607 608
607 608
608
613
618 619
619
622 623
623 625
625 627
627
630
635 637
637 639
639 640
640
643
648 649 650
649 650 651
650 651
651
657
660 661
661 663
663
666
669 670
670
676 677 678
677 678 679
678 679 680
679 680 681
680 681
681 683
683 684
684
687
691 692
692 694
694 696
696 697 698
697 698
698 700
700
704
710 712
712 713 714
713 714
714
717 718 719
718 719
719
722 723
723
727 728
728 730
730
733
736 737 738
737 738
738 740
740 741
741 743
743
747
750
754
757 759
759 760
760
765 766
766
770
777 778 779
778 779 780
779 780
780
783 785
785 786 787
786 787 788
787 788
788 790
790 791
791 793
793 794 795
794 795 796
795 796
796 798
798
801 803
803
807 809
809 811
811 813
813 815
815 816
816 818
818 820
820 821
821
824 826
826 827 828
827 828
828
831 833
833 834
834
837 838 839
838 839
839
842
849 851
851 852 853
852 853
853
856
859
862 863 864
863 864 865
864 865
865
869
872
876 878
878 879 880
879 880
880 882
882 883
883
888 889
889
892
897 898
898
902 903 904
903 904
904 906
906 907
907
913
917 919
919
924
927 928 929
928 929
929 931
931 932
932
936 937
937 939
939 940 941
940 941
941 943
943 944
944 946
946 947
947 949
949 950
950 952
952 954
954 956
956 958
958 959
959 961
961 962
962
966
970 971
971 973
973 975
975 977
977 978
978
981 983
983 984
984
990
994 995
995 997
997 999
999
