#naive2.0.py
# GMT Fri Feb 14 13:34:00 2020
# 
1
4 5
5
9
13 14 15
14 15
15
24 25
25
32 34
34 36
36 38
38 39 40
39 40
40 42
42 43
43 45
45 46 47
46 47
47
50 51
51 53
53
58 60
60 61
61 63
63
68 70
70 72
72 73 74
73 74
74 76
76 78
78 79 80
79 80
80 82
82
87 88
88 90
90 91
91
96
99 100 101
100 101 102
101 102
102
106
109
112 113 114
113 114
114
118 119
119 121
121
124
128 129 130
129 130
130 132
132 134
134
138
141 143
143 144
144 146
146 147 148
147 148 149
148 149
149
154 155 156
155 156
156
160 162
162 163
163
166 168
168 170
170 171
171
174 175
175
182 183
183
186
189 190
190 192
192 194
194
199
202 203 204
203 204
204
207 209
209 211
211 212
212
219 220
220 222
222 223
223
226
229 230
230 232
232 234
234 235
235
238
246 248
248 249
249
253
256 257 258
257 258 259
258 259
259 261
261
264 266
266
270
273 274
274
280
284 285
285
289 290
290
301 302
302
309 310
310 312
312
315
318
321 323
323 324
324
329 331
331
334 335
335 337
337
340 342
342 344
344
347
350 352
352 353
353
356 357 358
357 358
358
364 365
365
368 370
370
373 374 375
374 375
375
379 380 381
380 381
381
387 388
388 390
390
395 397
397 398
398
402 404
404 405
405 407
407 409
409 410
410 412
412 413 414
413 414
414
417
421 422 423
422 423 424
423 424 425
424 425
425
430 431
431 433
433 434
434
439 441
441 442
442 444
444 445
445
451 453
453 454
454
460 462
462
466 467 468
467 468 469
468 469
469
472
475 477
477 479
479 480
480 482
482 483 484
483 484
484 486
486 488
488 489
489
493
496 498
498
501 503
503 504 505
504 505
505
508 510
510 511 512
511 512 513
512 513 514
513 514
514
519 520
520 522
522 523 524
523 524 525
524 525
525
529
534 536
536 537
537
540 541 542
541 542
542 544
544 545 546
545 546
546 548
548
554 555
555
560 561 562
561 562
562 564
564 565
565
568 569
569
572 573 574
573 574
574 576
576
586 587
587 589
589
594 596
596
601
604
607
614 615 616
615 616
616
624
627 628 629
628 629
629 631
631
635
638 639
639 641
641 643
643
646
649
653 654
654
660 661
661 663
663 665
665 666
666
671 672
672 674
674 675 676
675 676
676
681 682
682
688 689
689 691
691 692
692 694
694
699 700
700 702
702
712 714
714 716
716 718
718
722
725
729 730
730
734 735
735
743 745
745
749 750 751
750 751
751 753
753 754
754 756
756 758
758 759 760
759 760
760
763 764 765
764 765
765 767
767 769
769
772 773 774
773 774
774
777 779
779 780 781
780 781
781 783
783 784 785
784 785
785
788 789 790
789 790
790 792
792
801 803
803 805
805 806
806 808
808
815 817
817 818
818 820
820 821
821 823
823 824 825
824 825
825
830 831 832
831 832
832 834
834 836
836 838
838 839 840
839 840 841
840 841
841
845
848
851 852
852 854
854
860 862
862 863 864
863 864 865
864 865
865 867
867 868
868
871 873
873 874
874 876
876 878
878 879
879 881
881 882
882 884
884 885 886
885 886 887
886 887 888
887 888 889
888 889
889 891
891
894 895
895
899 900 901
900 901 902
901 902
902 904
904 905 906
905 906
906
910 911
911 913
913
917 918
918
927 928 929
928 929 930
929 930
930
933 934 935
934 935
935 937
937 939
939 941
941 943
943 944
944
948
952
955 956 957
956 957 958
957 958 959
958 959
959
963 964
964
967 968 969
968 969
969
976 977
977
982
986 988
988
991
995 996
996 998
998
