#naive2.0.py
# GMT Fri Feb 14 13:33:59 2020
# 
0
3 4 5
4 5 6
5 6
6 8
8 9
9
14 16
16 18
18
21 23
23 25
25 26
26
29
33 34
34
41 42
42
46
49
54 56
56 58
58
61 62 63
62 63 64
63 64
64 66
66 67 68
67 68 69
68 69 70
69 70
70 72
72 73
73 75
75 77
77
80 81
81
86 87
87 89
89
92
97
103 105
105 107
107 108 109
108 109
109
124 126
126
130 132
132
137 138 139
138 139
139 141
141
145 146
146
149
154 156
156 158
158
163
166
174 176
176 177 178
177 178
178
182
187 189
189 191
191
194 196
196 197
197
200 201 202
201 202
202 204
204 205
205 207
207 209
209
212 213
213 215
215 216
216
219 220 221
220 221
221 223
223 225
225 226 227
226 227 228
227 228 229
228 229 230
229 230 231
230 231
231
235 236 237
236 237
237
242 244
244
247
250 251
251 253
253 254
254
258
261 263
263 264 265
264 265
265 267
267 268 269
268 269 270
269 270 271
270 271 272
271 272
272 274
274 275 276
275 276 277
276 277
277
280 282
282
285 286
286
289 290 291
290 291 292
291 292 293
292 293 294
293 294
294 296
296 297
297
300 301 302
301 302
302 304
304
307 309
309 310
310
313 314
314
317
323
327 329
329 331
331 332 333
332 333
333
336 337
337
341 342 343
342 343
343
347 348
348
351 352 353
352 353
353
360
367 368
368 370
370 371
371
374
377
381 382
382
385 387
387
390 391
391
395 396 397
396 397
397 399
399 400
400 402
402 403
403
406 407 408
407 408
408 410
410 411
411
422 423
423
426 427 428
427 428 429
428 429
429 431
431 433
433 434
434
437 438 439
438 439
439
444 446
446 448
448
451 452
452 454
454 455 456
455 456
456
460
463 465
465 466 467
466 467
467 469
469
475 476 477
476 477 478
477 478
478 480
480 481
481 483
483
486 487
487
492
495 496
496 498
498 500
500 502
502 503 504
503 504
504 506
506 507 508
507 508
508
511 512
512 514
514 515 516
515 516
516 518
518
522 524
524
527
531
535
539 541
541 543
543
555
561 563
563 565
565 567
567
570
574 575
575
579 580
580
584 585
585
590 591 592
591 592 593
592 593 594
593 594
594 596
596 597 598
597 598 599
598 599
599
602
606 608
608 609
609
612 613
613
618 619
619 621
621 622
622 624
624 625
625
628 630
630
633
638 639
639 641
641 643
643 644
644 646
646 647 648
647 648
648 650
650
653 654 655
654 655
655 657
657 658
658
667 668 669
668 669
669
674 675
675
680 681 682
681 682
682
686 688
688 689
689 691
691 692
692 694
694 696
696 698
698 699
699 701
701
705 706
706
713 715
715
721 723
723
726 727
727
730 731
731 733
733 735
735 737
737
740 741
741 743
743 744 745
744 745
745
749 751
751
754 755
755
761 762 763
762 763 764
763 764
764
767
771 772
772 774
774 776
776 777
777
782
785
788 789 790
789 790 791
790 791
791 793
793 794 795
794 795 796
795 796 797
796 797
797 799
799
810 811
811 813
813
819
824
827 829
829 830
830
834 835 836
835 836 837
836 837
837
843 844
844 846
846
849
853
857 859
859
864 866
866 867
867 869
869 870 871
870 871
871
874
878 879
879 881
881 882 883
882 883 884
883 884
884
892 894
894 895
895
898
902 904
904 905 906
905 906 907
906 907 908
907 908 909
908 909 910
909 910
910
914 916
916 917 918
917 918
918
921 922 923
922 923
923 925
925
932 933
933
938 939 940
939 940 941
940 941 942
941 942 943
942 943
943
949
953
956 957
957
960 961
961 963
963 964
964 966
966 967
967 969
969 970 971
970 971 972
971 972
972 974
974 975
975
978 979
979 981
981 982
982
986 987
987 989
989
993
