#naive2.0.py
# GMT Fri Feb 14 13:34:05 2020
# 
3 4 5
4 5
5
8
12 13
13
16 17
17
20
24 25 26
25 26 27
26 27
27
33 34 35
34 35 36
35 36 37
36 37 38
37 38
38
41
45 46
46
51 52
52 54
54
57
61
67 68 69
68 69 70
69 70 71
70 71
71
74 75
75
81 83
83 85
85 86 87
86 87
87
90
96 97 98
97 98 99
98 99
99
103
106 108
108 109 110
109 110
110 112
112 114
114
118 119
119
122
127
131 133
133 134 135
134 135
135 137
137
140 141 142
141 142 143
142 143 144
143 144
144
147 149
149 151
151 152 153
152 153 154
153 154 155
154 155
155
158 159
159
163
166 167 168
167 168
168 170
170 171
171 173
173 174
174 176
176
181 183
183
186 187 188
187 188 189
188 189 190
189 190
190
195 197
197 199
199 200 201
200 201 202
201 202
202
205 206 207
206 207 208
207 208 209
208 209
209 211
211 212
212
215 216
216 218
218 220
220 222
222 224
224 225
225
231
234 235
235
238 240
240 242
242
245 246
246
249 250 251
250 251
251 253
253
258
261 262
262 264
264 266
266 267
267 269
269 270 271
270 271 272
271 272
272
275 277
277 278 279
278 279
279
282
285 286
286
295 297
297
301 302 303
302 303 304
303 304
304 306
306 307
307 309
309
314
317 319
319 321
321 322 323
322 323
323
326
334 336
336
340 342
342
345 346 347
346 347 348
347 348 349
348 349 350
349 350
350
353 354
354 356
356 357
357
360 361 362
361 362
362 364
364
374 375
375
378
382 383 384
383 384
384 386
386 388
388 389 390
389 390
390
396 397
397
400 402
402 404
404
408
412 414
414
417 418
418
421 423
423
430 432
432 433
433
437 438
438
441 442 443
442 443
443
449 451
451 453
453
461 463
463 464
464
468
471 472 473
472 473 474
473 474
474
478 480
480 482
482 483 484
483 484 485
484 485 486
485 486 487
486 487 488
487 488
488
491
495
499 500
500
505 506
506 508
508 510
510 512
512
515
518 519
519 521
521 522 523
522 523
523
529 531
531 533
533 535
535 536 537
536 537
537 539
539 540 541
540 541
541
547 548
548 550
550 551 552
551 552
552
557
560 562
562 564
564
567 569
569 570
570
573 574 575
574 575 576
575 576 577
576 577
577
587 588
588
592 594
594 596
596
599
602 603 604
603 604
604 606
606
610 611 612
611 612
612 614
614 616
616 617 618
617 618
618 620
620 622
622 623
623 625
625 626 627
626 627
627 629
629 630 631
630 631
631
634 635 636
635 636 637
636 637
637
646 648
648
651
655
658
662 663
663 665
665 667
667
670 672
672 673
673
678 679 680
679 680
680
684 685
685 687
687
690
695 697
697 698
698
703 705
705 707
707 709
709 710 711
710 711
711 713
713 714 715
714 715 716
715 716
716
719 720 721
720 721
721 723
723 724 725
724 725 726
725 726
726 728
728
732 734
734 735
735
740 742
742
745 747
747 749
749 751
751
755 756 757
756 757
757
761 762
762 764
764 765 766
765 766 767
766 767 768
767 768
768 770
770
774
780 781
781
784
789
794 795
795 797
797 798 799
798 799
799 801
801 802
802
805
808
811
816 817
817
821 822 823
822 823
823
826 828
828 829 830
829 830
830
833 834
834
837
841
844 845 846
845 846
846
849 851
851 852 853
852 853 854
853 854
854
857
860
864 866
866
877 878
878 880
880 881 882
881 882
882
885
888
898 899
899
903 905
905 906
906
910
915 917
917 919
919 921
921 922
922 924
924
929 931
931 932 933
932 933
933
936 938
938 940
940 941 942
941 942
942 944
944 945
945 947
947 948
948 950
950 952
952
955
958
963 965
965
971 972
972
977 979
979 980 981
980 981 982
981 982 983
982 983 984
983 984
984 986
986 987
987
990 991
991 993
993
996 997 998
997 998
998
