#naive2.0.py
# GMT Fri Feb 14 13:34:02 2020
# 
1 2 3
2 3
3
6 7 8
7 8 9
8 9
9
14
17 19
19 21
21 22 23
22 23 24
23 24
24
27 28 29
28 29 30
29 30
30
33 34
34 36
36 37
37 39
39 41
41
48 49 50
49 50 51
50 51 52
51 52 53
52 53
53
57 58 59
58 59
59 61
61 63
63 65
65 66
66
69 70
70 72
72 73
73
77
81 83
83 85
85
89 90 91
90 91
91 93
93 94
94
97 98
98 100
100 101
101 103
103
106 107
107
110 111
111
115 116 117
116 117
117 119
119 120
120 122
122 124
124
128 129 130
129 130 131
130 131
131
134 136
136
139 140
140
150 152
152 153
153
156 157
157 159
159 161
161
164 165
165 167
167 169
169
172
176 178
178
181 182 183
182 183
183 185
185 186 187
186 187 188
187 188 189
188 189
189
196 197 198
197 198 199
198 199 200
199 200
200
203
206
211 212 213
212 213
213 215
215
219
222 223 224
223 224 225
224 225
225
228 229 230
229 230
230 232
232 233 234
233 234
234
238 239
239 241
241 242
242
245 246 247
246 247
247 249
249 250
250
258 260
260 261
261 263
263 265
265 266 267
266 267
267
271
275 276
276
279
285 286 287
286 287
287
294 295 296
295 296 297
296 297
297
301
305 306
306
309 310
310
314 315
315 317
317 319
319 320 321
320 321 322
321 322
322
325
328 330
330
333
339
342 343 344
343 344
344
347 349
349
353 355
355
359 360
360
367 369
369 371
371
377 378 379
378 379 380
379 380
380
383 384 385
384 385
385
392 394
394
398 400
400 401
401 403
403 404
404 406
406 407
407
413 415
415 416 417
416 417
417 419
419 420
420 422
422 423
423 425
425 426 427
426 427 428
427 428
428 430
430 431 432
431 432 433
432 433 434
433 434
434 436
436 437 438
437 438 439
438 439
439 441
441 443
443
448 450
450 451 452
451 452 453
452 453
453
456 457
457 459
459 460
460 462
462 463 464
463 464
464 466
466
470 471
471
474 476
476 477
477
480
485
489 490 491
490 491
491 493
493 495
495
500 502
502
508 509 510
509 510
510
513
516
520 521 522
521 522 523
522 523
523
529
532 533 534
533 534
534
537
543 544 545
544 545
545
548
551 552
552
555 556
556 558
558 559 560
559 560 561
560 561
561
564 566
566
569 570
570 572
572
575
581 582 583
582 583
583
587
590 591
591
595 597
597 599
599
602 604
604
607 608 609
608 609 610
609 610 611
610 611
611
614 615
615 617
617 619
619 620 621
620 621
621
625 626 627
626 627 628
627 628 629
628 629
629
634 635 636
635 636
636
642 643
643
650 652
652 653
653
658 659 660
659 660
660
664
667 668 669
668 669 670
669 670 671
670 671 672
671 672 673
672 673
673 675
675 676
676 678
678
681 682 683
682 683
683
687 688
688
693
696 697
697
700
703 704 705
704 705
705
708
713
716 718
718
725
728 729
729 731
731
734 735 736
735 736
736 738
738 739
739 741
741
747
751 752
752 754
754 755 756
755 756 757
756 757 758
757 758
758
765 766 767
766 767
767 769
769
773 774
774
780 781 782
781 782 783
782 783
783
789 790 791
790 791
791
797 798
798
803 805
805
810 811
811
816 817
817
822 823 824
823 824 825
824 825 826
825 826 827
826 827
827
831 833
833
838 839
839
844 845
845 847
847 848
848
852 853
853
859 861
861
864 866
866 868
868 869
869 871
871 872 873
872 873
873
877 879
879 880
880 882
882 883
883 885
885 886
886 888
888 889
889
896 897
897
901 902 903
902 903
903
909
914 916
916
919
929
933 934
934
937 938 939
938 939 940
939 940
940
943 944 945
944 945 946
945 946 947
946 947
947
953 954 955
954 955 956
955 956
956
959 960 961
960 961
961
968 970
970
973 974
974
977 978 979
978 979 980
979 980
980 982
982
991
995 997
997
