#naive2.0.py
# GMT Fri Feb 14 13:34:06 2020
# 
1 2 3
2 3 4
3 4
4
8 10
10
13 15
15 16 17
16 17 18
17 18 19
18 19
19 21
21
27
30
33 35
35
42 44
44
48 50
50
53 55
55 57
57 58 59
58 59 60
59 60
60 62
62 64
64 65
65 67
67
70 71
71
76 78
78 80
80
83 84 85
84 85 86
85 86
86
89
92
99 101
101 102
102
108 109
109
116 118
118 119
119
122 124
124 125 126
125 126 127
126 127 128
127 128
128 130
130 131
131
134 135
135
138 139 140
139 140
140
145 147
147 149
149 150
150
153 154
154 156
156
159
162 163
163 165
165 166 167
166 167 168
167 168
168
171 172
172 174
174 175
175 177
177 178 179
178 179
179 181
181 182 183
182 183
183 185
185
192 194
194 196
196 197
197
202 203 204
203 204 205
204 205
205 207
207 208
208
211
214 215
215
220 221
221 223
223 224 225
224 225 226
225 226
226
229 230
230
233 234
234
237
240 241 242
241 242 243
242 243
243 245
245 246
246
249 250 251
250 251
251 253
253 254
254 256
256 258
258 259
259
268 269 270
269 270
270
273 274
274
279 280
280
285
288 290
290
293
299 300
300 302
302 304
304 305
305
308 309
309 311
311 313
313 314 315
314 315 316
315 316 317
316 317 318
317 318 319
318 319
319 321
321
324 325
325
328 329
329
332 333 334
333 334
334 336
336 337
337 339
339 340
340 342
342
345
348 350
350
353
358 360
360 362
362 363
363 365
365 366 367
366 367
367 369
369 371
371 373
373 374
374 376
376 377
377
381 382
382
388 389 390
389 390
390
393
396 397 398
397 398
398
401 403
403 405
405 407
407 408 409
408 409
409
412
415 417
417
420
428 429
429 431
431 432
432
435 437
437
445 446 447
446 447 448
447 448
448
452 454
454 456
456 458
458 459
459
464 465 466
465 466
466 468
468 469 470
469 470 471
470 471
471 473
473 474
474
478
481
485 487
487 488 489
488 489
489
493 494 495
494 495 496
495 496
496 498
498
501 503
503 504 505
504 505
505
512
515
518
521 523
523 525
525 527
527
531 532
532 534
534 535
535 537
537
540
544 546
546 547
547 549
549 550
550
553 554
554
557 558
558 560
560 561
561 563
563 565
565 566 567
566 567
567
571 572
572
579 580 581
580 581 582
581 582
582 584
584 585 586
585 586
586 588
588 590
590 592
592 594
594
598 600
600 602
602 604
604 606
606
610 612
612
617
620
624
637
640 641
641
644 646
646
653 655
655 656
656
660
664
668 670
670 671 672
671 672 673
672 673
673
676
682 683 684
683 684 685
684 685
685 687
687
691 692
692 694
694 695 696
695 696
696
699 700 701
700 701
701 703
703
708
712
717 718
718 720
720 721
721
724 725
725
728 729
729 731
731
736 738
738 739
739 741
741 742
742 744
744
748 749 750
749 750 751
750 751
751 753
753
757 759
759 760
760
763 765
765 766 767
766 767 768
767 768
768
772 773 774
773 774
774 776
776
781 783
783
786 788
788
791 792 793
792 793 794
793 794
794 796
796 797
797
802 803 804
803 804 805
804 805 806
805 806 807
806 807 808
807 808 809
808 809
809 811
811
815 817
817 818 819
818 819 820
819 820
820 822
822 823
823
826 828
828 830
830 831
831
835 836 837
836 837 838
837 838
838
841 842
842
846 847 848
847 848
848
853
856 857 858
857 858 859
858 859
859
862 864
864 866
866 867
867
870 872
872 873 874
873 874 875
874 875
875
880
884 886
886 888
888 889
889 891
891 892 893
892 893 894
893 894
894
897
905
910 911
911 913
913 914
914
919 920 921
920 921 922
921 922
922 924
924 925
925 927
927 929
929
932
935
939 940 941
940 941
941
945 947
947 949
949
952
956
962 963 964
963 964
964
968 969
969 971
971
976 977
977
980
983 984 985
984 985
985
989 990
990 992
992 994
994
998
