#naive2.0.py
# GMT Fri Feb 14 13:33:59 2020
# 
2
5 6 7
6 7
7 9
9
17 18 19
18 19 20
19 20
20
24 25 26
25 26 27
26 27 28
27 28
28
32 33
33
36 37 38
37 38
38
42
46 47 48
47 48 49
48 49
49
52
55 56 57
56 57
57 59
59
63 64
64
67
71 73
73 74 75
74 75 76
75 76
76 78
78
82 83
83
88
94 96
96
101 102 103
102 103 104
103 104
104
110 111 112
111 112
112 114
114 116
116 117 118
117 118 119
118 119
119
122 123
123
126 128
128 130
130
134
140
143 145
145
148 150
150 151 152
151 152
152 154
154 155
155 157
157
161 162 163
162 163
163
171 173
173 175
175 176
176 178
178
181 182
182
186 188
188
192 193 194
193 194
194 196
196 197
197 199
199
202 203 204
203 204
204 206
206
209 210
210
214 216
216
219 220
220 222
222
225
229 230 231
230 231 232
231 232
232 234
234
239 240
240 242
242 243 244
243 244 245
244 245
245 247
247 249
249 250
250
254
257 258 259
258 259 260
259 260
260
264 265
265
268 270
270 272
272
275
279 280
280
286 287 288
287 288
288 290
290
293
296 298
298 299
299
302 303
303
308
313 314
314
318 319
319 321
321 322
322
327 329
329 330 331
330 331
331
334
338 339 340
339 340
340 342
342 344
344
354 355
355
360
363 364
364 366
366
372 374
374 375
375
378 379
379
382 383
383
387
391 392 393
392 393
393 395
395 396
396
400 401
401 403
403 405
405 407
407 408 409
408 409
409 411
411
417
420 421
421
426 427 428
427 428
428 430
430
433 434
434 436
436 438
438
442
445 446 447
446 447 448
447 448 449
448 449 450
449 450
450
454 455
455
458 459 460
459 460
460
463
468 469 470
469 470 471
470 471
471 473
473 475
475 476 477
476 477
477 479
479 480
480
484 486
486 487 488
487 488 489
488 489
489 491
491 492
492
495 496
496
500
503
507
517 519
519 520 521
520 521
521
524 525
525 527
527
530 532
532
539 541
541 543
543 545
545 547
547 548 549
548 549 550
549 550 551
550 551
551 553
553 555
555
560 561 562
561 562
562 564
564
569 571
571 572
572
577
583
589 590 591
590 591
591
595 596 597
596 597
597 599
599
608
612
617
621 623
623
627 629
629 630 631
630 631 632
631 632
632
636
639
643 644 645
644 645 646
645 646 647
646 647 648
647 648
648
651 652 653
652 653 654
653 654 655
654 655
655 657
657 658 659
658 659 660
659 660
660
667
670
673 674 675
674 675 676
675 676
676 678
678 679
679
683
688
695
698 700
700 702
702 703 704
703 704 705
704 705 706
705 706
706 708
708 709 710
709 710
710
715
718 719
719 721
721 723
723 724
724
728 729 730
729 730 731
730 731 732
731 732 733
732 733
733
736
747 749
749
766
771 773
773 775
775 776
776
780 781 782
781 782 783
782 783 784
783 784 785
784 785
785 787
787 788 789
788 789
789
792 793 794
793 794
794 796
796 797
797
800
805 806
806 808
808 810
810
819
824 826
826
830 832
832 834
834 836
836 838
838 839
839 841
841 842
842
845
849 851
851 853
853 854 855
854 855
855 857
857 858 859
858 859
859 861
861
864 865
865
868 870
870 872
872
878 879
879 881
881 883
883
886 887
887 889
889
895
899 900
900 902
902 904
904 905
905 907
907 909
909 910
910
914
917 919
919 920 921
920 921
921 923
923 924
924
928 929 930
929 930 931
930 931
931 933
933 934
934 936
936 937 938
937 938 939
938 939
939
942
945 946 947
946 947
947
952
960
964
969
972
975
979
984
987 988 989
988 989
989
993
997
