#naive2.0.py
# GMT Fri Feb 14 13:34:00 2020
# 
3 4 5
4 5
5 7
7 8
8 10
10 11
11 13
13 14
14
19 21
21 22
22
29
34 35 36
35 36
36
39 40 41
40 41 42
41 42 43
42 43 44
43 44
44
50 51
51 53
53 55
55 56
56
60 61
61
64 65
65 67
67
70 71
71 73
73
77 79
79 80 81
80 81 82
81 82 83
82 83
83 85
85 87
87 88
88
91
96 97 98
97 98
98 100
100
106 108
108 110
110 112
112 114
114
122
126 127 128
127 128
128 130
130 131
131
136 138
138 140
140
143 145
145 146
146 148
148 149
149
156
159
164 166
166 167
167 169
169 170 171
170 171 172
171 172
172 174
174 176
176 177 178
177 178 179
178 179 180
179 180
180
184
187
193 194 195
194 195 196
195 196 197
196 197 198
197 198 199
198 199 200
199 200 201
200 201
201
207
210 211
211 213
213
216
219
228
232
236
240 242
242
245
251 252 253
252 253 254
253 254 255
254 255
255
258
263
266
271 272
272 274
274 275 276
275 276
276
281 282
282 284
284
288
296
301 303
303 305
305
308 309 310
309 310
310
313
317 318
318 320
320
324 325 326
325 326
326
332 333
333
337 339
339 340
340
343 344
344 346
346
350 351 352
351 352 353
352 353
353 355
355 357
357 358
358
361
364 366
366 368
368 369
369
373
376 377
377 379
379
382 383
383
387 389
389 390 391
390 391 392
391 392 393
392 393 394
393 394
394
398 400
400 402
402 404
404 405 406
405 406
406 408
408
412 413 414
413 414
414 416
416 418
418
421 422
422
429 431
431 432
432
436 438
438
442 443
443
451 453
453 454
454
457 458 459
458 459 460
459 460 461
460 461 462
461 462
462 464
464 465
465
468 470
470 472
472 473
473
478 479
479
482 483 484
483 484 485
484 485
485 487
487
490 491 492
491 492
492
495 496 497
496 497
497
500 502
502 504
504 505 506
505 506 507
506 507
507 509
509 510 511
510 511 512
511 512
512
515
518 519 520
519 520
520
523
526 527
527
531 532
532
535 537
537 538
538
541 542 543
542 543 544
543 544 545
544 545
545
548 549 550
549 550
550
553 554 555
554 555
555
570
576 577 578
577 578
578
582 583
583
586 587 588
587 588 589
588 589
589 591
591 592 593
592 593
593 595
595 597
597 598
598
601
604 605 606
605 606 607
606 607
607 609
609
612 613
613 615
615
620 621 622
621 622 623
622 623 624
623 624 625
624 625 626
625 626
626 628
628 629
629 631
631
639 640 641
640 641
641
644 645 646
645 646
646 648
648
651 652
652
661 663
663 665
665 666
666
669 670
670
675 676
676
680
683 684
684
687 688 689
688 689 690
689 690 691
690 691
691
695 697
697 699
699
702 703 704
703 704
704 706
706 707 708
707 708
708
711 713
713 715
715 717
717
721 722 723
722 723
723 725
725 726 727
726 727
727 729
729 730
730
733 735
735 736 737
736 737 738
737 738 739
738 739
739 741
741 742 743
742 743 744
743 744 745
744 745
745 747
747 749
749 750
750
754
757 758
758 760
760 761
761 763
763 764
764
770 771
771
777 779
779 781
781 782
782
786 788
788 790
790
794 796
796
800 801 802
801 802 803
802 803 804
803 804 805
804 805
805 807
807 808
808
812 813
813
816 817
817
820
828 829
829 831
831 833
833
837
840 841 842
841 842
842 844
844 845
845 847
847
851
854 855 856
855 856 857
856 857 858
857 858
858
861 862 863
862 863 864
863 864 865
864 865 866
865 866 867
866 867
867 869
869 870
870 872
872 873
873 875
875 877
877 878 879
878 879
879
882 884
884
889 891
891
894 895 896
895 896
896
900 902
902
907 909
909 910
910
913
916 918
918 920
920
923 924
924
928 929 930
929 930
930 932
932 933
933
936
940
943
948 949 950
949 950
950 952
952
956 958
958 959
959 961
961 962
962 964
964
967 968
968
973 974 975
974 975
975
978 979
979 981
981
984 985 986
985 986
986
989 991
991 993
993
997 998
998
