#naive2.0.py
# GMT Fri Feb 14 13:34:04 2020
# 
2 3 4
3 4 5
4 5 6
5 6
6
11 13
13
19
24
29 31
31
35
45 46
46
49 51
51
55 56 57
56 57
57
60
63
66 68
68 69
69
74 75 76
75 76
76
80 81 82
81 82
82
88 89
89 91
91
95 96 97
96 97 98
97 98 99
98 99 100
99 100
100 102
102
105 106 107
106 107 108
107 108 109
108 109 110
109 110 111
110 111
111
115 117
117 118 119
118 119
119 121
121 123
123 125
125 126 127
126 127 128
127 128
128 130
130 131
131
135
139 141
141 142 143
142 143
143 145
145 147
147 149
149 151
151 152 153
152 153 154
153 154 155
154 155 156
155 156 157
156 157
157 159
159 160 161
160 161
161 163
163
167 168
168
172 173
173
179
183 184 185
184 185
185 187
187
190
193 194
194
199 201
201
204 206
206 208
208 209
209
212
216
219 221
221 222 223
222 223 224
223 224
224
230 232
232 233 234
233 234
234 236
236 237 238
237 238 239
238 239 240
239 240
240 242
242 243 244
243 244
244 246
246
256
262 263 264
263 264 265
264 265
265 267
267 268 269
268 269 270
269 270 271
270 271 272
271 272
272 274
274
279
288
292 294
294
297
301
306
309 310
310 312
312 313 314
313 314 315
314 315 316
315 316
316
321 323
323 325
325 327
327
330 331
331
335 337
337 339
339 340 341
340 341 342
341 342 343
342 343
343 345
345
348 349 350
349 350
350 352
352 353
353
359 360
360 362
362
365 367
367
371
374 376
376 377
377
383
390 392
392 394
394 395
395
399 400 401
400 401
401 403
403
408
412 413 414
413 414
414 416
416 418
418 419
419 421
421
426 427 428
427 428 429
428 429 430
429 430
430
433
438 439 440
439 440
440 442
442 444
444 446
446 448
448 450
450 451
451
454
458 459
459
463 465
465 466
466
469 470 471
470 471
471
476 477
477
480 481
481
485 487
487 489
489 491
491 493
493 495
495 497
497 498
498 500
500 501 502
501 502
502
507 509
509 510 511
510 511 512
511 512 513
512 513 514
513 514
514
518
521 522
522
529 531
531 532
532
536 537
537
540 542
542 544
544 545 546
545 546
546
549 550 551
550 551 552
551 552 553
552 553
553
556 558
558 559 560
559 560 561
560 561
561
564
569 570 571
570 571 572
571 572
572 574
574 576
576 577
577 579
579 580
580
583
591
596 598
598 599
599 601
601 603
603
607 609
609 610 611
610 611
611
614
617 618 619
618 619
619 621
621 623
623 625
625
632
637 638 639
638 639 640
639 640 641
640 641
641
644
647 648 649
648 649
649
652 653
653 655
655 656
656 658
658 659
659 661
661
665 666
666 668
668
675 677
677
680 682
682
686 687
687
691
695
703 705
705
708 710
710 712
712
716
723
726
729
733 734 735
734 735
735
739 741
741
744 746
746
749 750
750 752
752
756
763
766
769 771
771
775
778 779
779
782
788 789
789 791
791 793
793 794
794
799 801
801 803
803 804 805
804 805
805 807
807 808 809
808 809
809 811
811 812 813
812 813
813
816 817
817
821 822
822 824
824 825
825
829 830
830
833 834
834 836
836 838
838 839 840
839 840
840 842
842 843
843
846 847 848
847 848
848 850
850 851 852
851 852
852 854
854 855
855
858 859
859 861
861 862 863
862 863 864
863 864
864 866
866 868
868
871 873
873
876 877 878
877 878
878
888 889
889
893 894
894
897 898
898
901
904
907
912 913
913
916 917
917
921
924
928 929 930
929 930
930
933 934 935
934 935
935 937
937 938 939
938 939 940
939 940 941
940 941
941 943
943 944 945
944 945
945 947
947 949
949
952 953
953
959 961
961 962
962 964
964 965 966
965 966
966 968
968 969 970
969 970
970 972
972 973 974
973 974 975
974 975
975 977
977 978 979
978 979
979 981
981 982
982 984
984
991 992
992 994
994
997 998
998
