#naive2.0.py
# GMT Fri Feb 14 13:34:03 2020
# 
0 1 999 998
1 999
4 5
5 7
7
11 12 13
12 13 14
13 14 15
14 15
15
18 20
20 21
21
26
29
32
35 37
37 39
39 40
40 42
42 43
43 45
45
49
52
55 56
56 58
58 60
60 62
62
67 68 69
68 69 70
69 70 71
70 71 72
71 72 73
72 73
73
76 77 78
77 78 79
78 79 80
79 80 81
80 81
81
86
90 91
91
96 97 98
97 98
98 100
100 102
102 103
103
107 108 109
108 109
109 111
111
115 116 117
116 117 118
117 118 119
118 119 120
119 120
120
123 124 125
124 125 126
125 126
126
129 131
131 132 133
132 133
133
138 140
140 141
141
147
150
154 155 156
155 156
156
159 161
161
164 165
165 167
167 168 169
168 169 170
169 170 171
170 171
171 173
173 174
174 176
176
179 180 181
180 181
181
185 187
187
190 191 192
191 192 193
192 193 194
193 194
194 196
196 197 198
197 198 199
198 199 200
199 200
200
205 206
206
211 212
212
215 216 217
216 217
217
220
225 226 227
226 227 228
227 228
228
231 232 233
232 233 234
233 234 235
234 235
235
238 239 240
239 240 241
240 241 242
241 242 243
242 243
243
248 249
249
255
258 259
259
263 265
265 266
266 268
268
273
276 278
278 279
279
282 283
283
286
290 292
292 294
294 296
296 298
298 299
299
302 303
303
306 307
307 309
309 310
310 312
312 313 314
313 314 315
314 315
315 317
317
320 321 322
321 322 323
322 323 324
323 324
324 326
326 327
327 329
329 330
330
334 335
335 337
337 338 339
338 339 340
339 340 341
340 341 342
341 342 343
342 343 344
343 344 345
344 345
345 347
347 348
348
351 352 353
352 353
353
356 358
358 359
359
363 364
364
367 369
369 371
371
374
377 379
379 380
380 382
382 383 384
383 384
384
392 393
393
396 398
398 400
400 401
401 403
403 405
405 406
406
409 410
410 412
412 414
414
417 418
418 420
420 421
421 423
423 424
424 426
426 427 428
427 428 429
428 429
429
432 433 434
433 434
434
437 438 439
438 439
439 441
441 443
443 444 445
444 445 446
445 446
446 448
448 450
450 451
451 453
453 455
455
462 464
464 466
466 468
468 469
469
473 474
474
477 478
478 480
480
493 495
495
498 500
500 501
501 503
503
506 507 508
507 508
508 510
510 512
512 513
513 515
515 517
517 518
518 520
520
523 525
525
528 529 530
529 530 531
530 531
531
535 536 537
536 537 538
537 538 539
538 539 540
539 540
540
545 546 547
546 547
547 549
549 551
551 552 553
552 553
553 555
555
559 560
560 562
562 564
564 565
565 567
567
571 572
572
575 576 577
576 577 578
577 578 579
578 579 580
579 580
580
583
589 590
590 592
592
595
598 599
599
605 606 607
606 607
607
611 613
613
616 618
618
624 626
626 628
628 630
630 632
632 634
634
637
642 643
643
649 650
650 652
652 653
653 655
655 657
657 658
658 660
660
663 664
664 666
666
669 670
670 672
672 673 674
673 674
674
677 678 679
678 679 680
679 680 681
680 681
681 683
683
687 689
689 691
691 693
693 694
694
697 699
699 701
701 703
703
709
712 714
714 716
716
721 722 723
722 723
723
726
731 732
732 734
734
738 739 740
739 740 741
740 741
741
751 752 753
752 753
753 755
755
758 760
760 761
761
766
769
772 773 774
773 774
774 776
776
780 781 782
781 782 783
782 783
783
789 790
790
793 795
795 796
796
799
802 803 804
803 804 805
804 805 806
805 806 807
806 807
807
810 812
812
817
820 821 822
821 822 823
822 823
823 825
825
831 833
833 835
835
839 840 841
840 841
841
844
849 851
851 853
853 855
855
859
863 864
864
867 868
868
872 873
873
878 879 880
879 880 881
880 881
881 883
883 884
884
890 892
892 893 894
893 894 895
894 895
895 897
897 898
898 900
900 901
901
904 905
905
908 909 910
909 910
910
913 914
914 916
916 917
917
921 922 923
922 923 924
923 924 925
924 925
925
929
932 933 934
933 934
934 936
936
939 941
941 943
943
948
952 953 954
953 954 955
954 955 956
955 956
956 958
958
961 962 963
962 963
963
966 968
968 970
970
978
981 983
983 984
984
988
991 992 993
992 993
993
996 997 998
997 998 999
998 999
999
