#naive2.0.py
# GMT Fri Feb 14 13:34:02 2020
# 
1 2
2
5 6 7
6 7
7
10
14 15
15
22 23 24
23 24
24
27 29
29 30
30
33
39
46
52 53
53 55
55 57
57 58 59
58 59 60
59 60 61
60 61
61
64 65
65 67
67 68
68
72
77 78
78 80
80 82
82 84
84 86
86 87 88
87 88 89
88 89 90
89 90 91
90 91
91 93
93 94
94
97 99
99 100 101
100 101
101 103
103 105
105 106 107
106 107
107 109
109 110 111
110 111 112
111 112
112 114
114 115 116
115 116 117
116 117
117 119
119 120 121
120 121
121 123
123
126 127 128
127 128
128 130
130 132
132 133 134
133 134
134 136
136 138
138 140
140
143
147 148
148 150
150 152
152 154
154 155
155
160 162
162
165 166 167
166 167
167 169
169
176 178
178 179 180
179 180 181
180 181 182
181 182
182 184
184 186
186 187
187
190 191 192
191 192
192 194
194 195 196
195 196
196 198
198 199 200
199 200
200
205
211 212
212 214
214
221
224
227 228 229
228 229 230
229 230
230 232
232 233
233
236
239 240 241
240 241 242
241 242
242 244
244
248 250
250 252
252 253
253 255
255 256
256
263 265
265 266
266 268
268
273 274 275
274 275 276
275 276
276 278
278 279 280
279 280
280 282
282 284
284 285
285
291 292
292
297 298 299
298 299
299
305 306 307
306 307
307 309
309 310 311
310 311 312
311 312 313
312 313 314
313 314
314
317 318
318 320
320
323 324 325
324 325
325 327
327 328 329
328 329
329
333 335
335
338
345 346 347
346 347
347 349
349
352 354
354 355
355 357
357 358
358 360
360 362
362 363
363 365
365 366
366
369 371
371 372
372
375 377
377 378
378 380
380 382
382 384
384 386
386 388
388 389
389 391
391
395 396 397
396 397
397 399
399
402
405 406
406 408
408 409
409 411
411
415
418 420
420
423 424
424
427 428 429
428 429 430
429 430 431
430 431
431
434
437 438
438
444
448
451 453
453
456
461 462
462
466 468
468 469 470
469 470 471
470 471 472
471 472 473
472 473 474
473 474 475
474 475
475 477
477
482 483 484
483 484
484
487 488 489
488 489
489 491
491 493
493
496 498
498
501
504
509 510 511
510 511
511
517 519
519 520 521
520 521
521
525 526 527
526 527
527 529
529 531
531 532 533
532 533 534
533 534 535
534 535
535
541 542 543
542 543
543
546 547 548
547 548
548
553
557 558
558
561 562
562
566 567
567 569
569
572
575
578 579 580
579 580
580 582
582
588
593 594 595
594 595
595
598 599
599 601
601 602
602 604
604 605
605
614 615
615
619 621
621
626
629 631
631 632
632
639
642
645 646 647
646 647
647 649
649
652 653 654
653 654 655
654 655 656
655 656
656
659 661
661 663
663 665
665 666
666
671 672
672
675 676
676
680 682
682 683
683
686 687 688
687 688 689
688 689
689
692 694
694
701
705 706 707
706 707
707 709
709
714 716
716 717 718
717 718 719
718 719 720
719 720 721
720 721
721 723
723 724
724 726
726 727 728
727 728 729
728 729
729
732
736
739 740
740 742
742
745 746 747
746 747
747 749
749 751
751 753
753 754
754 756
756 758
758
762 764
764 765
765 767
767
774 775
775
778
782
786 787 788
787 788 789
788 789 790
789 790
790
793 794
794 796
796 798
798 800
800
804
808 809 810
809 810
810
820
829 830 831
830 831 832
831 832
832 834
834 835
835 837
837 838 839
838 839 840
839 840
840 842
842 844
844 846
846
849
859 860 861
860 861 862
861 862
862 864
864 865
865 867
867 869
869 870 871
870 871
871
879 880 881
880 881 882
881 882 883
882 883 884
883 884
884
887 889
889 891
891 892
892 894
894 895
895 897
897 899
899
902 903 904
903 904
904 906
906 907 908
907 908
908
912
915 916 917
916 917
917 919
919
927 928 929
928 929
929
932
937 938 939
938 939
939 941
941 942
942
945 947
947 948
948
952
957 958 959
958 959 960
959 960 961
960 961 962
961 962
962
966
970 971 972
971 972 973
972 973 974
973 974 975
974 975
975 977
977
981 982 983
982 983 984
983 984
984
987 989
989 990 991
990 991 992
991 992
992 994
994
997 998
998
