#naive2.0.py
# GMT Fri Feb 14 13:34:05 2020
# 
1 3 999
3 4 5
4 5
5
10 11
11 13
13
16 17
17
24
27 28 29
28 29 30
29 30 31
30 31
31 33
33 34
34 36
36 37 38
37 38
38
41
46
49
54 55
55
61
64 66
66
69 70
70
73 74
74 76
76 78
78 79 80
79 80
80 82
82 83
83 85
85 87
87
90 91
91 93
93 94
94
97 99
99
102 103 104
103 104 105
104 105
105
109
112 113 114
113 114
114
117 118 119
118 119 120
119 120
120 122
122 123 124
123 124 125
124 125
125 127
127
130 131 132
131 132
132 134
134
137 139
139 140
140 142
142 143 144
143 144 145
144 145
145
149
152
155 157
157 159
159 161
161
166 167
167
174 175
175 177
177
180 181
181
184
188
191
194 195 196
195 196
196
200
205 206 207
206 207 208
207 208
208 210
210 211 212
211 212
212
215 216 217
216 217
217
225
228
232 233
233 235
235
238 239
239 241
241 243
243
248 249
249
253 255
255 257
257 258
258 260
260 261
261 263
263 264
264 266
266
270
273 275
275
278 279
279
282 283
283 285
285
289
293 294 295
294 295
295
298 300
300 301 302
301 302
302 304
304
310 311 312
311 312 313
312 313
313
316
321 323
323 324 325
324 325
325 327
327 328
328 330
330 331
331
335 336
336
344 345
345 347
347 348 349
348 349 350
349 350
350
353
357 359
359 360
360
363 364
364
367
371 372
372
377 378 379
378 379
379
383 385
385
388 390
390 391 392
391 392
392
396 398
398 400
400 401 402
401 402 403
402 403
403 405
405
409 410 411
410 411 412
411 412 413
412 413
413
418 419
419 421
421
426
430 432
432 433 434
433 434
434 436
436
440
443
446 447
447 449
449 451
451 453
453 455
455 456
456
459
464 466
466 467 468
467 468 469
468 469
469
472 474
474 476
476
482 484
484
492
496 497 498
497 498 499
498 499
499
505
509
512
516
523 524
524 526
526 528
528 529
529 531
531 533
533
536 537
537 539
539 540 541
540 541 542
541 542
542 544
544
547
550 551
551
557 558
558
564
567 568
568 570
570 571
571
574 576
576
579 580
580 582
582
585 586
586
589 590
590
594 595 596
595 596 597
596 597 598
597 598
598 600
600 602
602 604
604 605 606
605 606
606
609 610 611
610 611
611 613
613 615
615
619 620
620
625 626 627
626 627 628
627 628
628
632 633 634
633 634 635
634 635
635
642 643
643
648 649 650
649 650
650
653 654
654
658 659 660
659 660 661
660 661 662
661 662 663
662 663
663
666 668
668 669 670
669 670 671
670 671
671
675
678
681 683
683 685
685 687
687 689
689
692
695 697
697
701 702
702
706 708
708 709 710
709 710 711
710 711 712
711 712 713
712 713
713
721 722 723
722 723
723
726 727
727
730 731
731 733
733 734
734 736
736 737
737
742 744
744 746
746 747
747 749
749 750 751
750 751 752
751 752
752 754
754 755 756
755 756 757
756 757
757
760
764 765
765 767
767
771 773
773 774
774
777
780 782
782 783
783
786
792 794
794 795 796
795 796 797
796 797 798
797 798 799
798 799 800
799 800
800 802
802 803 804
803 804 805
804 805 806
805 806
806
809 811
811 812 813
812 813
813
817
820 821
821
824 825 826
825 826
826 828
828 829
829 831
831 832
832 834
834
838
845 846 847
846 847
847 849
849 851
851 852
852 854
854 855 856
855 856
856
860 862
862 863
863 865
865 866
866
869 871
871 873
873 874 875
874 875
875 877
877 878 879
878 879
879
884
887
892 894
894 895
895
899 900 901
900 901 902
901 902 903
902 903 904
903 904 905
904 905
905
909 911
911 912
912 914
914 916
916 918
918
922 923
923
926 927
927
930
938 939 940
939 940
940 942
942 943
943
947
950 951
951
954
959
962 964
964 965
965
970 971 972
971 972
972 974
974 975
975 977
977 979
979 980
980 982
982 983
983
989
993 994
994 996
996 998
998 999
999
