#naive2.0.py
# GMT Fri Feb 14 13:34:01 2020
# 
4
8
12 13
13
18
21
24 26
26 28
28
31 33
33 34
34
37
47 48 49
48 49 50
49 50 51
50 51 52
51 52
52
60 62
62 64
64
69 71
71 73
73 75
75 76
76
79 80
80
84 86
86 87 88
87 88 89
88 89
89 91
91
94 95
95
98 99
99
103 105
105 106 107
106 107
107 109
109 110 111
110 111 112
111 112
112
117 118 119
118 119
119
122 123
123
127 128
128
132 133 134
133 134 135
134 135 136
135 136
136 138
138 140
140
143 144
144 146
146 147
147 149
149 150 151
150 151 152
151 152 153
152 153
153
157
160 162
162
165 166
166
171 172
172
176 178
178
182 183
183
186 187 188
187 188
188 190
190
193 195
195 196
196 198
198 199 200
199 200 201
200 201
201 203
203 205
205 206
206
211
219 221
221 223
223
226
229 231
231 232
232
239 240 241
240 241 242
241 242 243
242 243
243
246 247
247 249
249 250 251
250 251 252
251 252 253
252 253
253 255
255 257
257
260 261
261
264 265 266
265 266
266
269 271
271 272 273
272 273
273
277 279
279 280 281
280 281
281
284
288 289 290
289 290
290
293 294
294
298 299
299
302 303
303
307 308 309
308 309
309
312
319 320
320
324 325
325
329 330
330 332
332
337 339
339
342 343
343 345
345
348 350
350
353 354 355
354 355 356
355 356
356
367 368
368
373 374
374 376
376
379 381
381 382 383
382 383
383
386
389 391
391 393
393 394
394 396
396 397
397 399
399 401
401 402
402
408 410
410
413
418 420
420 421 422
421 422 423
422 423 424
423 424
424
429 430
430 432
432 434
434 436
436
440 441 442
441 442
442 444
444
447
450 451
451
456
466 467 468
467 468 469
468 469
469
475 476 477
476 477 478
477 478 479
478 479
479 481
481 483
483 484
484 486
486 487
487 489
489 491
491 492 493
492 493 494
493 494
494
499 500 501
500 501 502
501 502
502 504
504 505
505
508 509 510
509 510 511
510 511 512
511 512 513
512 513 514
513 514
514 516
516 517 518
517 518
518 520
520 522
522 523
523
526 528
528
531
536 537
537 539
539 540
540 542
542 543
543 545
545 546
546
549 551
551 553
553
556 558
558 559
559 561
561 562 563
562 563
563
567 569
569 570 571
570 571 572
571 572
572 574
574 576
576 577 578
577 578
578
581 582
582 584
584
587 589
589
593 594
594 596
596
599
603
606
610 611
611 613
613 615
615 616 617
616 617
617 619
619 620 621
620 621 622
621 622 623
622 623 624
623 624 625
624 625 626
625 626 627
626 627 628
627 628 629
628 629
629 631
631 632 633
632 633 634
633 634
634 636
636
639 641
641 642 643
642 643
643 645
645 646
646 648
648
656 658
658 659
659
662 663
663
666 668
668 669 670
669 670
670
673 674
674 676
676
679
682
685
688 690
690
693 695
695 697
697 698
698
701
705 706
706 708
708 709
709 711
711 712
712 714
714
718 719 720
719 720
720 722
722
726 727 728
727 728
728
731 732
732
736
739 741
741 743
743 744
744
749
752 754
754 755
755 757
757 758
758 760
760
763
766 768
768 770
770
774 775 776
775 776 777
776 777
777 779
779
786 787
787
794 796
796 797 798
797 798
798 800
800 801
801 803
803 805
805
809
814 815 816
815 816 817
816 817
817
822 824
824
827 828 829
828 829
829 831
831 832 833
832 833
833 835
835 837
837
840 842
842
845
851
854 856
856 857 858
857 858
858
861 863
863 865
865 866
866 868
868
873 874 875
874 875 876
875 876
876
880
885
888 889
889 891
891 892
892 894
894
899
904 906
906 908
908
911 912 913
912 913
913
920 921
921
924
929 930
930
933 934 935
934 935 936
935 936
936 938
938 940
940 941 942
941 942
942 944
944 945
945 947
947 948 949
948 949 950
949 950
950 952
952 953 954
953 954 955
954 955 956
955 956 957
956 957 958
957 958 959
958 959 960
959 960
960 962
962 963
963
966
969 970
970
973 975
975 977
977 978
978
981
989 990
990
994
997
