#naive2.0.py
# GMT Fri Feb 14 13:34:02 2020
# 
2 4
4
7 9
9 10
10
13 14
14
17 18 19
18 19
19
26 27 28
27 28 29
28 29
29
32 34
34 35
35 37
37
42 44
44 46
46 47 48
47 48
48 50
50 52
52 53 54
53 54 55
54 55 56
55 56
56 58
58 59
59 61
61
64 66
66 68
68 69
69
78 80
80 81 82
81 82
82
85 87
87 88
88 90
90
93 94 95
94 95 96
95 96
96
102
106 107
107 109
109
112
115 116 117
116 117
117 119
119 120
120 122
122 124
124
127 128 129
128 129
129
133 134
134 136
136 137 138
137 138
138
142
147 148
148
151 152
152
157 158
158
169 170 171
170 171
171 173
173
177 178
178
182
189 191
191
194 195
195
199 201
201 203
203 204
204
208
214 216
216
219 220
220
223
227
230 231 232
231 232
232 234
234 235 236
235 236
236 238
238 239 240
239 240
240
245 247
247 248 249
248 249
249
252 253
253 255
255 256
256 258
258
262
265 267
267 268 269
268 269
269
273 274 275
274 275 276
275 276 277
276 277 278
277 278
278
283 284 285
284 285 286
285 286 287
286 287
287 289
289 291
291 293
293
296
300
304
311 312 313
312 313
313 315
315 316
316 318
318 319
319 321
321 323
323 324
324
328 329
329
332 333
333
339 341
341 343
343 345
345 347
347
350 352
352 354
354 355
355 357
357
363 365
365 367
367 368 369
368 369 370
369 370
370 372
372 374
374
377 379
379 380 381
380 381 382
381 382 383
382 383
383
387 388 389
388 389
389 391
391
394 395
395
399
402 404
404 405 406
405 406
406
409
414 415 416
415 416 417
416 417 418
417 418
418
421
426 427
427 429
429 430
430 432
432 433
433
442 444
444
447 448
448 450
450 451
451 453
453
456 457 458
457 458
458 460
460 461
461 463
463 464
464
469
473
477 479
479 481
481
484 485 486
485 486
486 488
488
491
495
498
501
508 510
510
515
518
521
525 527
527
530 531
531
536 537
537 539
539 541
541
545
548
554 556
556 558
558 560
560 561
561
565 566 567
566 567
567
570 571 572
571 572
572 574
574 575 576
575 576 577
576 577 578
577 578 579
578 579 580
579 580
580
583 584 585
584 585 586
585 586 587
586 587 588
587 588
588 590
590 591
591
594
597
600 601 602
601 602 603
602 603
603 605
605 606
606 608
608
611
617
622
629 631
631 633
633 635
635
638 639
639
642 643
643 645
645 647
647 648
648 650
650
653 654
654 656
656
659
665 666
666
675
680
683 684
684
687
691 692
692 694
694 696
696
700
704
714
719 720 721
720 721
721
728
732 733 734
733 734 735
734 735 736
735 736 737
736 737
737
740 742
742 743
743
746
751 753
753
756 757
757
760 761
761
768 769
769
773
776
779 781
781 783
783 785
785 786 787
786 787
787 789
789
794 795 796
795 796 797
796 797
797 799
799 800 801
800 801 802
801 802 803
802 803
803
806 808
808 809
809 811
811 812
812
815
818
823 824 825
824 825
825
828 829
829 831
831 833
833 834
834
837 838 839
838 839 840
839 840 841
840 841 842
841 842
842
847
852 853
853
856 858
858 860
860
865 867
867 869
869 870
870
873
876
881
887 888
888
893 894
894 896
896 897 898
897 898
898 900
900
903
906 907
907 909
909 910
910 912
912
915 916
916
920
923 924 925
924 925
925
928
931
936 937 938
937 938
938 940
940
945
949 950
950
955 956
956 958
958 959 960
959 960 961
960 961 962
961 962 963
962 963 964
963 964
964 966
966 967
967 969
969 970
970 972
972
976 978
978 979 980
979 980
980 982
982 983
983
987
990
993 994
994
999
