#naive2.0.py
# GMT Fri Feb 14 13:33:57 2020
# 
0 1 2 998
1 2
2
7 8 9
8 9
9 11
11 13
13
16 18
18 20
20 21 22
21 22
22
25
28 29 30
29 30
30 32
32 33
33
36 37 38
37 38 39
38 39
39 41
41 42
42
47 48 49
48 49 50
49 50 51
50 51 52
51 52
52 54
54 55
55 57
57
63 65
65 66 67
66 67 68
67 68
68
73 75
75 76
76 78
78
82
85 87
87 89
89 90
90
93
97
100 101 102
101 102 103
102 103 104
103 104 105
104 105
105
109
112 113 114
113 114 115
114 115 116
115 116
116
120 121
121 123
123
126 127
127
130 131
131
137 138 139
138 139
139
143 144 145
144 145
145 147
147 148
148
151
155
158 159
159 161
161 162 163
162 163
163 165
165 166
166
170
173 174 175
174 175 176
175 176
176 178
178 179
179
182 184
184 185
185
190
194 195 196
195 196
196 198
198 199
199
208
212
216
220 221 222
221 222
222
228 230
230
233
236 238
238 239
239
244
249 251
251 253
253 255
255 257
257 258 259
258 259 260
259 260 261
260 261 262
261 262 263
262 263
263 265
265 266 267
266 267 268
267 268
268
276 277 278
277 278 279
278 279
279
283 284 285
284 285 286
285 286 287
286 287 288
287 288 289
288 289 290
289 290
290 292
292
295
298
301 302
302 304
304 306
306 307 308
307 308 309
308 309 310
309 310
310 312
312 313
313 315
315 316 317
316 317 318
317 318
318
322
325 326
326 328
328 329 330
329 330 331
330 331
331 333
333 334 335
334 335 336
335 336
336 338
338
342 343 344
343 344 345
344 345
345 347
347 348
348
352
355
360
363
366 368
368 370
370 371 372
371 372 373
372 373
373
376 377 378
377 378
378 380
380 381
381 383
383 385
385
389 390 391
390 391 392
391 392
392
400
403 404 405
404 405
405 407
407 408
408
412
415 416
416 418
418
422
425 427
427 428
428 430
430
433 435
435 437
437 438 439
438 439
439
444 445 446
445 446
446
449
453 455
455 457
457 458 459
458 459
459 461
461 462
462 464
464 466
466 467
467
471
477
482 483 484
483 484
484
489 490 491
490 491 492
491 492 493
492 493 494
493 494
494
497
500 502
502 504
504 506
506 507 508
507 508 509
508 509
509 511
511 513
513 514
514
517 519
519 520 521
520 521
521 523
523 524
524 526
526 527 528
527 528 529
528 529 530
529 530
530
533 534
534 536
536 538
538 540
540 542
542 543
543 545
545 546
546
550 551
551 553
553
559 560
560 562
562
565 567
567
570 572
572 573 574
573 574 575
574 575 576
575 576
576 578
578
581 582 583
582 583
583 585
585
589 590 591
590 591
591
595
598 599
599
604 605 606
605 606
606
613
616
621 622
622
625 627
627
631 632
632
635 636 637
636 637 638
637 638
638
644 646
646 647
647
651 652
652
655
659
666
672 673
673 675
675 677
677 678 679
678 679
679 681
681 682 683
682 683
683
686
689 690
690 692
692 693 694
693 694
694 696
696 698
698
704 706
706 708
708 709
709
712
717 719
719 720
720 722
722 723
723
726 728
728 729 730
729 730
730 732
732
736 737 738
737 738
738
747 748
748 750
750 752
752 754
754
757 758
758
768 769
769
772 773 774
773 774 775
774 775 776
775 776 777
776 777 778
777 778 779
778 779
779 781
781
787 788 789
788 789 790
789 790
790 792
792 794
794
797 799
799 800 801
800 801
801
806 807 808
807 808
808
812 814
814
817 818 819
818 819
819
822 824
824
827 828
828 830
830 831 832
831 832 833
832 833 834
833 834 835
834 835
835
838 839 840
839 840
840
843 844 845
844 845
845
853 854 855
854 855
855 857
857 858
858
861
866 867
867 869
869 871
871 873
873 874 875
874 875 876
875 876
876
880 882
882 883 884
883 884
884 886
886
889 890 891
890 891
891 893
893 894 895
894 895 896
895 896
896
899
902 904
904 905 906
905 906 907
906 907
907 909
909
912 913 914
913 914 915
914 915 916
915 916
916 918
918 919 920
919 920 921
920 921
921
925 926
926 928
928 929
929 931
931
937 938 939
938 939 940
939 940
940
945 946
946
949 950
950 952
952 953
953
956 958
958 960
960 961 962
961 962 963
962 963
963
966 967 968
967 968
968 970
970 971
971
976 977 978
977 978 979
978 979 980
979 980 981
980 981
981 983
983
991 992
992
996 997 998
997 998
998
