#naive2.0.py
# GMT Fri Feb 14 13:34:04 2020
# 
1 999
9 10
10 12
12 13
13
18 19
19 21
21 23
23 24
24 26
26 27 28
27 28 29
28 29
29 31
31
35 36 37
36 37 38
37 38 39
38 39
39
42 44
44
53 55
55 57
57 58
58 60
60 62
62
65
69
73 74 75
74 75 76
75 76
76
79 80 81
80 81 82
81 82
82
86
89 90
90
93 94
94 96
96 98
98
103 104
104 106
106
109
113
117 118 119
118 119
119
128
131 132
132
135 137
137
140 141
141
146
150
159
164 166
166
169 170
170 172
172
175 176
176
185 186 187
186 187
187 189
189 190 191
190 191
191 193
193 194
194
201
204 206
206
211 213
213 214
214
217
223 225
225
231
237
240 241 242
241 242 243
242 243
243 245
245 246 247
246 247 248
247 248 249
248 249 250
249 250 251
250 251 252
251 252
252 254
254 255
255
261 263
263 264 265
264 265
265
269 270
270 272
272
275 276 277
276 277 278
277 278
278
282 284
284 285
285
288 290
290
293 294
294 296
296 298
298
301
309 310 311
310 311 312
311 312
312
315
318 320
320 322
322
327 328 329
328 329
329
332
339 341
341
346 347 348
347 348 349
348 349 350
349 350
350 352
352 353
353
357 358
358
363 364
364 366
366 367 368
367 368 369
368 369 370
369 370 371
370 371
371
382 383
383
387 388
388
393 395
395 396
396 398
398 399 400
399 400
400 402
402 403
403
406
413 414
414
417
422
425 426
426
429 430 431
430 431
431
436 438
438 439
439 441
441 442 443
442 443 444
443 444 445
444 445 446
445 446
446
449
452 453 454
453 454 455
454 455
455
465 466 467
466 467 468
467 468
468
471 472
472
476 478
478
481 482 483
482 483
483
486 488
488 489
489 491
491 492
492
495 496 497
496 497 498
497 498
498
501 503
503
508 509
509
514 515
515 517
517
521 522 523
522 523
523
526 527 528
527 528
528 530
530 531 532
531 532
532
537
543
546 548
548 549
549 551
551 552 553
552 553 554
553 554
554
558 560
560 562
562 563 564
563 564 565
564 565
565
570 571 572
571 572
572 574
574 575
575 577
577 578 579
578 579 580
579 580
580 582
582
587
592 594
594
597 598
598
602 603 604
603 604 605
604 605
605
608
612
617 619
619 621
621 623
623 624
624 626
626 628
628
631
634 636
636
639 640 641
640 641
641
650
653 655
655 656 657
656 657 658
657 658
658
665 666
666 668
668 669 670
669 670
670
673 674 675
674 675
675 677
677
680
684 685 686
685 686 687
686 687
687
697 698 699
698 699
699
705 707
707 709
709 710
710 712
712 713
713
718
722 723
723
727 728
728 730
730 731 732
731 732 733
732 733
733
736
739 740
740 742
742
745 746
746
749
752
755 756
756
761 762
762
769
774 775
775
778 779 780
779 780
780 782
782 784
784
787
790 792
792 793
793
796 797 798
797 798
798 800
800
806 808
808 810
810
816
822 824
824
827
832 834
834 835 836
835 836
836
840 842
842 843
843
846 848
848
851
858
861 862 863
862 863 864
863 864
864 866
866 868
868 869 870
869 870 871
870 871 872
871 872 873
872 873
873
877 879
879 880
880 882
882 883 884
883 884
884
887 888
888
892 894
894 896
896
900
904 905
905
908
911 913
913 915
915
918 919 920
919 920 921
920 921
921
924 925 926
925 926
926 928
928
931 932 933
932 933
933
937
943 945
945 946
946
952
956
960
969
972 974
974 975
975 977
977
980 981 982
981 982 983
982 983
983 985
985
990 991 992
991 992
992
999
