#naive2.0.py
# GMT Fri Feb 14 13:34:02 2020
# 
0 999 2
2 3 4
3 4 5
4 5 6
5 6 7
6 7
7 9
9 10 11
10 11
11 13
13 14 15
14 15
15 17
17 19
19 20
20
23 24
24
28
31 32
32
35 36 37
36 37 38
37 38
38
42 43
43 45
45 46 47
46 47
47
50 51
51 53
53 55
55 56
56 58
58 60
60 61 62
61 62 63
62 63 64
63 64
64 66
66 67
67 69
69 70
70
77 78
78 80
80 81 82
81 82
82
87 89
89 91
91
94
98
101 103
103
111
115 116 117
116 117 118
117 118
118
121
124 125 126
125 126
126
129 131
131 133
133 134
134 136
136 137
137 139
139 140
140 142
142
147 148
148
152 154
154
157 158
158
162 163
163
166 167
167 169
169
172
175 177
177 179
179
185 186 187
186 187 188
187 188
188
192 193 194
193 194
194
197
203
207
211
214 216
216 218
218 219
219
222 223
223
226 228
228
234 236
236
240 242
242
245 247
247 248
248 250
250 252
252 253
253 255
255 257
257
260 262
262
265 267
267 268 269
268 269
269
272 274
274 276
276 277 278
277 278
278 280
280 281 282
281 282
282
285
288 289 290
289 290 291
290 291
291
294
298 299
299 301
301 303
303 305
305 306
306 308
308 310
310
318
321 322
322
325
329 330
330
333
343
347 349
349 350 351
350 351 352
351 352 353
352 353 354
353 354
354 356
356
362 363 364
363 364
364 366
366
373 374
374 376
376 377
377 379
379 380
380 382
382 383
383
387 388 389
388 389
389 391
391
394
398
403 405
405 406
406 408
408
414 416
416 417
417
423 424
424
427
430 431 432
431 432
432 434
434
438
441 442 443
442 443 444
443 444
444 446
446 447 448
447 448 449
448 449 450
449 450
450 452
452 453
453
456 458
458 459
459 461
461 462 463
462 463
463
466 468
468 469
469 471
471
474 475
475 477
477
480 481 482
481 482 483
482 483
483 485
485 487
487 488
488
495
498
502 504
504 506
506 507
507
511 513
513 514 515
514 515
515 517
517
520
525 526
526 528
528 529 530
529 530 531
530 531
531
538 540
540
544
547 548
548
553 555
555 556 557
556 557 558
557 558
558
561 562 563
562 563
563
567 569
569 570 571
570 571 572
571 572 573
572 573 574
573 574
574 576
576 577
577 579
579 580
580
585 586 587
586 587 588
587 588
588 590
590 591
591
595 597
597 598 599
598 599
599
604
609 610 611
610 611 612
611 612
612 614
614 615
615
618
622
625 627
627
630
633 634 635
634 635 636
635 636 637
636 637 638
637 638
638 640
640 641 642
641 642
642 644
644 645 646
645 646 647
646 647 648
647 648 649
648 649 650
649 650 651
650 651 652
651 652
652 654
654 655 656
655 656
656 658
658 659 660
659 660
660 662
662 663
663
666
671 672
672
675 677
677 678
678
681 682 683
682 683 684
683 684 685
684 685 686
685 686
686 688
688 689
689 691
691 692 693
692 693 694
693 694 695
694 695
695
699
704
708 709 710
709 710
710 712
712 714
714 715
715 717
717
722 723
723 725
725 727
727
731 732 733
732 733 734
733 734 735
734 735
735
738 739 740
739 740
740 742
742
747
752 753
753
756 758
758 759 760
759 760 761
760 761
761
772 774
774 776
776 777 778
777 778
778
781 783
783
788
793 794 795
794 795
795
799 800
800 802
802 804
804 806
806
812 813
813
816
821 822
822 824
824
827 828 829
828 829
829 831
831 833
833 834
834
837
840 841
841
846 847
847
850
853
858 859
859 861
861
869 871
871 873
873 874
874 876
876
879 881
881 882 883
882 883 884
883 884
884 886
886 887 888
887 888
888
898 900
900 901 902
901 902 903
902 903 904
903 904 905
904 905 906
905 906 907
906 907
907
910 911
911 913
913 915
915
918 919 920
919 920
920 922
922
925 926 927
926 927 928
927 928
928
935 936
936 938
938 939 940
939 940
940
944 946
946
949 950 951
950 951
951
954 956
956 957 958
957 958 959
958 959
959
963
972 974
974 975
975
979
983 985
985 986
986
990
993
997 999
999
