#naive2.0.py
# GMT Fri Feb 14 13:34:00 2020
# 
1
6 8
8 10
10
14
21 22 23
22 23
23 25
25 26
26 28
28
31 32 33
32 33
33
37
40 41 42
41 42 43
42 43
43
47
54
59 61
61 62 63
62 63 64
63 64 65
64 65 66
65 66
66
70
77 79
79 81
81
86 87
87
90 92
92
95
101 102
102
107 109
109 111
111 112
112
115 116
116
119 121
121 122
122 124
124 125
125 127
127 128 129
128 129 130
129 130
130
136 138
138 140
140 142
142
145
150 152
152
155
158 160
160 161 162
161 162
162
167 168
168
172 173
173 175
175 177
177
180 182
182
185 187
187
191 193
193
196 198
198 200
200 201
201
206 207
207 209
209
214 215 216
215 216 217
216 217 218
217 218
218 220
220 221
221
227 229
229
234 235
235 237
237 238
238 240
240 241
241 243
243 245
245 247
247
250 252
252 253
253
257 258 259
258 259 260
259 260
260
265 266 267
266 267 268
267 268 269
268 269
269
274 275 276
275 276 277
276 277 278
277 278
278
284 285
285
288 290
290 291
291
294 295 296
295 296 297
296 297
297
301
306 307 308
307 308
308 310
310
313 314
314 316
316 318
318
321
324 325 326
325 326 327
326 327
327 329
329 331
331 332 333
332 333
333
336 338
338 339 340
339 340 341
340 341 342
341 342 343
342 343
343
347
350 352
352
356 358
358
363 364
364
370 372
372 373 374
373 374
374 376
376 378
378 379 380
379 380
380
384 385 386
385 386 387
386 387 388
387 388
388
392
397
402 404
404 405
405
409
417
420
423 424 425
424 425 426
425 426 427
426 427
427 429
429
432 433 434
433 434 435
434 435 436
435 436 437
436 437
437 439
439
442
447
451
455
459 461
461 463
463 464 465
464 465 466
465 466 467
466 467 468
467 468 469
468 469
469 471
471 473
473
479 480 481
480 481 482
481 482
482
487
491
497 498
498 500
500
503 504 505
504 505
505
508
513
517 518
518 520
520
523
526 527
527 529
529 530
530
533 535
535 537
537 539
539
544 545
545 547
547 548 549
548 549
549
552 554
554
557
560 561 562
561 562
562
565 566
566
569 570 571
570 571
571
578 579 580
579 580
580 582
582 583
583 585
585 587
587
594
597 599
599 601
601 602 603
602 603 604
603 604
604
607 608
608
611 613
613 614
614 616
616 618
618 619 620
619 620
620
623 624 625
624 625 626
625 626
626 628
628 629 630
629 630
630 632
632 633
633
636 637 638
637 638
638
643 644
644 646
646 648
648 650
650 651
651
657
660 661 662
661 662 663
662 663
663
666 667 668
667 668
668 670
670
675
679 681
681
687
691
694 695 696
695 696
696
699 700 701
700 701
701 703
703 704
704 706
706 707
707 709
709
712 713
713
716
719 720
720
729 731
731 732
732
736 737
737
741 743
743 745
745 746
746 748
748 749 750
749 750
750 752
752 754
754 755
755
758 760
760 762
762 763 764
763 764 765
764 765 766
765 766 767
766 767 768
767 768
768 770
770 771
771
775
780 781
781 783
783
786 787 788
787 788 789
788 789
789 791
791 792 793
792 793 794
793 794 795
794 795
795
801 803
803 804 805
804 805
805 807
807
812
816 818
818
823 824 825
824 825 826
825 826
826
829
832 834
834 835 836
835 836
836 838
838 840
840 841
841 843
843 845
845 846 847
846 847
847
851 853
853
858 860
860 861 862
861 862 863
862 863 864
863 864 865
864 865 866
865 866 867
866 867
867 869
869 871
871 872
872 874
874
877 878 879
878 879
879
883 884
884
888 889 890
889 890
890
897 898
898
901 903
903 905
905
908 909
909 911
911 912 913
912 913
913 915
915 916 917
916 917 918
917 918 919
918 919
919
923 924 925
924 925 926
925 926 927
926 927 928
927 928
928 930
930
933 934
934
939 940 941
940 941 942
941 942
942 944
944 945 946
945 946 947
946 947
947 949
949 950 951
950 951 952
951 952
952
955 956
956
959 960
960 962
962 963
963
966 968
968 969
969
977 978 979
978 979
979
983
986 987
987
990
993
