#naive2.0.py
# GMT Fri Feb 14 13:34:04 2020
# 
2 3
3
7
12
15 17
17 19
19 21
21 22
22
25 27
27
30
34 35 36
35 36 37
36 37
37
44 45 46
45 46 47
46 47 48
47 48 49
48 49 50
49 50
50
57
60 61
61 63
63 64
64
69 70
70 72
72 74
74
79
85
89 90 91
90 91
91 93
93 94
94
98 99 100
99 100
100
105 106 107
106 107
107
111 113
113 115
115
121 123
123 125
125
130 132
132
135 137
137
146 148
148 149 150
149 150
150
154 155 156
155 156 157
156 157 158
157 158 159
158 159 160
159 160 161
160 161
161
165
176 177 178
177 178
178 180
180
184 185 186
185 186
186 188
188
191 192
192
197 199
199 200 201
200 201
201
205
211 212 213
212 213 214
213 214 215
214 215
215 217
217
220 221
221
227
232
239
242 243
243 245
245 247
247 248 249
248 249
249 251
251 252
252
255 256
256
259 260
260 262
262 263
263 265
265
269
273
276 277
277 279
279 280 281
280 281
281
286
291 293
293
299
302
305 307
307
310
313 314
314
317 318
318
321 322
322
327
331
338 340
340
345
349 351
351
354 356
356 357
357
361 362
362
367
373 374
374
378 380
380
387
390 391
391
394
397
400 402
402 404
404 406
406 407 408
407 408
408
413 414
414
417
428 429
429
432
435 437
437 438
438 440
440 441
441
446 447 448
447 448 449
448 449 450
449 450 451
450 451 452
451 452
452 454
454 456
456
460
463 464 465
464 465 466
465 466
466
469 471
471 473
473 474
474
478 479 480
479 480 481
480 481
481
486 487
487
496 497
497
501 502 503
502 503
503
506
509
513 515
515 516
516
519 521
521 522 523
522 523 524
523 524
524
530 532
532 534
534
537 539
539
542
546 547
547 549
549 550
550 552
552 554
554 555
555
559
566 567
567
570 571 572
571 572 573
572 573 574
573 574
574
577
580 581 582
581 582
582 584
584 586
586 587 588
587 588 589
588 589 590
589 590
590 592
592 593 594
593 594
594 596
596 597
597 599
599 601
601 603
603
607 608 609
608 609 610
609 610 611
610 611 612
611 612
612
615 617
617 619
619 620 621
620 621
621 623
623 624
624
627 628 629
628 629 630
629 630
630 632
632 633
633
637 638 639
638 639 640
639 640
640 642
642 643
643 645
645 647
647 649
649 650 651
650 651
651 653
653 655
655
658
661
665 667
667 668
668 670
670
673 674 675
674 675
675
678 679 680
679 680
680
684
689 690
690 692
692 693
693
697 699
699 700
700 702
702 703
703 705
705 706
706
709
712 714
714 716
716 717
717 719
719
723 725
725 726
726
730 731
731
734 736
736
740 741 742
741 742
742
746 747 748
747 748
748
751
755 756 757
756 757 758
757 758 759
758 759
759
772 773 774
773 774
774 776
776 777 778
777 778 779
778 779
779 781
781 782 783
782 783 784
783 784
784 786
786
790 791 792
791 792
792 794
794 795 796
795 796 797
796 797 798
797 798 799
798 799
799
802 804
804 806
806 808
808 810
810
814
818
822 824
824 825 826
825 826
826
830 831
831 833
833 835
835 837
837 838
838
843 845
845
848 849
849 851
851 852
852
855
861
865 866
866 868
868 869
869
872 874
874 876
876
880 881
881
886 888
888 890
890
897 899
899 901
901 902
902 904
904 905 906
905 906 907
906 907
907
913 915
915 916
916
920 922
922
925 926 927
926 927 928
927 928
928
932 934
934 936
936 937 938
937 938
938
942
946
950 951
951
954 955
955 957
957 959
959 961
961
965 966
966 968
968 970
970 971
971
975 976
976
981 983
983
986 987
987 989
989 990
990 992
992 994
994 996
996 997
997
