#naive2.0.py
# GMT Fri Feb 14 13:34:02 2020
# 
5
8
16 17
17 19
19
22
27
30 31 32
31 32 33
32 33
33
36
39 41
41
46
52 54
54 55
55
59 61
61
67
73 74 75
74 75
75
82
86 87
87
90
96
101 102
102
107
112 113
113
118 119
119
123 124 125
124 125
125 127
127 128 129
128 129
129
134 135
135
139
142 144
144 146
146
149 150 151
150 151 152
151 152 153
152 153 154
153 154 155
154 155
155 157
157 158 159
158 159 160
159 160
160
164
168 170
170 171
171
174
177
180 181
181
184 185
185
188 190
190 191
191 193
193
196 198
198 200
200
205 206 207
206 207
207 209
209 211
211 213
213 214 215
214 215
215
218 220
220
223 224
224 226
226 227
227
232
235 237
237 238
238
243 244 245
244 245 246
245 246
246 248
248 249 250
249 250 251
250 251
251
255 256 257
256 257
257
261 262
262 264
264 265
265
268 269 270
269 270 271
270 271
271
274
277
280 282
282 284
284 286
286 287 288
287 288 289
288 289 290
289 290 291
290 291
291
297 299
299 301
301 302
302
308
311
319
322 324
324 326
326 328
328 330
330
333 335
335 337
337 338 339
338 339
339
342 343 344
343 344 345
344 345
345 347
347
350 351
351
355 357
357 358
358
361 363
363
367 368 369
368 369 370
369 370
370 372
372 373 374
373 374
374
378 379
379 381
381 383
383 384 385
384 385 386
385 386 387
386 387
387
390 392
392 393 394
393 394
394
399 400
400 402
402
406 408
408 410
410 411 412
411 412 413
412 413
413
418
421
429 430
430 432
432 434
434 435
435 437
437 438 439
438 439
439
442 443
443
446
449 450 451
450 451
451 453
453 454 455
454 455
455 457
457
461
464
467 468
468
472 473
473 475
475
478
487 488
488 490
490 491
491 493
493 495
495
499 500
500 502
502
505 506 507
506 507 508
507 508 509
508 509 510
509 510 511
510 511 512
511 512
512
516
523
526
529 530
530
534
540
546 548
548 549
549
552 553
553
556 558
558
561 562
562
570 572
572
576 577 578
577 578 579
578 579
579 581
581
584
587 589
589
594 595
595 597
597 599
599
603 605
605 606
606
610 611
611
616 617
617 619
619 620
620 622
622 623
623
626 627
627
630 632
632 633 634
633 634
634 636
636 638
638
641
645 646
646
650
653 654
654 656
656 657 658
657 658 659
658 659 660
659 660
660
664
668
671 673
673
676
684 685
685 687
687 689
689
693 694
694 696
696 697 698
697 698 699
698 699
699
703 704 705
704 705
705 707
707
711 713
713 714
714 716
716
720 722
722 723
723 725
725 726 727
726 727 728
727 728
728 730
730 731 732
731 732 733
732 733
733 735
735
742
745
753 754
754 756
756 757
757 759
759 761
761
764 765
765
768 769
769 771
771
774 775
775 777
777 778 779
778 779 780
779 780
780
783 785
785
788
794
797 798
798
804
808 809
809 811
811 812 813
812 813
813 815
815 816 817
816 817
817 819
819
822 824
824
827 828 829
828 829
829 831
831 833
833 835
835
838 839 840
839 840
840 842
842 844
844 846
846
853 854
854 856
856
860 862
862 864
864 866
866 867
867 869
869 870 871
870 871 872
871 872 873
872 873
873 875
875
879 880
880 882
882 883 884
883 884
884 886
886
889 890
890 892
892 894
894
897
900
903 904 905
904 905
905
908 910
910 911 912
911 912 913
912 913 914
913 914
914
917
923 925
925 926 927
926 927 928
927 928 929
928 929
929 931
931
934
937
941 943
943 945
945
948 949
949 951
951 953
953 954 955
954 955
955 957
957 958
958
962
967 968
968
971 972 973
972 973 974
973 974
974 976
976
980 981 982
981 982
982
985 986 987
986 987
987 989
989
994 995 996
995 996
996
999
