#naive2.0.py
# GMT Fri Feb 14 13:33:58 2020
# 
0 1 2 998
1 2
2 4
4
7 8
8
16 18
18 20
20 22
22 23 24
23 24 25
24 25 26
25 26
26 28
28 29
29 31
31
35 36 37
36 37 38
37 38 39
38 39 40
39 40
40
45 47
47
50 51 52
51 52
52 54
54 55
55
60
66 67 68
67 68
68
72
75 76
76 78
78
82
85
88 89
89
94 95
95 97
97
101 102 103
102 103
103 105
105
110 111
111
114 116
116 117
117 119
119 120 121
120 121
121
131 132
132
136 137
137 139
139 141
141 143
143 144 145
144 145
145
148
152
156 158
158 159 160
159 160 161
160 161
161 163
163
166 168
168 170
170 171
171
174 175 176
175 176 177
176 177 178
177 178
178 180
180 181 182
181 182 183
182 183 184
183 184
184 186
186 187 188
187 188 189
188 189
189
192 194
194 195
195
199 201
201
204
208 209
209
212 213
213 215
215 216 217
216 217 218
217 218
218
221 222 223
222 223 224
223 224
224 226
226 228
228 229 230
229 230 231
230 231 232
231 232 233
232 233 234
233 234 235
234 235
235 237
237 238
238
241
245 246 247
246 247
247 249
249
256
260 262
262 263
263
266
269
272 274
274
279 281
281 283
283
286 287 288
287 288 289
288 289
289
292
295 296
296 298
298
302 303
303
307 309
309
313 314
314 316
316 317 318
317 318 319
318 319 320
319 320
320
323 324
324
335
340 341
341
345 346 347
346 347 348
347 348 349
348 349 350
349 350
350
356 357
357
362 363
363
370 372
372 373 374
373 374
374
377 378 379
378 379 380
379 380 381
380 381
381
384 385
385 387
387 389
389 390
390
396
402 403 404
403 404 405
404 405
405 407
407 408
408 410
410 411 412
411 412
412
417
421 422 423
422 423
423 425
425
428 430
430
433 434
434
438 439 440
439 440
440
446 447 448
447 448 449
448 449 450
449 450
450 452
452 454
454 455
455
460
465 467
467 468 469
468 469 470
469 470
470
475 476
476
482
485 486
486 488
488 489
489
493
496 498
498
501 502
502 504
504 506
506 507 508
507 508 509
508 509
509
513
523 524 525
524 525 526
525 526 527
526 527
527 529
529 530
530 532
532
536 538
538 540
540 541
541
544 546
546 547 548
547 548 549
548 549
549 551
551 553
553
556 558
558 559 560
559 560
560
563 564 565
564 565
565
568
572 573 574
573 574 575
574 575
575
578 579 580
579 580
580
583 584
584
588 589
589 591
591
595 597
597
600
603 605
605 606 607
606 607 608
607 608
608 610
610 611 612
611 612
612
616 618
618 620
620 621 622
621 622 623
622 623 624
623 624
624
631
635 636
636
641 642
642 644
644 645
645 647
647 648 649
648 649 650
649 650 651
650 651
651 653
653 654 655
654 655 656
655 656
656
661 662 663
662 663
663
671
674
680 681 682
681 682
682 684
684 685 686
685 686
686
689
694 695
695
699 701
701
707 709
709 711
711
714 715 716
715 716 717
716 717 718
717 718
718
722 723 724
723 724
724 726
726 727 728
727 728 729
728 729 730
729 730 731
730 731
731 733
733 734 735
734 735
735
738 740
740
743 744 745
744 745 746
745 746 747
746 747 748
747 748 749
748 749 750
749 750
750
753 754 755
754 755
755
759 760 761
760 761
761 763
763
766 768
768 769 770
769 770
770 772
772 774
774 775 776
775 776
776 778
778 779
779
783 784
784
788
792 793 794
793 794 795
794 795
795
798 799 800
799 800
800 802
802 803
803 805
805 806
806
810 811
811 813
813
817 818
818
823
826 827
827 829
829
832
835 837
837 839
839 840
840 842
842
846 847 848
847 848 849
848 849
849 851
851
859
863 864
864 866
866 867 868
867 868
868
877
884 886
886 887
887 889
889
892
895
898 900
900 902
902 904
904 905 906
905 906
906
911 912 913
912 913 914
913 914
914
920 922
922 924
924 926
926 927
927
930 931
931
936 937
937
940 941
941 943
943 945
945 946
946
949
957 959
959
962
966 968
968 969
969
972
976
980 981
981 983
983 984
984
988 990
990 991 992
991 992
992 994
994 996
996 998
998
