#naive2.0.py
# GMT Fri Feb 14 13:34:03 2020
# 
1 2 3 999
2 3 4
3 4
4 6
6
12
18 20
20 21
21
24 25 26
25 26 27
26 27 28
27 28 29
28 29 30
29 30
30 32
32 33
33
37 38
38
43 45
45 46 47
46 47
47 49
49
53
57
60 61
61
64
67 68 69
68 69 70
69 70 71
70 71
71 73
73 74
74
77 79
79
92 94
94 96
96 97
97
100
103
106 107
107
112
117
124
128 130
130 131 132
131 132
132 134
134 136
136
140 142
142 143 144
143 144
144 146
146
149 151
151 152
152 154
154
157 159
159 161
161
164 166
166 167 168
167 168 169
168 169
169
172
176 177 178
177 178
178 180
180 182
182 183
183 185
185 186
186
190 192
192
195 197
197 198
198
201
205 207
207
210 211
211 213
213 214 215
214 215
215 217
217 218 219
218 219 220
219 220
220 222
222 224
224 226
226
229 230
230 232
232 233 234
233 234
234
238
244 245
245
248 249 250
249 250 251
250 251
251 253
253 255
255 256
256
262 264
264 265 266
265 266 267
266 267 268
267 268
268
271 273
273 274 275
274 275 276
275 276
276 278
278 279 280
279 280 281
280 281
281 283
283
286 287 288
287 288
288
291 293
293
296
299
302 303 304
303 304
304
307
312 313 314
313 314 315
314 315
315 317
317 318
318
321 323
323 325
325 326 327
326 327 328
327 328
328 330
330
335 337
337 339
339 340
340 342
342 343
343 345
345 347
347 349
349
352 354
354
359
363
366
370 371 372
371 372 373
372 373
373
378
381
384
388 389 390
389 390 391
390 391
391 393
393
396
399
403 405
405 406 407
406 407 408
407 408 409
408 409
409 411
411 412
412
417
420
423 425
425 427
427 429
429
432
437
440 442
442 443 444
443 444
444
448 449
449 451
451 453
453
456
459 461
461 463
463 464 465
464 465
465 467
467 468
468 470
470 471 472
471 472 473
472 473
473 475
475 477
477 478
478 480
480 482
482
485 486
486 488
488 489 490
489 490 491
490 491 492
491 492 493
492 493 494
493 494
494
497 498
498 500
500
503
510 512
512 514
514 515 516
515 516 517
516 517 518
517 518 519
518 519
519 521
521 523
523 525
525 526 527
526 527 528
527 528 529
528 529 530
529 530 531
530 531
531 533
533 534
534 536
536
539 541
541 542 543
542 543 544
543 544 545
544 545
545 547
547
551 553
553 554 555
554 555 556
555 556
556 558
558 559
559
562 563
563 565
565 566 567
566 567 568
567 568 569
568 569 570
569 570
570
574
579
583 584
584
588 589
589
593 595
595 597
597 599
599 600
600 602
602 603
603
610 612
612 614
614 615 616
615 616
616 618
618 620
620
623 624
624 626
626 628
628 630
630
635 636 637
636 637 638
637 638 639
638 639 640
639 640 641
640 641 642
641 642 643
642 643
643
646 647 648
647 648
648 650
650 652
652 653 654
653 654 655
654 655
655
659
662 664
664 666
666
670 671 672
671 672
672 674
674 675 676
675 676 677
676 677 678
677 678
678
681 683
683 684 685
684 685
685 687
687
691 693
693 694
694
699
702 703 704
703 704 705
704 705 706
705 706 707
706 707 708
707 708
708
713 715
715 716 717
716 717
717 719
719 720 721
720 721
721 723
723 724 725
724 725 726
725 726
726
730 731
731
736 737 738
737 738
738 740
740 742
742 743 744
743 744 745
744 745 746
745 746
746
749 750 751
750 751 752
751 752 753
752 753 754
753 754 755
754 755
755 757
757
760 762
762
765
770
774 775
775
780 782
782 784
784
795
801 802
802 804
804 805 806
805 806 807
806 807
807 809
809 811
811
814
820 822
822 823
823
830 831
831 833
833
836 837 838
837 838 839
838 839
839 841
841 842
842 844
844 845
845 847
847 848
848
854 856
856 857 858
857 858
858
862
865
868 869
869 871
871 872 873
872 873
873 875
875 876
876
880 881
881
891
897 898 899
898 899
899
902 903 904
903 904 905
904 905 906
905 906 907
906 907 908
907 908 909
908 909
909 911
911 913
913 915
915 916 917
916 917 918
917 918
918
922
925 926
926
929
933 935
935 937
937 939
939
943 945
945
949 951
951 952
952
956 958
958 959
959 961
961 962 963
962 963 964
963 964
964 966
966 967
967
971 972
972
976 978
978
981 982
982
985 986 987
986 987
987
992 994
994 995
995
999
