#naive2.0.py
# GMT Fri Feb 14 13:34:05 2020
# 
4 5 6
5 6
6
11 12
12 14
14 16
16 17 18
17 18 19
18 19
19 21
21
24 25 26
25 26 27
26 27
27
30 31
31
34 36
36
39 41
41 42 43
42 43
43
46
50
54 55
55 57
57 58 59
58 59 60
59 60
60
64 66
66 67 68
67 68
68 70
70
75 76 77
76 77 78
77 78 79
78 79 80
79 80
80
84 86
86 87
87 89
89
92
96 98
98
105 107
107 108
108 110
110
113 114
114
118 119 120
119 120
120
128 129
129 131
131 132 133
132 133
133
138 139
139 141
141 142
142 144
144 145 146
145 146
146 148
148
152 154
154 155 156
155 156 157
156 157 158
157 158
158
161
164 166
166 167
167 169
169 170
170
178 180
180 182
182 183 184
183 184
184
187 188 189
188 189 190
189 190
190 192
192 193 194
193 194 195
194 195 196
195 196
196 198
198
201 203
203 204
204 206
206 207 208
207 208 209
208 209 210
209 210 211
210 211
211
214 215
215
219
226 227
227
232 233 234
233 234
234 236
236 237
237 239
239 240
240 242
242
246 247
247
250 251 252
251 252
252
258 259
259 261
261
267
270 271 272
271 272 273
272 273 274
273 274
274 276
276 278
278
283 284 285
284 285
285 287
287 289
289
293
296 297 298
297 298
298 300
300 302
302
308 310
310
314
317 318
318
321 323
323 324
324 326
326 327
327
331 332
332
342 343 344
343 344
344 346
346
349
352 353
353 355
355 356
356
359 360
360
363 364 365
364 365
365 367
367 369
369 370
370
373 374 375
374 375
375
382 383
383
387 388
388
391 392 393
392 393
393 395
395 396 397
396 397 398
397 398 399
398 399 400
399 400
400 402
402
409 410
410
414
418 420
420 421 422
421 422 423
422 423
423 425
425
428
433 434 435
434 435 436
435 436 437
436 437 438
437 438 439
438 439
439
442 444
444 445
445
449 450
450
455
458 460
460 462
462 464
464 465
465
468
471
476 478
478
481 482 483
482 483 484
483 484
484
488 490
490 492
492 493
493
496 498
498
501 503
503 504
504
508 510
510 511 512
511 512 513
512 513
513
517
523 525
525 527
527 529
529 531
531 533
533 535
535 537
537 538
538
544
547 549
549 551
551
555 557
557 558 559
558 559
559 561
561 562
562
568
571 573
573 574 575
574 575
575 577
577 579
579
583 584 585
584 585
585 587
587 588
588 590
590 591 592
591 592
592
597 598 599
598 599
599
602 603 604
603 604
604 606
606 607
607
611
615 616 617
616 617 618
617 618
618
621
628 630
630
633 634
634
637
640 641 642
641 642
642 644
644 645
645 647
647 648 649
648 649
649
653
657 658
658 660
660 661
661 663
663 664
664 666
666 668
668 669 670
669 670 671
670 671
671
677 678 679
678 679 680
679 680
680 682
682 683
683
688 689 690
689 690
690
693
698 700
700 702
702 704
704 705
705
709 710
710
713 714 715
714 715 716
715 716 717
716 717
717
722 723
723 725
725
729 731
731
734 736
736 738
738
747
750 751
751
756
759 761
761 762
762 764
764 765
765
776 777
777 779
779 781
781
785
788
792
797 799
799 800 801
800 801
801
805 807
807 808
808 810
810 811 812
811 812 813
812 813 814
813 814
814
817 818
818 820
820 821 822
821 822 823
822 823 824
823 824
824 826
826 828
828
836 837
837 839
839 840
840 842
842
847 849
849 850 851
850 851 852
851 852 853
852 853
853 855
855 857
857 858 859
858 859 860
859 860
860
863 864 865
864 865 866
865 866
866 868
868 870
870 871
871 873
873 874
874 876
876 877 878
877 878
878 880
880 881 882
881 882
882
886 887 888
887 888 889
888 889
889
892 894
894
897
902 903
903
907 908
908 910
910 911
911
915 916 917
916 917 918
917 918
918 920
920 922
922
925 926 927
926 927
927 929
929 931
931 933
933 935
935
942 943
943 945
945 946 947
946 947 948
947 948
948 950
950 952
952 954
954
957 958 959
958 959 960
959 960 961
960 961
961
964 966
966 967 968
967 968 969
968 969
969 971
971 972
972 974
974
977 978 979
978 979 980
979 980 981
980 981
981
984 986
986 987
987 989
989 990
990
994 995 996
995 996
996 998
998
