#naive2.0.py
# GMT Fri Feb 14 13:34:03 2020
# 
0 1 2
1 2
2 4
4 6
6 7
7 9
9
14
17
21
24 25
25 27
27 28
28
32 34
34 35
35
38 40
40 42
42 43 44
43 44 45
44 45
45 47
47 48
48 50
50 51
51 53
53 54 55
54 55
55 57
57
62 63
63 65
65
68
71
80
84 85 86
85 86
86 88
88 90
90
95 96
96
103 104
104
112 113 114
113 114 115
114 115
115 117
117
123
127 129
129
132 134
134 136
136 137
137 139
139
142
147
150
154 155
155 157
157 158
158 160
160 161
161
164 165
165
168 169 170
169 170
170 172
172 173
173
176 178
178
183
186 187 188
187 188 189
188 189
189 191
191 192
192
195 196 197
196 197 198
197 198 199
198 199 200
199 200
200 202
202 203
203 205
205
210
217
221 222
222
225 226
226
230 232
232 233
233
236 237
237
241 243
243
246 248
248 249
249 251
251
255 257
257 258
258
261 263
263 264 265
264 265
265 267
267 268 269
268 269
269
273 275
275 276 277
276 277
277
281 282
282 284
284
287 289
289
292 293 294
293 294 295
294 295 296
295 296
296
301
305
308 310
310 311
311 313
313 314 315
314 315
315 317
317
320 321
321
326 327
327 329
329 330
330
334 335
335 337
337
343 344
344 346
346 348
348 349 350
349 350 351
350 351
351 353
353
356
359 360 361
360 361 362
361 362
362 364
364 366
366 367 368
367 368 369
368 369
369
373
378
381 382
382
385 386
386 388
388
395 397
397 399
399 401
401 403
403 405
405 406
406
409 410
410
413 415
415
420 421
421
424 425
425
435 436
436 438
438 439
439
442 444
444 445
445
450 451
451 453
453
457
462 463 464
463 464
464
467 468
468
472
475 476
476
479
483 485
485 486
486 488
488
494
497 498 499
498 499
499
504 505 506
505 506 507
506 507 508
507 508
508 510
510
515
518 519
519 521
521 523
523 524
524
527 529
529 530
530 532
532 533
533 535
535 537
537 539
539
547 548 549
548 549
549
552 553 554
553 554
554
558
561
564
568
571 572 573
572 573 574
573 574
574 576
576 578
578 579 580
579 580 581
580 581 582
581 582 583
582 583
583
587 588
588
595
601 602
602 604
604
607
611 612
612
616 618
618 619
619
624 625
625 627
627
632 633 634
633 634
634
637 638
638
643 644 645
644 645
645
648 649
649 651
651 653
653 654 655
654 655 656
655 656
656
661
671 673
673
678 680
680 681 682
681 682
682
685 687
687 688
688
691
694 695
695 697
697 698
698 700
700 701
701
705 706 707
706 707 708
707 708
708 710
710 712
712
716 717 718
717 718
718 720
720 722
722 723
723
727
733 734
734 736
736 737
737
751 752
752
757 758 759
758 759 760
759 760 761
760 761
761
764
768 769
769
772
776 778
778 779
779 781
781 782 783
782 783 784
783 784
784
788
793 794
794 796
796 798
798 799 800
799 800
800 802
802 804
804
810 812
812 813 814
813 814
814 816
816 817 818
817 818 819
818 819
819 821
821
825 827
827
830 831
831 833
833 834
834
839 840 841
840 841
841 843
843 845
845 847
847 849
849 850 851
850 851
851
855 856
856
860
874 875 876
875 876 877
876 877
877
881 883
883 885
885 887
887 889
889 891
891 892
892
895 897
897 898 899
898 899
899 901
901 902 903
902 903 904
903 904
904 906
906 907
907 909
909 910
910 912
912
915 917
917 919
919 921
921
924 926
926 928
928
931 932
932 934
934 936
936
940 942
942 944
944
948 950
950 951 952
951 952 953
952 953 954
953 954
954 956
956 957
957
961 962 963
962 963
963
968 969
969
972 973
973
976 977
977
980
983
987 988
988 990
990 992
992 993
993
