#naive2.0.py
# GMT Fri Feb 14 13:33:58 2020
# 
0 999 998
6
10 11
11
14
20 21 22
21 22
22 24
24 25
25 27
27 28
28 30
30 31 32
31 32
32 34
34 35
35
38 39
39
42 44
44
47 49
49 51
51 52
52
55 56 57
56 57 58
57 58
58 60
60 62
62 63
63
66 68
68 69 70
69 70 71
70 71 72
71 72
72
77 79
79 80
80
84
89
92 93 94
93 94
94
99 101
101 102
102 104
104 105
105
109 111
111 112 113
112 113
113 115
115
119 121
121
124
129 130 131
130 131
131
134 136
136
148
151 152
152 154
154 155 156
155 156
156
159 160 161
160 161
161 163
163 165
165
169 170 171
170 171 172
171 172 173
172 173 174
173 174
174 176
176 177
177
180 181 182
181 182
182
186 188
188 190
190 192
192
195 196 197
196 197 198
197 198
198
204
209
214
217 218
218
230 232
232 233 234
233 234
234 236
236 238
238 239
239 241
241 242
242 244
244
251
256 257
257
260
265 267
267
270 271
271
275
278
281 282
282 284
284 285
285
288 290
290 291
291
295 296
296 298
298 299 300
299 300
300 302
302
306 307 308
307 308 309
308 309 310
309 310
310
314
317 319
319 320
320 322
322 324
324 325
325
328
337 338 339
338 339
339 341
341 342 343
342 343
343
348 349 350
349 350
350 352
352 353 354
353 354
354
359 360
360 362
362 363
363
366 367 368
367 368 369
368 369 370
369 370
370 372
372
377 378 379
378 379
379 381
381 382 383
382 383 384
383 384 385
384 385
385 387
387 388
388 390
390 391
391
396 398
398 399
399 401
401 403
403 404 405
404 405 406
405 406 407
406 407 408
407 408
408 410
410 411 412
411 412 413
412 413 414
413 414 415
414 415 416
415 416
416
420
423 425
425 426 427
426 427
427
430
434 436
436 438
438
448 449
449 451
451 453
453 454 455
454 455
455 457
457 458 459
458 459 460
459 460
460
466 468
468 469 470
469 470
470
476 477
477 479
479 481
481 482
482
486 487
487 489
489
492 494
494
499 501
501 503
503 505
505 506 507
506 507
507
512
518
521
524 526
526 527 528
527 528 529
528 529 530
529 530 531
530 531
531
536 538
538 540
540 541
541 543
543
546
549 550
550 552
552 553
553
556 558
558
561
565 566 567
566 567
567
571
574 575
575
582 584
584
588 589
589 591
591
596 597
597
600 601
601 603
603 605
605
609 611
611 613
613
617
620 621 622
621 622
622
625 627
627 628
628
631 633
633 634 635
634 635
635
641
651 652 653
652 653 654
653 654
654 656
656 657 658
657 658
658
661 662 663
662 663
663
667 669
669 671
671 672 673
672 673
673 675
675
679 680 681
680 681
681
685 687
687
690 692
692 693
693 695
695 696
696 698
698
702
706
709
712 713
713 715
715 716 717
716 717 718
717 718 719
718 719 720
719 720
720
724 725 726
725 726 727
726 727
727
730 731 732
731 732 733
732 733 734
733 734
734 736
736 738
738
741 743
743 745
745 746
746 748
748 749 750
749 750 751
750 751
751 753
753 755
755 756 757
756 757
757
760
765 767
767 768 769
768 769
769 771
771
777
780
784 785
785
790 791
791
794 795
795
802 803 804
803 804 805
804 805
805
808 809
809 811
811
816 817 818
817 818
818 820
820 822
822 823 824
823 824 825
824 825
825
831 833
833
836 837 838
837 838
838
842 843
843 845
845 847
847
850 851 852
851 852 853
852 853
853
857 859
859
866 868
868 870
870 871
871
874 875 876
875 876
876 878
878 879 880
879 880
880
887 888 889
888 889 890
889 890
890 892
892 893 894
893 894
894
898 899 900
899 900 901
900 901 902
901 902
902
906 907
907 909
909 910 911
910 911 912
911 912 913
912 913
913
920 922
922 924
924 925 926
925 926
926 928
928 929 930
929 930
930
934 935
935 937
937 938
938
942
945 946 947
946 947
947 949
949 950
950
954 956
956 957 958
957 958 959
958 959 960
959 960 961
960 961 962
961 962
962 964
964 965
965
969 971
971
974
978
982 983 984
983 984 985
984 985 986
985 986
986 988
988 989
989 991
991 992
992
997 998 999
998 999
999
