#naive2.0.py
# GMT Fri Feb 14 13:34:04 2020
# 
2
10 11
11
19 20
20 22
22 24
24 25
25 27
27 29
29 30 31
30 31
31 33
33 35
35 36
36 38
38 40
40 41
41 43
43 45
45 47
47
50 51 52
51 52
52 54
54 55
55
58 60
60
63 64 65
64 65 66
65 66
66 68
68
72 73 74
73 74
74
77
80 81 82
81 82 83
82 83
83 85
85 86 87
86 87
87 89
89
92 93 94
93 94
94 96
96 97
97
102 104
104 105
105
110 112
112
118
121 122
122
125 126 127
126 127 128
127 128 129
128 129
129
134
139
142
146 147 148
147 148 149
148 149 150
149 150
150 152
152 153
153
156 158
158 160
160
163 164 165
164 165 166
165 166
166
170 172
172
178 180
180
184 185 186
185 186
186 188
188 190
190
195 197
197 199
199 200 201
200 201
201 203
203 204
204 206
206 207
207
212 214
214 215 216
215 216 217
216 217 218
217 218
218 220
220 221 222
221 222
222
225 227
227 228 229
228 229 230
229 230
230 232
232
235 236 237
236 237
237 239
239 240 241
240 241 242
241 242
242
245
248
256 258
258 260
260 261 262
261 262 263
262 263 264
263 264 265
264 265
265 267
267 268
268
271
280 282
282
289 290
290
293 294
294
299 300 301
300 301
301
304
313 314
314
317 318
318 320
320 321
321
324 325 326
325 326 327
326 327
327
330 331
331 333
333 334 335
334 335 336
335 336
336 338
338
342 343 344
343 344
344
349 350
350
353
356
361 362
362 364
364 365 366
365 366
366 368
368 369 370
369 370
370
378
382
386 387
387 389
389 390 391
390 391
391 393
393 395
395 396 397
396 397
397
402
405
408 409
409 411
411
414 415 416
415 416 417
416 417
417 419
419 420 421
420 421 422
421 422
422
425 426 427
426 427
427
430
433 434 435
434 435
435 437
437 438
438 440
440
452 453 454
453 454
454
459
465
468 469 470
469 470
470 472
472
476
479 480 481
480 481 482
481 482 483
482 483 484
483 484
484
487 489
489
496 497
497 499
499 500
500
505 506 507
506 507 508
507 508
508 510
510 511
511
515 516 517
516 517
517
520 521 522
521 522
522
525 526
526 528
528 529
529
533 534 535
534 535
535
538 539
539
544 546
546 547 548
547 548
548
552 553 554
553 554 555
554 555
555
561 563
563 564
564
572 574
574
577 579
579 580 581
580 581 582
581 582
582
588 590
590 591
591 593
593 594
594 596
596 598
598
601 602
602
607 608
608 610
610 612
612 613
613 615
615 616
616 618
618 619 620
619 620 621
620 621
621
624 626
626 628
628 630
630
633
636 638
638
641 642
642 644
644 646
646 647
647
650 651
651
654
663 664 665
664 665
665 667
667 668
668 670
670 671 672
671 672
672
677
680
684 685
685 687
687 689
689 690 691
690 691
691
695 696 697
696 697
697 699
699
705
708 709 710
709 710
710 712
712
717 718
718 720
720 721
721 723
723
726 728
728 730
730 731
731
738 739
739
743
748
751 752 753
752 753
753 755
755 757
757
760 761
761
766 767 768
767 768 769
768 769 770
769 770
770
774 775 776
775 776 777
776 777
777 779
779 780 781
780 781
781
784
787 789
789 790
790
793
797 799
799 800 801
800 801 802
801 802
802 804
804 806
806
811 813
813
816 817
817
824 825 826
825 826 827
826 827
827 829
829 830
830 832
832 833
833
836 837
837 839
839
842 843
843
846
852
855 857
857 858 859
858 859 860
859 860
860 862
862 863 864
863 864 865
864 865 866
865 866
866 868
868 870
870 872
872 874
874 875
875
878 880
880
884
892 893 894
893 894
894
899 900
900
903
908 909
909 911
911 912 913
912 913 914
913 914 915
914 915 916
915 916 917
916 917
917
926 927
927 929
929 931
931 932
932 934
934
939 940 941
940 941 942
941 942 943
942 943
943
947 948 949
948 949
949
954 956
956 957 958
957 958 959
958 959
959 961
961 963
963 965
965 966 967
966 967
967
970
973
977 979
979
982 984
984 985 986
985 986
986 988
988
991 992
992 994
994 995
995 997
997 998
998
