#naive2.0.py
# GMT Fri Feb 14 13:34:03 2020
# 
0 1 2
1 2 3
2 3
3 5
5 6 7
6 7 8
7 8 9
8 9
9
14 15
15
18 19 20
19 20 21
20 21
21
25 26
26 28
28 30
30
35 36
36
39
42 43 44
43 44 45
44 45 46
45 46
46
49 50 51
50 51 52
51 52
52
56 57 58
57 58 59
58 59
59 61
61 63
63 64
64 66
66
69
74 76
76
83 85
85 87
87 88
88 90
90 91
91 93
93 94 95
94 95
95
99 100
100
104 105
105
112 113 114
113 114 115
114 115
115 117
117
123 125
125 127
127 128
128
131 132 133
132 133 134
133 134
134 136
136
141 142
142
146 147
147
154
159 160 161
160 161
161 163
163
166 168
168 169
169
174 176
176
181
185 186 187
186 187 188
187 188
188
191 192
192
195 196 197
196 197
197 199
199 200 201
200 201 202
201 202
202 204
204 206
206 208
208 210
210 211 212
211 212
212
215 217
217 219
219 220
220 222
222 223 224
223 224
224 226
226
229 230 231
230 231 232
231 232 233
232 233 234
233 234 235
234 235 236
235 236
236
239
243
253 255
255
259 261
261 263
263 264 265
264 265 266
265 266
266 268
268
272 273
273
280 281 282
281 282
282 284
284
287 288
288
293 295
295 296 297
296 297
297 299
299 300
300
303 304
304 306
306 307
307 309
309 310 311
310 311 312
311 312 313
312 313
313
317
323
335
339 340 341
340 341 342
341 342
342 344
344 345 346
345 346
346
349 350 351
350 351
351 353
353 354
354
358 359 360
359 360
360 362
362 363
363
366
373 375
375 376
376
379 380 381
380 381 382
381 382 383
382 383
383
386 387
387 389
389 390 391
390 391
391
396 398
398
402 403 404
403 404
404 406
406 407 408
407 408
408 410
410 412
412 413
413
416 417 418
417 418
418
421 422
422 424
424 425 426
425 426
426
430
433
439 440 441
440 441 442
441 442 443
442 443 444
443 444 445
444 445
445
448
451
454 456
456 458
458
461
464 466
466
469
474 476
476 477
477
482 483 484
483 484 485
484 485
485 487
487 488
488
493 494
494 496
496 498
498
502
515 516 517
516 517
517 519
519
522 523 524
523 524 525
524 525
525
529 530
530 532
532 533 534
533 534
534
537
541 543
543
546 547
547 549
549
553 555
555
558
562 564
564 566
566 567 568
567 568
568
571 573
573 574
574
578 580
580
585 587
587
592 593
593 595
595
605 607
607
614
618 619
619 621
621
627
630
636 637
637
642 643 644
643 644
644 646
646 647 648
647 648 649
648 649
649 651
651
656
659 660 661
660 661
661
666
672 673
673
676 677
677 679
679
683 684 685
684 685 686
685 686 687
686 687
687 689
689 690
690
694
697 698
698
701 703
703 704
704
708 709 710
709 710
710
714
718 720
720 722
722 724
724 726
726 728
728
731
734
738 740
740 742
742
745
748
751 753
753
758 760
760 761 762
761 762 763
762 763 764
763 764
764
767
770 772
772
777 778
778
781
785 786 787
786 787
787
795 797
797 799
799 800
800
805
808 809
809 811
811
816 817 818
817 818
818
821 823
823 824
824 826
826
829
832
835 836 837
836 837
837
841 843
843 845
845 847
847 849
849 851
851 852
852 854
854
857 859
859 861
861 862
862 864
864 865
865
868 869 870
869 870
870 872
872 874
874 875 876
875 876 877
876 877
877 879
879 880
880 882
882 884
884 886
886
889 891
891
894
897 898
898
903
907
913 915
915
918
922
927
931
934
939
946 947 948
947 948
948 950
950
953 954
954
959
964 965 966
965 966 967
966 967 968
967 968 969
968 969
969 971
971 972 973
972 973
973 975
975 976
976
979
982 983 984
983 984 985
984 985 986
985 986 987
986 987 988
987 988 989
988 989
989
992 993
993
