#naive2.0.py
# GMT Fri Feb 14 13:34:03 2020
# 
1 2
2 4
4 5 6
5 6
6 8
8 9
9
16
21
25 27
27 28
28
34
37
41 43
43 44
44
48 50
50 52
52 54
54 55
55 57
57 59
59
63 64 65
64 65
65
70 71 72
71 72 73
72 73
73
77
81 82
82
87 88 89
88 89 90
89 90 91
90 91 92
91 92
92 94
94
100 101
101 103
103 104
104 106
106 108
108 109
109 111
111 112 113
112 113
113
116 118
118
122 123
123 125
125 127
127 128 129
128 129 130
129 130 131
130 131 132
131 132
132 134
134 135
135
140
143
146 148
148 149
149 151
151
156
161 162 163
162 163
163 165
165
168
173 175
175 176
176
182
187
192
195 197
197 199
199 201
201 202 203
202 203 204
203 204 205
204 205
205 207
207 209
209
212
217 219
219 221
221 222 223
222 223 224
223 224
224 226
226 227
227
230 231
231
239 241
241 242
242 244
244 245
245 247
247
252 253
253
258 259
259
265 267
267
271
274
278 279 280
279 280 281
280 281
281 283
283 285
285 286
286 288
288 290
290
293 294
294
301 303
303 304 305
304 305
305 307
307 308 309
308 309 310
309 310 311
310 311
311 313
313
318 319 320
319 320 321
320 321
321 323
323 325
325 326
326 328
328 330
330
335
339 341
341
345 347
347 348 349
348 349 350
349 350
350 352
352 354
354 355
355
359 360 361
360 361 362
361 362 363
362 363
363
370 371 372
371 372 373
372 373 374
373 374
374
377 378 379
378 379 380
379 380
380
386 387
387
393
397 398
398 400
400 402
402 403
403 405
405 407
407 409
409
412
418
424 425
425
429 431
431 433
433 435
435 437
437 438
438
445 446
446
449
452
455 457
457 459
459 460 461
460 461
461 463
463 465
465 466
466
473 474
474 476
476 477 478
477 478
478 480
480 482
482 483 484
483 484
484
489 490 491
490 491
491
495
501 502 503
502 503 504
503 504 505
504 505 506
505 506 507
506 507
507
511
514 516
516
520 522
522 523 524
523 524 525
524 525
525
528 529
529 531
531 533
533 534
534
544 545 546
545 546
546
549 550
550 552
552 554
554
558 560
560 561
561
564
567 568 569
568 569 570
569 570
570
573 574
574 576
576 577 578
577 578 579
578 579 580
579 580 581
580 581
581 583
583 584
584
587 589
589 590 591
590 591
591
596 598
598
602 604
604 605 606
605 606
606
610
613 615
615 617
617
621
624 626
626 627 628
627 628 629
628 629 630
629 630 631
630 631
631 633
633 635
635 636 637
636 637 638
637 638 639
638 639
639
648 650
650 652
652
655
660
664 666
666 667
667
672 673
673 675
675 677
677 679
679 680
680 682
682 683 684
683 684 685
684 685
685
689 690
690
694
698 699 700
699 700
700
703 705
705 707
707
710 711
711 713
713
718
727 728
728
733 734
734 736
736 737 738
737 738
738
741 743
743
747
751 753
753
757 759
759 760 761
760 761 762
761 762
762
765
768
771 772
772 774
774 776
776 777
777 779
779 780
780 782
782
785
790 792
792 794
794
797 798 799
798 799 800
799 800
800
805
810 812
812 813
813
816
819 820
820
825
831 832
832 834
834 836
836
839 841
841 842
842 844
844 845 846
845 846
846 848
848 849
849
852
856 857 858
857 858
858
862
865 866
866
869 870
870
873
876 877 878
877 878
878
883 884
884
887 888 889
888 889 890
889 890 891
890 891
891 893
893
896 897
897 899
899
904 905
905
911
915 916
916
919
924 926
926 927
927 929
929 930
930 932
932 934
934 935 936
935 936 937
936 937
937
940
944 946
946 947
947 949
949 950
950
953 954 955
954 955 956
955 956
956 958
958 959
959
963 965
965
968 970
970 972
972
975 976
976
979
982 983 984
983 984
984
988 989 990
989 990 991
990 991
991
995 996 997
996 997
997
