#naive2.0.py
# GMT Fri Feb 14 13:34:01 2020
# 
0 1
1
8 9
9
15 16
16 18
18
24 25 26
25 26 27
26 27 28
27 28
28
32
35
39 40
40
44 45 46
45 46 47
46 47 48
47 48 49
48 49 50
49 50 51
50 51
51
58
62 63
63 65
65
68 70
70 71
71
79 80
80 82
82 83
83 85
85
88 90
90 91 92
91 92
92 94
94 95
95
99 101
101 103
103 104
104 106
106 107
107
111 112
112
115
121 123
123
131
135 137
137 138
138
143 145
145 146 147
146 147
147 149
149 150
150
154 156
156
161 163
163
170 172
172 173
173 175
175
179 181
181
184 185
185
191 193
193 194 195
194 195 196
195 196 197
196 197 198
197 198
198
202 203
203
206
209 210 211
210 211 212
211 212
212
216
223 225
225 226
226 228
228
231 232
232 234
234 235 236
235 236 237
236 237 238
237 238
238
241 242 243
242 243
243
247 249
249 250 251
250 251 252
251 252
252
257 259
259 260 261
260 261 262
261 262 263
262 263 264
263 264
264
269
272 273
273
277
280 281 282
281 282
282
285 287
287 288 289
288 289
289 291
291 292 293
292 293
293 295
295 297
297
300 301 302
301 302 303
302 303 304
303 304
304
308 309 310
309 310 311
310 311
311
314
318 319
319 321
321 322
322
325 327
327 328 329
328 329 330
329 330
330 332
332
337 338
338
346 348
348 349 350
349 350 351
350 351
351 353
353 354
354 356
356 357 358
357 358 359
358 359 360
359 360 361
360 361
361 363
363
367 368 369
368 369 370
369 370
370
374 375
375 377
377 378 379
378 379
379
384 386
386 387 388
387 388 389
388 389 390
389 390 391
390 391 392
391 392 393
392 393
393 395
395
398 399 400
399 400
400 402
402 403 404
403 404
404
408 409
409
413
416 417
417 419
419
422 423 424
423 424
424 426
426
430 431 432
431 432 433
432 433
433
439 440
440
445 446 447
446 447
447
450
454 455
455
461 462
462
469
476 478
478 479
479
483
488 490
490 492
492 494
494 496
496 497
497
500
504 505 506
505 506 507
506 507
507
511 512
512 514
514 516
516 517 518
517 518
518 520
520 521
521
524 525
525
528 529 530
529 530
530
536 538
538 539
539
543 545
545
552
557 559
559 560
560
563
569 570
570 572
572
576 577 578
577 578
578 580
580
584 585
585
590 591 592
591 592 593
592 593
593 595
595
599 600 601
600 601 602
601 602
602
606
612 614
614 615
615
618
622
626
632 634
634
637
641 642 643
642 643
643
647
653 654 655
654 655
655
659
662
665 666
666
669 671
671 672 673
672 673 674
673 674
674
679
682
685 687
687 688 689
688 689 690
689 690 691
690 691
691
695 696 697
696 697
697 699
699
702 704
704 706
706 707 708
707 708 709
708 709
709
712 714
714 715 716
715 716 717
716 717 718
717 718
718
725 727
727 729
729 731
731
737
741 743
743
750
758 759 760
759 760
760 762
762 764
764 765
765
768 769 770
769 770 771
770 771
771
775 776
776
780
783
787 788
788
791 793
793 794 795
794 795
795
798
802
806
809 810 811
810 811 812
811 812 813
812 813
813 815
815 817
817 819
819 820 821
820 821 822
821 822 823
822 823
823
827
834
839 841
841
844 845 846
845 846 847
846 847 848
847 848
848 850
850 851 852
851 852
852 854
854 856
856 857 858
857 858
858 860
860 861
861 863
863 864
864 866
866 868
868 869
869
872 873
873 875
875 876
876
879
882
886
891 892 893
892 893
893
896
902 903
903
906
909
912 914
914
917
920 922
922 924
924
928 930
930 932
932 934
934 936
936 938
938 940
940
943
946 947
947 949
949 950
950 952
952 953
953
956 958
958 959 960
959 960 961
960 961 962
961 962 963
962 963 964
963 964
964 966
966 968
968 970
970 972
972
975
979 981
981
985 987
987
990 992
992 993
993
