#naive2.0.py
# GMT Fri Feb 14 13:33:59 2020
# 
1 2 999
2 4
4 5 6
5 6 7
6 7
7
11
15
19
22 24
24 25 26
25 26
26
30 32
32 33
33
38
43 45
45
48 50
50 51
51 53
53
56 57
57
60 61
61 63
63 65
65
70
73
77
80 82
82
88
92 93 94
93 94 95
94 95 96
95 96 97
96 97
97
104 105 106
105 106
106
112 113
113 115
115 116 117
116 117
117
122 123 124
123 124 125
124 125 126
125 126
126
129 131
131 133
133
137
140 141
141
144 146
146
150 151 152
151 152
152
155 157
157 158
158
162 163 164
163 164 165
164 165
165
171 172
172 174
174 175
175
178 179
179
185 186
186
191 192
192
196 197
197 199
199 201
201 203
203 204
204
208 209
209
212 213
213
217 218
218
221
225 226
226
230 232
232 233 234
233 234
234
238
241 242 243
242 243
243
246 247
247
253 255
255 256 257
256 257 258
257 258 259
258 259 260
259 260
260 262
262 263 264
263 264 265
264 265
265 267
267 268 269
268 269
269 271
271 272
272
275 276 277
276 277 278
277 278
278
283
287 289
289 291
291 293
293
301
304 305 306
305 306 307
306 307 308
307 308
308 310
310 312
312
323 325
325 327
327
330 331 332
331 332
332
335
342 343
343
348
351 353
353 354
354
359 360
360 362
362 363 364
363 364 365
364 365 366
365 366 367
366 367
367
370 371
371 373
373 374
374
377
388 389 390
389 390
390
393 394
394 396
396 398
398 399
399
402 404
404
408
412 414
414 415 416
415 416
416 418
418
423 424
424
427
431 432 433
432 433 434
433 434 435
434 435 436
435 436
436
439 440
440
443 445
445
451 452
452
457 459
459 461
461 462 463
462 463 464
463 464
464
469 470
470 472
472
476
481 483
483
487 488
488 490
490 491
491 493
493 495
495 497
497
500 501 502
501 502
502
505 507
507 509
509 510
510
514 515 516
515 516
516
519 521
521
525 527
527
531
535 536 537
536 537
537 539
539 541
541
548
551
554
559 560 561
560 561
561
564 566
566 568
568 570
570
573
576 577
577 579
579
583
589
592
595 596
596 598
598 599
599 601
601 603
603 604
604
610 612
612
617 618
618
621
625 626 627
626 627 628
627 628 629
628 629
629
633 634
634 636
636
643
646 647
647
652
661
665
669 670
670
673
676 678
678 680
680
683 684 685
684 685 686
685 686
686
691 693
693 694
694 696
696 698
698 699
699
702
707 709
709
713 714 715
714 715
715 717
717 718
718 720
720
723
726 727
727
730 732
732
737 738 739
738 739
739 741
741 742 743
742 743 744
743 744
744 746
746 748
748
752
755 757
757
763 764
764 766
766
769 771
771 772
772 774
774
783 785
785 786 787
786 787 788
787 788 789
788 789
789 791
791 793
793
796 797
797
802
805
808 809
809 811
811
822 824
824 825
825 827
827 828
828
832 834
834 835
835 837
837 838
838
841 843
843 844
844
860 861 862
861 862
862
866 868
868 869 870
869 870
870
874
878 879
879
883
890 892
892
899 901
901 902
902 904
904 906
906 907 908
907 908
908
911 913
913
916 917 918
917 918 919
918 919
919
925 926
926
931 932 933
932 933 934
933 934 935
934 935
935 937
937
942 944
944 945
945 947
947 948
948
952 953 954
953 954
954
958
962 963
963
967 969
969
976 978
978 980
980 982
982 983
983
987 988
988
991 993
993
996 997 998
997 998 999
998 999
999
