#naive2.0.py
# GMT Fri Feb 14 13:34:01 2020
# 
0 2
2 3
3 5
5 6
6 8
8 9
9
12
16 17
17 19
19 20
20
23 24 25
24 25 26
25 26
26 28
28 29
29
34
37 38 39
38 39 40
39 40 41
40 41 42
41 42 43
42 43
43
47 49
49 50
50 52
52 54
54 55 56
55 56 57
56 57 58
57 58
58
67 68 69
68 69 70
69 70
70 72
72
77 79
79 80
80 82
82
87 88 89
88 89
89 91
91
94 95 96
95 96
96
100 101
101 103
103
106
109 110 111
110 111
111
114
118 119 120
119 120 121
120 121
121 123
123
127 128 129
128 129
129
132 133
133
138 140
140 141
141
153
156
159 160
160 162
162 163
163
166
169 171
171 172
172 174
174
177 178 179
178 179
179 181
181 182 183
182 183 184
183 184
184 186
186 188
188
193 194 195
194 195 196
195 196
196
199 201
201 203
203
207
211
215
219 220
220
225
228 229
229 231
231 232 233
232 233 234
233 234
234 236
236 237 238
237 238
238 240
240 241
241
245 246
246
252 254
254 255 256
255 256
256
259 260
260
263
274
284
287
291 293
293 294
294
299
305 307
307 308 309
308 309 310
309 310 311
310 311
311
315 316
316
321 323
323
327
336
340
343 344
344
347 348
348 350
350
354 356
356 357 358
357 358
358
361
364 365
365 367
367 368 369
368 369
369
372 374
374 375 376
375 376
376
383 385
385 386
386
389 390
390 392
392 393
393
397 399
399
403 405
405 406
406
414 415
415
420
426
430
433
436
439 441
441 443
443
448 449 450
449 450 451
450 451 452
451 452
452 454
454 456
456
461 463
463
472 473
473
477 478
478 480
480
484 485
485
488
492 493
493
498 499 500
499 500
500 502
502 503 504
503 504
504 506
506 508
508 509 510
509 510
510
513
518 519
519 521
521 522 523
522 523 524
523 524
524 526
526 527 528
527 528 529
528 529 530
529 530
530
538 539
539 541
541 542
542
545 547
547 548
548 550
550
555 556
556
559 560 561
560 561
561 563
563 564
564
569 571
571
574 575 576
575 576
576 578
578 579
579 581
581 582 583
582 583 584
583 584 585
584 585
585
588 590
590 592
592
596
602 604
604 605 606
605 606
606
609
612 614
614 615
615 617
617 619
619 621
621 623
623 624 625
624 625
625
632 633
633
638 639 640
639 640 641
640 641
641
644 646
646 648
648 649
649
652 653
653 655
655 657
657 658 659
658 659 660
659 660 661
660 661
661
665
669 670
670 672
672
679 680
680
688 689
689
696 698
698
701 702 703
702 703 704
703 704 705
704 705
705 707
707 708
708 710
710 712
712
717 718
718 720
720
725 726 727
726 727 728
727 728
728 730
730
733
740
745 746
746 748
748
753 755
755 756 757
756 757
757
761 762
762
767 768
768
772 774
774
779 781
781 783
783
786 787 788
787 788
788 790
790
793 794
794 796
796 797
797 799
799
803 804 805
804 805 806
805 806 807
806 807 808
807 808
808
811
815
821 823
823 825
825 827
827
835 836
836 838
838 839
839 841
841 842 843
842 843
843
846 847 848
847 848 849
848 849
849
853 854
854
857 859
859 861
861
869 870 871
870 871 872
871 872 873
872 873
873
877 879
879
884 885
885 887
887 888 889
888 889
889 891
891 893
893
897 898 899
898 899
899 901
901 902
902 904
904 905
905
908 909 910
909 910 911
910 911 912
911 912
912
919 920
920 922
922 923
923 925
925 926
926 928
928
932
935
939 940 941
940 941
941 943
943 944 945
944 945 946
945 946
946 948
948 949
949
952 953 954
953 954
954
961 962
962 964
964
967
970 971 972
971 972 973
972 973 974
973 974
974 976
976 977 978
977 978
978 980
980 981 982
981 982
982
985
989 990 991
990 991
991
994 995 996
995 996 997
996 997
997
