#naive2.0.py
# GMT Fri Feb 14 13:33:58 2020
# 
3 4
4 6
6 7
7 9
9 11
11
14 16
16 18
18 20
20 21 22
21 22 23
22 23 24
23 24 25
24 25
25 27
27
31 33
33 34 35
34 35 36
35 36
36 38
38
46 48
48 49 50
49 50 51
50 51
51
55
58 59 60
59 60 61
60 61
61 63
63 65
65 66
66
69
72 73
73 75
75 77
77 78 79
78 79 80
79 80
80 82
82 83
83 85
85 86
86 88
88 89 90
89 90
90
95 96
96
103 105
105 107
107 108 109
108 109
109 111
111
114 116
116 118
118 119
119
123
128 129
129
133 134 135
134 135
135
138 140
140 142
142 144
144 145 146
145 146 147
146 147
147
150 151
151 153
153 154 155
154 155
155 157
157
160
165 166
166
179
183 185
185 186
186
189
192 193 194
193 194 195
194 195 196
195 196
196
199
202 204
204
207 208 209
208 209
209
212
216 218
218 219 220
219 220
220
223 225
225 226
226
229 230
230 232
232 233
233
236 237
237 239
239
244 246
246 247
247
250 251 252
251 252
252
255 256
256
259
267 269
269 270 271
270 271 272
271 272
272
276 277 278
277 278 279
278 279
279
282 284
284 286
286 287 288
287 288 289
288 289
289
295
298 299
299 301
301 302 303
302 303 304
303 304 305
304 305 306
305 306
306
311
314 315 316
315 316
316 318
318 319 320
319 320
320
325
329 331
331 333
333
336
341
344 345 346
345 346
346
349 350 351
350 351 352
351 352 353
352 353 354
353 354
354 356
356 358
358
363
366
372
375
378 379 380
379 380 381
380 381 382
381 382
382 384
384 386
386 387
387 389
389 391
391 392
392
396
400 402
402
405
408
413
416 417 418
417 418 419
418 419 420
419 420
420
427 428
428
431 432
432
436 438
438 440
440 441
441
444 446
446 447
447
450 451
451
454
457 458 459
458 459 460
459 460
460 462
462 463 464
463 464
464
470 472
472 474
474 476
476
481
485 487
487 488
488 490
490 491
491
495 496 497
496 497 498
497 498
498
506 508
508
511
514
517 518 519
518 519 520
519 520 521
520 521
521 523
523 524
524 526
526 527 528
527 528 529
528 529
529
533 534
534 536
536 537
537
541 543
543
547 549
549 550
550
554 555
555
561 563
563 564 565
564 565
565
570 571
571
574 575 576
575 576
576 578
578 579
579
582 583
583 585
585 587
587 588
588
597
601 602 603
602 603 604
603 604
604 606
606 608
608 609 610
609 610
610 612
612
615
619 620
620
623 624 625
624 625
625 627
627 628
628 630
630
633 635
635 637
637
640
646
655
661
664 665 666
665 666
666
669
673 674
674 676
676 677 678
677 678
678 680
680 681
681 683
683 685
685 686
686
690 691 692
691 692
692 694
694 695 696
695 696
696 698
698 700
700 702
702 703 704
703 704
704 706
706
710 711 712
711 712
712 714
714 716
716
719 720
720
723
726 727
727 729
729 730
730 732
732 734
734
739 741
741
745 746
746 748
748
751 753
753 754
754
757 758
758
762
767 769
769
772 773
773
776 777 778
777 778
778
781 783
783 784
784 786
786 787
787 789
789 790
790
797 798 799
798 799 800
799 800
800
803 804
804 806
806
810 811
811
815 816 817
816 817 818
817 818
818
822
825 826 827
826 827
827 829
829
832
835 837
837 839
839 840
840 842
842
849
852 854
854 856
856 857 858
857 858 859
858 859
859
863 864
864
867 868 869
868 869
869
872 873
873
878 879
879
883 885
885
889 890 891
890 891 892
891 892 893
892 893 894
893 894
894
897 899
899
902 904
904 905 906
905 906
906 908
908 909 910
909 910 911
910 911
911 913
913 915
915 916 917
916 917
917
921
927 929
929 930 931
930 931
931
937 938
938
942 943 944
943 944 945
944 945
945
949 951
951
957 959
959 960
960
965 967
967 969
969 970 971
970 971 972
971 972
972 974
974 975
975
981 983
983
986
989 991
991 993
993
996 997 998
997 998
998
