#naive2.0.py
# GMT Fri Feb 14 13:34:02 2020
# 
1 2 3 999
2 3
3 5
5 6 7
6 7
7 9
9
12
15 16
16 18
18 19
19
23 24
24 26
26
31 32
32
35 36
36
39
42
45 46
46
52 53
53
57
63 64 65
64 65 66
65 66 67
66 67
67
70
73 75
75 76
76
84 85
85
88
92
96
100 101
101
104 105 106
105 106
106 108
108 110
110 111
111 113
113 114
114 116
116 117
117
123 124 125
124 125
125
128 130
130 132
132 133
133
136 137
137 139
139 140
140 142
142 143 144
143 144 145
144 145 146
145 146
146
153
157 159
159
162 163
163 165
165 167
167
172 173
173
177 178 179
178 179 180
179 180
180 182
182
188
191
194 196
196
200
203 204
204
207
218 219 220
219 220
220 222
222 223
223 225
225 226 227
226 227
227 229
229 231
231 233
233 234
234 236
236 238
238 240
240
244 246
246 247
247
250 252
252 253 254
253 254 255
254 255
255 257
257 258
258
261 262
262
265 266 267
266 267
267
273 274 275
274 275
275
280 281
281 283
283 284 285
284 285
285 287
287
292
298 299
299
302
305 306 307
306 307
307 309
309 311
311 312
312
316 317
317 319
319 320
320 322
322
325
328 329
329
334 335
335
339
342 343 344
343 344 345
344 345
345
348 349
349 351
351
358 359 360
359 360 361
360 361
361 363
363 364
364
367 368 369
368 369 370
369 370 371
370 371
371
374 375 376
375 376
376
380 381
381
384
387
391 393
393 394 395
394 395
395 397
397
401 402 403
402 403 404
403 404
404
409 411
411 412
412
416 418
418
421 422
422 424
424 425 426
425 426
426 428
428 430
430 431 432
431 432
432 434
434
438 440
440 441
441 443
443
447 448 449
448 449 450
449 450
450
455 456 457
456 457 458
457 458
458
462 463
463 465
465 466
466 468
468
471 473
473 474
474
479 480
480 482
482
485 487
487 488 489
488 489 490
489 490
490
498 500
500
503 505
505 506 507
506 507 508
507 508 509
508 509 510
509 510
510
518
522
525 526 527
526 527 528
527 528 529
528 529
529
532 533 534
533 534
534
539 540
540
544 545 546
545 546 547
546 547
547 549
549 550 551
550 551
551
554
557 559
559
565
569 570 571
570 571
571 573
573 575
575 576
576
579 580
580 582
582 583
583
587 589
589 590 591
590 591
591 593
593
597 598
598 600
600
605 606 607
606 607 608
607 608 609
608 609
609
614
617
620 622
622 623
623
628 629
629
632
636 637
637
641 643
643
647 648
648 650
650 652
652
656
662 664
664 665
665
668 670
670
675 676
676
680 682
682 683 684
683 684
684 686
686 687 688
687 688
688 690
690 691 692
691 692 693
692 693
693 695
695 696 697
696 697 698
697 698
698 700
700
703
706 707 708
707 708 709
708 709
709
712 714
714
720
723
727 728 729
728 729
729
732 734
734 735 736
735 736 737
736 737 738
737 738
738
742
745
749
752 753
753
761 762
762
767 769
769
773 775
775
779 781
781 782
782 784
784
787 788
788 790
790 792
792
798 799
799 801
801 802 803
802 803
803 805
805
809
812
817
824 825
825
828
833 834 835
834 835
835 837
837
845 846 847
846 847
847
853 855
855 856
856 858
858
862 863
863
869 871
871 872 873
872 873 874
873 874 875
874 875
875
881
885 886 887
886 887
887 889
889
895 896 897
896 897 898
897 898
898 900
900 901
901 903
903
907 909
909 911
911 912
912
920 921 922
921 922
922
926
929 930
930 932
932 934
934 936
936
939 940
940 942
942 944
944 946
946 948
948 949
949
953
961
964 965
965
969
973 974
974 976
976 977
977 979
979 981
981 982
982
986 988
988 990
990 991
991
994 995 996
995 996
996 998
998 999
999
