#naive2.0.py
# GMT Fri Feb 14 13:33:58 2020
# 
2 3 4
3 4 5
4 5
5
14 16
16 17
17 19
19 21
21 22
22
25
28 29
29
33
40 41 42
41 42
42
46 48
48 49 50
49 50
50
53 55
55 56 57
56 57
57
61 62
62
66 67 68
67 68 69
68 69
69
72 74
74 75
75
79 80
80
85 87
87
91
97 98
98 100
100 102
102 103 104
103 104 105
104 105
105
112 113
113
116 117
117 119
119 120
120
124 126
126 127
127
133 135
135 136 137
136 137
137 139
139 141
141
144 145
145
150
153 154 155
154 155
155 157
157 158
158 160
160 161 162
161 162
162 164
164
171 173
173 174
174
177 178 179
178 179 180
179 180 181
180 181 182
181 182
182
186 187
187
191 193
193 195
195
199 200
200 202
202
205 206
206 208
208 209
209
214 215
215
218 219
219 221
221 223
223
227 228 229
228 229
229 231
231 232
232 234
234 236
236
239 240
240
243
248 249
249
252 253
253
259
262 264
264 266
266 267
267 269
269 270
270
275
278 279 280
279 280 281
280 281 282
281 282
282
285
289 290 291
290 291 292
291 292
292
298
302 304
304 306
306 307
307
310
313 314
314 316
316
321 322
322 324
324 326
326
329 330 331
330 331
331 333
333 334
334 336
336 337 338
337 338 339
338 339 340
339 340 341
340 341 342
341 342 343
342 343
343 345
345
348
354 356
356 357 358
357 358 359
358 359
359 361
361 363
363
368 369 370
369 370
370 372
372 373
373
376 378
378 379
379
382
385 387
387 388
388 390
390 391 392
391 392
392
395 397
397
405 406
406 408
408 409
409
412 413 414
413 414 415
414 415
415 417
417
420
425 427
427
430 431
431
436 437
437 439
439 440
440 442
442 444
444 445 446
445 446 447
446 447
447 449
449
452 454
454 455 456
455 456
456
466
470 471
471
474
478 480
480
483
486
491 492 493
492 493
493
497
500
503
509 510
510
514 515 516
515 516 517
516 517 518
517 518 519
518 519 520
519 520 521
520 521 522
521 522
522
526
529 530 531
530 531 532
531 532
532 534
534
538
541 542 543
542 543
543
546 548
548 549 550
549 550
550 552
552 553
553
556
559 560
560
563
569
576
579 581
581
584 586
586 588
588
591
596 598
598
603 605
605
608 610
610
613
620 621
621
624
627 628
628
631 633
633 634 635
634 635
635
640 641 642
641 642 643
642 643 644
643 644 645
644 645
645
648 649
649
652 653
653 655
655 657
657 658
658
662
666 667
667
671 672 673
672 673
673
676 677 678
677 678
678 680
680 681
681
684 685
685
688 689
689 691
691
697 698 699
698 699
699
702 703
703
709
719
723 724
724 726
726 727
727 729
729 731
731 732 733
732 733 734
733 734 735
734 735 736
735 736 737
736 737 738
737 738
738 740
740 741
741
745 746
746 748
748 749 750
749 750 751
750 751 752
751 752
752 754
754
758
761 762 763
762 763 764
763 764
764 766
766 768
768
771 772 773
772 773 774
773 774 775
774 775
775 777
777 778 779
778 779 780
779 780 781
780 781
781 783
783 784
784
787 788 789
788 789
789 791
791 793
793
797 798
798 800
800 801 802
801 802 803
802 803
803
806
810 811
811
815
819
822 824
824 825 826
825 826
826
830 832
832 833 834
833 834 835
834 835
835
838 839
839
842 843 844
843 844
844 846
846 847 848
847 848
848 850
850 852
852 854
854
859 861
861 862
862 864
864 865
865
868
871 872 873
872 873 874
873 874
874
878
882
887 889
889 891
891 892 893
892 893
893 895
895 897
897 898 899
898 899
899
902 904
904 906
906 908
908
911 912 913
912 913
913 915
915
918 920
920 921 922
921 922
922 924
924
933
940 942
942
945 946
946
949
953 954
954
957 958 959
958 959
959
964 965
965
969
972
975 976 977
976 977
977 979
979 981
981
984
987 989
989 991
991 992
992 994
994 995
995 997
997 998 999
998 999
999
