#naive2.0.py
# GMT Fri Feb 14 13:34:05 2020
# 
0 999
4 5 6
5 6 7
6 7
7
10 11
11 13
13 14
14
17 18
18
21 23
23 24 25
24 25
25 27
27 28
28 30
30
33 34
34
37 38
38 40
40 42
42 44
44 45 46
45 46 47
46 47 48
47 48
48
51
56 57
57
63
66 67 68
67 68
68 70
70 72
72 74
74 75 76
75 76 77
76 77 78
77 78
78 80
80 81
81 83
83
87 89
89 90
90 92
92
96 97
97
100 101 102
101 102 103
102 103
103 105
105
108 109
109 111
111
124 126
126 127 128
127 128 129
128 129
129
133 134 135
134 135
135
138
141 143
143
146 147
147 149
149
154
162 164
164 166
166
170
176 178
178 180
180 182
182
185 187
187 189
189 190 191
190 191 192
191 192
192 194
194 196
196
200
205 207
207 209
209 210 211
210 211
211 213
213
217 218 219
218 219
219 221
221 223
223 224
224 226
226 227 228
227 228
228
233 234
234
238 239
239 241
241 243
243 244 245
244 245 246
245 246
246 248
248
255 257
257 258 259
258 259
259
265 267
267 268
268
272 273 274
273 274
274 276
276 277
277 279
279
283
287 289
289 291
291
294 295 296
295 296
296
302 303
303 305
305 306
306
309 311
311 312 313
312 313 314
313 314
314 316
316 318
318 319 320
319 320 321
320 321
321
330 332
332 333
333
336
340 341
341 343
343 344 345
344 345 346
345 346
346
350 351
351
354
362 363 364
363 364 365
364 365 366
365 366
366 368
368 369 370
369 370
370
373 374 375
374 375
375 377
377
381 382
382 384
384 385 386
385 386
386 388
388
392 393
393 395
395 397
397 398
398
404 405 406
405 406 407
406 407 408
407 408
408
411
414
419 420 421
420 421
421
424
428
431 432
432 434
434 436
436 437 438
437 438
438
442
448 450
450 451
451
454
457 459
459
467 468
468
473 474
474
478 479
479 481
481 483
483 484
484
487
493
497
501 502 503
502 503
503 505
505
508 509
509
514 515
515 517
517
521
524 525
525
528 529 530
529 530 531
530 531 532
531 532 533
532 533
533
536
539 540
540 542
542 543 544
543 544
544 546
546
549
554 556
556 557 558
557 558 559
558 559 560
559 560
560 562
562 564
564
572 574
574
578 579
579 581
581
584
587
590
593 594 595
594 595 596
595 596
596 598
598 599
599
602 603
603 605
605
608 609
609
613
616 617 618
617 618 619
618 619
619 621
621 623
623
627 629
629 630 631
630 631 632
631 632 633
632 633 634
633 634
634
640 642
642 643
643 645
645 647
647 649
649 650
650
655
658 660
660
663 664 665
664 665 666
665 666
666 668
668 669 670
669 670 671
670 671
671
674 675
675
682 683
683
686 687
687
692 694
694 696
696 698
698
703 705
705 707
707 708 709
708 709 710
709 710 711
710 711 712
711 712 713
712 713 714
713 714 715
714 715
715
718
722 723 724
723 724 725
724 725 726
725 726 727
726 727 728
727 728
728 730
730 731
731
741 742
742
745 747
747
750
758
762 764
764
767 769
769 770 771
770 771 772
771 772
772 774
774 775 776
775 776 777
776 777
777
780 781
781
784 785 786
785 786
786 788
788
795 796 797
796 797
797
802 803
803 805
805
808
817 818
818 820
820
823 824
824 826
826
830 831
831
834 836
836 837
837
842 843
843
848 849
849 851
851 852 853
852 853 854
853 854
854 856
856 857 858
857 858 859
858 859
859
863 864 865
864 865
865 867
867
870 872
872 873
873
879
882 883 884
883 884
884
891 893
893 894
894
897 899
899 900 901
900 901 902
901 902 903
902 903
903 905
905 906
906 908
908
911
914 915 916
915 916 917
916 917 918
917 918
918 920
920
923 924
924
927 929
929
939 940
940 942
942 943 944
943 944 945
944 945 946
945 946
946
951 953
953 955
955
958 959
959 961
961
965 966
966
969 970 971
970 971 972
971 972
972
979 981
981 982
982
985
989 990
990 992
992 993
993 995
995
999
