#naive2.0.py
# GMT Fri Feb 14 13:34:04 2020
# 
0 2
2 3
3 5
5
10 12
12 13
13
17 19
19 21
21 23
23
28 29
29 31
31 32
32 34
34 35 36
35 36 37
36 37
37 39
39
42 43
43
46 48
48 49
49 51
51 52
52 54
54 56
56 58
58
62 64
64 65 66
65 66 67
66 67 68
67 68
68
71 72
72
77
80 81 82
81 82
82
86 87
87 89
89
92 93 94
93 94 95
94 95
95 97
97 99
99 101
101
105 106 107
106 107 108
107 108 109
108 109 110
109 110
110 112
112 113
113
116 118
118
122 123
123 125
125
128 129
129 131
131 133
133 134
134
138 140
140
145 146
146
150 152
152 154
154 155
155
159
163
166 167 168
167 168
168 170
170
173 175
175 176 177
176 177 178
177 178
178
183 184
184 186
186 188
188 190
190 192
192 194
194 195
195 197
197 199
199 201
201 202 203
202 203
203
209 210
210 212
212
216
219
222 224
224
231 232
232
235 236 237
236 237
237
242 243 244
243 244
244 246
246
251 253
253 255
255 256 257
256 257
257 259
259 261
261
264
268
272 273
273 275
275 276 277
276 277 278
277 278
278
284 285
285
289 291
291
296 297
297 299
299 300 301
300 301
301
305
311 312
312 314
314 315 316
315 316 317
316 317
317
320
324
327
331 332
332
337 339
339
344
348 349
349 351
351 352
352
358
363 364
364 366
366 368
368 370
370
376 377 378
377 378
378
381 382 383
382 383 384
383 384
384 386
386 388
388
391
396
404 405
405
410 412
412
415 416
416
420
426 428
428
431 432
432 434
434 435 436
435 436
436 438
438 440
440 442
442 443
443
446 447
447 449
449 451
451
454 455
455
458
461 462 463
462 463
463
470 472
472 473 474
473 474 475
474 475 476
475 476
476
479 481
481 482 483
482 483
483 485
485 487
487 489
489 491
491 492
492
497
501 502
502
506 508
508 509
509 511
511
514 515
515
518 519
519 521
521 523
523 525
525 527
527 529
529 531
531 532
532
539 541
541
545 546
546 548
548 549 550
549 550 551
550 551
551
554 555 556
555 556
556
559 560 561
560 561 562
561 562
562 564
564
567 568
568
573 574 575
574 575
575
578 580
580
583
588 589
589 591
591 592
592 594
594 595
595
600 601
601
605 606 607
606 607 608
607 608
608
613 615
615
619 620
620 622
622 623 624
623 624 625
624 625 626
625 626 627
626 627 628
627 628
628 630
630 632
632 634
634
638 639
639 641
641 642 643
642 643
643
647 649
649 651
651
654 655
655 657
657 658 659
658 659
659 661
661 662 663
662 663 664
663 664
664 666
666 667
667
670 671
671 673
673 674
674
679 680
680 682
682
685
688 690
690 692
692 693 694
693 694
694 696
696 697
697 699
699 700
700 702
702
705 706
706 708
708 710
710 711 712
711 712 713
712 713
713
722 723
723 725
725 727
727 729
729
732 733 734
733 734 735
734 735
735
738 740
740
745 746 747
746 747 748
747 748 749
748 749 750
749 750
750 752
752 754
754
758 759
759
763 765
765 766
766
770 772
772 773
773
779
782 783 784
783 784 785
784 785 786
785 786 787
786 787 788
787 788
788 790
790
793 794
794
801 802
802
806 807
807
810 811 812
811 812
812 814
814
817 818
818 820
820 821
821
824
829 830 831
830 831
831
834 835
835
839
842 844
844 845
845
849 850 851
850 851 852
851 852
852
855
862
865 866
866 868
868 870
870 871 872
871 872
872
876
887 888
888
891 892
892
901
905 906
906
912 914
914 916
916
919 920
920
926 927
927
931 932
932
936 937
937 939
939 940
940
943 945
945
948 949 950
949 950 951
950 951 952
951 952 953
952 953 954
953 954
954 956
956
961 962
962 964
964
967 968
968 970
970 971 972
971 972
972
976 977
977
980 981
981 983
983 984 985
984 985 986
985 986
986
989 990 991
990 991 992
991 992
992
997
