#naive2.0.py
# GMT Fri Feb 14 13:33:58 2020
# 
0 1 2
1 2 3
2 3
3
6
10 12
12
16
19 20 21
20 21
21 23
23 24 25
24 25
25 27
27
30 31 32
31 32 33
32 33
33
37
40 42
42 44
44 45
45
49 50 51
50 51
51
54 55 56
55 56 57
56 57 58
57 58
58 60
60 62
62 64
64 65 66
65 66
66
69 71
71 73
73 74 75
74 75
75 77
77 78 79
78 79
79 81
81 82 83
82 83 84
83 84
84
87
91 93
93 95
95 96 97
96 97 98
97 98 99
98 99
99 101
101 102 103
102 103
103
111 112 113
112 113 114
113 114 115
114 115 116
115 116 117
116 117
117
121
126 127 128
127 128
128 130
130
134 135
135
139 140
140
143 144 145
144 145 146
145 146 147
146 147 148
147 148 149
148 149 150
149 150
150
153
156 157 158
157 158
158 160
160
164
168 169
169
172 173
173 175
175 176
176
182
195 196 197
196 197
197
200 202
202 203
203 205
205 206
206 208
208 209
209 211
211 213
213
217 219
219 221
221 222
222 224
224
228 230
230 232
232
235
238 240
240 242
242
246 248
248 249
249 251
251 252
252 254
254
258 259
259
263 264
264
268 269
269
272 274
274 276
276 277
277
281 282
282
285 287
287 289
289 290
290 292
292 294
294 296
296 297 298
297 298 299
298 299
299
303 304 305
304 305 306
305 306
306 308
308 310
310
314
317 319
319 321
321 323
323 324
324
327 329
329 330
330 332
332 334
334 335
335
338 339 340
339 340
340
344 346
346 347
347 349
349 351
351
354
362
368
372 373 374
373 374 375
374 375 376
375 376
376
379
383
386 388
388
391 392 393
392 393 394
393 394
394
399 401
401 402
402
405 406 407
406 407
407 409
409 410 411
410 411
411 413
413
417 418
418
423 424 425
424 425
425 427
427
435 436
436
440 441
441 443
443 444
444
452 454
454 456
456
459
463
471
474 475 476
475 476
476 478
478 479
479 481
481 483
483 485
485 486
486
490 491
491 493
493 494
494
497 498 499
498 499
499 501
501 503
503 504
504 506
506 508
508 510
510 511
511
514 515
515 517
517 518 519
518 519
519
522
530 531 532
531 532
532 534
534
538 539
539
548 549
549 551
551
554 556
556 558
558
562 564
564 565 566
565 566
566
569 571
571 573
573 575
575 576
576
579
582
587 588
588
591
594 595 596
595 596 597
596 597
597 599
599 601
601 603
603 605
605 607
607 608
608
612 614
614 616
616 618
618
623 624 625
624 625
625 627
627 628 629
628 629
629
633
641 642
642 644
644 645
645
648 649 650
649 650
650
653 654
654
659 661
661 663
663 664
664
668
671 672
672 674
674 675
675 677
677
682 684
684 686
686 688
688 689
689 691
691 692
692 694
694
700 702
702 704
704 705 706
705 706
706 708
708 710
710
713 714 715
714 715 716
715 716 717
716 717
717
720 721 722
721 722 723
722 723 724
723 724 725
724 725 726
725 726 727
726 727 728
727 728
728
731 733
733 734 735
734 735
735
738
743 744
744
747 749
749
752
755 756 757
756 757
757
761 762 763
762 763 764
763 764
764
767 768 769
768 769
769
772 774
774 775 776
775 776
776 778
778 779
779
782 783 784
783 784 785
784 785
785
791 793
793 794 795
794 795
795
799 801
801
804
809
812 814
814 816
816 818
818 819
819
822 824
824 825
825 827
827
831 833
833 834
834 836
836 837
837
843
847 848 849
848 849
849 851
851 852 853
852 853 854
853 854 855
854 855
855
859 861
861
866 868
868 869 870
869 870 871
870 871 872
871 872
872 874
874 875
875
878 880
880 881 882
881 882 883
882 883 884
883 884
884
890 891
891
894 895
895 897
897 898 899
898 899
899 901
901
908 910
910 912
912 914
914 915
915 917
917 918 919
918 919
919
923 924 925
924 925
925
929 930
930
938 940
940 941
941
947 948
948 950
950
955
958
961
965 966
966
971
976
979
986 987 988
987 988
988 990
990 991 992
991 992 993
992 993 994
993 994
994
997
