#naive2.0.py
# GMT Fri Feb 14 13:33:58 2020
# 
1 2 3 999
2 3 4
3 4
4
9
13
16
19 20 21
20 21
21
26
29 31
31 33
33
36 37
37
47 48
48
54
59 61
61
64 65 66
65 66
66 68
68 69 70
69 70
70
75 77
77
80 82
82 83 84
83 84
84
87
95 96
96
100
103
106
115 117
117
123 124 125
124 125
125
129 131
131 133
133 134 135
134 135 136
135 136
136
139 140
140
143 144
144
147 149
149 151
151 152 153
152 153 154
153 154 155
154 155 156
155 156 157
156 157 158
157 158
158 160
160 162
162 163 164
163 164 165
164 165
165
169
172 173
173
179 181
181 182 183
182 183
183
186 187 188
187 188 189
188 189
189
192
195 196 197
196 197
197
200 201
201 203
203
206
210
213 215
215 217
217 218
218 220
220 222
222 223 224
223 224 225
224 225
225
230 232
232
236 237
237
240 241
241 243
243
246 247
247
250
253
256
261 262
262 264
264
267 268 269
268 269
269 271
271 272 273
272 273
273
276 277
277
284 285
285 287
287 288
288 290
290 292
292
295 297
297 299
299 301
301 302 303
302 303
303
306 307 308
307 308
308 310
310 312
312 313
313
316 317 318
317 318 319
318 319
319
323 324 325
324 325 326
325 326 327
326 327 328
327 328
328
331 332 333
332 333 334
333 334 335
334 335 336
335 336 337
336 337
337
344 346
346
351
355 357
357
360
369 371
371
376 378
378
385 386
386
389 390
390 392
392 393 394
393 394 395
394 395
395 397
397 398 399
398 399
399
402 403 404
403 404
404
408
411 412
412
415 416 417
416 417 418
417 418 419
418 419 420
419 420
420 422
422
427 428
428
432
436 437 438
437 438 439
438 439 440
439 440 441
440 441
441 443
443
446 447 448
447 448 449
448 449 450
449 450 451
450 451 452
451 452 453
452 453
453
459 460 461
460 461 462
461 462
462 464
464 466
466 468
468
476
481 483
483
486 487 488
487 488
488
493 494
494 496
496 497
497 499
499 500 501
500 501
501
507 509
509 510 511
510 511 512
511 512 513
512 513
513
516
522 524
524
530 531
531 533
533 535
535 536 537
536 537
537 539
539 540 541
540 541 542
541 542
542
545 547
547
550
553 555
555
560 562
562 564
564
567 569
569
574 576
576 578
578
581 582
582
585 586 587
586 587 588
587 588 589
588 589 590
589 590 591
590 591
591 593
593 594
594 596
596
604 606
606 607 608
607 608 609
608 609
609
612
615 617
617 618
618 620
620
624
627 629
629
634
637 639
639 640 641
640 641
641 643
643 645
645
650 652
652 653
653 655
655 656
656 658
658 660
660 661 662
661 662 663
662 663 664
663 664 665
664 665
665
669 670
670 672
672 674
674 675
675 677
677 678
678
683 685
685 686
686 688
688
691 693
693 695
695 697
697
700 702
702
705
708 709 710
709 710 711
710 711 712
711 712 713
712 713
713
716
719
723
727 728 729
728 729 730
729 730
730 732
732 733 734
733 734
734
738 740
740
743
746 747
747 749
749 751
751 753
753
758 759 760
759 760
760
763
766 767 768
767 768
768 770
770 771 772
771 772 773
772 773 774
773 774
774
778
782 784
784 785
785
789 790 791
790 791 792
791 792 793
792 793 794
793 794
794
797 799
799
804 806
806 807 808
807 808 809
808 809 810
809 810
810 812
812 814
814
818 819
819
823
826 828
828 829
829 831
831
834 835 836
835 836
836 838
838 839 840
839 840
840 842
842 843 844
843 844 845
844 845
845
850 851
851
855
859 861
861 862 863
862 863 864
863 864
864
867 868
868 870
870 872
872 874
874 875 876
875 876
876 878
878 880
880 882
882
885 886 887
886 887 888
887 888 889
888 889 890
889 890
890 892
892 894
894 896
896
901
907 908
908 910
910 912
912 914
914 915 916
915 916 917
916 917
917
921
924 925
925
929
932
936 937 938
937 938
938
941
944 946
946 947
947 949
949 951
951 952
952
956 958
958 959 960
959 960
960
965
968 969
969
978 979
979
983
988 989
989 991
991 992
992
995
998 999
999
