#naive2.0.py
# GMT Fri Feb 14 13:33:56 2020
# 
1 999
4 6
6 7 8
7 8
8
13
18 19
19
22 23 24
23 24
24 26
26 28
28 29
29 31
31 33
33 35
35
43 45
45 46 47
46 47 48
47 48 49
48 49
49 51
51
54 56
56
63 64 65
64 65 66
65 66 67
66 67 68
67 68
68 70
70 71
71
76 77
77
80
85
88
93 95
95 96
96 98
98 99
99 101
101 103
103
106 107
107
110
113
118
121
126
129 130 131
130 131
131 133
133 134
134
137
142 143
143
146 147
147
150 151
151
154 156
156 157 158
157 158
158 160
160 161
161
170 171
171
174 176
176 178
178 179
179 181
181
184 186
186 188
188 190
190 191 192
191 192
192
195 196
196
200
204 205 206
205 206
206 208
208 210
210 212
212 213 214
213 214
214 216
216 217 218
217 218 219
218 219 220
219 220
220
223
226
229 230 231
230 231 232
231 232 233
232 233
233
237 239
239 240 241
240 241
241 243
243 244 245
244 245 246
245 246
246
250 252
252 253
253
257 258 259
258 259
259 261
261 263
263 264 265
264 265
265 267
267 269
269 271
271 272
272 274
274 275 276
275 276 277
276 277 278
277 278
278 280
280 282
282 283 284
283 284 285
284 285
285
293
296 297
297
303 304
304 306
306 308
308 309
309
312 314
314 316
316
319
323 324 325
324 325 326
325 326
326
329
332
335 336
336
340 341 342
341 342
342
345 346
346 348
348 350
350 352
352 353
353
361
365 366
366
372
375
379 381
381
389
394 395 396
395 396
396 398
398 399 400
399 400
400 402
402 403 404
403 404
404
410 412
412
415 416
416 418
418 420
420 422
422 423
423
430 432
432 433 434
433 434 435
434 435
435 437
437 439
439 441
441 443
443
448 450
450
456
459
464 466
466 468
468
471 472
472
475
480 481 482
481 482
482 484
484
487 488
488 490
490 491 492
491 492 493
492 493
493
500 502
502 504
504
511 512
512
521
525 526
526 528
528 530
530
537
548 549 550
549 550 551
550 551 552
551 552 553
552 553 554
553 554
554 556
556 558
558 559
559 561
561 562 563
562 563 564
563 564
564
568 570
570 571 572
571 572
572
575
581
584 585 586
585 586 587
586 587
587
595
605 607
607 609
609
613 614 615
614 615 616
615 616 617
616 617 618
617 618
618
622 623 624
623 624
624
627 628
628
634 635 636
635 636 637
636 637 638
637 638 639
638 639 640
639 640 641
640 641 642
641 642
642 644
644 646
646 647 648
647 648
648
652 653 654
653 654
654
657
660
663 664 665
664 665
665
669 671
671
675 676 677
676 677
677
680
684
687 689
689 691
691
694
699 700 701
700 701 702
701 702
702 704
704
709 711
711 712
712 714
714
718 720
720 721
721 723
723 724
724
728 729
729 731
731 732
732
736 737
737
742 743
743
747 749
749 750 751
750 751 752
751 752 753
752 753
753 755
755
760
763
767 769
769 770 771
770 771
771
774 775
775
781 783
783 784
784
791 792
792
795
798 799 800
799 800
800
803
807 808
808
812 813 814
813 814
814 816
816 817 818
817 818 819
818 819 820
819 820
820 822
822
825 827
827 828 829
828 829
829
832 833
833
836 837
837
840
845 846 847
846 847
847
850 852
852 853 854
853 854
854
858 859 860
859 860 861
860 861 862
861 862 863
862 863 864
863 864
864 866
866 867
867
871 873
873 874
874 876
876 878
878 880
880 881 882
881 882
882 884
884 886
886 887
887
895 896 897
896 897
897 899
899 901
901 903
903 905
905 906 907
906 907 908
907 908 909
908 909
909
912
917 918
918 920
920 922
922 923 924
923 924 925
924 925
925 927
927
932 933
933 935
935
938
943 944 945
944 945
945
948 949
949 951
951
955
958 960
960 961
961 963
963
970 972
972 973 974
973 974
974
978
984 985
985
988 990
990
994 996
996 997
997 999
999
