#naive2.0.py
# GMT Fri Feb 14 13:33:57 2020
# 
0 1 998
1
4
10 11 12
11 12
12
15 16
16
20 21
21 23
23
29
33
36 37 38
37 38 39
38 39 40
39 40 41
40 41 42
41 42 43
42 43
43
46 47
47 49
49 50 51
50 51
51 53
53 55
55 56
56 58
58 59
59
62 63 64
63 64
64
69 70 71
70 71 72
71 72
72
76
79 80 81
80 81 82
81 82
82 84
84
87 89
89 91
91 92
92
98 99
99
102 103
103
108
112 113
113
120 122
122
127 128 129
128 129
129
132
138 139
139
151 152
152
158 160
160 161 162
161 162 163
162 163 164
163 164
164 166
166 168
168 169 170
169 170
170
173 174 175
174 175 176
175 176 177
176 177 178
177 178 179
178 179 180
179 180
180 182
182
185
188 189 190
189 190
190
193 194
194 196
196 197 198
197 198 199
198 199
199
202 203 204
203 204 205
204 205 206
205 206
206
209
213
221
228 229
229
232 234
234 235 236
235 236 237
236 237
237 239
239
249 250
250
253
260
264 266
266 267
267 269
269 270
270 272
272 273
273
278 279 280
279 280
280
286 288
288
294 295
295 297
297 298
298
301
305
310 311
311
315 316 317
316 317
317 319
319 320
320 322
322
325 327
327 328 329
328 329 330
329 330
330 332
332 334
334 335
335 337
337 338 339
338 339
339 341
341 342
342 344
344 346
346 347
347 349
349 350 351
350 351 352
351 352
352
358
365 366 367
366 367
367 369
369 370
370
373
379 380
380
384 386
386
392 393 394
393 394
394 396
396
400
404 405
405 407
407 408
408
411 413
413
416 417
417
420 421
421
424 426
426 427 428
427 428 429
428 429
429 431
431 432
432 434
434
438 440
440 442
442 444
444 446
446
451 452
452 454
454
457 458 459
458 459
459 461
461 462
462
465
468 469
469
472
477 478
478
481
484 486
486 488
488 489 490
489 490
490
495 496
496 498
498
504 506
506 508
508 509 510
509 510
510 512
512
515 516 517
516 517 518
517 518 519
518 519
519 521
521
528 529 530
529 530 531
530 531 532
531 532 533
532 533
533 535
535 537
537 539
539
543 544
544
548 550
550
553 554
554
557
560 561
561
568
576 577
577
581
586 587
587 589
589 590 591
590 591 592
591 592 593
592 593
593 595
595 596 597
596 597 598
597 598 599
598 599 600
599 600 601
600 601
601 603
603 604
604 606
606
609 611
611
614 615 616
615 616
616
619 621
621 622
622
625 626 627
626 627
627
631 632 633
632 633
633
636 637 638
637 638 639
638 639 640
639 640
640 642
642
645
649 650 651
650 651
651
654 655
655 657
657 658 659
658 659
659 661
661 663
663 664
664
668 669 670
669 670
670
675 677
677 678 679
678 679 680
679 680
680 682
682 683 684
683 684
684
687 689
689 690
690
695 696 697
696 697 698
697 698
698
701
704 705 706
705 706 707
706 707 708
707 708
708
713 714 715
714 715 716
715 716
716 718
718 719
719 721
721
724
728 730
730
734 735
735
738 739 740
739 740 741
740 741
741
745
750 752
752
756 757
757 759
759 760
760 762
762 764
764 765
765
770
774 776
776 777 778
777 778
778
783
786
789 790 791
790 791
791
797
801
805 807
807
811 812
812
815
818 820
820
826
831
835 836
836
839 840 841
840 841 842
841 842
842 844
844 846
846 848
848 850
850 851
851
854 856
856 858
858 860
860
863 864 865
864 865 866
865 866 867
866 867 868
867 868 869
868 869
869 871
871 873
873 875
875 876 877
876 877
877 879
879
882 883
883
886 888
888 889
889
894 896
896
900 902
902 903
903
907 908 909
908 909 910
909 910
910
913 914 915
914 915
915 917
917 919
919 920
920 922
922
925 926
926
932 933
933
936 938
938 939
939
942
945 946
946 948
948
955 957
957 958 959
958 959
959 961
961 962 963
962 963 964
963 964 965
964 965 966
965 966
966
969
975 976 977
976 977 978
977 978
978
982
985 987
987 988
988
991
995 996 997
996 997 998
997 998
998
