#naive2.0.py
# GMT Fri Feb 14 13:33:59 2020
# 
1
5 6
6 8
8 9
9 11
11
14 15
15 17
17 19
19 21
21 22 23
22 23
23
27 28 29
28 29 30
29 30
30
33 34
34 36
36 37 38
37 38
38 40
40 41
41 43
43
46 48
48 49
49 51
51 53
53
56 57 58
57 58 59
58 59 60
59 60
60 62
62
66 67
67
73 74 75
74 75
75
78
82
85 87
87 88
88
91 92
92
96 97
97 99
99 101
101 103
103 104 105
104 105
105 107
107 108 109
108 109
109 111
111 112
112
115
119 120
120
123 125
125 127
127 129
129
134 136
136 137 138
137 138
138
142 143 144
143 144
144 146
146
150 152
152 153 154
153 154
154 156
156
159 160
160 162
162 163
163
170 171
171 173
173 174
174 176
176 177
177
180
183
186 187 188
187 188 189
188 189
189
192
196 198
198
204 205 206
205 206 207
206 207
207
212 213
213 215
215 217
217 218 219
218 219
219
222 224
224 225 226
225 226
226
234 236
236
240
243 245
245
248
251 252
252 254
254
257 259
259 260 261
260 261
261
265 267
267 269
269 270
270
274 275
275
278 280
280
284 285
285 287
287 288
288 290
290 292
292 294
294
299 301
301 303
303 304 305
304 305
305 307
307 309
309
312 314
314
317
320 321 322
321 322 323
322 323 324
323 324
324
328 329
329
334
337
340 341
341 343
343 345
345 346 347
346 347 348
347 348
348
354 355 356
355 356
356 358
358 360
360
368 370
370 371 372
371 372 373
372 373 374
373 374
374 376
376 377
377
380 382
382 383
383 385
385
389 390 391
390 391
391
395
398
401 402
402 404
404 405 406
405 406 407
406 407
407 409
409 410
410 412
412 414
414 415
415 417
417 418
418
423
426 427 428
427 428 429
428 429
429
434 435
435 437
437 439
439 441
441 443
443 445
445
448
452
455
460
463
468
472 473 474
473 474 475
474 475
475 477
477 479
479 480 481
480 481
481
484 485 486
485 486
486 488
488 489
489
492 493 494
493 494
494
497 499
499 501
501 502 503
502 503 504
503 504
504
507 508
508 510
510 511
511
514 515 516
515 516
516 518
518
522 523
523
526 527
527
533 534
534
540 542
542
546
553 554
554
558 559
559 561
561
569 570 571
570 571
571
577 578 579
578 579
579
589
592 593 594
593 594
594
597 598
598 600
600
605 607
607 608 609
608 609 610
609 610
610
613
616 617 618
617 618 619
618 619 620
619 620 621
620 621
621 623
623 624 625
624 625 626
625 626 627
626 627
627
632 633
633 635
635 636
636 638
638 639 640
639 640 641
640 641
641
645 647
647
651 653
653 655
655 657
657 659
659 660 661
660 661
661
665 667
667
670
674 675
675
679 681
681 682
682 684
684 685 686
685 686
686
691 692
692
695 696 697
696 697
697 699
699 701
701 703
703
709 711
711 712
712
715 716
716 718
718 719
719
723 724 725
724 725 726
725 726
726
729 731
731 732
732 734
734 735 736
735 736
736
746 747
747
750 752
752 753 754
753 754 755
754 755 756
755 756
756 758
758
761 762
762 764
764
767 769
769
772
777
780 781 782
781 782 783
782 783 784
783 784 785
784 785
785
788
791 792 793
792 793
793
797
801 802 803
802 803
803
806 808
808
812 813
813
817 819
819
822
825
829 830
830 832
832 833 834
833 834 835
834 835
835
840 841 842
841 842
842
847
852 853
853
856 858
858 859
859 861
861
864
867 868
868 870
870 871 872
871 872
872 874
874 875
875
880 881 882
881 882
882 884
884 885
885 887
887 889
889 890
890 892
892 893
893
896 897
897 899
899
906
909 910
910
913 915
915 917
917 919
919 920
920
924 926
926 927
927 929
929 931
931 932 933
932 933
933 935
935 936
936
940 941 942
941 942 943
942 943 944
943 944
944
949 950
950
953 955
955 957
957
960 962
962
965 967
967 968
968 970
970 972
972 973
973 975
975 977
977 979
979 980
980
983
990
997
