#naive2.0.py
# GMT Fri Feb 14 13:34:02 2020
# 
0 1 2
1 2
2 4
4
8 9 10
9 10
10 12
12 14
14 15
15 17
17 18
18
21 22 23
22 23
23
30 32
32 33 34
33 34 35
34 35
35 37
37
42 43 44
43 44 45
44 45
45 47
47 49
49
53 54
54 56
56 57 58
57 58 59
58 59 60
59 60 61
60 61
61
64 66
66 67 68
67 68
68
72
75 77
77 79
79 81
81 82 83
82 83 84
83 84 85
84 85 86
85 86
86
90 91 92
91 92 93
92 93 94
93 94 95
94 95 96
95 96
96
100 101
101 103
103 105
105 107
107 108 109
108 109 110
109 110
110
113 115
115 116
116 118
118 119
119
122 123
123 125
125
135 136 137
136 137 138
137 138 139
138 139
139 141
141
147
151 152
152 154
154 155
155 157
157
160 161
161 163
163 165
165
168 169 170
169 170 171
170 171
171
176 177 178
177 178
178
181 182 183
182 183
183
187 188
188
191 192
192
196 197 198
197 198
198
201 203
203 204 205
204 205
205
210 212
212 213
213 215
215 216 217
216 217 218
217 218
218
221 222 223
222 223 224
223 224 225
224 225 226
225 226
226 228
228 230
230 231
231
237 238 239
238 239
239
242 243 244
243 244
244
248 250
250
253
260 261
261 263
263 264
264 266
266 268
268 269
269
272
275
279 280 281
280 281 282
281 282
282 284
284 285
285
288 290
290 291 292
291 292
292 294
294 295
295
300
303
307 308 309
308 309
309 311
311 312 313
312 313
313
317 318
318 320
320
329 331
331
334
339 341
341 342
342
346 347
347
350 351 352
351 352 353
352 353 354
353 354 355
354 355 356
355 356 357
356 357 358
357 358 359
358 359
359
362 363 364
363 364
364
367 368 369
368 369
369 371
371
378 379 380
379 380 381
380 381
381 383
383 385
385 386
386 388
388 390
390 392
392 394
394 396
396 397
397
400 401 402
401 402 403
402 403 404
403 404
404 406
406 408
408
412
416 417 418
417 418
418 420
420 421 422
421 422
422 424
424
429 430 431
430 431 432
431 432 433
432 433 434
433 434
434
437
444 445
445
448
451 452
452 454
454
458
464 465
465 467
467 468
468 470
470 472
472
475 476
476
483 485
485
488
494 496
496 497 498
497 498 499
498 499
499
503
506
509 510 511
510 511
511 513
513
516 518
518 519
519
524 526
526 527 528
527 528 529
528 529 530
529 530
530
535 536 537
536 537
537
541
544 545
545
550 551
551
556 557
557
562 564
564 565
565 567
567
571 572
572 574
574
577 578 579
578 579
579 581
581 583
583 585
585 586
586 588
588 590
590 592
592 593
593 595
595 597
597 598 599
598 599 600
599 600 601
600 601
601
606 607
607 609
609
616 617 618
617 618 619
618 619
619 621
621 622
622
627
633 634 635
634 635
635
639 641
641 643
643
646 647
647
651
654 656
656 657
657 659
659
662
666 667
667 669
669 670 671
670 671 672
671 672 673
672 673 674
673 674
674 676
676
680 681 682
681 682 683
682 683 684
683 684 685
684 685
685 687
687 689
689 691
691 693
693
697 698 699
698 699 700
699 700
700 702
702 704
704 705
705
708 709 710
709 710 711
710 711 712
711 712
712
715
718 719 720
719 720
720 722
722 723
723
728 729
729
733 734
734 736
736
740 741 742
741 742 743
742 743 744
743 744
744 746
746 747 748
747 748
748
755
758 759
759 761
761 762 763
762 763
763 765
765 766
766 768
768 769 770
769 770 771
770 771
771 773
773 775
775 776 777
776 777 778
777 778
778
781 782
782 784
784
787 789
789 790 791
790 791 792
791 792
792
798 800
800 801
801
805 807
807
811 812
812 814
814 816
816 818
818 820
820 821 822
821 822 823
822 823
823 825
825
831 833
833 835
835 836 837
836 837 838
837 838 839
838 839
839 841
841 842
842
845 846 847
846 847
847
851 852 853
852 853 854
853 854
854 856
856 858
858 859 860
859 860 861
860 861
861
864 865 866
865 866 867
866 867
867 869
869 870 871
870 871 872
871 872
872 874
874 876
876 878
878 880
880 882
882
887
891 892 893
892 893 894
893 894 895
894 895 896
895 896
896
902 903 904
903 904
904
908 909
909 911
911 912 913
912 913
913 915
915
918 919 920
919 920 921
920 921
921
924 926
926 927
927
931
934 935
935 937
937
940
944 946
946
949 950
950
953 954
954
959 960
960
964
969 971
971 972 973
972 973
973 975
975 976
976 978
978 979
979
984 985
985
988
991 993
993 994
994 996
996 997
997
