#naive2.0.py
# GMT Fri Feb 14 13:34:03 2020
# 
3 4 5
4 5 6
5 6
6
9
13 14 15
14 15
15 17
17 18
18 20
20 22
22 24
24 25 26
25 26 27
26 27
27
30
33 35
35 36
36
42
46 47 48
47 48 49
48 49
49 51
51 52
52 54
54
57 59
59 60
60
64
69 71
71
77
80 81
81
88
96
100
110
115
125 127
127
134
137 138
138 140
140 142
142 143
143 145
145
151
154 155
155 157
157 158 159
158 159
159 161
161 162
162 164
164 166
166 168
168 170
170 172
172
175 177
177 178
178
185 186
186
191
194 195
195 197
197 198 199
198 199 200
199 200
200
210 212
212 213
213 215
215 217
217 218 219
218 219 220
219 220
220
224 226
226
229 231
231 232
232 234
234 235
235 237
237 239
239
242 243 244
243 244 245
244 245
245 247
247 249
249 251
251
255 257
257 258 259
258 259 260
259 260 261
260 261
261
265 267
267 268 269
268 269 270
269 270
270 272
272 274
274 275 276
275 276 277
276 277 278
277 278 279
278 279 280
279 280
280
284 285
285 287
287 289
289 290
290
294 295 296
295 296
296 298
298 299 300
299 300 301
300 301 302
301 302
302
306 308
308
312 313
313
316 317 318
317 318 319
318 319
319
322 324
324 325
325 327
327 329
329
332 333
333
336
339
342 343
343 345
345
348 349
349
352 354
354 356
356 358
358 359 360
359 360 361
360 361 362
361 362
362
365 366
366 368
368 370
370 372
372
376 378
378 379
379
382
386 388
388 390
390
393 394
394
397 399
399
404
412
416
420
425 427
427 429
429 430 431
430 431
431
434 435
435 437
437 438
438
441 442
442
445
448 449 450
449 450 451
450 451
451 453
453 455
455 457
457 459
459
466 467
467
472 474
474
477
480 482
482 484
484 485 486
485 486
486
489 490
490 492
492 494
494 495
495
499
505 506
506 508
508
512 513 514
513 514 515
514 515
515
518 519 520
519 520
520 522
522
528 529
529
534
537 539
539 540 541
540 541
541 543
543 544
544 546
546 547
547
551 552 553
552 553 554
553 554
554
557 558 559
558 559 560
559 560 561
560 561 562
561 562 563
562 563 564
563 564
564
567
572
579 580
580
586 587
587 589
589 590
590 592
592 593
593 595
595
601 603
603
609 610
610 612
612 613 614
613 614
614 616
616 618
618
623
626 628
628 629 630
629 630 631
630 631
631 633
633 634 635
634 635 636
635 636 637
636 637 638
637 638 639
638 639
639
642 644
644 645
645 647
647 649
649 651
651 652
652
655 656 657
656 657 658
657 658
658 660
660 661 662
661 662 663
662 663
663
670 671 672
671 672 673
672 673
673 675
675 677
677
682 684
684 685 686
685 686 687
686 687
687 689
689
693
696 697
697
704
707 708 709
708 709
709
712
718 719 720
719 720
720 722
722 723 724
723 724 725
724 725
725 727
727
733 735
735 736
736
740 741
741 743
743 745
745 747
747 748 749
748 749
749
752
755 756 757
756 757 758
757 758 759
758 759 760
759 760
760
763
767
770 772
772 774
774
777 778
778 780
780
786 787
787
790
794 795 796
795 796
796 798
798 799
799
802 804
804 805
805 807
807 809
809 811
811 812 813
812 813
813
818 819 820
819 820
820 822
822 823 824
823 824
824
829 831
831
834 835 836
835 836
836 838
838
842 844
844 845 846
845 846
846 848
848 850
850 851 852
851 852 853
852 853 854
853 854 855
854 855
855
859
862
868 870
870 871
871
875 876
876
879 880 881
880 881 882
881 882
882
887 888
888
894 896
896 898
898 899 900
899 900
900
905
908 909 910
909 910
910 912
912 913
913 915
915 917
917 919
919 920
920 922
922
933 934 935
934 935
935
942 943
943 945
945
950 951
951
961 963
963 964
964 966
966
970 971 972
971 972 973
972 973
973 975
975 976
976
985 986
986 988
988 989
989
993 994
994
998
