#naive2.0.py
# GMT Fri Feb 14 13:34:04 2020
# 
0 2
2 4
4 5 6
5 6 7
6 7
7 9
9
15 17
17 19
19 21
21 22 23
22 23
23 25
25
28 29 30
29 30 31
30 31
31 33
33 35
35
38 39
39 41
41
45
49 50 51
50 51 52
51 52
52 54
54 55 56
55 56 57
56 57
57
61 63
63
66 67
67
70 72
72 73 74
73 74
74 76
76
80 81 82
81 82
82
85 86
86 88
88 90
90
95 97
97 99
99 100 101
100 101
101
105 107
107
110 111 112
111 112 113
112 113 114
113 114 115
114 115 116
115 116 117
116 117 118
117 118
118
121 123
123 124 125
124 125
125
128 129
129 131
131
134 135 136
135 136
136 138
138 139
139 141
141 142 143
142 143 144
143 144
144
149 150 151
150 151
151 153
153
157 159
159 161
161
164
167
170
173 175
175 177
177 178 179
178 179 180
179 180 181
180 181
181
184
188
192 193
193 195
195 196
196 198
198 199 200
199 200 201
200 201 202
201 202
202
206 208
208 209 210
209 210 211
210 211
211 213
213
217 219
219 220 221
220 221
221
224
227 229
229
235 236
236 238
238
243
246 248
248
251
255 256
256 258
258 260
260 261
261
265 266
266 268
268 269 270
269 270
270
274
277 279
279 281
281 282 283
282 283 284
283 284
284
292 293
293 295
295 297
297
303 305
305 307
307
313 314 315
314 315 316
315 316
316 318
318 319
319 321
321 322
322
325
328 329
329
336 337
337
345
348 349 350
349 350
350 352
352 354
354 355
355
358 360
360 361 362
361 362 363
362 363
363
366 368
368
371
374
383 385
385 386
386 388
388
393 394 395
394 395
395 397
397 398
398 400
400
404
409 411
411
414 415 416
415 416 417
416 417
417 419
419 420 421
420 421 422
421 422 423
422 423 424
423 424
424
427 429
429 431
431 433
433 434
434 436
436 437
437
440 441 442
441 442
442 444
444
447 448 449
448 449
449 451
451
454
457 458
458
464 465
465
469 470 471
470 471 472
471 472 473
472 473
473 475
475 477
477
482 483
483 485
485 486
486
489
497 499
499 500
500 502
502 503 504
503 504 505
504 505 506
505 506 507
506 507
507 509
509 510
510
513
516 517
517
521 522 523
522 523 524
523 524
524 526
526
534
537 538 539
538 539 540
539 540 541
540 541 542
541 542 543
542 543
543 545
545
551 552
552 554
554 555 556
555 556
556
562 564
564
567 568
568 570
570 571
571
574
578 579
579
584 585
585
588 590
590
593
596 597
597 599
599 600 601
600 601 602
601 602
602 604
604 606
606
609 610
610
613 614 615
614 615
615
618 619 620
619 620
620
624 625 626
625 626
626
630 631
631 633
633 634 635
634 635 636
635 636
636
640 641
641 643
643
646 647
647
651 652
652
656
662 664
664
667 669
669 671
671 672 673
672 673
673
678
681 682
682
688 689
689 691
691 693
693 695
695 696 697
696 697 698
697 698 699
698 699
699
702 703
703 705
705 706
706
710 711 712
711 712
712 714
714
719 721
721 722
722 724
724 726
726 727
727 729
729 730
730
739 741
741
745
751 753
753 754 755
754 755 756
755 756
756 758
758 760
760
763 764 765
764 765
765
769 771
771
774
777
780
784 785 786
785 786 787
786 787 788
787 788 789
788 789
789 791
791 792
792 794
794 795 796
795 796 797
796 797 798
797 798
798
804
807
812 814
814 815 816
815 816
816 818
818 820
820 822
822 824
824 825 826
825 826 827
826 827
827 829
829 830 831
830 831
831 833
833 834
834 836
836 837
837 839
839 840
840
843
846
853 855
855 856 857
856 857 858
857 858 859
858 859
859 861
861 862
862
865
868
873 875
875 877
877 879
879 881
881 882
882
885 887
887
891
895 896
896 898
898 899
899 901
901
906 908
908
911 912 913
912 913
913 915
915 916
916
922
925
928
931
935 936 937
936 937
937
940
945 946
946
951 953
953 955
955 956
956 958
958 959 960
959 960
960
963 965
965
968 969 970
969 970 971
970 971
971 973
973 974
974 976
976 977
977
980
984
987
990 991
991 993
993 994
994 996
996 997
997
