#naive2.0.py
# GMT Fri Feb 14 13:34:03 2020
# 
2 3 4
3 4 5
4 5 6
5 6
6 8
8 10
10 12
12 13
13
16
25 26 27
26 27
27 29
29 30 31
30 31 32
31 32 33
32 33
33
36 38
38 40
40
45 47
47 49
49 51
51 52 53
52 53 54
53 54 55
54 55 56
55 56
56
62 64
64 65 66
65 66
66
72
76
80 81
81 83
83 84 85
84 85
85
89 90 91
90 91 92
91 92 93
92 93
93
99 101
101
104 106
106 107 108
107 108 109
108 109
109
113 114 115
114 115
115 117
117
121 122
122 124
124 125
125 127
127 129
129 130 131
130 131 132
131 132 133
132 133
133
136
139 141
141 142
142
145 147
147 148
148 150
150
156 157 158
157 158
158 160
160 162
162 163
163 165
165 166
166 168
168
171 173
173
176 178
178
183 184
184 186
186 188
188
191
196 198
198 199
199
203 205
205
208 209 210
209 210 211
210 211
211
218 219
219
222 223 224
223 224 225
224 225
225
228
232 234
234
240 242
242 243
243 245
245
252 254
254 255 256
255 256
256 258
258 260
260 261
261 263
263 265
265 267
267 268
268
272
279
283 285
285 286
286
289 291
291 293
293 294
294 296
296 297 298
297 298
298
303 305
305 306
306 308
308
312 313 314
313 314
314 316
316
320 322
322 324
324
329 330
330
342
345 347
347 348
348
351
357 358 359
358 359
359 361
361 362
362
368 369 370
369 370
370 372
372 374
374 375 376
375 376
376 378
378 380
380
383
387 389
389 390
390
394
403 404
404
407
410 412
412 414
414 415 416
415 416
416
419 420
420
425
429 430 431
430 431
431
436 437 438
437 438 439
438 439
439
444 445 446
445 446
446
450 451 452
451 452 453
452 453
453 455
455 456
456 458
458 459 460
459 460
460
466 468
468 469
469
472 473
473
476 477 478
477 478
478 480
480
485
488 490
490 491 492
491 492 493
492 493 494
493 494 495
494 495 496
495 496 497
496 497
497 499
499 500 501
500 501
501
504 506
506 507
507
512 514
514 515
515
518 520
520 522
522 523
523 525
525
528 529
529 531
531 533
533 534
534
537 539
539 540
540 542
542 543
543 545
545 546 547
546 547
547
552 554
554 556
556 557 558
557 558 559
558 559 560
559 560 561
560 561
561 563
563
567 568 569
568 569
569
574 576
576 577
577 579
579 581
581 582
582 584
584 586
586 587
587
590
593 594
594
597 598 599
598 599
599
603 604 605
604 605
605 607
607 608
608 610
610
614 615
615
626 628
628 630
630 631 632
631 632
632
636 637
637 639
639 640
640 642
642 643 644
643 644 645
644 645
645 647
647
654 655
655
660 661 662
661 662 663
662 663
663 665
665 666
666
672 674
674
677
681 682
682 684
684 685
685
688 689 690
689 690 691
690 691
691 693
693 694
694
697
700 702
702
708 709
709
712 713
713
716 718
718 720
720 721
721
725 726
726 728
728 730
730 731 732
731 732 733
732 733 734
733 734
734
739 741
741 743
743 744 745
744 745 746
745 746 747
746 747
747
751 753
753 755
755
758 759
759 761
761 763
763
767
770 771 772
771 772
772
776 778
778
782 783 784
783 784
784 786
786 787 788
787 788 789
788 789
789 791
791 792
792
796 798
798 799
799 801
801 802 803
802 803
803 805
805 807
807
815 817
817 818
818 820
820
823 824
824
827 828
828
831 833
833 835
835 836 837
836 837 838
837 838
838
841 842 843
842 843 844
843 844
844
849
852
856 857
857
863 864
864 866
866 867
867
872 873
873 875
875
880
883 885
885 887
887 889
889
892 893 894
893 894
894
899 900
900 902
902
910
913
917 918
918
921 923
923 924
924 926
926
930 932
932
936 937 938
937 938 939
938 939
939 941
941
945
952 953
953 955
955
960
967
970 971 972
971 972
972
976 977
977 979
979
983 985
985 986
986 988
988 989
989
993 994
994 996
996 997 998
997 998
998
