#naive2.0.py
# GMT Fri Feb 14 13:34:05 2020
# 
3 4 5
4 5
5
8 9 10
9 10
10
18
21 22 23
22 23 24
23 24 25
24 25 26
25 26 27
26 27 28
27 28 29
28 29
29 31
31
34
38 40
40 42
42 43
43
46 47 48
47 48
48
52 53
53 55
55
59 60
60 62
62
65 67
67 68
68 70
70 71
71 73
73
77 79
79 80
80 82
82 84
84 86
86 87 88
87 88 89
88 89 90
89 90 91
90 91 92
91 92 93
92 93 94
93 94
94 96
96 98
98 100
100 101
101
105 106 107
106 107 108
107 108
108 110
110 111 112
111 112 113
112 113 114
113 114 115
114 115 116
115 116
116
121 122 123
122 123
123
126 127
127 129
129 131
131 132
132
135 137
137 139
139 140
140
143 144
144 146
146 148
148 150
150
155
158 159 160
159 160
160 162
162 163 164
163 164
164 166
166
174 175
175 177
177 179
179
189 190
190 192
192 193
193 195
195 197
197 198 199
198 199
199
202
205 206
206
210 211
211
214 215 216
215 216
216 218
218 219 220
219 220 221
220 221
221
227 228
228 230
230 232
232 234
234
237 238 239
238 239
239
242 243 244
243 244 245
244 245
245 247
247 248
248
252
255
260 261 262
261 262 263
262 263 264
263 264
264 266
266
269 271
271 273
273 274 275
274 275
275
279 280
280
285 287
287
290 291
291
296
305 306 307
306 307
307 309
309 311
311
315 316
316
319 321
321 323
323 324
324 326
326 328
328
332
339 341
341 343
343
346 347 348
347 348
348 350
350 351
351
354 355
355
359 360
360
363
366
371 372 373
372 373 374
373 374
374
380 381 382
381 382 383
382 383
383 385
385 386
386 388
388 390
390 391 392
391 392 393
392 393 394
393 394 395
394 395 396
395 396
396 398
398 400
400 401 402
401 402 403
402 403
403
408 409 410
409 410 411
410 411
411
416
424 425
425
429 430
430
433
438 440
440 441
441
445
449 451
451 453
453
456 457
457
461 463
463
467 469
469 470
470 472
472
477 478 479
478 479 480
479 480
480 482
482 483
483
487 488 489
488 489 490
489 490
490 492
492 493 494
493 494
494 496
496
499
502 504
504
507 509
509
513
517 518 519
518 519 520
519 520 521
520 521
521
524 525 526
525 526
526 528
528 529 530
529 530
530 532
532 533
533
538 539
539 541
541
544 546
546 548
548 550
550 552
552 554
554
557 558
558
567 568
568
573
580
585 586
586
590 591
591
594
597 598 599
598 599 600
599 600
600 602
602
606 607
607 609
609 611
611
616 618
618 619 620
619 620 621
620 621
621 623
623 624 625
624 625
625 627
627 628
628 630
630
636 637 638
637 638
638
646 647 648
647 648 649
648 649 650
649 650 651
650 651 652
651 652
652
657 658 659
658 659 660
659 660
660 662
662 664
664 666
666 668
668 669
669
672
676 677 678
677 678
678 680
680 682
682 683
683 685
685 687
687 688
688 690
690 691
691
695
700 701 702
701 702 703
702 703 704
703 704
704
710 711
711 713
713 714 715
714 715 716
715 716
716 718
718
727 728
728
731 732
732
735 737
737 738 739
738 739 740
739 740
740
743
747 748
748
751
755 756 757
756 757 758
757 758
758 760
760 761
761
768 769
769
777
780 781
781
786 787 788
787 788
788
792 794
794 795 796
795 796 797
796 797 798
797 798 799
798 799 800
799 800
800 802
802 803
803
806 808
808 810
810 811 812
811 812 813
812 813 814
813 814
814 816
816 817 818
817 818
818 820
820 821
821
824 825
825
830 831
831
834
842 844
844 846
846
852
855
858
861 862 863
862 863
863
867 869
869 871
871 872
872 874
874
877 879
879 881
881
885 886
886 888
888 889
889 891
891 892
892 894
894 896
896 897
897
900
903 904
904 906
906
909 910
910
917 919
919
923 925
925 926
926
929 930
930 932
932 934
934 936
936
942 943 944
943 944
944
947 949
949
953 955
955 957
957
961 962
962
971
976 978
978 979 980
979 980
980
983 985
985 987
987
992 994
994 996
996 997
997 999
999
