#naive2.0.py
# GMT Fri Feb 14 13:34:02 2020
# 
3 4 5
4 5 6
5 6
6 8
8
15 17
17 19
19
23 24 25
24 25 26
25 26
26
38
41
48 50
50 51
51 53
53 55
55 56 57
56 57 58
57 58 59
58 59 60
59 60 61
60 61
61 63
63 65
65 66
66 68
68 69 70
69 70 71
70 71 72
71 72
72 74
74 76
76 77
77 79
79 80
80
84 85
85
91 93
93 95
95
100
104
107 109
109 110 111
110 111
111 113
113 114
114
118 120
120 121
121 123
123 125
125
130 131
131
134 135
135
138
141 142
142
146 147
147 149
149 150 151
150 151
151
157 158 159
158 159
159 161
161 163
163
166 167 168
167 168 169
168 169
169 171
171 172
172
176 177 178
177 178 179
178 179
179 181
181 182
182 184
184
189 190
190 192
192
197
200 202
202 203 204
203 204 205
204 205 206
205 206
206 208
208
213
216 217 218
217 218 219
218 219
219 221
221 222 223
222 223 224
223 224
224 226
226
234 235
235 237
237 238
238
245 247
247 248
248 250
250 251 252
251 252 253
252 253
253
256 257 258
257 258 259
258 259
259
263 265
265 266
266
270
273 274 275
274 275 276
275 276
276 278
278 279 280
279 280 281
280 281
281 283
283 284
284
288
291 292
292 294
294 295 296
295 296
296 298
298
301 303
303 304 305
304 305 306
305 306
306
313 314
314
317 318
318 320
320
324 325
325
329 330
330
335 337
337
340 341
341 343
343 345
345
348
352
358 360
360 362
362 363
363
366 368
368 370
370
373 374 375
374 375 376
375 376
376 378
378 380
380 381
381 383
383 384
384 386
386 387
387 389
389
394 396
396 397 398
397 398 399
398 399 400
399 400 401
400 401
401 403
403 405
405 407
407 408
408
414 415
415 417
417 419
419 421
421 422 423
422 423
423 425
425 426 427
426 427 428
427 428 429
428 429
429 431
431 432
432
435 436 437
436 437 438
437 438
438 440
440 441
441
444 446
446 447
447 449
449 450 451
450 451
451 453
453
464 465 466
465 466 467
466 467 468
467 468
468
473 474
474
477
480
483
489
493
496 497
497
502 503
503
507 508
508
511 513
513 514
514
520
524 525
525
532 534
534 535 536
535 536
536 538
538 539 540
539 540
540 542
542 543 544
543 544
544
551
554
559 560
560
563
566 567
567 569
569 571
571 573
573
576 578
578
582 583 584
583 584
584
587 589
589 590
590
593 594
594
599 600
600 602
602
606 608
608
611
614
617 618 619
618 619
619
622
628
631 633
633
637
642
645 646
646
649
652 653 654
653 654
654 656
656
660 662
662
665
668 669 670
669 670
670
673 674 675
674 675
675 677
677 678 679
678 679
679
683 684
684
688 690
690 692
692
696
701 703
703 704 705
704 705
705 707
707 708 709
708 709
709 711
711
715 717
717 718
718
721
725
729 730
730
733
736 737
737
742 744
744 746
746 747 748
747 748 749
748 749 750
749 750 751
750 751 752
751 752
752 754
754
758 759
759
764 766
766
770 771 772
771 772 773
772 773 774
773 774
774 776
776
779 780
780
783 784 785
784 785 786
785 786
786 788
788 790
790 792
792 794
794
799 800
800 802
802 804
804 805
805
810 811
811
814
817
823 824 825
824 825
825
828 829 830
829 830
830
834 835 836
835 836
836
839
842 843
843
847 848 849
848 849
849 851
851 852 853
852 853 854
853 854 855
854 855
855
858
867 869
869 870 871
870 871
871 873
873 875
875 876
876
879 880 881
880 881
881
884 885
885
888 889
889
892 893
893
899 901
901 902
902 904
904 906
906 907 908
907 908
908 910
910 911
911 913
913 915
915 916 917
916 917 918
917 918 919
918 919 920
919 920
920
927
931 932 933
932 933
933
936
940 941
941 943
943 945
945
948 950
950 952
952
955
959 961
961 962
962 964
964 965
965
968 969
969 971
971
975 976
976 978
978 980
980
984 986
986 987
987 989
989
992 993
993
996 997
997 999
999
