#naive2.0.py
# GMT Fri Feb 14 13:34:01 2020
# 
0 1 999 2 998
1 2 999
2 4
4 5
5
13
16
19 20
20
24 25 26
25 26
26
29 30
30 32
32 34
34
39
43 45
45 46 47
46 47
47 49
49
52 53 54
53 54
54 56
56 57
57
60 62
62 64
64 65
65
68 69 70
69 70 71
70 71
71
76 78
78 79
79
83 84
84
87 89
89 91
91
94 95 96
95 96 97
96 97
97 99
99 100 101
100 101
101 103
103 105
105 106 107
106 107 108
107 108
108 110
110
114 116
116 117
117
127 128
128 130
130 131 132
131 132
132 134
134
139 141
141
144 145 146
145 146 147
146 147
147
150
156
160 162
162
167 168
168 170
170 171
171 173
173
181 183
183 185
185
188
192 193
193
196
204 205 206
205 206
206 208
208 209
209
212
216 217 218
217 218
218
224 225
225
228 229
229
232 234
234 236
236 237
237
240
243 244
244
247
251 252
252 254
254
257 258
258
261 262 263
262 263
263
271 273
273 274
274
277 278
278
284 285
285
291 292
292
295
298 299 300
299 300 301
300 301
301
304 305
305
310 311 312
311 312 313
312 313
313 315
315
318
324
329 330 331
330 331
331 333
333 334
334 336
336 337
337 339
339
342 343 344
343 344
344
347 348 349
348 349
349 351
351
356 358
358 359
359
362 363
363 365
365
373 374 375
374 375
375 377
377 378 379
378 379
379
382 383
383 385
385 386
386
392 394
394
400
403 405
405 407
407 408
408 410
410 412
412
416 417
417 419
419
422
426 428
428 429
429
437 438 439
438 439
439 441
441 442
442 444
444
452 454
454
458
461 462
462 464
464 465 466
465 466
466
474
477 479
479 480
480
483 484
484
488 489 490
489 490 491
490 491
491 493
493
497
500
503 505
505 506
506
511
514 516
516 517
517 519
519 520 521
520 521 522
521 522
522 524
524 525
525
529
532
536
539
542
553 554 555
554 555 556
555 556
556 558
558 560
560 561
561 563
563 565
565 566
566 568
568 569
569
573 575
575
580 582
582
586 588
588
593 594
594
598
601 602 603
602 603 604
603 604 605
604 605 606
605 606
606
609
614
617 618
618
632 633 634
633 634
634
637
640 641
641 643
643 645
645 647
647
650 651 652
651 652
652
655 657
657
660 662
662 664
664 666
666 667 668
667 668 669
668 669
669
672 674
674
677 679
679 680 681
680 681
681 683
683 684
684
690 691
691 693
693
703
706
709
712 713 714
713 714
714
720 722
722 723
723 725
725 726
726
729 730 731
730 731 732
731 732
732
735 736
736
739
742
748
752 754
754 755
755
758
761
765 766
766 768
768 769 770
769 770 771
770 771 772
771 772
772 774
774
780
786
789
792 794
794 796
796
799
802 804
804
807 808
808
815 816 817
816 817 818
817 818 819
818 819
819 821
821 822
822
825 826
826 828
828 829
829
833 834 835
834 835 836
835 836 837
836 837
837 839
839 840 841
840 841 842
841 842
842
845 846
846
851
854
857
860 861
861
864 865
865
868 870
870 872
872 874
874
877 878 879
878 879 880
879 880
880 882
882
886 888
888
891 893
893 895
895 896
896
904
907
910
915
919
922 924
924 926
926 927 928
927 928
928
931 932 933
932 933
933 935
935 937
937 939
939 940
940
944 945
945 947
947 949
949 950 951
950 951 952
951 952 953
952 953
953
957 958 959
958 959 960
959 960 961
960 961
961
967 969
969
972 973
973 975
975 977
977 978
978 980
980
984
987 989
989
992 993 994
993 994 995
994 995
995
998 999
999
