#naive2.0.py
# GMT Fri Feb 14 13:34:05 2020
# 
0 2 998
2 4
4 5
5
8 9 10
9 10
10 12
12 13 14
13 14
14 16
16 18
18 19 20
19 20 21
20 21
21
28 30
30 31 32
31 32 33
32 33
33
36 37 38
37 38
38 40
40 42
42 43
43 45
45 46
46
53 54 55
54 55
55
59 61
61 62 63
62 63
63
68 70
70
73 74 75
74 75 76
75 76
76 78
78
83
87 88 89
88 89 90
89 90 91
90 91 92
91 92 93
92 93 94
93 94
94 96
96 97 98
97 98
98
101 103
103 105
105 106
106 108
108
112
116 118
118 119
119
122
125
129 131
131 133
133 134 135
134 135
135 137
137 138
138
141 142 143
142 143
143 145
145 147
147 148
148
153 154
154
158
161 163
163
167 168
168 170
170 171
171 173
173
176 177 178
177 178
178 180
180 181
181 183
183
186 187 188
187 188 189
188 189 190
189 190 191
190 191 192
191 192
192
195 197
197 198
198
203
208 209
209
216 217
217 219
219 221
221 223
223 224
224
230 231
231 233
233 235
235
239 240 241
240 241
241 243
243 245
245 246 247
246 247
247 249
249
253 254
254 256
256 257 258
257 258
258 260
260 262
262 263
263 265
265
269 271
271 272 273
272 273 274
273 274
274
279 281
281 282
282
285 287
287 288 289
288 289 290
289 290
290 292
292 293 294
293 294 295
294 295
295 297
297 299
299 300
300 302
302 304
304 305 306
305 306 307
306 307
307
313 314 315
314 315
315
320 322
322 323 324
323 324
324
327 329
329 330 331
330 331
331
334 335 336
335 336
336
341
344
347 348 349
348 349 350
349 350 351
350 351 352
351 352 353
352 353 354
353 354 355
354 355 356
355 356 357
356 357
357 359
359 360
360 362
362 363 364
363 364
364
369 370 371
370 371 372
371 372
372 374
374 376
376 377
377
384 386
386
389 390
390
398
402 403
403 405
405 406
406 408
408
411
414 415
415
423 424 425
424 425 426
425 426
426 428
428
433
436 437 438
437 438 439
438 439
439 441
441 442
442
445 446 447
446 447
447
452 453
453
457 459
459 460 461
460 461
461 463
463 465
465
468
474
477 478
478
481 482 483
482 483
483 485
485 487
487 488 489
488 489 490
489 490 491
490 491
491 493
493
497 498 499
498 499
499 501
501 502 503
502 503
503 505
505 506 507
506 507
507 509
509 510
510
515 516
516 518
518 519
519
522 523 524
523 524 525
524 525 526
525 526
526 528
528 530
530
535 536
536
540
543 544 545
544 545 546
545 546 547
546 547 548
547 548 549
548 549
549
553
560 562
562 563
563
567
570 571 572
571 572
572 574
574
580
584 586
586 587
587
591 593
593 594
594 596
596 598
598 600
600 602
602
605 606
606
617 618 619
618 619
619 621
621 622
622
625 626 627
626 627
627 629
629 631
631
634 635
635
638
642 644
644 645
645
650
653 655
655 656 657
656 657 658
657 658 659
658 659
659
662
665 667
667 669
669 671
671
676 678
678 679 680
679 680 681
680 681
681
685 686
686
689 690
690 692
692 694
694
697 698
698
701 702
702
706
710 712
712 713
713
716 718
718
724 725
725
729 730
730
734 735
735
739 740 741
740 741 742
741 742 743
742 743
743 745
745 747
747 749
749
752 753
753
756 758
758 760
760 761 762
761 762
762
766 768
768
771 772
772 774
774
778 779
779 781
781 782
782 784
784
788 789 790
789 790 791
790 791
791
795 796
796 798
798 799
799
802
805 807
807 808 809
808 809
809 811
811 812 813
812 813 814
813 814 815
814 815
815 817
817 818 819
818 819
819
823 824
824 826
826
831
834
837 838 839
838 839
839 841
841 842 843
842 843
843 845
845 846
846 848
848 850
850 851
851 853
853 854
854 856
856 858
858
861 862
862 864
864 865
865 867
867 868
868 870
870 872
872 873 874
873 874 875
874 875
875
878 880
880 882
882 883 884
883 884 885
884 885
885 887
887 888 889
888 889 890
889 890
890 892
892
895 896 897
896 897
897
900
903
907 909
909
916 917 918
917 918 919
918 919
919 921
921
927 928
928 930
930 931 932
931 932
932
935 936 937
936 937 938
937 938 939
938 939
939
944 946
946 947 948
947 948
948
951
954
957 958
958
961 962 963
962 963
963 965
965
975 976
976 978
978 980
980 982
982 984
984 986
986 987
987
991 993
993
997 998
998
