#naive2.0.py
# GMT Fri Feb 14 13:34:03 2020
# 
0 2 998
2
7
13
22 23
23
26 27
27
33
36 37 38
37 38
38
41
44 45
45 47
47 48 49
48 49
49
53 54 55
54 55
55 57
57 58
58 60
60 62
62
65
70
73
77 78
78
88 89
89 91
91 92
92
98 99 100
99 100
100 102
102 103
103 105
105 106
106
111
114 115
115 117
117 118 119
118 119 120
119 120
120
123 125
125 126 127
126 127 128
127 128 129
128 129 130
129 130
130
133 134 135
134 135
135
139 140 141
140 141
141 143
143
146 147
147 149
149 150
150
156
165 167
167 168
168 170
170 171
171
178 179
179 181
181
186
189
192 193
193 195
195
198 199 200
199 200 201
200 201 202
201 202 203
202 203 204
203 204 205
204 205
205
208 209
209 211
211 213
213
217 219
219 220 221
220 221 222
221 222
222 224
224
227 228
228
231 232
232
235
239
244
250
254 255 256
255 256 257
256 257 258
257 258
258
267 268
268 270
270 271 272
271 272 273
272 273
273
278 280
280 281
281 283
283
290 291 292
291 292
292 294
294 296
296
299 301
301
305 306
306 308
308 309 310
309 310 311
310 311 312
311 312 313
312 313
313
316 318
318 320
320
326
330
334 335 336
335 336
336
341 342
342
350 352
352
355 357
357 359
359
362 363 364
363 364
364 366
366
369 371
371
374 376
376 378
378 379
379 381
381 383
383
386 387
387 389
389
392 394
394 395
395
400 401 402
401 402
402 404
404
407
411 412
412 414
414 416
416 417 418
417 418 419
418 419
419
423 424
424
428 429
429
435 436
436 438
438 439
439
442
445
455
460
464 465
465 467
467 468
468 470
470 472
472 473
473 475
475 477
477 479
479 481
481 483
483 485
485 486 487
486 487
487 489
489 491
491 492
492
496
502 503 504
503 504
504 506
506 507 508
507 508
508
511 512
512 514
514 515
515
521 522
522 524
524
528
531
534
537 539
539 540 541
540 541 542
541 542
542
546 547
547
550 552
552 554
554 556
556
559
563 564
564
567
570 571
571 573
573
577 578
578
581 583
583
586 587
587
590 591
591
594
598
601
604 605 606
605 606 607
606 607
607 609
609 610
610 612
612 614
614 616
616 617
617 619
619
622
625 627
627 628
628 630
630 631 632
631 632 633
632 633
633 635
635
638 640
640
643 644
644
650
656 657
657
660 661 662
661 662 663
662 663 664
663 664 665
664 665
665
669
674 676
676 678
678
683
688
691
694 696
696 697 698
697 698
698 700
700
704 706
706 707
707
710
713 715
715 717
717 719
719 721
721 722 723
722 723 724
723 724 725
724 725 726
725 726 727
726 727 728
727 728 729
728 729
729 731
731 732
732 734
734 735
735 737
737 739
739
743 744
744 746
746 747
747
750
754 755 756
755 756
756 758
758
761 762 763
762 763
763 765
765 766 767
766 767 768
767 768 769
768 769
769
774 775 776
775 776
776 778
778 779
779 781
781 782 783
782 783
783 785
785 786
786 788
788 790
790
795
798
802 803
803 805
805
808
812
816 818
818 820
820 822
822
831 832 833
832 833 834
833 834
834
842
845 847
847 849
849
852 853
853
858 860
860
863 865
865 866 867
866 867
867 869
869 870
870
875
878 879 880
879 880
880
883 884
884 886
886 888
888 889
889
892
897
901 903
903
907
910 911 912
911 912
912
916
922 923
923
929
933 935
935 936
936
940 941 942
941 942
942 944
944 945
945
956 957 958
957 958
958 960
960 962
962 963
963
972 973 974
973 974
974 976
976 977
977
982 983 984
983 984
984
987
996 998
998
