#naive2.0.py
# GMT Fri Feb 14 13:34:03 2020
# 
0 1
1 3
3 5
5
8
12
17
20
23
26
31 32 33
32 33
33 35
35
38 39 40
39 40
40
43
48 49
49
52 54
54 56
56
61 63
63 65
65
70 71
71
74
77 78 79
78 79
79 81
81 82
82
86 87
87
92 93 94
93 94
94 96
96
100 101
101 103
103 105
105
111 112
112
115 116
116
121
128 129 130
129 130 131
130 131 132
131 132 133
132 133
133 135
135 136
136 138
138
141 142
142
145 146
146 148
148 149
149 151
151 152
152 154
154
157
161 162
162
168 170
170 171
171
174
177 178 179
178 179
179 181
181
185 186 187
186 187
187
192
195 196 197
196 197
197 199
199 200 201
200 201 202
201 202 203
202 203
203
208
211
214
217
222
229 230
230 232
232
235 236 237
236 237
237 239
239 240
240
244 245 246
245 246
246 248
248 249 250
249 250
250 252
252 253 254
253 254
254 256
256
260
263
266 267
267
271
276 277
277 279
279 280
280 282
282
288
294 296
296 297 298
297 298
298 300
300 301 302
301 302
302
306 308
308 309 310
309 310
310
314
317 319
319 320 321
320 321 322
321 322
322
327 328 329
328 329 330
329 330 331
330 331 332
331 332 333
332 333
333
336
339 340
340 342
342 344
344
348
352 353
353
357
360 362
362 363 364
363 364
364 366
366 367 368
367 368
368
378 379
379 381
381 383
383
386
389
397
401 402
402 404
404 405
405
411
416
423 424 425
424 425 426
425 426 427
426 427 428
427 428 429
428 429
429
432
436 437
437 439
439 441
441 443
443 445
445
448
451 452
452
458 460
460 462
462 463
463
466 467
467
470 471
471 473
473
478 479 480
479 480
480 482
482 483
483 485
485 486 487
486 487
487
490
495 496
496
500
506 508
508 509 510
509 510
510
513
519 521
521 522 523
522 523 524
523 524
524
528
535 536
536 538
538 540
540 542
542 543
543 545
545 546
546 548
548
555 556 557
556 557 558
557 558
558 560
560
563
566
569
573 575
575
580
583 584 585
584 585 586
585 586
586 588
588
591 592 593
592 593
593 595
595 596 597
596 597 598
597 598 599
598 599
599
603
606
610 612
612 613 614
613 614 615
614 615
615 617
617 618 619
618 619 620
619 620 621
620 621
621
624 625
625 627
627
630 631 632
631 632 633
632 633 634
633 634
634 636
636 637
637
640
643 644
644
658 660
660 662
662
665
668
672
676
679 680
680
683 685
685 686 687
686 687 688
687 688
688 690
690 692
692 694
694 696
696 697 698
697 698
698 700
700 701 702
701 702
702
705 707
707
710 712
712
715 717
717
721
725 727
727 728 729
728 729
729 731
731 732 733
732 733
733
737
740 741 742
741 742
742
745 747
747 748
748 750
750 752
752 754
754 755
755 757
757 758 759
758 759
759 761
761 762 763
762 763
763 765
765 766 767
766 767
767 769
769 771
771 772 773
772 773
773 775
775 776
776 778
778 779
779
783 784 785
784 785
785 787
787 788 789
788 789
789
798 799
799
802
806
810
817
821
828 829
829
834
837 838
838 840
840 841
841
845 846
846
849 850
850
854 856
856
861 862 863
862 863 864
863 864 865
864 865 866
865 866
866
870 871
871 873
873 875
875 876
876 878
878
881 882 883
882 883
883 885
885
889 890 891
890 891 892
891 892 893
892 893 894
893 894
894 896
896 897 898
897 898
898 900
900
904
909 910
910
915 917
917
921
937
940 942
942 943
943 945
945
950
958 959 960
959 960
960
963
967
970
975
980 981 982
981 982 983
982 983
983 985
985
988 989 990
989 990 991
990 991 992
991 992 993
992 993 994
993 994
994 996
996 997
997
