#naive2.0.py
# GMT Fri Feb 14 13:33:58 2020
# 
6 7 8
7 8
8
12
15 16 17
16 17 18
17 18
18
21 23
23 24
24
27
30
33
36 38
38 40
40
43 44
44
47
51 52 53
52 53
53 55
55 56 57
56 57
57 59
59 60
60 62
62 63 64
63 64 65
64 65
65
70
73 74 75
74 75 76
75 76 77
76 77
77 79
79 80 81
80 81 82
81 82
82 84
84 86
86 87
87 89
89 91
91 93
93 94
94
97
102 103
103 105
105 106 107
106 107
107
111 112 113
112 113
113
118
122 123 124
123 124 125
124 125
125 127
127
130 131
131 133
133
141 142
142 144
144 146
146 148
148 149 150
149 150
150
161 162
162 164
164 165 166
165 166 167
166 167 168
167 168
168 170
170 171
171
174 176
176 178
178 180
180 182
182 183
183 185
185 186 187
186 187
187 189
189 190 191
190 191
191 193
193
196 197 198
197 198 199
198 199
199 201
201 202
202
209
213 215
215 216 217
216 217 218
217 218 219
218 219
219 221
221
227 228
228 230
230 231 232
231 232
232
236 237
237
241 243
243 244
244 246
246 247
247
252 254
254 255 256
255 256
256
262 263
263
266 267
267
273 274
274
278 280
280 281
281 283
283 284 285
284 285 286
285 286 287
286 287
287 289
289
293 294 295
294 295
295
298
301
304
307 308 309
308 309
309 311
311
315
318
322 324
324 325
325
329
332 333 334
333 334
334 336
336 337 338
337 338 339
338 339 340
339 340 341
340 341
341
345 346
346
349 350 351
350 351 352
351 352 353
352 353 354
353 354
354
360 361 362
361 362 363
362 363 364
363 364 365
364 365
365
368
377 378
378
381 382 383
382 383 384
383 384
384 386
386 387 388
387 388 389
388 389
389
394 395 396
395 396 397
396 397
397
403 404 405
404 405 406
405 406
406
409 410 411
410 411
411
415 416
416
420
425
429 431
431 432
432 434
434 435
435
438 439 440
439 440
440
446 448
448
452 453
453 455
455 456 457
456 457
457
460
463 465
465 466
466
474 475
475
480 481 482
481 482
482
485
488 489 490
489 490
490 492
492 494
494 495
495
498
503
506
513
518
522 523
523
526 527
527
531 532
532 534
534
539 540 541
540 541
541 543
543
548 549 550
549 550
550
557 559
559 561
561 562 563
562 563 564
563 564
564 566
566 567
567 569
569 570
570 572
572
575 576
576 578
578 579
579
582 584
584 585
585 587
587
590 592
592
596 597
597 599
599 600
600 602
602 603
603 605
605
608 609
609
612 614
614
619 620 621
620 621 622
621 622
622 624
624 625 626
625 626
626
631 633
633
636 638
638 639 640
639 640 641
640 641 642
641 642
642
645 646
646 648
648
653 655
655 657
657 658
658
662 663 664
663 664
664 666
666 668
668 669 670
669 670 671
670 671
671
678 680
680 681 682
681 682 683
682 683
683
686 687
687
690 692
692 693 694
693 694
694
698 699 700
699 700 701
700 701
701 703
703
708 710
710 711 712
711 712 713
712 713
713
719 721
721 722 723
722 723
723
728
731 732 733
732 733
733
738
742 743
743
748 749 750
749 750 751
750 751
751 753
753 754 755
754 755 756
755 756 757
756 757
757 759
759 761
761
765 766
766 768
768 769 770
769 770 771
770 771
771
774 775
775 777
777 779
779 781
781
784
788
792 793
793
798
803 805
805 806
806
809 811
811 813
813 814
814
818 820
820
823 824
824
827 828
828
832 833 834
833 834 835
834 835
835 837
837 839
839 840 841
840 841 842
841 842
842
846 848
848
852 853
853 855
855 857
857
860 862
862
865
868 869
869
876
879 881
881
884 885
885
894
897
902
908 909 910
909 910 911
910 911
911
914 916
916
920 921 922
921 922 923
922 923
923
926 927
927
934
937
943 944 945
944 945 946
945 946
946
949
952
957 958
958
961
964 965 966
965 966 967
966 967
967 969
969
972 974
974 975
975
978 979 980
979 980
980
983 985
985 986 987
986 987
987 989
989
992 994
994 995 996
995 996 997
996 997
997 999
999
