#naive2.0.py
# GMT Fri Feb 14 13:34:04 2020
# 
0 1 2 998
1 2
2 4
4 5 6
5 6
6
10 11
11
17
20 21 22
21 22
22 24
24 26
26
29
39 40 41
40 41
41 43
43
47 48 49
48 49 50
49 50
50
53
60
64 65 66
65 66
66 68
68 69
69
74 75 76
75 76
76
79
82 83
83 85
85 86
86 88
88 89 90
89 90 91
90 91 92
91 92
92
96 98
98 99 100
99 100 101
100 101 102
101 102 103
102 103
103 105
105
108 110
110
113 115
115 117
117 118
118
122 123
123 125
125
129 130 131
130 131
131
136
143 145
145
149
153 155
155 156
156
161
169
172
176 178
178 179 180
179 180
180
185 186
186
191
195 196
196 198
198 199
199 201
201 202
202
205 206
206 208
208 210
210 211 212
211 212
212
215 216
216
219 221
221 222 223
222 223
223 225
225
229
232 233
233 235
235
241
245 246
246
250
260 261
261 263
263
267 268 269
268 269 270
269 270
270
276 277
277
280
283 284 285
284 285
285 287
287 288 289
288 289
289
292 293
293
296 297
297
303
306 307 308
307 308 309
308 309 310
309 310 311
310 311 312
311 312 313
312 313 314
313 314 315
314 315 316
315 316 317
316 317 318
317 318
318
323 324
324 326
326 327
327
330 331 332
331 332 333
332 333 334
333 334
334
338 339 340
339 340
340
344
348 349
349 351
351 352
352 354
354
360
363 365
365
369 371
371
374
377 379
379 381
381 382
382
385 386
386
390 391
391
396 397
397 399
399 400 401
400 401
401 403
403
408 409
409 411
411 413
413 414 415
414 415
415
419 421
421 423
423
428 429
429 431
431 433
433 435
435 437
437 438
438 440
440 441 442
441 442 443
442 443
443
446
449 451
451 453
453 455
455
458 459
459
464
469 471
471 472 473
472 473 474
473 474 475
474 475 476
475 476
476 478
478 479 480
479 480
480 482
482
485 486 487
486 487
487
491 492
492
496
499
505
509
513 514 515
514 515
515
520 522
522 523 524
523 524 525
524 525
525
530 532
532
536 537 538
537 538
538 540
540 542
542
545
548 549
549
553 554
554
558 559
559 561
561 563
563 564 565
564 565
565 567
567 569
569 571
571
575
585
588
592 594
594 596
596 598
598
602 604
604 605 606
605 606 607
606 607
607 609
609 611
611 612 613
612 613 614
613 614 615
614 615 616
615 616 617
616 617
617 619
619 620
620
625 626
626
630 631 632
631 632
632
636 637 638
637 638 639
638 639
639 641
641 642
642 644
644 645
645 647
647 648
648 650
650 652
652 653
653
657 658 659
658 659 660
659 660 661
660 661
661
668 670
670 672
672 674
674 676
676
681 683
683 685
685
689 690 691
690 691
691 693
693 694 695
694 695 696
695 696 697
696 697 698
697 698 699
698 699
699 701
701
711
717 719
719 721
721 722
722
728
732 733
733 735
735 736
736
741 742 743
742 743 744
743 744 745
744 745 746
745 746 747
746 747 748
747 748
748 750
750 751 752
751 752
752
758
765 767
767 768
768
771 772 773
772 773
773
776 777
777
781
785 787
787 789
789 790 791
790 791 792
791 792
792
797 799
799 800
800 802
802
807 809
809 810 811
810 811
811
819 821
821 822
822 824
824 825
825 827
827 829
829 830 831
830 831 832
831 832 833
832 833
833
841 843
843 844 845
844 845
845
852
855 857
857 858
858
861 862
862
866 868
868 869 870
869 870 871
870 871 872
871 872 873
872 873 874
873 874
874 876
876 878
878 879 880
879 880
880
883 885
885 887
887
891 892
892
897
902 904
904
907 909
909 911
911
915 917
917
921
925 926 927
926 927
927
931 933
933 935
935 936
936
939 941
941 942 943
942 943
943
948 950
950 951 952
951 952 953
952 953 954
953 954 955
954 955 956
955 956
956
959
967 968 969
968 969 970
969 970
970
975 976 977
976 977
977 979
979 981
981 982 983
982 983 984
983 984 985
984 985
985 987
987
992 994
994 995 996
995 996 997
996 997 998
997 998
998
