#naive2.0.py
# GMT Fri Feb 14 13:34:04 2020
# 
0 999 998
4 6
6 7
7 9
9
12 13 14
13 14 15
14 15
15
18
21
25 26
26
29
34 36
36 38
38 39 40
39 40
40
44 45
45 47
47 49
49
53 54 55
54 55
55
58 59
59 61
61
65
69 70
70 72
72 74
74 75
75
80
83 84
84 86
86
90 91 92
91 92
92
95 96
96
99
102 103
103
107 108 109
108 109 110
109 110 111
110 111
111
114 116
116 118
118 119 120
119 120
120
123 124
124
130 132
132 133
133 135
135
138 139 140
139 140 141
140 141 142
141 142 143
142 143 144
143 144
144
149
152 153 154
153 154 155
154 155 156
155 156 157
156 157
157
161
164 165 166
165 166 167
166 167
167 169
169
177 178
178
181
185 187
187
190 191
191
194
197
200 201
201
204 205
205
208 209 210
209 210 211
210 211 212
211 212 213
212 213 214
213 214
214
217 219
219 221
221
225
228 229
229
232 233
233
237
241 242
242
245 246 247
246 247 248
247 248 249
248 249 250
249 250 251
250 251
251 253
253 254 255
254 255 256
255 256 257
256 257 258
257 258 259
258 259
259 261
261
264 266
266
269 270
270 272
272
275 276
276
279 281
281 282
282
285 286 287
286 287
287 289
289 291
291 293
293 295
295 297
297
301 302 303
302 303
303
307 309
309
312
315
318
321 322
322 324
324 325
325
333 334 335
334 335
335
339 340
340
343 344 345
344 345 346
345 346
346
349 351
351 353
353 354
354
358
361 362
362
365
372
376
379 381
381 383
383 385
385
388 390
390 391 392
391 392 393
392 393
393
399 400
400 402
402 403 404
403 404
404 406
406 407 408
407 408 409
408 409 410
409 410
410
413 415
415 416
416 418
418
425
429 430 431
430 431 432
431 432 433
432 433 434
433 434
434
438
442 443
443 445
445
449 450
450 452
452
458 460
460 461
461
464 466
466 467 468
467 468
468 470
470
475 476 477
476 477 478
477 478 479
478 479 480
479 480
480 482
482 483 484
483 484 485
484 485
485
488 490
490
495 496 497
496 497 498
497 498 499
498 499 500
499 500 501
500 501 502
501 502
502 504
504 505
505
509 511
511 512 513
512 513
513 515
515 516
516 518
518 520
520
525 527
527
532
535 537
537 538 539
538 539 540
539 540
540
543 544 545
544 545 546
545 546
546
550
553
558 560
560
564
569 570
570
574
581 582
582 584
584
588 589 590
589 590 591
590 591 592
591 592 593
592 593
593 595
595 596
596 598
598
604 606
606 608
608
615 616
616 618
618 620
620 622
622 623
623
626 628
628 629
629 631
631 632
632
635 636 637
636 637
637
642 644
644
647
650 651 652
651 652
652
655 656
656 658
658 659
659
664 665 666
665 666
666
669
672
679 680 681
680 681
681 683
683 684
684 686
686 687
687
690 691
691 693
693 695
695
699 700
700
706 707 708
707 708 709
708 709
709 711
711
714 716
716 718
718 720
720 722
722 723
723 725
725 726
726
729
732
737
741
744 745
745 747
747 749
749
752 754
754 756
756 757
757
760
763 765
765 766 767
766 767
767
772 774
774
777 779
779 780 781
780 781 782
781 782 783
782 783 784
783 784 785
784 785
785
788 790
790 792
792 793 794
793 794
794
797 798 799
798 799 800
799 800
800
805
809 811
811
815
820
823
834 836
836 838
838 840
840
843
847 848 849
848 849
849
854
857 859
859
862 863
863
866 867
867
870 871 872
871 872 873
872 873
873
877 878
878 880
880 882
882 884
884 886
886 887 888
887 888
888 890
890
893
896 898
898 899 900
899 900
900
904 906
906 907
907
912 913
913 915
915
918 919
919 921
921 922
922
927 928
928
933 934 935
934 935
935 937
937
940
943
951 953
953 954
954 956
956 957
957
963 964 965
964 965 966
965 966 967
966 967
967 969
969 970
970
973 975
975 977
977 979
979 980
980
983 984
984 986
986 987 988
987 988 989
988 989
989 991
991
994
998 999
999
