#naive2.0.py
# GMT Fri Feb 14 13:33:56 2020
# 
0 1 998
1 3
3 4
4 6
6 7
7 9
9 10
10
14 16
16 17 18
17 18 19
18 19 20
19 20
20 22
22 24
24 26
26
29
32
39 40
40
43 44
44
47 48
48 50
50 52
52 53 54
53 54
54 56
56
59 60
60 62
62 63 64
63 64
64
70
75
79 80 81
80 81
81
86 88
88 90
90 92
92 93
93 95
95
99 101
101
105
108 110
110 111
111
117 118 119
118 119 120
119 120 121
120 121 122
121 122
122
126 128
128 130
130
134 136
136
140 141 142
141 142 143
142 143
143
147 149
149
152 154
154 156
156 157
157
161 162
162 164
164 166
166 168
168 169
169
172
175 177
177 179
179 180 181
180 181 182
181 182
182
185 186
186
190 192
192
198
201 203
203 204
204
207
210
213
216 217
217 219
219 221
221
224 225 226
225 226
226 228
228
232 234
234 236
236 238
238 240
240 241 242
241 242
242
246 248
248
252 253
253
256 257 258
257 258 259
258 259 260
259 260 261
260 261
261 263
263 265
265 266 267
266 267 268
267 268
268
271
274
277 279
279 281
281
284 286
286
290 291 292
291 292 293
292 293
293
296 297
297
301 302
302 304
304 305 306
305 306
306
311 312
312
315
321
324 326
326 327
327 329
329 330 331
330 331
331
334
338 340
340 342
342 343 344
343 344
344 346
346 348
348 350
350
353 354 355
354 355
355 357
357
365 367
367
371
374 376
376 377
377
380
384 385
385 387
387
390
393 395
395 396
396 398
398 399 400
399 400 401
400 401 402
401 402
402
406
410 412
412 414
414 415 416
415 416
416
420
425 427
427
430 432
432 433
433 435
435 436 437
436 437 438
437 438
438 440
440
446 447 448
447 448 449
448 449 450
449 450 451
450 451 452
451 452 453
452 453 454
453 454
454
457 459
459 461
461 462 463
462 463
463
468 470
470 471 472
471 472
472 474
474 475
475
479 480 481
480 481
481 483
483 484 485
484 485 486
485 486 487
486 487
487
492 494
494
497 498
498
501 502
502
509
513 514
514 516
516 517
517 519
519 520 521
520 521 522
521 522 523
522 523
523
530 531 532
531 532
532
535 536 537
536 537
537 539
539
548 549 550
549 550 551
550 551
551
554 556
556 558
558
562 564
564 565
565 567
567
570
574 575
575
578 579
579
582 584
584 585
585
591 593
593
596 597
597 599
599 601
601 602
602 604
604
607
612 614
614 615 616
615 616
616 618
618 619
619 621
621
629
633
637 639
639 640
640
644 646
646 648
648 649
649
654 656
656 657
657 659
659 660
660
666 668
668
671 673
673
677 678 679
678 679 680
679 680 681
680 681
681 683
683 684 685
684 685
685
688
692 693
693 695
695 697
697 698 699
698 699
699
702
706 707 708
707 708
708 710
710
713
716 717 718
717 718
718
721 723
723
726 727 728
727 728 729
728 729
729 731
731
735
740 741
741 743
743 744
744
749 750 751
750 751
751
754 756
756 757
757 759
759 760
760
763 765
765 766
766 768
768 769 770
769 770
770 772
772 773
773 775
775 776
776
779
784
791 792
792
797
802
805 807
807 808 809
808 809 810
809 810
810
813 814
814
817 819
819 821
821 823
823 824
824
827 828 829
828 829
829
833 834
834
837 838
838
844
847 849
849 850 851
850 851 852
851 852 853
852 853
853
856 857
857 859
859 860
860 862
862
865 867
867 868
868 870
870 872
872 873 874
873 874
874
877 878
878 880
880 881 882
881 882 883
882 883
883 885
885 887
887
891
896
900 901
901
904 906
906 908
908
912 913
913 915
915 916 917
916 917 918
917 918 919
918 919
919
922 923
923
926 927
927
930 931 932
931 932
932
936 938
938 940
940 941
941 943
943 944
944 946
946 947
947
950 951
951 953
953 955
955 956
956
959
963
967
970 972
972 973
973
976
979 980
980 982
982 984
984 986
986 987 988
987 988 989
988 989
989
992 993
993 995
995 996 997
996 997 998
997 998
998
