#naive2.0.py
# GMT Fri Feb 14 13:33:56 2020
# 
0 999 2
2 3 4
3 4 5
4 5
5
8 10
10 11 12
11 12 13
12 13 14
13 14 15
14 15
15 17
17 19
19
22 23 24
23 24
24
31 32 33
32 33 34
33 34
34
37 38
38
43
46
50
53
56 58
58 60
60 61 62
61 62
62
66
70 72
72 73 74
73 74 75
74 75 76
75 76
76
80
90 91 92
91 92
92
95 97
97 98 99
98 99
99 101
101
106 107
107
112 113
113
116 117 118
117 118
118 120
120 122
122 123 124
123 124
124 126
126
129 130 131
130 131 132
131 132
132
135 136 137
136 137
137
143 144
144 146
146
150 152
152 154
154 156
156 157
157 159
159 160
160
163
168
173
176
179 181
181
184 185 186
185 186 187
186 187 188
187 188
188 190
190 191
191 193
193 194
194
201 202 203
202 203
203 205
205 207
207 208
208
212 213
213
217 219
219 220
220
224
227 228 229
228 229
229 231
231 232
232 234
234
237
240 241
241 243
243 244
244 246
246
249 250 251
250 251
251
255 256 257
256 257 258
257 258 259
258 259
259
262 263 264
263 264
264
267
270 272
272
276 277
277
280 281
281 283
283 284 285
284 285 286
285 286 287
286 287
287
290
293 294
294
298
301 302 303
302 303
303 305
305
309
313 314
314 316
316 317
317 319
319 320
320
324
329 330
330 332
332 334
334
337 338
338 340
340 341 342
341 342
342
345 347
347 349
349
353 354
354 356
356 358
358 359 360
359 360 361
360 361
361 363
363 364
364
369 371
371 372
372 374
374 375 376
375 376
376 378
378 380
380
385 386 387
386 387
387 389
389 391
391 393
393 394
394
397
401 403
403
407 408
408
411 412 413
412 413 414
413 414
414 416
416
419
422 424
424 425 426
425 426 427
426 427
427 429
429 431
431
434
439 440
440 442
442
447
451
454
458
462 463
463
467 469
469 470 471
470 471 472
471 472 473
472 473
473
476 477
477 479
479 480
480 482
482 483 484
483 484
484
490
493
497 498 499
498 499
499 501
501 502
502 504
504 506
506
511 512
512
515
518 520
520 522
522 523
523
527
533 534
534 536
536 538
538 539
539 541
541
547 548
548
553 554 555
554 555 556
555 556
556
559 560 561
560 561
561
567
570
573 574
574
578 579
579 581
581 582 583
582 583 584
583 584 585
584 585
585 587
587 589
589 590
590 592
592 594
594
598
603 605
605 606 607
606 607
607 609
609 611
611 612
612 614
614
618
621 622
622 624
624
627 629
629 630 631
630 631
631 633
633
636 638
638 640
640 642
642 644
644 645
645 647
647 648 649
648 649 650
649 650
650 652
652 653 654
653 654 655
654 655
655 657
657
662 663 664
663 664
664
668
672 673 674
673 674 675
674 675
675 677
677 678 679
678 679
679 681
681 683
683 684
684 686
686 687 688
687 688
688 690
690 692
692
696 697 698
697 698 699
698 699
699 701
701 702 703
702 703
703
709 710 711
710 711 712
711 712
712 714
714 715
715 717
717
721
730 732
732 733
733 735
735
738
742
746 747
747
754 755 756
755 756
756 758
758 759
759
765
768 770
770
774 776
776
779 780 781
780 781 782
781 782
782 784
784 785
785
790 792
792 793 794
793 794
794 796
796
801
805 807
807 808
808
812 813
813
816 817
817
824
827
834 835 836
835 836 837
836 837
837
841 843
843 844 845
844 845
845 847
847
850 852
852 853
853
856 857 858
857 858 859
858 859
859
863
866 868
868
871 873
873 874
874
877 878
878 880
880 881
881
886 888
888 889
889 891
891
894
897 898 899
898 899
899
902
905
908 910
910 911
911 913
913
918 919
919 921
921
924 925 926
925 926
926
929 930
930
934 935 936
935 936
936 938
938 940
940 941
941
944
948 950
950
953 954
954
957
960 961
961
964 966
966 968
968 969 970
969 970 971
970 971
971 973
973 974 975
974 975
975
981 982
982 984
984 986
986
991 992 993
992 993
993
996 997
997 999
999
