#naive2.0.py
# GMT Fri Feb 14 13:34:03 2020
# 
0 999 998
3 5
5
8 9 10
9 10 11
10 11 12
11 12 13
12 13 14
13 14 15
14 15 16
15 16
16 18
18 19
19 21
21 22
22
32
35 36 37
36 37 38
37 38 39
38 39
39 41
41 43
43
47
53 54
54
59 61
61 62
62
65
69 70
70 72
72 73
73 75
75 77
77
81 82 83
82 83
83 85
85 86
86
90 91 92
91 92 93
92 93
93
96 97
97 99
99 101
101 102 103
102 103
103
106 107 108
107 108
108
112 114
114 115
115 117
117
121 122 123
122 123 124
123 124 125
124 125
125
131 132
132 134
134 135
135
139 141
141 142 143
142 143
143
148 150
150 152
152
155 156 157
156 157
157
160 161
161 163
163 165
165 166 167
166 167
167 169
169 170
170 172
172
177 178
178
182 183 184
183 184
184 186
186
190 192
192 193 194
193 194 195
194 195
195
198 199 200
199 200
200
206
209 210
210
213 214
214 216
216
219 220
220 222
222 223 224
223 224 225
224 225 226
225 226 227
226 227 228
227 228
228 230
230
234 236
236 238
238 239
239 241
241 242 243
242 243
243 245
245
249 251
251
254
258 259
259
262 263
263 265
265 266
266
269 270 271
270 271
271
279 280 281
280 281
281
285 286 287
286 287
287
292 294
294 296
296 297 298
297 298 299
298 299
299 301
301 302
302 304
304 305 306
305 306 307
306 307 308
307 308
308 310
310 311
311
315 316 317
316 317 318
317 318 319
318 319
319
322 323
323
329 330 331
330 331
331 333
333 334 335
334 335 336
335 336 337
336 337
337 339
339 340 341
340 341 342
341 342 343
342 343 344
343 344
344 346
346 348
348 349
349 351
351 352 353
352 353
353
358 360
360
363
368 369
369
373 374 375
374 375 376
375 376 377
376 377 378
377 378 379
378 379
379 381
381 382 383
382 383
383
386
389 390
390
395
398
401 402 403
402 403 404
403 404
404 406
406 408
408 409
409 411
411 412
412
415
420
423 424
424 426
426
430 431
431
436
440 441
441 443
443 444
444
447 448 449
448 449
449
459 460
460 462
462 464
464 465
465 467
467 468 469
468 469
469 471
471
474
482 483 484
483 484
484 486
486 487
487 489
489 491
491 493
493 494
494 496
496 498
498
503 505
505 506
506 508
508 509 510
509 510 511
510 511 512
511 512
512
515 516 517
516 517
517
520 521
521
526 528
528 529 530
529 530
530
539
545
548
552
558 560
560 561 562
561 562
562
565 566
566
569 571
571 573
573 575
575
578
582 584
584 586
586
589 590
590 592
592 593
593 595
595
601
605
609
612
615 616
616 618
618
622 623
623 625
625 626 627
626 627
627 629
629 630
630
638 639 640
639 640 641
640 641
641 643
643
647
652 653 654
653 654
654
658 659
659 661
661 662
662 664
664 665
665
668 669 670
669 670
670 672
672
680 681 682
681 682 683
682 683
683 685
685 686 687
686 687
687
698
705 707
707 708 709
708 709 710
709 710
710
714 715
715 717
717
721 722
722 724
724 725 726
725 726
726
730 731 732
731 732
732
735 736
736
740 742
742
745 746 747
746 747
747
750 751 752
751 752 753
752 753
753 755
755 756
756 758
758 759 760
759 760 761
760 761
761
768
771
774
778 780
780 781 782
781 782 783
782 783 784
783 784 785
784 785 786
785 786 787
786 787
787
793 794 795
794 795
795
799 800
800
803 804 805
804 805
805
808 809
809 811
811 812
812 814
814 816
816
823 825
825
828
831 832
832 834
834 835
835
838
841 842 843
842 843
843
846 847
847 849
849
852 854
854 855 856
855 856
856
859
862 863
863 865
865
869 870
870 872
872
875 877
877
881 883
883 884
884
892 893 894
893 894 895
894 895
895
900
904
911 912
912 914
914 915
915
920 922
922 923 924
923 924 925
924 925
925 927
927
932 934
934
938 940
940
944 945
945 947
947 949
949
952
956
959 961
961
968
977 978
978 980
980 982
982
985 986
986
989 990
990 992
992
998 999
999
