#naive2.0.py
# GMT Fri Feb 14 13:34:03 2020
# 
0 999 2 998
2
5 7
7 9
9
12 13 14
13 14
14
21
31 32 33
32 33 34
33 34
34 36
36 37
37
45 46
46
51 52 53
52 53 54
53 54
54 56
56
59 61
61 62
62
65
68 69 70
69 70
70
73
76 77
77
80
84 85
85 87
87
91 92
92 94
94 95 96
95 96 97
96 97
97 99
99
105
108
111 112 113
112 113
113
116 117 118
117 118 119
118 119 120
119 120
120 122
122
127
131
134 135 136
135 136
136 138
138 139
139 141
141 142
142
145 147
147 148
148 150
150
153 155
155
158
161 163
163 164
164 166
166 168
168 170
170 171 172
171 172 173
172 173 174
173 174
174
179
184 185 186
185 186 187
186 187
187
190 192
192 193 194
193 194
194 196
196 198
198 199 200
199 200
200
205 206
206
211 212
212
217
221 222
222
229 230 231
230 231
231
234 235
235 237
237
241 242
242 244
244 245
245 247
247 248
248 250
250 252
252
255
260 262
262 264
264 266
266
269
273 275
275 276 277
276 277 278
277 278
278
283 284 285
284 285
285 287
287 288
288
291
298 300
300 302
302 304
304
309
317 318
318
321 323
323 324
324
327 328
328
331 332 333
332 333 334
333 334
334 336
336
339 341
341 343
343 344 345
344 345 346
345 346 347
346 347
347 349
349
356
360 361
361
368 370
370
376
379 380
380 382
382 384
384 385
385 387
387 389
389
392
400 401
401
404 406
406 408
408 410
410 411 412
411 412 413
412 413
413 415
415 416
416 418
418
422
426
431 432 433
432 433
433
437 439
439
446 448
448
451 452 453
452 453 454
453 454
454 456
456 458
458 459 460
459 460
460 462
462
467
470
476 477 478
477 478
478 480
480
483 484
484
487 488
488
491 493
493 494
494 496
496
499
506 507 508
507 508
508
512
516 517
517 519
519 520 521
520 521
521
524 525 526
525 526 527
526 527 528
527 528
528
531
535 536
536 538
538 539
539 541
541
544
547 549
549 551
551 552
552
556
560 562
562 563
563 565
565 567
567 568
568 570
570 572
572
575
578 579
579 581
581 582 583
582 583 584
583 584 585
584 585 586
585 586
586 588
588 589
589 591
591 592 593
592 593 594
593 594
594 596
596
602
605 607
607 609
609 611
611 612 613
612 613 614
613 614
614 616
616 617
617 619
619 621
621
626 628
628 629 630
629 630
630 632
632 633 634
633 634 635
634 635 636
635 636 637
636 637
637
640
643 645
645 646 647
646 647 648
647 648
648 650
650
653 655
655 656 657
656 657
657
660 661 662
661 662 663
662 663
663
667 668 669
668 669
669 671
671 672 673
672 673
673
677
681
684
687 688
688 690
690
695
698 700
700 701
701 703
703 704
704 706
706 708
708
712 713
713
720
724 725 726
725 726 727
726 727
727 729
729 730
730
733 735
735
738
741
744 746
746 747 748
747 748 749
748 749 750
749 750
750
753 754 755
754 755
755 757
757 758 759
758 759
759
762 763 764
763 764
764
767
770
774 775
775 777
777 779
779
783 785
785 786
786
790 791
791
794 796
796 798
798 800
800 802
802
807 809
809
812 813 814
813 814 815
814 815 816
815 816 817
816 817
817
820
824
827
834 835
835 837
837
840
843
847 849
849 851
851 853
853
856 858
858 859 860
859 860 861
860 861
861
864
868 869
869 871
871 872 873
872 873
873
876
880
884 885
885 887
887 888
888 890
890 892
892 893 894
893 894
894 896
896
899
902
906 907 908
907 908 909
908 909 910
909 910
910
915 916 917
916 917
917
920 922
922 924
924 925
925
928 930
930 932
932 934
934 935 936
935 936 937
936 937
937
940 941
941 943
943 944 945
944 945
945
950 951 952
951 952 953
952 953
953 955
955 956
956
968 969
969
972 973
973 975
975
980 981
981
985
990 992
992
996 998
998 999
999
