#naive2.0.py
# GMT Fri Feb 14 13:34:05 2020
# 
2
5 6 7
6 7
7
10 11
11
14 15 16
15 16 17
16 17 18
17 18
18 20
20
23 25
25 26 27
26 27 28
27 28
28
31
34 35
35 37
37 38 39
38 39
39 41
41
47
50 52
52
57
62 63
63 65
65 67
67
70
73
77
80 81
81 83
83
86
92
95
99 100
100 102
102 103 104
103 104
104
107 109
109
112 114
114 115
115
119
123 124
124 126
126 128
128 129 130
129 130
130
134 135
135
138 139 140
139 140
140 142
142 144
144
150 152
152
155 157
157 158 159
158 159 160
159 160
160
163 164 165
164 165
165 167
167 169
169 170
170 172
172 173
173 175
175 177
177 179
179
188 189
189 191
191 192
192 194
194 195 196
195 196 197
196 197 198
197 198 199
198 199 200
199 200 201
200 201 202
201 202 203
202 203
203 205
205 207
207
210 212
212
216 217
217 219
219 221
221 222
222 224
224 225
225 227
227 228
228 230
230
234 235 236
235 236 237
236 237
237 239
239 240
240 242
242 243 244
243 244
244 246
246 247 248
247 248
248 250
250
254 255 256
255 256
256
266
269
272 273
273
278 279
279 281
281 282
282 284
284 285
285 287
287 289
289 291
291 292
292
295 297
297 299
299 301
301 302
302 304
304
307 308
308
312 313
313
324
328 329
329 331
331 332
332
335 337
337 339
339 340
340 342
342 344
344 345
345 347
347 348
348
351
355 356
356 358
358
364 365 366
365 366 367
366 367 368
367 368 369
368 369 370
369 370
370
377 378 379
378 379
379 381
381
384 385 386
385 386
386
390
393 395
395 396 397
396 397 398
397 398 399
398 399 400
399 400 401
400 401
401 403
403 405
405 406
406
412 413
413
418
421 423
423
426 428
428 429 430
429 430
430
436 437
437
440 441
441 443
443 445
445 447
447 449
449 450
450 452
452
455 457
457 458
458
462 463
463 465
465 466 467
466 467
467 469
469 470
470 472
472 473
473
478
486 488
488
498 499
499 501
501 503
503 504
504
507 509
509
513 514 515
514 515 516
515 516
516
519 520 521
520 521
521
525 526
526 528
528 529
529 531
531 533
533 534
534 536
536 538
538
542 544
544 546
546 548
548
551
555
558 560
560
565
573 574
574 576
576 577 578
577 578
578 580
580 581 582
581 582 583
582 583 584
583 584 585
584 585
585
592
596 598
598
601
613 615
615 616
616
619
623 625
625
628 630
630 631
631 633
633 634 635
634 635 636
635 636
636 638
638 639 640
639 640 641
640 641
641 643
643 645
645 646 647
646 647
647 649
649 650
650 652
652 654
654 656
656 658
658 660
660
665 667
667 669
669 670
670 672
672
677 679
679 680 681
680 681
681
685 686 687
686 687
687 689
689 691
691 692 693
692 693
693
699 701
701 702
702 704
704
711 713
713
717 719
719 721
721 722 723
722 723
723 725
725 727
727 729
729 730
730 732
732 733
733
738
741
744
749
756 757 758
757 758
758
763
767
773 774
774
778
781 782
782
787 788 789
788 789
789 791
791 793
793 795
795
798 799
799
803 804
804 806
806 808
808 809 810
809 810 811
810 811
811 813
813 814
814
818 819 820
819 820
820 822
822
825
834
838
841 843
843 844 845
844 845 846
845 846
846
851 852
852
855 857
857 859
859 861
861 862
862
865 866
866
869 870 871
870 871 872
871 872 873
872 873
873 875
875
879
883
889 890
890
893
898 899
899 901
901 902 903
902 903
903
907 908 909
908 909 910
909 910 911
910 911 912
911 912 913
912 913
913
916 917
917
920 921 922
921 922
922
926
929 931
931 932 933
932 933 934
933 934 935
934 935 936
935 936
936
940
943
946
950
953 954
954 956
956
959
964 966
966 967 968
967 968
968
971 972
972 974
974 975 976
975 976
976
979 981
981 983
983 984
984
987
990
993
997 998
998
