#naive2.0.py
# GMT Fri Feb 14 13:34:03 2020
# 
0 2
2 3 4
3 4
4
8 10
10 11
11 13
13 14 15
14 15 16
15 16 17
16 17
17 19
19 20
20
23 25
25 27
27 29
29 31
31 33
33 34
34
38
41
45 47
47 48
48 50
50 51
51 53
53
56
60
63 64
64
79 80 81
80 81 82
81 82
82
86 88
88 90
90
93 94 95
94 95
95
99 101
101 102
102 104
104 106
106 107 108
107 108 109
108 109
109
113
119 120 121
120 121
121
126 127 128
127 128
128
131
138
141 143
143 144 145
144 145 146
145 146 147
146 147
147
150 151 152
151 152
152 154
154 155
155 157
157
161 162
162
168 170
170
173 174 175
174 175
175
179 180 181
180 181
181
186 188
188 189
189
192 193
193
198 200
200 201 202
201 202 203
202 203 204
203 204 205
204 205 206
205 206
206 208
208 209
209
214 215
215
221
225 226 227
226 227 228
227 228 229
228 229
229
232
235 237
237
245 246
246
249 251
251 252 253
252 253 254
253 254
254 256
256 258
258 259 260
259 260
260
263 264 265
264 265
265 267
267 268
268
274 275
275
279 281
281 283
283 285
285
289
292 293 294
293 294 295
294 295 296
295 296
296
299
306
309 311
311
314 315
315
323
326 328
328 329
329
336
341 342 343
342 343 344
343 344 345
344 345 346
345 346 347
346 347
347
354
359 361
361 363
363 365
365 366 367
366 367
367 369
369
373 374 375
374 375 376
375 376
376
379 380 381
380 381
381 383
383 384 385
384 385 386
385 386
386 388
388
392 393
393 395
395 396
396 398
398
401
405 406
406 408
408 409 410
409 410 411
410 411 412
411 412
412
415
419 420
420 422
422 424
424 425 426
425 426
426
434 435
435 437
437
443 444
444 446
446 448
448 449 450
449 450 451
450 451 452
451 452
452 454
454 455
455
458 460
460 461 462
461 462
462
466
471 473
473
479 480
480
483 484
484 486
486 488
488 490
490 491
491
496 497 498
497 498
498
501
511 513
513
517
520 522
522 524
524
527 528
528 530
530
533 534
534
537 538 539
538 539 540
539 540
540 542
542 544
544
547 548
548
552
555
564
567 568 569
568 569 570
569 570
570 572
572 574
574 575 576
575 576 577
576 577
577 579
579 580 581
580 581 582
581 582 583
582 583 584
583 584 585
584 585 586
585 586
586 588
588 589 590
589 590 591
590 591
591
594
603 605
605 607
607 608
608
612
615 617
617 618 619
618 619
619 621
621 623
623 624 625
624 625 626
625 626
626 628
628 629
629
632 633 634
633 634 635
634 635
635 637
637
644 645
645 647
647
652 653
653
658 659
659 661
661 663
663 664
664 666
666 668
668 669
669
672
675
679 680
680 682
682
689 690
690 692
692
697 699
699 700
700
704
709 710
710
713 715
715 716
716
721 722 723
722 723 724
723 724
724
737 738 739
738 739
739 741
741 742
742 744
744
747 748
748
751
755 757
757 759
759 761
761 762 763
762 763 764
763 764 765
764 765
765
769
772
775 776
776 778
778 779
779 781
781
784 785
785 787
787 789
789 790 791
790 791
791
794 796
796
799 800 801
800 801 802
801 802
802
805 806 807
806 807
807 809
809 811
811 813
813 814 815
814 815
815 817
817
823
826 827 828
827 828 829
828 829
829 831
831 832
832 834
834 836
836 838
838 839
839 841
841
844
847 849
849 850
850
853 854
854 856
856 857 858
857 858 859
858 859
859
862
867
870
874
877 878 879
878 879
879
883 884
884 886
886 887 888
887 888 889
888 889
889
892 893
893 895
895 896 897
896 897 898
897 898
898
901 903
903 904
904
907
910 911
911
919
923 924
924 926
926 927
927 929
929 930 931
930 931 932
931 932 933
932 933
933
939
943
947 949
949
954
958 959 960
959 960
960
963
968 970
970 971 972
971 972 973
972 973
973 975
975 976
976
981 982
982
985 987
987
992 993
993 995
995 997
997
