#naive2.0.py
# GMT Fri Feb 14 13:33:58 2020
# 
1 3 999
3 4
4
7 8
8
11
15 16 17
16 17
17
21 23
23 25
25 26
26 28
28 30
30
33
41
44
48
51
56 58
58 59 60
59 60
60
65 67
67 68
68
74 75 76
75 76
76 78
78 79
79
82 84
84 85
85
91 93
93 94 95
94 95
95 97
97
103 105
105
110 111
111
117
121 122
122
125 126 127
126 127
127
135
143
146 147
147 149
149 151
151 153
153 155
155 157
157 158
158
161 162
162
167 168
168 170
170 171 172
171 172 173
172 173
173 175
175 176 177
176 177 178
177 178 179
178 179 180
179 180 181
180 181
181 183
183 185
185
191 192 193
192 193
193 195
195
198 200
200 201
201
204 205
205
208 210
210 211 212
211 212
212
216 217 218
217 218 219
218 219
219
226 227
227
230 232
232 233
233
237 238
238 240
240
243
246
253 255
255
258
261
265 266
266
269
272 274
274 275
275 277
277 279
279
283 284
284
289 291
291 292 293
292 293
293 295
295 297
297 299
299 300
300
306 307
307 309
309
312 313 314
313 314
314
317 319
319 321
321 322 323
322 323 324
323 324 325
324 325
325 327
327 329
329 331
331 333
333
336 337
337
343 344
344 346
346 348
348 349 350
349 350
350 352
352 354
354 356
356 357
357
361 362
362 364
364 366
366
370 372
372
375 377
377
382
385
388
392
396
400 402
402 403
403
406 407
407 409
409
414
419 420 421
420 421
421 423
423
430 432
432 434
434 435
435
441 443
443 444 445
444 445
445 447
447 449
449
452 453
453 455
455 456
456
461 462
462
467
471
475 476 477
476 477 478
477 478 479
478 479
479
482 483
483
486 488
488 490
490 491
491 493
493
496 498
498 499
499 501
501
504 506
506
513
519
522
525 526
526
529 530 531
530 531
531
536
540 542
542 543 544
543 544
544
548 549
549 551
551
555 556
556
559 561
561 562 563
562 563
563
566
573
576 577
577
580 582
582 584
584 586
586
590 591 592
591 592 593
592 593 594
593 594 595
594 595 596
595 596 597
596 597
597 599
599 600 601
600 601 602
601 602
602
606 607
607
610
613 615
615 616
616
619
625
628 630
630 631 632
631 632 633
632 633
633 635
635 636 637
636 637
637 639
639 640
640 642
642 643 644
643 644 645
644 645
645
648 649 650
649 650 651
650 651 652
651 652 653
652 653
653
663 664
664 666
666 668
668 669 670
669 670
670
673
683 684
684
688 690
690 691
691 693
693
696 698
698
706 708
708 710
710 711 712
711 712
712
715 717
717
721 722
722 724
724 725 726
725 726 727
726 727 728
727 728
728
732
736 737
737
740 742
742
747 749
749
752 753
753
756 757 758
757 758 759
758 759 760
759 760 761
760 761 762
761 762
762 764
764 765
765 767
767 768
768 770
770 772
772 773
773
776
781
785 786
786 788
788 789 790
789 790 791
790 791
791
799
804
807
812 813
813
823 824
824
828 830
830 831 832
831 832 833
832 833 834
833 834
834 836
836 837
837
840 841 842
841 842
842
845
850 851 852
851 852
852
864 865
865 867
867 869
869 870 871
870 871 872
871 872 873
872 873
873
876 878
878
881
887
890
893
903 904 905
904 905
905 907
907 908
908
911 912
912 914
914 915 916
915 916 917
916 917
917
921 922
922
929 930 931
930 931
931 933
933 935
935
938 939
939 941
941 943
943 944
944
950 951 952
951 952
952
955 956 957
956 957 958
957 958
958 960
960 962
962 963 964
963 964 965
964 965 966
965 966 967
966 967
967
972 973 974
973 974 975
974 975 976
975 976 977
976 977
977 979
979
985
989 991
991 992 993
992 993 994
993 994 995
994 995 996
995 996
996
999
