#naive2.0.py
# GMT Fri Feb 14 13:34:01 2020
# 
1 3
3 5
5 6
6
10 12
12
17 18 19
18 19
19
23 25
25 26
26
34 35 36
35 36
36 38
38
42 43
43 45
45
50 51
51
54
60
63 65
65 66
66 68
68 70
70
73 75
75 76 77
76 77 78
77 78 79
78 79 80
79 80
80 82
82
85 86 87
86 87 88
87 88
88 90
90 91 92
91 92 93
92 93
93
102
105
108 110
110
114 116
116
119
125 126
126 128
128
131
135
139 140 141
140 141
141 143
143 144 145
144 145 146
145 146
146
151
157 158
158 160
160 161
161
164
167 169
169
173 175
175 176
176 178
178
183
186 187 188
187 188 189
188 189
189
195 196
196 198
198
202 203
203 205
205 207
207 209
209 211
211 212 213
212 213 214
213 214 215
214 215
215 217
217 218 219
218 219
219 221
221 222 223
222 223 224
223 224
224
227 228 229
228 229
229 231
231 232
232
236
239
242
245
248
256
259 261
261
264 265
265 267
267 268
268 270
270
273 274
274 276
276 277
277 279
279 280
280
283 285
285 286 287
286 287
287 289
289 290
290
295 297
297 298 299
298 299 300
299 300 301
300 301 302
301 302 303
302 303
303 305
305
311
315 317
317 319
319 320
320 322
322
327
331
334 336
336 337 338
337 338
338
346 348
348 349 350
349 350
350
353 355
355 357
357
367 369
369 370
370
373
376 378
378 379 380
379 380
380 382
382 384
384 385 386
385 386
386 388
388
392
395 396
396
402 404
404 405 406
405 406
406 408
408 410
410 411
411
414 415 416
415 416
416
420 422
422
425
429 430 431
430 431 432
431 432 433
432 433
433 435
435 436
436
440
443 445
445
450 452
452 453
453
461 462
462
467 468
468 470
470 471
471
476 477
477 479
479 480 481
480 481
481
484 485
485
491 493
493 494
494 496
496 497 498
497 498 499
498 499 500
499 500 501
500 501
501 503
503 504 505
504 505
505
512
516 518
518 519
519 521
521
524 525
525
533 534
534
538 539 540
539 540 541
540 541
541
544
549
552
557 558 559
558 559 560
559 560
560
563
568
571
574
578 579
579 581
581 582 583
582 583 584
583 584 585
584 585 586
585 586
586
591
595 596
596
600
605 606 607
606 607
607
611
621 622
622 624
624 626
626
632
635
639 641
641 643
643 644
644
648
652 653
653 655
655 657
657 659
659 661
661
666 667 668
667 668 669
668 669
669
674
677
680 681 682
681 682 683
682 683
683
686 687
687
692 693
693
696 697
697
701
704 706
706
713 714
714 716
716
719
722 723
723 725
725 727
727
731 732
732
735 736
736
741 743
743 745
745 746
746
750 751 752
751 752 753
752 753 754
753 754 755
754 755
755
758
761 762
762
768 769
769 771
771
774 776
776
784 786
786
790 792
792 793
793
801
804 805 806
805 806 807
806 807 808
807 808
808
813 814 815
814 815
815
818 820
820 822
822 824
824 825
825
830 832
832 834
834
845 847
847 849
849 850 851
850 851 852
851 852
852
855 857
857 858 859
858 859
859
862
865 866 867
866 867 868
867 868 869
868 869 870
869 870
870 872
872 873
873 875
875 876 877
876 877 878
877 878 879
878 879
879
884 885 886
885 886
886
891 892
892 894
894 895
895 897
897
901 902
902 904
904
914
922 923
923
926 927
927
930 932
932
936 937 938
937 938
938
945 946 947
946 947
947
952 953 954
953 954 955
954 955 956
955 956 957
956 957
957 959
959 961
961
967 968
968 970
970 971
971 973
973 975
975 976
976 978
978 979 980
979 980 981
980 981
981 983
983 984
984
987 989
989
998
