#naive2.0.py
# GMT Fri Feb 14 13:34:05 2020
# 
2 4
4
7 9
9 11
11
16 17 18
17 18
18
21
27
30
33 34 35
34 35
35 37
37 38 39
38 39 40
39 40
40
43 44
44
50
55 56
56 58
58 59 60
59 60
60
65
72
79 80
80
84 86
86 87 88
87 88 89
88 89 90
89 90
90 92
92 93 94
93 94
94 96
96
101 102
102
105
108 109 110
109 110
110
113
117 118
118
124 125
125
128 130
130 131 132
131 132
132
136
140 141
141 143
143 145
145 147
147 148
148
152 153
153
156
160 162
162 164
164 166
166 167
167
172
178
181 182 183
182 183 184
183 184 185
184 185 186
185 186
186 188
188
192
196
206 208
208 209
209 211
211 212
212
217
221 222 223
222 223
223
226 227 228
227 228 229
228 229 230
229 230 231
230 231 232
231 232 233
232 233
233
237 238 239
238 239 240
239 240
240
243 244 245
244 245 246
245 246
246
249
252
255 257
257 258 259
258 259 260
259 260 261
260 261
261 263
263
266
269 271
271 272
272 274
274 276
276
279 280
280
283 285
285 287
287 289
289 290 291
290 291
291 293
293 294
294 296
296
299 300 301
300 301
301 303
303
310
315 316
316 318
318 319 320
319 320 321
320 321
321
324
327 328 329
328 329 330
329 330
330 332
332 333
333 335
335 336 337
336 337 338
337 338 339
338 339
339
343 344
344 346
346 347
347 349
349
354 355 356
355 356 357
356 357
357
362
365 366
366
369 371
371
374
380
383
386
394 395 396
395 396
396
404 406
406 407 408
407 408 409
408 409 410
409 410 411
410 411
411
418
423 424 425
424 425 426
425 426
426 428
428
433 434
434
437 438
438 440
440 441 442
441 442
442 444
444
449 451
451 452
452
455
458
461
464 466
466 468
468 470
470
474
477 478
478
481 482 483
482 483 484
483 484 485
484 485 486
485 486
486 488
488 490
490 491
491 493
493 494
494
499 500 501
500 501 502
501 502 503
502 503
503
506
511 512
512
515 516
516 518
518 519
519
523 524
524
534
542
551 552
552 554
554
557 558 559
558 559 560
559 560 561
560 561 562
561 562
562 564
564 565
565 567
567 569
569 570
570
573 575
575 576
576
580
583 585
585 586
586
589 590 591
590 591
591 593
593 594
594
597
600 601 602
601 602
602
605 607
607 609
609 611
611
615 616
616 618
618 619
619
623
626
629
632
636
643 644 645
644 645
645 647
647 649
649
652 653 654
653 654
654 656
656
659
662 664
664
667 668
668 670
670 671 672
671 672 673
672 673 674
673 674
674
677 678 679
678 679 680
679 680
680 682
682 683
683
686
689
693 695
695 696 697
696 697
697 699
699 700
700
703 705
705 707
707 709
709 710
710
715 716
716
720
723 724
724 726
726 728
728 730
730 731 732
731 732
732
735 737
737 738 739
738 739 740
739 740
740 742
742
745
749 750 751
750 751
751 753
753 754 755
754 755
755 757
757 759
759
762 763 764
763 764 765
764 765
765 767
767
771
778 779
779 781
781 782
782
787 788 789
788 789 790
789 790
790
793
796
801 802
802 804
804 805
805
813 815
815
818 819
819 821
821
826 827 828
827 828
828
831 832
832
835
839
843 844
844
847 848 849
848 849 850
849 850
850 852
852 853
853 855
855 857
857 858 859
858 859 860
859 860 861
860 861 862
861 862 863
862 863
863 865
865 866
866
869 871
871 872
872
875
878 880
880 882
882 884
884 886
886
889
892 893 894
893 894 895
894 895 896
895 896 897
896 897
897
900 902
902 903
903 905
905 906
906
909
912 913 914
913 914
914 916
916
921
924 926
926 927 928
927 928 929
928 929 930
929 930
930
933 935
935 937
937 939
939 940 941
940 941 942
941 942
942 944
944
948 949
949
953
956 958
958
963 964 965
964 965 966
965 966 967
966 967
967 969
969 970 971
970 971 972
971 972
972 974
974 975
975
978 980
980 982
982 984
984 986
986
990
993 994
994
997 999
999
