#naive2.0.py
# GMT Fri Feb 14 13:34:05 2020
# 
0 1 2 998
1 2
2
6 8
8 9
9
12 14
14
18 19 20
19 20
20
23 24
24
34 35 36
35 36
36 38
38
43
47
55
58
63 64
64
70 72
72
76 78
78 80
80 82
82 83
83
87 88
88 90
90 92
92
96
99
106 107 108
107 108 109
108 109
109
112 113
113 115
115 116
116 118
118 119
119
124
128 130
130 132
132 133 134
133 134 135
134 135 136
135 136
136
139 141
141 142
142 144
144
147 149
149 151
151
155
159 160
160 162
162
165 167
167 168 169
168 169 170
169 170 171
170 171
171
177 179
179 180 181
180 181 182
181 182 183
182 183 184
183 184 185
184 185
185 187
187
190 192
192 193
193
196 197 198
197 198
198
203
206 207 208
207 208 209
208 209
209
214
217 218 219
218 219
219
224
227 228 229
228 229
229
233 234
234 236
236 237
237
240 241 242
241 242 243
242 243
243
246 248
248 249
249
255 256
256 258
258
263 265
265
268 269
269 271
271
281 283
283
288 290
290 292
292 293
293
297
302
308 309
309
312 314
314
317 319
319 321
321
324 326
326
330 332
332 333 334
333 334 335
334 335 336
335 336 337
336 337 338
337 338
338 340
340
346 347
347 349
349
353 355
355 356 357
356 357
357
360 361
361 363
363 365
365
370 371
371
376
382 384
384 386
386 388
388
394 396
396 397 398
397 398 399
398 399 400
399 400 401
400 401
401
404 405
405 407
407
410 412
412 413
413
417 418
418 420
420 422
422 424
424
427
431 432
432
437
440 441
441
444 446
446 448
448
451 452 453
452 453
453
457 459
459
463 464 465
464 465 466
465 466 467
466 467
467 469
469
485 487
487 488
488 490
490 491 492
491 492
492 494
494 496
496 498
498 500
500 501
501
505
508 509
509
514
517
523
526 527 528
527 528
528
531 533
533 535
535 536 537
536 537 538
537 538
538
542
547 549
549 550
550
553 554
554 556
556
559
564
568 569 570
569 570
570
573
576 577
577 579
579 580
580
583 584
584 586
586
591 592
592 594
594 595
595
598 599 600
599 600 601
600 601 602
601 602
602 604
604 605
605
611 612
612
615 617
617
620
624 625 626
625 626 627
626 627 628
627 628 629
628 629
629 631
631
634 635
635 637
637 639
639
645
649 651
651 652 653
652 653
653
656 658
658 659 660
659 660 661
660 661
661
665 666
666 668
668 670
670 671
671
674
680
683
686 688
688
692
695 696
696 698
698 700
700
705 706
706
710 712
712
718
722 723
723 725
725 726
726
732
738 739
739 741
741 742 743
742 743 744
743 744 745
744 745 746
745 746
746
749
756 757 758
757 758 759
758 759 760
759 760 761
760 761
761
764 765 766
765 766
766 768
768 769 770
769 770 771
770 771 772
771 772
772 774
774 776
776 777
777
781 782
782 784
784 786
786 788
788 789
789
795 796
796
799
802 803 804
803 804 805
804 805
805 807
807 808
808 810
810 811
811 813
813
818
821 822 823
822 823 824
823 824
824 826
826 827 828
827 828 829
828 829
829 831
831
837
840 842
842 843
843 845
845
848 850
850
853 855
855 856
856
859 860 861
860 861
861
865
868 869
869
873
878 879
879
884 885
885
888 890
890 892
892 893 894
893 894 895
894 895 896
895 896
896 898
898 900
900 901 902
901 902 903
902 903
903
906 907
907
910 911
911
915 916
916
921 922
922
925
929 931
931
934 935
935 937
937
940 941
941 943
943 944 945
944 945
945 947
947 948
948
951 953
953 954 955
954 955
955 957
957 959
959
966 967
967
970
973
976 977 978
977 978 979
978 979 980
979 980
980 982
982 984
984
988
993
996 998
998
