#naive2.0.py
# GMT Fri Feb 14 13:34:03 2020
# 
1 3
3 4 5
4 5 6
5 6
6
11 12
12 14
14
17 18 19
18 19
19
22 23 24
23 24
24 26
26 28
28
32
38 39 40
39 40 41
40 41
41 43
43 44
44
47
52 53
53 55
55 56 57
56 57 58
57 58
58
62
65 66
66
69 70 71
70 71
71
77
81 82 83
82 83 84
83 84 85
84 85 86
85 86 87
86 87
87
92 93 94
93 94
94
97 99
99
103
106 107
107
111
115 116
116 118
118 119 120
119 120
120
127
130 132
132 133
133 135
135
141
148 149 150
149 150 151
150 151
151
155 156 157
156 157 158
157 158
158
162 163
163 165
165 167
167 168
168 170
170
175 176
176
180
188
191 192
192 194
194 195 196
195 196 197
196 197
197
202 204
204 205
205 207
207 209
209 210 211
210 211
211
217 219
219 220
220
231
235 237
237 239
239 240
240
244 245
245
250 252
252
257
260 261 262
261 262 263
262 263
263
268 269
269
273
276 277
277 279
279 280
280
283
286 288
288
292
296 297
297 299
299
302 304
304
307
311 312 313
312 313 314
313 314
314
317 318 319
318 319
319 321
321 322 323
322 323 324
323 324
324 326
326 327
327 329
329 330
330 332
332 333
333 335
335 337
337 338 339
338 339 340
339 340 341
340 341
341
344 346
346
351
356
359 360 361
360 361
361
367 369
369 370 371
370 371 372
371 372
372
375
378 380
380 381
381
384 386
386 387
387
390 391
391
396
399 401
401 403
403 404
404
407 409
409 410
410 412
412
415 416 417
416 417
417
420
424
427 428
428
431 433
433
436
439 440
440
443 444 445
444 445 446
445 446
446 448
448 449
449 451
451 452
452 454
454
457 458
458 460
460
463 465
465
468
479 480 481
480 481 482
481 482
482 484
484
487 488
488
491 493
493 494 495
494 495 496
495 496
496 498
498 499
499 501
501
504 506
506 507
507
510 512
512
517 518
518 520
520 521
521
524 525
525
530
533
536 538
538 540
540
544
548 549
549
553 554
554
558 559
559 561
561 562
562 564
564 565 566
565 566
566 568
568 570
570
575
582 583
583
593 594
594 596
596 598
598 599 600
599 600
600 602
602 603 604
603 604
604
610
614 615
615 617
617 619
619 621
621
624
627 628 629
628 629 630
629 630
630 632
632 634
634 636
636 638
638 639
639 641
641 642
642
648
651 652
652
655
659
662
665 666
666 668
668 670
670 671
671 673
673 675
675 676
676
679 680
680
684 685
685
690 691 692
691 692
692 694
694 696
696 697
697
700
705 706
706 708
708
714
717 718
718 720
720 721
721
724 726
726 728
728 729 730
729 730
730 732
732 733 734
733 734 735
734 735
735 737
737 738 739
738 739
739 741
741 742
742
752 754
754 755
755
758 759
759 761
761 762 763
762 763
763
766 767
767
771 772 773
772 773
773 775
775 777
777
780 781
781
786
790 792
792 794
794
798 799
799
803
806 808
808 810
810 811
811 813
813 815
815 816 817
816 817 818
817 818
818 820
820 821 822
821 822 823
822 823 824
823 824 825
824 825
825
830 832
832
835
839 841
841 842
842
845
850
853 855
855
858 859
859
865 867
867 868 869
868 869 870
869 870 871
870 871 872
871 872
872
878 879 880
879 880 881
880 881
881
886
889
892
895 897
897 899
899 900
900
903
906 908
908 909
909
917
920 921
921
924 925 926
925 926
926 928
928 929 930
929 930
930 932
932 933 934
933 934
934
938
941 942 943
942 943
943 945
945 946 947
946 947
947
952 953
953 955
955 956
956
959
962 964
964 966
966 968
968 970
970 971 972
971 972
972 974
974 975
975
982
989 990
990
993 994 995
994 995 996
995 996
996
