#naive2.0.py
# GMT Fri Feb 14 13:34:04 2020
# 
1 3 999
3 4
4 6
6 7 8
7 8
8 10
10 11
11 13
13 14 15
14 15 16
15 16 17
16 17
17
24 25 26
25 26
26 28
28 29
29
33
36
47
50 51 52
51 52 53
52 53 54
53 54 55
54 55
55
59
62
65
68
71 72
72 74
74 76
76 77 78
77 78
78 80
80
84 85
85
88 89
89
92 93 94
93 94
94
97
100 101
101
104 106
106
109 110
110
118 119
119 121
121
125
128
131
134 135
135
138 139 140
139 140 141
140 141 142
141 142 143
142 143
143
146 147 148
147 148 149
148 149
149 151
151 153
153 155
155 156 157
156 157
157
161 162
162 164
164 166
166 168
168 169
169
172 173
173
176 178
178 179
179 181
181 182
182
186 188
188
193 195
195 196
196 198
198 199
199
202
208 210
210
214 215 216
215 216
216 218
218 220
220 222
222 223
223 225
225 226 227
226 227
227
231 232 233
232 233 234
233 234
234
243
247 248 249
248 249
249
252
255 256
256 258
258 259 260
259 260
260 262
262
265
268 269 270
269 270 271
270 271 272
271 272 273
272 273
273 275
275 277
277 278 279
278 279
279 281
281 282 283
282 283
283 285
285
291
295 297
297 298
298 300
300
307 309
309 311
311 312
312 314
314 316
316
319 320 321
320 321
321
325 326
326
329 330 331
330 331 332
331 332
332 334
334
338 340
340
347 348
348 350
350 352
352 354
354 356
356 358
358 359
359
364
375 376
376 378
378 380
380 382
382 383
383
387 388
388 390
390 391
391
394 396
396 397
397 399
399 400 401
400 401
401
406 407 408
407 408
408
413 414 415
414 415
415
419 420
420 422
422 423 424
423 424 425
424 425
425 427
427 428
428
432
436
440
443 444
444 446
446 448
448 450
450 451 452
451 452 453
452 453
453 455
455
465
471 472
472 474
474 475 476
475 476
476
481 482
482 484
484 485 486
485 486
486 488
488 489 490
489 490
490
494 495
495 497
497 499
499 500 501
500 501 502
501 502
502 504
504 505
505
508 509
509
517 519
519 520 521
520 521
521 523
523 524 525
524 525 526
525 526
526 528
528 530
530 531
531
536 538
538 539 540
539 540 541
540 541
541
545 546
546
550 551
551 553
553 555
555 556
556 558
558 559 560
559 560
560
563 565
565
568 570
570 571
571
574 576
576
581 582 583
582 583 584
583 584
584 586
586 588
588 589
589 591
591 593
593 594 595
594 595 596
595 596 597
596 597
597
601 603
603 604
604
610 612
612 614
614 615
615
619 620
620 622
622
625 627
627 628
628
632 633
633 635
635
638 639
639 641
641 643
643
647 648 649
648 649
649
652 653 654
653 654 655
654 655 656
655 656
656 658
658 659
659 661
661 662 663
662 663 664
663 664
664 666
666 668
668 669 670
669 670 671
670 671
671
676 677
677
682 683
683
688
692
697
700 701
701 703
703 704
704
709
712 713
713
720 721
721
726
729 731
731 733
733
736 737 738
737 738
738 740
740 742
742
747 748 749
748 749 750
749 750
750
753 754
754 756
756 757
757
760 761
761
765
768 770
770 772
772 773 774
773 774 775
774 775 776
775 776
776
780 781
781 783
783 784 785
784 785 786
785 786
786
789 791
791 792 793
792 793 794
793 794 795
794 795 796
795 796
796 798
798
804 805
805
808
811
814 816
816 818
818
823 824
824
827 828 829
828 829
829 831
831 833
833
837 838
838
842
845
849
852
856
859
870 871 872
871 872
872 874
874 875
875 877
877 879
879 881
881 882
882
885 887
887 889
889
892 894
894 895 896
895 896 897
896 897 898
897 898 899
898 899
899 901
901 903
903 905
905 906
906
910 911
911
914 915 916
915 916
916
919 920
920 922
922 923 924
923 924
924
927 928
928 930
930 932
932 933
933
936
939 940
940
944 945 946
945 946
946 948
948 950
950 952
952
955
958 959
959 961
961 962
962
965 967
967
971 972
972 974
974 976
976 978
978 979 980
979 980 981
980 981 982
981 982 983
982 983 984
983 984 985
984 985
985
988 990
990 992
992 993 994
993 994
994
998 999
999
