#naive2.0.py
# GMT Fri Feb 14 13:34:02 2020
# 
1 3 999
3
7
11 12
12
16 18
18 19
19
22 23
23
29
34 35 36
35 36
36 38
38
43 44
44
47 48
48
52 53 54
53 54
54 56
56 57
57 59
59
62
66
70 72
72
75
80 82
82
87 89
89 90
90
95 97
97 99
99 101
101
109
114 115
115
119
124 126
126
130 132
132 133 134
133 134
134
141 142
142
147 148
148
153 155
155 156 157
156 157 158
157 158 159
158 159
159
162
165
169 171
171 172
172 174
174 175 176
175 176 177
176 177
177 179
179 180 181
180 181
181
185 187
187 188 189
188 189
189
192 193
193
198 199
199 201
201
205
208 209
209 211
211
215 217
217
220 221
221 223
223 225
225 226
226 228
228 229 230
229 230
230
234 236
236 238
238 240
240 241
241 243
243 245
245 247
247 248
248
251 252 253
252 253
253
259 260
260 262
262 263
263 265
265 266
266 268
268
271 272
272 274
274 275
275 277
277 278 279
278 279
279 281
281 282 283
282 283
283
286 288
288
292 294
294 296
296
300 301
301 303
303 305
305
308 309
309 311
311 313
313 315
315
318 319
319 321
321 322 323
322 323 324
323 324
324 326
326 327
327 329
329
332
335 336
336 338
338
341 343
343 344 345
344 345
345 347
347 348 349
348 349
349 351
351
360 362
362 364
364
369 370
370
377 379
379 380
380
383
389 391
391 392
392 394
394 395
395 397
397
401 402 403
402 403 404
403 404 405
404 405
405 407
407
412
418 419 420
419 420 421
420 421 422
421 422
422
430 431
431
437 439
439 440 441
440 441 442
441 442
442
445 446 447
446 447 448
447 448
448
452 454
454 456
456
462 463 464
463 464
464
469 471
471 472 473
472 473
473
477
481
485
488
492
495 497
497 498
498
503 505
505 506
506
509 511
511 512
512
515 517
517 518 519
518 519
519
523 525
525
528 529
529 531
531 532
532
535
538 539
539 541
541 543
543 544 545
544 545 546
545 546
546 548
548 549
549 551
551 552
552 554
554 555
555
560 561
561 563
563 564
564 566
566 568
568 570
570 571
571
576 577
577 579
579
583 584 585
584 585
585 587
587 588
588
593 594 595
594 595
595
598 600
600 602
602 603
603 605
605
608
618 620
620 622
622
625 627
627 628 629
628 629 630
629 630 631
630 631
631
635 636 637
636 637
637 639
639 641
641 643
643 645
645 647
647 649
649
652
656 657
657 659
659
662 664
664 665
665 667
667 668 669
668 669
669
675
678
684 685 686
685 686 687
686 687
687
691 692
692
697
700 701
701
704
707
711 713
713
717
720 721 722
721 722 723
722 723
723
727
730 732
732 733 734
733 734 735
734 735 736
735 736
736 738
738 739
739 741
741 743
743 745
745 747
747 748 749
748 749 750
749 750
750 752
752
755 756
756 758
758 760
760 761
761
764 766
766
769 770 771
770 771 772
771 772 773
772 773
773
776
779 780
780 782
782 784
784 785 786
785 786
786 788
788 789 790
789 790
790 792
792 793
793 795
795 796
796 798
798 800
800 801 802
801 802 803
802 803 804
803 804 805
804 805
805
808
811 813
813 814
814 816
816 818
818
823 824
824 826
826 827 828
827 828
828
835 836 837
836 837 838
837 838
838 840
840 841 842
841 842 843
842 843
843
846 847
847
853 854
854
860 861
861 863
863 865
865 866 867
866 867 868
867 868
868 870
870 871 872
871 872 873
872 873
873
876 877 878
877 878 879
878 879
879 881
881
886 888
888
894 896
896
900 901
901 903
903
906 907 908
907 908
908 910
910 911 912
911 912 913
912 913
913 915
915
919
923 924
924
927 929
929
932 934
934 935 936
935 936
936 938
938 940
940
946 947 948
947 948 949
948 949
949
953 955
955 956 957
956 957
957 959
959 961
961 962
962 964
964
969 970
970 972
972 973 974
973 974
974
978 980
980
983 984
984 986
986
991 992
992
995 996
996 998
998 999
999
