#naive2.0.py
# GMT Fri Feb 14 13:33:58 2020
# 
0 1 2 998
1 2
2
8 10
10 11 12
11 12
12 14
14
19 20
20 22
22 23 24
23 24 25
24 25
25 27
27
33 34
34
37 39
39
44 46
46
50 51
51 53
53 54
54
57
62 63
63
66 68
68 70
70 71
71
74
79 80
80 82
82 83 84
83 84
84 86
86 87
87
91 93
93 95
95 97
97 99
99 100
100
104 105 106
105 106 107
106 107
107
111
115
126 127 128
127 128 129
128 129
129 131
131 133
133 134 135
134 135 136
135 136
136
139 140 141
140 141
141
145 146
146 148
148
151 152
152
155
158 159 160
159 160
160 162
162
165
172 174
174 175 176
175 176
176
180
183
188
191 192 193
192 193 194
193 194
194
197
200
204 205
205
209 211
211 212 213
212 213
213
218 219
219 221
221
225 226 227
226 227 228
227 228 229
228 229 230
229 230
230
234
237
243 245
245 246 247
246 247 248
247 248 249
248 249
249 251
251 253
253
256
261 262 263
262 263 264
263 264
264 266
266 267 268
267 268 269
268 269
269
272 274
274 275
275 277
277 279
279 281
281 282 283
282 283 284
283 284
284 286
286 287
287 289
289 291
291 292
292
298 299
299
303
306 307
307 309
309 311
311 312 313
312 313
313 315
315 316
316
320 322
322 324
324 326
326 327
327
332 333 334
333 334
334
345 346 347
346 347 348
347 348
348 350
350 352
352 353 354
353 354 355
354 355 356
355 356
356
360 361 362
361 362
362
368 369
369 371
371
375 377
377 378 379
378 379
379 381
381
385
388 390
390 392
392 393
393 395
395 396
396 398
398
402
406
411 412 413
412 413 414
413 414
414 416
416 417
417 419
419
428 430
430 432
432 433 434
433 434 435
434 435
435
438
442 444
444 446
446 447 448
447 448
448 450
450 451
451 453
453
459
465
468
475
478 479
479
482
487 488
488 490
490
493 494 495
494 495
495
499 501
501 503
503 505
505 506 507
506 507 508
507 508
508
514 515
515
520
523 524
524 526
526 527 528
527 528
528
531 533
533
537 538 539
538 539 540
539 540
540
545
548 550
550 552
552 553
553 555
555
559 560 561
560 561
561
564 566
566 567 568
567 568 569
568 569 570
569 570 571
570 571 572
571 572
572
575 576 577
576 577 578
577 578
578
584 586
586
590 591
591 593
593
597
600 601 602
601 602 603
602 603
603
611
614
626
629 630
630
633
636 637 638
637 638 639
638 639 640
639 640
640
644 645
645 647
647
650 652
652 653
653 655
655 656 657
656 657
657 659
659
665 666
666 668
668 670
670 672
672 674
674
677 678
678 680
680
685
689 691
691 692
692
696 697
697 699
699 700
700 702
702 704
704
707 709
709
713 714
714 716
716 717
717 719
719 721
721 723
723
726 727 728
727 728 729
728 729 730
729 730 731
730 731
731
734
740 742
742
746
751
758
761 763
763 765
765
768
772 774
774 776
776
779 780
780
785 787
787
790 791 792
791 792
792
797 798
798
804 805
805 807
807 809
809 811
811 812
812 814
814
818 820
820 821
821
827 828 829
828 829
829 831
831 833
833 834
834 836
836 837
837 839
839
843 844
844
848 849
849 851
851 853
853 854
854
869 870
870 872
872 873
873
876 878
878 879 880
879 880
880 882
882 883
883 885
885 887
887
891 892
892
898
907
911 913
913 914
914 916
916
920 922
922
925
928 930
930 931 932
931 932 933
932 933
933 935
935 937
937 938
938
942
946 947 948
947 948
948
951 952 953
952 953
953 955
955
958
962 964
964
967
970
973
976 977
977 979
979
982 983
983
987
995 997
997 998
998
