#naive2.0.py
# GMT Fri Feb 14 13:34:04 2020
# 
0 1 998
1 3
3 4
4 6
6
9 11
11 12
12
19 21
21 22 23
22 23 24
23 24 25
24 25 26
25 26
26 28
28 30
30 32
32 33
33
36 38
38
42 44
44 45 46
45 46
46
49 51
51
54 56
56 57
57
60 62
62 63
63 65
65 66
66
72 74
74 75
75 77
77 78
78 80
80
84
87 89
89 90
90
95 96
96 98
98
103
111 112
112
116 117
117
121 122
122
127
133 134 135
134 135 136
135 136 137
136 137
137
142 143 144
143 144
144 146
146 147
147
155
158 159 160
159 160 161
160 161 162
161 162
162 164
164
169 170
170 172
172
175 177
177 178
178 180
180 181 182
181 182
182
187 188 189
188 189 190
189 190
190
195
198 199
199
204 206
206 207
207 209
209 210
210 212
212
218 219 220
219 220
220
223 224
224 226
226 227
227
231 232 233
232 233
233
237 239
239
242 244
244 245
245
248 249 250
249 250
250
255 256
256 258
258 260
260 261 262
261 262
262
265 266 267
266 267 268
267 268
268 270
270 271 272
271 272 273
272 273
273
277 278 279
278 279
279 281
281 282
282 284
284
287
293 294 295
294 295
295
298 300
300 301
301
306 307
307 309
309 310
310 312
312 313 314
313 314 315
314 315 316
315 316
316 318
318
323 324 325
324 325 326
325 326
326
330
341 342
342
350
353 355
355
358
361 362
362
365 367
367
375 376
376 378
378 379
379 381
381 382
382
387 388
388 390
390
394 395
395
399 400
400 402
402
405
414
418 420
420 421
421 423
423
426
431 433
433 434 435
434 435 436
435 436 437
436 437 438
437 438
438
443 445
445 447
447
450 451 452
451 452
452
455
461 462
462 464
464
468 470
470 472
472
475 476
476 478
478 479
479
484 486
486 487
487
490
493
496
499 500
500
503
506 507
507
510
514 515
515 517
517
521 523
523 525
525 526
526 528
528 529 530
529 530
530
536 537
537
547 549
549 550 551
550 551 552
551 552
552 554
554 555
555 557
557
562
568 569 570
569 570 571
570 571 572
571 572 573
572 573
573
577 578 579
578 579
579 581
581
585
590 591
591
595 596 597
596 597
597
603 604
604
615
618 619 620
619 620
620 622
622 624
624
627
631 633
633 634 635
634 635
635
640
643 644 645
644 645 646
645 646
646
653
658 659
659
662 663
663 665
665 667
667 668 669
668 669
669
677
680
683 684 685
684 685 686
685 686 687
686 687 688
687 688
688 690
690 691
691 693
693 694
694
698 699 700
699 700 701
700 701
701
704 706
706 707 708
707 708
708 710
710 711
711
714 716
716 717 718
717 718 719
718 719 720
719 720
720
723 724 725
724 725
725
728 730
730 731 732
731 732 733
732 733 734
733 734
734 736
736
739 741
741 742
742 744
744 746
746 748
748 749
749
752 754
754
757 759
759 761
761
770 771
771 773
773 774
774
777 778 779
778 779
779 781
781 783
783
786 787 788
787 788 789
788 789 790
789 790
790 792
792 793
793
796
801 803
803 805
805 807
807
810
813
816 818
818 819
819 821
821 823
823 824 825
824 825
825
829 830
830
835 836
836
839 840
840 842
842
845
848 849
849
854 856
856 857 858
857 858
858 860
860 861 862
861 862
862 864
864 866
866
873
877 878 879
878 879
879
886 887
887 889
889
894
897
901 902 903
902 903 904
903 904
904 906
906 907 908
907 908
908 910
910 911 912
911 912
912 914
914 916
916 918
918 919
919
924 925 926
925 926 927
926 927 928
927 928
928
939
942 943
943
948 949 950
949 950
950
954 955 956
955 956 957
956 957 958
957 958 959
958 959 960
959 960
960
969 970 971
970 971
971
976 977 978
977 978
978 980
980 981 982
981 982 983
982 983 984
983 984
984
988 990
990 991 992
991 992
992
996 998
998
