#naive2.0.py
# GMT Fri Feb 14 13:34:04 2020
# 
0 1 998
1 3
3
7
11 12
12
17 18
18 20
20
23 24
24
27 28
28
32 33 34
33 34 35
34 35 36
35 36
36 38
38 39 40
39 40
40
44
47 49
49 50
50 52
52 53
53
56 57 58
57 58 59
58 59
59 61
61
64 65 66
65 66 67
66 67
67 69
69 70
70
73 75
75 77
77 78 79
78 79 80
79 80
80
83 84
84
87 88
88
91
96 98
98 99
99
105
111 113
113 114 115
114 115
115
121 123
123
126 127 128
127 128
128
133 134
134 136
136 137
137
140
145 146
146 148
148 149
149 151
151 153
153
158 159
159
167 168
168
171 172 173
172 173 174
173 174
174
177 178
178
183 185
185 186 187
186 187
187 189
189 190 191
190 191 192
191 192 193
192 193 194
193 194 195
194 195
195 197
197 199
199 200
200
204 206
206 207
207
210 212
212 213
213
216 217
217 219
219 221
221
224 225
225
228 229
229 231
231
235 236 237
236 237 238
237 238
238 240
240 241
241 243
243 245
245
250 251 252
251 252
252 254
254 255
255 257
257
265 267
267
271
277 278 279
278 279
279 281
281
284
287 289
289 290
290
294 296
296 297
297
300 301 302
301 302
302 304
304
309 311
311 312
312
316 317 318
317 318 319
318 319
319
325 327
327 328
328
331 332 333
332 333
333
337 338
338
341 343
343
346
350 352
352
357 358 359
358 359
359
362 363 364
363 364 365
364 365
365
368 370
370 372
372 374
374
379 381
381 382
382 384
384 385
385
389 390 391
390 391 392
391 392 393
392 393
393 395
395 396 397
396 397
397
402
405 406
406
410 411
411 413
413 414
414
420 422
422
425
429
437 439
439 440
440
443 444
444
447 448
448
451 452
452
460
464 466
466
469 471
471 473
473
476 477 478
477 478
478 480
480 482
482 483
483
487 489
489 490 491
490 491
491 493
493 494 495
494 495
495 497
497 498
498
503 504
504
507 508
508
511 512 513
512 513
513
516 518
518
523 524
524
528
534 535
535
538 539 540
539 540
540
545 547
547 548 549
548 549
549 551
551 552
552 554
554
560 561
561
566 568
568 569
569
572 574
574 575 576
575 576
576
579 580 581
580 581
581 583
583 585
585 586 587
586 587
587
592 594
594 595 596
595 596 597
596 597
597
601
604 605
605
608
613 614
614 616
616 617
617
621
625 626 627
626 627
627
632
635 636
636
646 647 648
647 648 649
648 649
649
655
658
663
667 668
668
675 677
677
680 681 682
681 682 683
682 683
683
686 687
687 689
689 691
691
697 698 699
698 699
699
703 705
705 706 707
706 707 708
707 708 709
708 709
709
714 716
716
720 721
721 723
723 724
724 726
726 727
727
733
741 743
743 745
745
748 749
749 751
751 752 753
752 753 754
753 754 755
754 755
755 757
757 758 759
758 759 760
759 760 761
760 761
761 763
763
769 770 771
770 771
771 773
773 775
775
779 781
781 782 783
782 783
783
787 788
788 790
790 792
792 793
793 795
795 796 797
796 797
797
800 802
802 803
803
806
809
816 818
818 819
819 821
821
824 825 826
825 826
826 828
828 829 830
829 830 831
830 831 832
831 832 833
832 833
833 835
835 836
836
841
846 847 848
847 848
848 850
850 851 852
851 852
852
857 858 859
858 859
859
862 863
863 865
865
870 872
872
876
879 880 881
880 881 882
881 882 883
882 883
883 885
885 886 887
886 887 888
887 888 889
888 889 890
889 890 891
890 891
891 893
893 895
895 896 897
896 897
897
900
907 908
908 910
910 912
912 913
913
916 918
918 919 920
919 920 921
920 921 922
921 922
922 924
924 925 926
925 926
926 928
928 930
930
934 935
935 937
937 939
939 940
940 942
942 943
943
948
951
956 957 958
957 958
958 960
960 962
962 963
963
967 969
969 971
971 972
972 974
974 976
976 978
978 979
979
983 984
984
989
993 994
994
998
