#naive2.0.py
# GMT Fri Feb 14 13:34:04 2020
# 
1 999
4 6
6 7 8
7 8 9
8 9 10
9 10
10
13 15
15 16
16 18
18 20
20 22
22
25 26
26 28
28 30
30 31
31 33
33 35
35 36
36
39
43 44
44 46
46
49
54 56
56
59 61
61 62
62
65 67
67
72 73 74
73 74 75
74 75 76
75 76 77
76 77 78
77 78
78 80
80 81 82
81 82
82 84
84 85
85
88 89 90
89 90
90
93 95
95
98 99
99 101
101 103
103 104
104
111
115 116
116
120 122
122 123 124
123 124 125
124 125
125 127
127 129
129 131
131 133
133 135
135 136 137
136 137
137
143
147 148 149
148 149 150
149 150
150 152
152
155 157
157 158
158
161
167 168 169
168 169
169
172
176 177 178
177 178 179
178 179 180
179 180
180
184 186
186 188
188 189 190
189 190 191
190 191 192
191 192
192 194
194
198 200
200 202
202 203
203 205
205 206
206
209
213
216 217
217
224 226
226 228
228 229
229 231
231
234 235
235
239 241
241 242
242 244
244 245 246
245 246
246 248
248 250
250 252
252 254
254 255 256
255 256 257
256 257
257 259
259 260 261
260 261 262
261 262
262 264
264
268 270
270
273
276 277 278
277 278
278
281
286
290 291 292
291 292
292
301 302 303
302 303
303
307 308
308
311 313
313 315
315 316 317
316 317
317 319
319
325
330 331
331 333
333
339 341
341 343
343 344 345
344 345
345
348 349
349
354 355
355
359
362
366
374 376
376 377
377 379
379
382 383
383
387 389
389 390
390
396
399
403
406 408
408 409
409 411
411 412 413
412 413 414
413 414
414 416
416
421 422 423
422 423
423
426 427
427 429
429 431
431 432
432
435 436 437
436 437
437 439
439
443 445
445
448 449
449 451
451 453
453 455
455 456 457
456 457
457 459
459 460 461
460 461
461 463
463 464
464 466
466
470 471 472
471 472
472
475
483 485
485 486
486 488
488 489 490
489 490
490
495 497
497 498
498
501 503
503
506 507 508
507 508
508
512 513
513 515
515 517
517 518 519
518 519 520
519 520 521
520 521 522
521 522
522
525 527
527 528 529
528 529 530
529 530
530
533 534
534 536
536 538
538 539
539 541
541 542 543
542 543
543
546
549 551
551
559
562 563
563
567 568 569
568 569
569
572 573
573
576 577 578
577 578
578
581 582 583
582 583 584
583 584 585
584 585
585 587
587 588 589
588 589
589
592
598 599 600
599 600
600 602
602 603
603
606 607 608
607 608 609
608 609
609 611
611 612
612 614
614
617 618
618
623 625
625
628 629 630
629 630
630
637 639
639 641
641
644 646
646 647
647 649
649 650 651
650 651 652
651 652
652 654
654 656
656 657
657
664
667 668
668
672 673 674
673 674
674 676
676 678
678 680
680 681 682
681 682
682
686 687 688
687 688
688 690
690
694 695 696
695 696
696
699 700
700
703 704 705
704 705
705 707
707
710 711 712
711 712
712 714
714 715
715
720 722
722 724
724 726
726 728
728 729 730
729 730
730
738 739
739
748
751 752
752
755 757
757 758
758
761
765 766 767
766 767
767 769
769
772 774
774 776
776
787 789
789 790 791
790 791 792
791 792
792 794
794
798 799 800
799 800
800 802
802 803 804
803 804 805
804 805
805
808 809
809
819
822 823 824
823 824
824
829 830 831
830 831
831 833
833 835
835 836
836
840 841
841
844 846
846
850
853 855
855 856 857
856 857
857
860 862
862
866 868
868
874 875
875
879
882 883
883
886 888
888 889 890
889 890
890
893
896 897 898
897 898
898 900
900 901 902
901 902 903
902 903
903
908
912
916 917
917
920
928
932 933
933 935
935 937
937 939
939 940
940
943 944 945
944 945
945 947
947
950 951 952
951 952 953
952 953
953
956
961 962
962 964
964 966
966 968
968
971 972
972 974
974 976
976
981
984 985
985
989 990 991
990 991
991
997 999
999
