#naive2.0.py
# GMT Fri Feb 14 13:34:00 2020
# 
0 2
2
6 7
7
11
14
17 18
18
24 26
26 27 28
27 28 29
28 29
29
33
36
40
47 48 49
48 49
49 51
51
55 56
56 58
58 59 60
59 60
60 62
62
65 66
66
70 71 72
71 72 73
72 73
73
78 80
80
83 85
85
89 91
91 92
92
95 96 97
96 97 98
97 98 99
98 99 100
99 100
100
105 106 107
106 107
107
110 112
112 113
113
118 119
119
123 124
124
128 130
130
133
136 137
137 139
139 140
140 142
142
150 152
152 154
154
157 158 159
158 159 160
159 160
160
163
166 167
167
170 171 172
171 172
172 174
174 175
175
184 185
185
188 189 190
189 190 191
190 191
191
195
199
203
206 207 208
207 208 209
208 209
209
216 217 218
217 218
218
227 228
228
231 233
233
237 238
238
241 243
243 244 245
244 245 246
245 246
246
249 250
250 252
252 253 254
253 254 255
254 255
255 257
257 258
258
261 262
262
267 268 269
268 269
269 271
271 273
273 274 275
274 275
275
278
281 283
283
286
289 290 291
290 291
291 293
293
296
300 302
302 303
303 305
305 306 307
306 307
307 309
309 310
310
313
316 317 318
317 318 319
318 319 320
319 320
320 322
322
325 327
327
330
334 335
335 337
337 339
339
343 344
344
347 348
348
351
355 357
357 358
358
362 363 364
363 364
364 366
366 368
368 369
369 371
371 373
373 374 375
374 375
375
378 380
380 381
381 383
383
386 387 388
387 388 389
388 389 390
389 390
390
394 395 396
395 396
396
402 403 404
403 404 405
404 405 406
405 406
406 408
408 410
410 412
412
415
420 421 422
421 422
422 424
424 425 426
425 426
426 428
428 429
429
433
439 440
440
443 444 445
444 445
445
448
452 453
453 455
455 456
456 458
458 459 460
459 460
460 462
462 464
464 465 466
465 466
466 468
468
471
474 476
476 477 478
477 478 479
478 479 480
479 480 481
480 481
481
485
489
492
495 496 497
496 497
497
503 504 505
504 505
505 507
507
513 514
514
519
522
525 526 527
526 527 528
527 528 529
528 529 530
529 530 531
530 531 532
531 532 533
532 533
533
537 539
539 540 541
540 541
541 543
543 544 545
544 545 546
545 546
546
550 551 552
551 552
552 554
554 555 556
555 556 557
556 557
557
562 564
564 565
565
570
573
576 577
577
580
583 585
585
588 590
590 591 592
591 592 593
592 593 594
593 594
594 596
596 597 598
597 598 599
598 599
599 601
601 603
603 605
605 606
606
613 615
615 616
616
622 623 624
623 624 625
624 625
625 627
627 629
629
632 633
633
636 637 638
637 638 639
638 639 640
639 640 641
640 641
641 643
643 644 645
644 645
645 647
647 649
649 650
650
655 656 657
656 657
657
660
663
668 669 670
669 670 671
670 671 672
671 672 673
672 673
673 675
675 676
676 678
678
681
689
700 702
702 703
703
707 709
709 711
711 712
712 714
714 715 716
715 716
716 718
718
721 723
723 724
724
727 729
729 731
731 732
732
735 737
737 738 739
738 739
739
743 744
744
749 750
750 752
752 753 754
753 754
754
757 759
759
764 765
765
768 769 770
769 770
770
776 777 778
777 778
778
781
784
787
790
798
802
806 807
807
810
816 817 818
817 818
818
822 823 824
823 824
824 826
826
829
834 835
835
838
844
847 848
848 850
850 851 852
851 852 853
852 853 854
853 854 855
854 855
855
861 862
862
871 873
873 874 875
874 875
875
878 879 880
879 880
880 882
882 884
884 885
885 887
887
890 891
891 893
893
898 899
899
902
908
912 913 914
913 914
914 916
916
925 926 927
926 927
927
930
938 939
939 941
941 942 943
942 943
943 945
945
948 950
950
953 954 955
954 955
955
961
964 965 966
965 966
966
970
973 974 975
974 975 976
975 976 977
976 977
977
985
988
992
997
