#naive2.0.py
# GMT Fri Feb 14 13:34:05 2020
# 
0
3 5
5 6
6 8
8
11
14 16
16 17 18
17 18
18
23 24 25
24 25
25
31 32 33
32 33 34
33 34 35
34 35
35 37
37
40 41 42
41 42
42
45 47
47 48
48 50
50 51 52
51 52 53
52 53
53 55
55 56 57
56 57
57
62
66 68
68 70
70 71
71
74 76
76 77
77
80 81
81 83
83 84 85
84 85
85
88 89 90
89 90
90 92
92 93
93
96 97
97 99
99 101
101
104 105
105
108
114 116
116 118
118
121 122
122
127 128
128
131
135 137
137 139
139 141
141
144 146
146 147
147 149
149 150 151
150 151
151
160 161 162
161 162 163
162 163
163
166
169 171
171 173
173
179 180 181
180 181 182
181 182
182 184
184
187 188 189
188 189
189
192 193 194
193 194 195
194 195
195
200 202
202 204
204 205 206
205 206
206 208
208
214 215
215 217
217 219
219 220 221
220 221 222
221 222 223
222 223 224
223 224 225
224 225 226
225 226 227
226 227 228
227 228
228
231 232 233
232 233 234
233 234
234 236
236
240 242
242 243
243
247 248 249
248 249
249 251
251
254 255 256
255 256 257
256 257
257 259
259 260 261
260 261 262
261 262
262
265 266
266 268
268 270
270 271
271
274
277
280 282
282 284
284 285 286
285 286
286 288
288
292 293
293 295
295 296 297
296 297
297
307 308 309
308 309 310
309 310 311
310 311
311
315 316
316
320 321
321
326 327
327
331 332 333
332 333
333
342
347 348 349
348 349 350
349 350 351
350 351 352
351 352
352
355
359
363 365
365 366
366 368
368 369
369
375
379 380
380 382
382 383 384
383 384 385
384 385
385 387
387
390 391
391
400 401
401 403
403 404
404
409
413
416 417
417
423
427
430 431
431
434 435 436
435 436 437
436 437
437 439
439 440 441
440 441 442
441 442 443
442 443
443
447 448
448
451
454 455 456
455 456
456
460 461
461
465 466
466 468
468 469
469
472 473 474
473 474
474
481 482
482 484
484 486
486 487 488
487 488
488 490
490 491
491
497
502 503
503
506 507 508
507 508
508
511 512
512 514
514 515
515
520 521 522
521 522 523
522 523
523 525
525 526
526 528
528 530
530 531
531
534 535 536
535 536
536 538
538 540
540 542
542 544
544 546
546 547 548
547 548
548
557
561 562 563
562 563
563
569
576 577
577 579
579
582
586 587
587 589
589
593 595
595
598
601
604 605
605 607
607 608 609
608 609 610
609 610
610
613 615
615
619
626
629 631
631
634 635
635
639 640
640
644
650
655 657
657 658
658
661
667 668
668 670
670 671 672
671 672 673
672 673 674
673 674
674 676
676 677 678
677 678 679
678 679 680
679 680 681
680 681
681 683
683
691
696 698
698 699
699 701
701
704 706
706
709 711
711 712 713
712 713 714
713 714
714
719
724
728 730
730 731
731 733
733 734
734 736
736 737
737 739
739 740 741
740 741 742
741 742
742
745 746
746
749
754 756
756 758
758
761
766 768
768 770
770 771 772
771 772
772 774
774
778 780
780
785 787
787
794 795 796
795 796 797
796 797 798
797 798 799
798 799 800
799 800
800
805 807
807 808
808
811 812 813
812 813 814
813 814 815
814 815
815
819 820
820
823
826
830 831 832
831 832 833
832 833 834
833 834
834 836
836 837
837 839
839
842 843
843 845
845 846
846
849 850 851
850 851 852
851 852
852 854
854 856
856 857
857
864 866
866 868
868 869 870
869 870
870 872
872 874
874
878
883 884
884
887
891 892 893
892 893 894
893 894
894
903 904 905
904 905
905 907
907
911 912
912 914
914 915 916
915 916 917
916 917 918
917 918
918
921 922 923
922 923 924
923 924
924
927 929
929 930
930 932
932
937 939
939
942 943
943 945
945 947
947
952 953
953 955
955
958 960
960 961 962
961 962 963
962 963
963 965
965 966 967
966 967
967 969
969 971
971
976 977
977 979
979
983 984
984
988 989 990
989 990 991
990 991
991
