#naive2.0.py
# GMT Fri Feb 14 13:34:02 2020
# 
0 1
1 3
3 5
5 6 7
6 7 8
7 8 9
8 9 10
9 10
10
14
17 18 19
18 19
19
24 25
25
31
34 35 36
35 36 37
36 37 38
37 38
38
43 45
45 46 47
46 47 48
47 48
48
51 53
53 55
55 57
57 58
58
61 63
63 64
64
67
71
74 75 76
75 76 77
76 77 78
77 78
78
82 83 84
83 84
84
87 88 89
88 89 90
89 90 91
90 91
91
94 95
95
99
103 104
104
108 110
110
114 115
115 117
117 119
119 120
120 122
122 124
124 125 126
125 126
126 128
128 129
129 131
131
135 137
137
141 142
142 144
144 146
146 148
148
151 153
153 154 155
154 155
155 157
157 158 159
158 159 160
159 160 161
160 161
161
165
168 170
170 172
172
175 177
177
181 182 183
182 183 184
183 184
184 186
186 187
187
204 206
206 207
207
210 212
212 213
213
217 218
218 220
220
223 224
224
227 228 229
228 229
229
232 233
233 235
235 236
236 238
238 240
240 241 242
241 242
242
249 250 251
250 251
251
256 257
257
260 261
261 263
263 265
265 267
267 268
268 270
270
275
278
281 282 283
282 283 284
283 284
284
287
290 291 292
291 292
292
295 296
296 298
298 299
299 301
301 303
303 304 305
304 305
305
308 310
310 311
311
316 317
317
320 321
321
325 326 327
326 327
327
331 332
332 334
334 336
336 337 338
337 338 339
338 339 340
339 340
340
346 348
348 350
350
354
357
360
364 365 366
365 366
366
369 370 371
370 371 372
371 372
372 374
374 375 376
375 376 377
376 377
377
380 382
382 383
383 385
385
388 389
389
394
401
405 407
407 409
409 411
411 412 413
412 413
413
418 419 420
419 420 421
420 421 422
421 422 423
422 423 424
423 424 425
424 425 426
425 426 427
426 427
427
432 433 434
433 434
434
440 442
442 444
444 445
445
451 453
453 455
455
461 463
463
471 473
473 474 475
474 475 476
475 476 477
476 477
477 479
479
482
488 489 490
489 490
490
493 495
495 496 497
496 497 498
497 498
498 500
500 502
502 503 504
503 504
504 506
506 507
507 509
509
512
515 516
516 518
518 520
520
524
527 529
529 530 531
530 531 532
531 532
532
540 541
541
547 548
548
554
557 558 559
558 559 560
559 560 561
560 561
561
564
567
573
576 578
578 579 580
579 580 581
580 581 582
581 582
582
585 586 587
586 587
587
591 592 593
592 593 594
593 594 595
594 595 596
595 596 597
596 597
597 599
599
602
606
612
615 617
617 618
618 620
620
626 628
628
633 634 635
634 635
635 637
637
641 642
642 644
644 645 646
645 646
646
651 653
653 654
654 656
656 657
657 659
659 661
661 663
663 664
664
667 668
668 670
670 671 672
671 672
672
676 677
677 679
679 680 681
680 681 682
681 682
682
686 688
688
691
694
703 704
704 706
706 707
707
711 713
713 714 715
714 715 716
715 716 717
716 717 718
717 718 719
718 719 720
719 720 721
720 721
721 723
723 725
725
733 734 735
734 735 736
735 736 737
736 737
737 739
739 741
741 742
742
747
751 753
753 754
754 756
756 757 758
757 758
758
762 763
763
766 768
768 770
770 771 772
771 772 773
772 773 774
773 774
774
778 780
780 782
782 783
783 785
785 787
787 788
788
792
802 803
803
807
810 811
811
821 823
823
826 828
828 829 830
829 830 831
830 831 832
831 832 833
832 833 834
833 834 835
834 835
835 837
837 839
839 841
841
847 848
848 850
850 851
851
855
859 860 861
860 861 862
861 862
862 864
864 866
866
870 871 872
871 872 873
872 873
873
876
881 882
882
886 887 888
887 888 889
888 889
889 891
891 893
893 894
894 896
896 897 898
897 898
898
904 905 906
905 906 907
906 907 908
907 908 909
908 909 910
909 910
910 912
912 913 914
913 914
914
917 918
918 920
920 921
921
924 925 926
925 926 927
926 927
927 929
929
932 934
934
938 939 940
939 940 941
940 941
941
945 947
947 949
949 950
950
953
956 958
958 959 960
959 960
960
963 964 965
964 965
965 967
967 968 969
968 969
969
972 973 974
973 974 975
974 975
975
979
983 984 985
984 985
985
988 989
989 991
991 992
992
