#naive2.0.py
# GMT Fri Feb 14 13:33:57 2020
# 
3 4
4 6
6 7
7 9
9
12 14
14 16
16 17 18
17 18
18 20
20 21
21 23
23 24
24 26
26
30 31
31
35
38
42 44
44 45 46
45 46 47
46 47
47 49
49 50 51
50 51
51 53
53 54
54
59 60
60
65 67
67 69
69 70 71
70 71
71
74 75 76
75 76
76
80 82
82
85
88
99 100
100
105
108 110
110 111
111
114
117 118
118 120
120 121 122
121 122
122
125
130 132
132
135 136 137
136 137 138
137 138
138 140
140 142
142 143 144
143 144
144 146
146 148
148 149
149
152
156 157
157 159
159
163 164
164 166
166
171 173
173
176 178
178
181
187 189
189 191
191 192
192
198 199 200
199 200
200
203 204 205
204 205 206
205 206
206 208
208 210
210 211
211
214
217 218
218 220
220 222
222 223
223 225
225 226
226 228
228 230
230
233
236 237 238
237 238 239
238 239 240
239 240
240
246 248
248 249
249 251
251
254 255
255
259 260
260 262
262
267 269
269
275 277
277 278
278 280
280
283 284 285
284 285 286
285 286
286 288
288 290
290 292
292 294
294 296
296
299 300 301
300 301
301 303
303
307 308 309
308 309
309 311
311 313
313
317 318 319
318 319
319
323 324
324
327
331
334 335 336
335 336
336 338
338 339
339
342 343 344
343 344
344 346
346
349 351
351
354 355
355
358
361 362 363
362 363
363 365
365 366 367
366 367
367
370 371
371 373
373 374 375
374 375
375 377
377 378 379
378 379
379 381
381
386 388
388 390
390 391
391 393
393 394
394
397 398 399
398 399 400
399 400
400 402
402 403 404
403 404
404 406
406 407 408
407 408 409
408 409 410
409 410
410
413
417
422 423
423
426
430
433
436 437 438
437 438
438 440
440 442
442 443 444
443 444
444
447 448
448 450
450 451 452
451 452
452
455
458 459 460
459 460 461
460 461
461 463
463
467 468 469
468 469 470
469 470
470
474
477 478 479
478 479 480
479 480 481
480 481 482
481 482
482 484
484
487 489
489 491
491
500 502
502
505
508
520 521
521 523
523
527
530 531 532
531 532 533
532 533
533 535
535 536 537
536 537 538
537 538
538 540
540 542
542 543 544
543 544 545
544 545 546
545 546 547
546 547
547
550 552
552
560
563 564
564 566
566
570 571 572
571 572 573
572 573 574
573 574
574
577 579
579
582 583 584
583 584 585
584 585
585
594 595 596
595 596
596 598
598 599 600
599 600
600 602
602 604
604
610
613
619 620
620
624 626
626 627
627 629
629 631
631 632
632
635 636 637
636 637
637 639
639 640
640
646
651 653
653 655
655
660
665 667
667 668
668 670
670 671
671 673
673
676 678
678
682 683
683 685
685
688
694 696
696 697 698
697 698 699
698 699 700
699 700
700 702
702 703
703 705
705
708 709
709
717 719
719 720
720 722
722 723 724
723 724 725
724 725 726
725 726
726 728
728 729
729 731
731 733
733 735
735 737
737 738
738 740
740
743 744
744
751 752
752 754
754 755
755 757
757
762 763
763 765
765 766
766 768
768 769
769
772 773
773
776 777
777 779
779 780
780
785
788
791 792 793
792 793
793 795
795 796
796
800
803
807 808
808
813 815
815
819
825 826 827
826 827 828
827 828 829
828 829
829
836
839 840
840 842
842
846 848
848 849 850
849 850 851
850 851
851
854 855 856
855 856 857
856 857
857
860 861
861
866 867
867
870 871
871 873
873
877 878
878 880
880 881
881 883
883 884
884
887 888
888 890
890
893 895
895 897
897 899
899 901
901 902
902
908 909
909
914 915 916
915 916 917
916 917
917 919
919 920
920 922
922 923
923 925
925 927
927 928
928
931 932 933
932 933
933
938 939 940
939 940
940
945 946 947
946 947 948
947 948
948 950
950
953 955
955 956 957
956 957 958
957 958 959
958 959 960
959 960 961
960 961 962
961 962 963
962 963
963
968 969
969
972 973 974
973 974 975
974 975
975 977
977 979
979 980 981
980 981 982
981 982 983
982 983
983 985
985 986
986
993 994 995
994 995 996
995 996
996
999
