#naive2.0.py
# GMT Fri Feb 14 13:34:05 2020
# 
0 1 999 2
1 2 999
2 4
4
7 8
8 10
10 11
11
15 16
16
19
25 26 27
26 27 28
27 28 29
28 29
29 31
31 33
33 34 35
34 35 36
35 36 37
36 37
37
41 42
42
48 49 50
49 50 51
50 51
51 53
53 54 55
54 55
55 57
57 58 59
58 59 60
59 60
60 62
62 63 64
63 64 65
64 65
65
75
78 80
80 82
82 84
84 85
85 87
87
91 92
92 94
94 95
95
98 100
100 101 102
101 102 103
102 103
103
110 111
111
115 116 117
116 117 118
117 118 119
118 119
119 121
121 122 123
122 123
123
126 127
127 129
129
132
136 137
137
140 142
142 143
143
146 147
147
155
161 162
162 164
164 165
165
168
171 172
172
178
181 182 183
182 183
183 185
185 187
187 188 189
188 189 190
189 190 191
190 191
191 193
193
196 197 198
197 198
198 200
200 202
202
205 206 207
206 207 208
207 208
208
213 215
215 216
216
220 222
222 223
223
226 227 228
227 228
228 230
230 231 232
231 232 233
232 233
233
236
242 243
243 245
245 246
246
252
255 256
256 258
258
262 263
263 265
265 266 267
266 267 268
267 268 269
268 269
269
273
276 277
277
280 282
282 284
284 286
286 287
287 289
289 291
291 292 293
292 293 294
293 294
294
299 300 301
300 301
301
306 307
307 309
309
316 317 318
317 318
318 320
320
323 324
324
327
330 331
331
334
337 338
338 340
340
344 345
345
348 350
350 351 352
351 352
352
360 362
362 363
363
370 372
372 373 374
373 374 375
374 375
375 377
377 378 379
378 379
379
382 383
383 385
385 386
386
389 390
390 392
392 393
393
399
402 404
404
409 411
411 412 413
412 413 414
413 414 415
414 415 416
415 416 417
416 417
417 419
419 420
420 422
422 423 424
423 424 425
424 425
425
429
433
439 441
441 443
443
446 448
448 450
450 451
451 453
453
456 457 458
457 458 459
458 459 460
459 460
460
465 467
467
470 471 472
471 472
472 474
474 475 476
475 476 477
476 477
477
483 484
484 486
486 488
488 489
489
492 493
493 495
495
498
504
507 509
509 511
511
515 516 517
516 517
517
522 523 524
523 524 525
524 525
525
528 530
530 531
531
535 536
536 538
538 539 540
539 540
540
543 544
544
548 550
550 552
552 553
553
558
561
565
568 569
569
572
576 577
577 579
579 581
581 582
582 584
584 586
586 588
588
591 592 593
592 593
593
596
599
603 605
605 607
607 608 609
608 609
609 611
611
614 615 616
615 616
616 618
618 619 620
619 620
620 622
622
625 627
627 629
629
633 634 635
634 635 636
635 636
636 638
638 639
639
643
649 651
651 652
652 654
654 655
655
659 660
660
664 665 666
665 666 667
666 667
667
670 672
672
676 677 678
677 678 679
678 679
679
685 686
686
690 691 692
691 692 693
692 693
693 695
695 696 697
696 697
697 699
699 700
700
704
707 709
709 710 711
710 711
711
716 718
718 719
719 721
721 723
723
727 729
729
732
736 738
738 740
740 742
742 743 744
743 744 745
744 745 746
745 746 747
746 747 748
747 748
748 750
750 752
752 754
754 755
755 757
757 759
759 760 761
760 761
761
764 765 766
765 766 767
766 767
767 769
769 770
770 772
772 773
773
776
780 781
781
785
789 790 791
790 791
791
796 797 798
797 798
798
801
804 805 806
805 806 807
806 807 808
807 808 809
808 809
809
812
816 818
818
821 822 823
822 823 824
823 824
824
832 833 834
833 834
834 836
836 837 838
837 838 839
838 839
839 841
841 842 843
842 843
843
846 848
848 849 850
849 850 851
850 851
851 853
853
856
859 860
860
864 865
865 867
867 868 869
868 869 870
869 870
870 872
872
875
878 880
880 881
881 883
883 884 885
884 885
885 887
887 888 889
888 889
889 891
891 892
892
896
902
906 907
907 909
909 911
911 912 913
912 913
913
919
922 924
924 925
925 927
927
934 935
935
938 939
939
942 943 944
943 944 945
944 945
945
948 950
950 952
952
955 956 957
956 957 958
957 958 959
958 959 960
959 960
960 962
962 964
964 966
966
969 970
970
975 977
977 978
978
981
984
987 988
988
992
997 999
999
