#naive2.0.py
# GMT Fri Feb 14 13:33:59 2020
# 
1 999
4 5 6
5 6
6 8
8 9
9
12 13 14
13 14
14 16
16 17
17 19
19 20 21
20 21
21 23
23
26 27 28
27 28
28
31
35 37
37 38 39
38 39
39
42
48 49 50
49 50
50
53 55
55 56
56
59 61
61 63
63 64
64
69 70
70 72
72
77 79
79 81
81 82
82 84
84 86
86
90
93 94
94 96
96
104 105
105
111 112
112 114
114
117 118
118
121 122
122
126 127
127
132 134
134 135 136
135 136
136
139
144
147 148 149
148 149 150
149 150
150 152
152 154
154 155 156
155 156
156
159 160 161
160 161 162
161 162
162
165 166
166
170
173
179
182 183
183
188 189
189
192
197
202 203 204
203 204
204
207 209
209
213 215
215
218
222 224
224 225 226
225 226
226
229 230
230
233 234
234
238 240
240
244
248
252
255
259
264 265
265
268 269
269
273 274
274 276
276
279 280 281
280 281
281 283
283 284 285
284 285
285
289 290
290
293
297 299
299
302 304
304 305
305
308 310
310
314
317 318
318
322
327 329
329 331
331
335 336
336 338
338
341
346 347
347
350
353 354 355
354 355 356
355 356
356 358
358 359
359 361
361 362
362
367 368
368
371 372 373
372 373 374
373 374
374
379
383
387
391
398 399 400
399 400 401
400 401
401
405
408 409
409
416 417 418
417 418 419
418 419
419
424 426
426
433 435
435 436
436
439 440
440
443
446 447
447
453 455
455 457
457 459
459
468 469
469
473
476 478
478 479 480
479 480 481
480 481
481
484 485 486
485 486
486 488
488
491 492 493
492 493
493 495
495 496 497
496 497 498
497 498 499
498 499
499 501
501
504 506
506
517 518
518
521 522
522
526 527
527
530 531
531
536
539 541
541 542 543
542 543
543
547 549
549
554
563 564 565
564 565 566
565 566
566
570
576 577 578
577 578 579
578 579
579
584
587
592 593
593
597 598 599
598 599
599 601
601 602 603
602 603 604
603 604
604 606
606
612 613 614
613 614
614
619 620
620 622
622 624
624 626
626 628
628
631 633
633 634 635
634 635
635 637
637
640 641
641 643
643 644
644 646
646 647
647
650 652
652
656 657 658
657 658 659
658 659 660
659 660
660 662
662
668 669 670
669 670 671
670 671
671
674
679 681
681 683
683 684
684
687
690
695
699 701
701
704 705 706
705 706 707
706 707 708
707 708 709
708 709 710
709 710 711
710 711
711
715 717
717
720
723 725
725
733
740 741 742
741 742 743
742 743 744
743 744
744
747 749
749
752
755
759 761
761
764 766
766 767
767
773 774 775
774 775 776
775 776 777
776 777 778
777 778 779
778 779
779 781
781 782
782 784
784 785
785
788 790
790
793 794
794
797 799
799 800
800
804
810
813 815
815 816
816
819 820 821
820 821
821 823
823 824 825
824 825
825 827
827 828
828
832 834
834
837
845 846
846
854 855
855
858
863 864 865
864 865
865
868 870
870 872
872
875
879
882 883
883
889 890
890 892
892
896 897
897
900 901
901 903
903 905
905 906 907
906 907
907
911 912 913
912 913 914
913 914 915
914 915
915 917
917 919
919 921
921 922 923
922 923 924
923 924
924
928
931
935 937
937 938
938
942
948 950
950 951 952
951 952
952 954
954
957 959
959 960
960
963 964
964
967
970 971 972
971 972
972 974
974 975
975
979 980
980 982
982 984
984
988 990
990 992
992
995 996 997
996 997 998
997 998 999
998 999
999
