#naive2.0.py
# GMT Fri Feb 14 13:33:56 2020
# 
0 998
4 6
6
10 12
12 13
13
18 19
19
22 23
23
26 28
28 29 30
29 30
30 32
32 33
33 35
35 37
37 39
39 41
41
44 46
46 47 48
47 48
48
53
60 62
62 63
63 65
65 67
67 69
69
72 74
74 75 76
75 76
76 78
78
82 83
83
86 88
88 89
89 91
91 93
93
96 97
97 99
99 100 101
100 101
101 103
103
109
112 113 114
113 114
114 116
116 117
117
120 122
122
126 127
127
133 134
134 136
136 138
138 140
140
143
146 147 148
147 148
148 150
150 151
151 153
153 155
155 156 157
156 157 158
157 158 159
158 159
159
162 163
163
168 170
170 171 172
171 172
172
175 177
177 179
179
182 184
184 185 186
185 186
186 188
188 189 190
189 190
190 192
192 193
193 195
195 196 197
196 197 198
197 198 199
198 199 200
199 200
200
203 204 205
204 205 206
205 206
206
210 211 212
211 212
212 214
214 215 216
215 216 217
216 217 218
217 218
218 220
220 222
222 223 224
223 224
224 226
226 227
227
231
235 236 237
236 237 238
237 238 239
238 239 240
239 240
240
244 246
246
249
252 253 254
253 254
254 256
256 257
257 259
259
264 265
265 267
267 268 269
268 269 270
269 270
270 272
272 273 274
273 274
274
277
282 283 284
283 284 285
284 285
285
290 291 292
291 292
292
300 302
302
305 306 307
306 307
307 309
309 310
310 312
312 313 314
313 314 315
314 315 316
315 316
316 318
318 320
320 322
322 323 324
323 324 325
324 325 326
325 326
326
329 330 331
330 331 332
331 332
332
335
338
343 345
345
348 350
350
354 355
355
361
365 367
367 368 369
368 369 370
369 370 371
370 371
371
375 377
377 379
379 380
380 382
382 384
384 385
385
390 392
392 394
394 396
396 398
398 399
399
402 404
404 405
405
410
413 414
414 416
416
419 421
421 422
422
425
429 431
431 432 433
432 433
433
436 437 438
437 438
438 440
440 442
442 443 444
443 444
444 446
446 448
448 449
449
452 453 454
453 454 455
454 455 456
455 456 457
456 457
457
461 462 463
462 463
463
467 468
468 470
470
473
486
489 491
491
494 495
495 497
497
500 501
501 503
503
507 509
509 511
511 513
513 515
515
523
526
529 531
531 532 533
532 533
533 535
535 537
537 538 539
538 539 540
539 540 541
540 541
541
545 546
546
551 552
552 554
554
558
563 564 565
564 565
565
568 570
570 572
572 573
573 575
575 576
576
579 581
581
584 585 586
585 586
586 588
588
592
595 596 597
596 597
597
600 601
601
606
609
612 614
614
619 620
620 622
622
631
636 637
637 639
639
642 643 644
643 644
644
648
653
657
660
663
667
670 672
672 673
673
676 677 678
677 678
678
682 684
684 685
685 687
687 688
688
691 692 693
692 693 694
693 694 695
694 695
695
700 701
701
704 706
706
709 711
711 712 713
712 713 714
713 714
714
718 720
720 721
721 723
723 724
724 726
726
730 732
732
735
738 739
739
742 743
743
746 748
748 749 750
749 750
750
756 758
758 759
759 761
761 762 763
762 763 764
763 764 765
764 765
765
771 772 773
772 773
773
776 777 778
777 778
778
782 783
783
786 787 788
787 788
788
796 797 798
797 798
798 800
800
803 804
804 806
806 808
808 809 810
809 810 811
810 811 812
811 812 813
812 813 814
813 814
814 816
816 818
818 819
819
822 823
823
828 829
829 831
831 833
833 834
834 836
836 837 838
837 838
838
841
844 846
846 847 848
847 848
848 850
850
853 855
855 856 857
856 857
857 859
859 861
861
864 866
866
873
876 878
878 879
879 881
881
884 885
885
890
893
896 898
898
901 903
903 905
905 906
906
909
913 914 915
914 915
915 917
917 918
918 920
920
923
933 935
935 936 937
936 937
937
940 941
941
947 949
949 951
951 953
953 954 955
954 955 956
955 956
956
966
969
973 975
975 976
976
980
984
987 988
988
991 992 993
992 993 994
993 994 995
994 995 996
995 996 997
996 997 998
997 998
998
