#naive2.0.py
# GMT Fri Feb 14 13:33:56 2020
# 
0 998
7
10
17 19
19 20
20 22
22
26
29 30 31
30 31
31
38 39 40
39 40
40 42
42
48 49 50
49 50 51
50 51
51
54 55
55
58
63 65
65
77 79
79 80 81
80 81 82
81 82
82
85
92 94
94 95
95
98 99
99
102 103
103
106
111
116
119 120 121
120 121
121 123
123 125
125 126
126
133 135
135 136
136 138
138
142 143 144
143 144
144
148 150
150 152
152 154
154
158
161 162
162
166 168
168 169
169 171
171
175 176
176 178
178
181 183
183 184
184 186
186 188
188 189
189 191
191
194 195
195 197
197 198
198 200
200 201
201 203
203 204 205
204 205 206
205 206 207
206 207
207 209
209 210
210 212
212 214
214 216
216 218
218
224
228 230
230 231 232
231 232
232 234
234 235
235
242 244
244 246
246
250 251
251
255 256
256 258
258 259
259
262 263
263
267 268 269
268 269 270
269 270
270
276 277 278
277 278 279
278 279
279
282
285 287
287 289
289 291
291 292 293
292 293
293
296 297
297
302
306 308
308 309
309
312 313 314
313 314 315
314 315
315 317
317
322 323
323 325
325 326
326
330
333 334 335
334 335
335 337
337
340 342
342 344
344 345
345 347
347
350 351
351 353
353 355
355 356
356 358
358 359 360
359 360 361
360 361
361 363
363 364
364
368
373
377
380 381 382
381 382 383
382 383
383
386
393 394
394
401 403
403 405
405 407
407 408
408 410
410 411
411 413
413
416
419 420
420 422
422 424
424 426
426 427
427 429
429 431
431
435
442 443
443
447
451 452
452 454
454
460 461
461 463
463 464 465
464 465 466
465 466
466 468
468 470
470
473 474 475
474 475
475
480 482
482 483
483
486 488
488 489 490
489 490
490
493 494 495
494 495 496
495 496 497
496 497
497 499
499
502
505 506
506
509
513
516 518
518
523 525
525 527
527 528
528
531
535
538 539 540
539 540 541
540 541 542
541 542 543
542 543 544
543 544
544 546
546
549 550
550 552
552 554
554 556
556 557
557
561
564 565 566
565 566
566 568
568
577 578 579
578 579 580
579 580
580 582
582 583
583
586 587
587 589
589 590 591
590 591
591 593
593
597 598
598 600
600 601
601 603
603 604
604
610
613
617 618
618
623 624
624 626
626 627
627
630 632
632
635
638 639
639 641
641 643
643 644 645
644 645 646
645 646 647
646 647 648
647 648
648 650
650 651
651 653
653
658 659 660
659 660
660
664 665 666
665 666 667
666 667
667
670
673 675
675
678 679
679
689
692 693 694
693 694
694 696
696 698
698 699 700
699 700
700 702
702
705
709 710 711
710 711
711 713
713 715
715 716
716 718
718 719
719 721
721 723
723
726 728
728 730
730 732
732
735 736
736
739 740
740 742
742 743 744
743 744
744 746
746
751 753
753 754
754 756
756 757
757 759
759 760 761
760 761 762
761 762 763
762 763
763
769 770 771
770 771 772
771 772
772
775
778
781 783
783
786
789 790 791
790 791 792
791 792
792 794
794 795
795 797
797 798 799
798 799 800
799 800
800 802
802 803
803
807 809
809
815 816
816
819 820
820 822
822 824
824
828 829
829 831
831 832
832 834
834
837 839
839
843 845
845 847
847
851 852 853
852 853
853
856 857
857 859
859 860
860 862
862 863
863 865
865 866
866
869
872 873 874
873 874
874
879 880
880
885 886 887
886 887
887 889
889
896
899
902 904
904 906
906
909 910
910 912
912 914
914 916
916
920 921 922
921 922
922 924
924
930 931
931 933
933
937 938
938
942
945 946
946 948
948
952 953
953 955
955 956
956
959 961
961 963
963 964
964
968 969
969
972 973 974
973 974
974
982
985 987
987 988 989
988 989
989
992
995 996
996 998
998
