#naive2.0.py
# GMT Fri Feb 14 13:34:04 2020
# 
1 2
2
9 11
11
14
22 23
23
26
31 33
33 35
35 37
37
40 41
41
51 52
52
55
60 61
61 63
63 64
64
68
71 72 73
72 73 74
73 74
74
77 78 79
78 79
79
84 85 86
85 86
86 88
88 89
89
95 97
97
101
106 107
107
115 117
117 119
119 121
121 122 123
122 123 124
123 124 125
124 125 126
125 126
126
133 134
134
139
142 143 144
143 144
144 146
146
151
154 155
155 157
157 159
159 160
160 162
162 163 164
163 164 165
164 165 166
165 166 167
166 167 168
167 168 169
168 169
169
173 175
175
178 179
179 181
181 182
182 184
184 185
185
189 190 191
190 191
191 193
193
200 202
202 203
203
210 212
212
215
218
222
225
228
231
240 241 242
241 242
242
246 247
247 249
249 250 251
250 251 252
251 252
252 254
254 256
256
262
265 267
267 269
269 270 271
270 271 272
271 272
272
275 276
276
279 280
280 282
282 283 284
283 284
284
287
291
294 295 296
295 296 297
296 297
297 299
299 301
301
305 307
307 308
308 310
310 312
312 313
313
320
323 324 325
324 325
325 327
327 328
328
331
334 335 336
335 336 337
336 337
337 339
339 340 341
340 341
341 343
343 344 345
344 345 346
345 346
346 348
348
352
356 357
357 359
359
362 364
364 366
366
369 370 371
370 371 372
371 372
372 374
374
380 382
382 384
384 386
386 387 388
387 388
388 390
390 391
391 393
393 394 395
394 395 396
395 396
396
400 402
402
405 406
406
410 411
411 413
413 415
415 417
417 419
419
423 424 425
424 425
425 427
427 429
429 431
431 432 433
432 433 434
433 434 435
434 435
435
439
443 444 445
444 445
445 447
447 448
448 450
450 451 452
451 452 453
452 453
453
456 458
458 459
459 461
461 463
463 464
464 466
466 468
468 469 470
469 470 471
470 471 472
471 472
472 474
474
478 479
479 481
481
484 486
486 487 488
487 488
488 490
490
496 498
498 499
499 501
501 502 503
502 503
503 505
505 506 507
506 507 508
507 508 509
508 509
509
513
516 517
517 519
519 521
521 522 523
522 523 524
523 524
524 526
526 527
527 529
529 530
530
533 534 535
534 535 536
535 536 537
536 537
537 539
539 541
541
546 547
547
550 551 552
551 552 553
552 553 554
553 554 555
554 555 556
555 556
556 558
558
561 562 563
562 563 564
563 564
564
569 570
570
574
578
581
585 586 587
586 587 588
587 588
588
591 592
592 594
594 595 596
595 596 597
596 597
597
602 603 604
603 604 605
604 605 606
605 606 607
606 607 608
607 608
608 610
610 612
612 613
613
616 617
617
620 621
621 623
623
627
631 632 633
632 633 634
633 634
634 636
636 637
637 639
639 640 641
640 641 642
641 642
642
645
648 649
649 651
651
661 662 663
662 663 664
663 664 665
664 665
665 667
667 669
669
672 674
674
677
681 682 683
682 683
683
686 687
687 689
689 690
690 692
692
700 702
702
705 706
706 708
708 710
710
715
718 719 720
719 720 721
720 721 722
721 722 723
722 723 724
723 724 725
724 725
725
729 730 731
730 731
731 733
733 735
735 736 737
736 737 738
737 738
738 740
740 741
741
745
748 749 750
749 750
750 752
752
757 758 759
758 759 760
759 760 761
760 761
761
764 766
766
770 771 772
771 772
772
775
778
782 783
783
786 787
787 789
789
792 794
794 795
795 797
797
801 802
802 804
804 805
805
814 815 816
815 816 817
816 817
817 819
819
822 823 824
823 824
824
827
833 834 835
834 835
835 837
837 839
839 841
841
844 846
846
849 850 851
850 851
851
855 856
856
859 860 861
860 861
861
864 865
865
868 869 870
869 870 871
870 871 872
871 872 873
872 873
873
876 877
877
884 886
886 887
887
890 891
891
896 897 898
897 898
898
902
905
911 912 913
912 913 914
913 914 915
914 915 916
915 916
916
920 921
921
925 926
926
930 932
932 934
934 935
935 937
937 939
939 940
940
943 944
944
951 952 953
952 953 954
953 954
954
957
961
964 965
965 967
967 968
968
971
977 978
978 980
980 981
981
987 988 989
988 989
989
992 994
994 996
996 998
998
