#naive2.0.py
# GMT Fri Feb 14 13:34:01 2020
# 
4 5 6
5 6
6 8
8 9 10
9 10 11
10 11
11
14 15 16
15 16
16
20 22
22 23
23 25
25 27
27
32 33 34
33 34
34
38 40
40 41
41
45
48 49 50
49 50
50
57 59
59 61
61
64 65
65
68
71 72 73
72 73 74
73 74
74 76
76 78
78 79 80
79 80 81
80 81
81 83
83
86 87 88
87 88
88 90
90 92
92 93 94
93 94
94 96
96 98
98 100
100 102
102 103 104
103 104
104 106
106
109 111
111 112
112
122
125
128
132 133
133 135
135 137
137 138
138 140
140
145 146
146 148
148
152
158 159
159 161
161 163
163
167 168
168 170
170
173 175
175 177
177
180 182
182
185 186 187
186 187
187 189
189
194
198 200
200 202
202 204
204
207
210 211 212
211 212 213
212 213
213 215
215
218 220
220 222
222 224
224 226
226
233 234 235
234 235
235 237
237 238 239
238 239 240
239 240
240
243 244
244
247
250
253
256
259 261
261
267 269
269
272 273
273 275
275 276
276
280
283 284 285
284 285 286
285 286
286 288
288 290
290 292
292
297
300 301
301
306
309 311
311
316 317
317
320
326 327
327 329
329 330
330 332
332
336 337
337
340
345 346
346
353
356 358
358 360
360
364
367 369
369 370
370
373
376 378
378 380
380 382
382 383 384
383 384 385
384 385 386
385 386 387
386 387
387
390
396 397
397
400 401
401
404
407 408 409
408 409 410
409 410 411
410 411 412
411 412
412
415
418 420
420 421 422
421 422
422 424
424 425 426
425 426 427
426 427 428
427 428
428
432 434
434 435
435
440
444 445 446
445 446
446
450 452
452
459 461
461 462
462
465
469
473 474
474 476
476 478
478 479 480
479 480
480 482
482
486
491 493
493 495
495 496
496
500
503 504 505
504 505
505 507
507
510 511
511
515 517
517
524 525 526
525 526
526
530
534 536
536
540
543 544
544
548
557 558
558 560
560 562
562 563
563 565
565
568
574 576
576
584
591
598
602 603 604
603 604 605
604 605 606
605 606
606 608
608 609
609 611
611 612 613
612 613
613
616
619 620
620
625 626
626
629 631
631 633
633
640 641
641 643
643 644
644
652 653
653
657 659
659 660 661
660 661
661 663
663 664 665
664 665 666
665 666
666
672 674
674 675 676
675 676 677
676 677 678
677 678
678
682 684
684
689 690
690
693 694
694
698 699
699 701
701 702
702 704
704 705
705
710 711
711
720 721
721
726 728
728 729 730
729 730 731
730 731 732
731 732
732 734
734 736
736
739 740 741
740 741 742
741 742 743
742 743 744
743 744
744 746
746
749 751
751 753
753 754
754 756
756 757
757
762 763
763 765
765
769
776 777 778
777 778 779
778 779
779 781
781 782 783
782 783 784
783 784
784 786
786
790 792
792 793
793 795
795 796
796
799
802 803
803
806 807 808
807 808
808
814
817
821
826 828
828 830
830 831 832
831 832 833
832 833
833
838 839 840
839 840
840
846 848
848 850
850 852
852 854
854
857
865 867
867 868
868 870
870 871
871
876 878
878 880
880 881 882
881 882 883
882 883 884
883 884
884 886
886
889
892
896
900 901 902
901 902
902 904
904 906
906 908
908 909 910
909 910
910
913 914 915
914 915
915 917
917 918 919
918 919 920
919 920
920 922
922 923
923 925
925 926 927
926 927
927 929
929
933
938 939
939 941
941 943
943
949 950
950 952
952 953
953 955
955
963 964 965
964 965 966
965 966
966 968
968 970
970 972
972
976 978
978
983 984
984
989 990
990 992
992 993
993
996 997 998
997 998 999
998 999
999
