#naive2.0.py
# GMT Fri Feb 14 13:34:04 2020
# 
6 8
8 10
10 11
11
17 18 19
18 19
19 21
21 23
23
27
32 33
33
36 37
37 39
39 40 41
40 41
41
46
50 52
52 53 54
53 54 55
54 55 56
55 56 57
56 57
57
61 63
63 65
65
68 69
69
72 74
74 76
76 78
78 79 80
79 80
80
83 84
84 86
86 88
88 89
89
93 94
94 96
96
99 101
101
106 107 108
107 108
108
114 116
116
119
124 126
126
130 131
131 133
133 134
134 136
136
139 141
141 142 143
142 143
143
146 147
147 149
149 151
151 153
153 155
155 156
156 158
158 159 160
159 160
160
163 164 165
164 165 166
165 166 167
166 167 168
167 168
168 170
170 171
171
175 177
177 179
179
184 185
185 187
187 188
188 190
190 191
191
194 195
195
200
204 205 206
205 206
206 208
208 209
209 211
211 213
213
216 218
218 219 220
219 220
220
223
226 227 228
227 228 229
228 229 230
229 230
230 232
232 234
234 235 236
235 236
236 238
238 239 240
239 240
240 242
242 243
243 245
245
248
251 252
252 254
254
257
260 261
261 263
263 265
265 266 267
266 267 268
267 268 269
268 269 270
269 270 271
270 271
271
274 275 276
275 276 277
276 277
277 279
279 280
280
285
288
291 293
293
297 298 299
298 299
299 301
301 303
303
312 313
313 315
315 316 317
316 317
317 319
319 321
321 322
322 324
324 325
325 327
327
331
340 341 342
341 342 343
342 343
343
346
352 353
353
356 357 358
357 358 359
358 359 360
359 360 361
360 361
361
365 367
367 368 369
368 369
369 371
371 372
372 374
374
377 378
378
381 383
383 384 385
384 385
385 387
387 388 389
388 389
389 391
391 393
393 394 395
394 395
395 397
397 399
399 401
401 402
402
405 406 407
406 407 408
407 408 409
408 409
409 411
411 413
413 415
415 416 417
416 417 418
417 418
418
425 426 427
426 427
427 429
429
432 433
433
436 437
437 439
439
442
445 447
447
453 454
454 456
456 457
457 459
459 461
461
467
470 472
472 474
474
477
480 481 482
481 482 483
482 483 484
483 484
484 486
486 488
488
491 492
492
502 503 504
503 504 505
504 505
505 507
507 509
509 511
511
514 515
515
518 519 520
519 520 521
520 521
521 523
523 524
524 526
526
530 532
532
535 536
536 538
538
541 542 543
542 543
543 545
545 547
547
551 552 553
552 553 554
553 554
554 556
556 558
558
561 562 563
562 563 564
563 564
564 566
566 568
568 569
569 571
571 572
572 574
574 575 576
575 576
576
579 581
581 583
583
589 590
590
594 596
596 598
598
601 602
602
605 606
606 608
608 610
610 611
611 613
613
619 620
620
624
627
630
635 637
637 639
639 640
640 642
642 644
644 645 646
645 646
646 648
648 649
649
652
656 657 658
657 658
658 660
660 661
661
674 676
676
680 682
682 684
684 685 686
685 686
686 688
688
692 693 694
693 694
694 696
696 698
698 699 700
699 700
700 702
702 703
703
708 710
710 711
711 713
713 715
715
719 720 721
720 721
721
724
728 730
730 732
732 734
734 735
735 737
737
743 745
745 746 747
746 747 748
747 748
748
753
756 758
758
762 763
763 765
765 766 767
766 767 768
767 768
768 770
770
775
778 779 780
779 780 781
780 781
781
784 785 786
785 786 787
786 787 788
787 788
788 790
790
796 797 798
797 798 799
798 799 800
799 800 801
800 801 802
801 802 803
802 803
803 805
805
812 814
814 816
816
820 821
821 823
823 825
825
831 833
833 834
834
844 845 846
845 846
846
849
852
855 856
856 858
858
861
864 865
865
870 872
872 873
873 875
875
878
881 882 883
882 883 884
883 884 885
884 885
885
891 893
893 895
895
898
901 902
902
913 914 915
914 915
915 917
917 918 919
918 919 920
919 920
920
923
926
932 933 934
933 934
934
937 938
938
942
948 950
950 952
952 953
953 955
955 956 957
956 957 958
957 958
958
964
970 971
971 973
973 974
974
981 982
982 984
984 985
985 987
987 988 989
988 989 990
989 990 991
990 991 992
991 992 993
992 993
993
996 997 998
997 998 999
998 999
999
