#naive2.0.py
# GMT Fri Feb 14 13:33:57 2020
# 
0
3 4 5
4 5 6
5 6 7
6 7 8
7 8
8
11 13
13 14 15
14 15 16
15 16
16 18
18
22 23
23 25
25 26
26
31 32 33
32 33 34
33 34
34
37 38
38 40
40 42
42 43
43 45
45 46
46
49 50
50
53 54
54
57 58 59
58 59
59
63 64
64 66
66
69
81 82
82
85 86
86 88
88 89 90
89 90 91
90 91 92
91 92 93
92 93
93 95
95 96
96 98
98 100
100 101
101
106 107
107 109
109 111
111 112 113
112 113 114
113 114
114
117 118
118 120
120 122
122
125
128 129 130
129 130
130 132
132
137
140 141 142
141 142
142
145 146 147
146 147 148
147 148 149
148 149
149
152 154
154 155 156
155 156
156
159 160
160
164 165 166
165 166
166
171
176
180
184 186
186
189 190
190
194 195 196
195 196
196
199
206 208
208
211 212
212
216
221
225 226 227
226 227 228
227 228 229
228 229
229 231
231
234 235 236
235 236 237
236 237
237
240 242
242
245
248 249
249 251
251
257
262 264
264 265
265
268
271
274 276
276
279 280
280 282
282 284
284 286
286
290
293 295
295 296
296
300 301
301 303
303 304
304 306
306
310
317
321 323
323 324
324 326
326 327
327
331
334 335
335 337
337 338 339
338 339
339
342 343
343
351 353
353 354
354 356
356
359
364 366
366
370
376
379 381
381 382
382 384
384 386
386
389 390
390 392
392
396 397
397 399
399 400 401
400 401
401
406 407 408
407 408
408
414
418
424 425 426
425 426
426 428
428 429 430
429 430
430 432
432 433
433 435
435 436
436
441 442 443
442 443 444
443 444
444
449 450 451
450 451 452
451 452
452 454
454
457
461 462 463
462 463 464
463 464
464 466
466 467 468
467 468 469
468 469 470
469 470 471
470 471 472
471 472
472
476 477 478
477 478
478
484
488 490
490
499 500 501
500 501
501 503
503
507 509
509 510
510
516
519 520
520
525
528 530
530 532
532 533 534
533 534 535
534 535 536
535 536
536
542 543
543
547 549
549 550 551
550 551 552
551 552
552
556 557 558
557 558
558 560
560 561
561
566 567
567 569
569
573 575
575 577
577 578 579
578 579 580
579 580
580
584 585
585
588 590
590
593 594
594
597
603 604
604 606
606
611 612
612 614
614 615 616
615 616 617
616 617 618
617 618 619
618 619
619 621
621 622 623
622 623
623
627 628 629
628 629
629
632 634
634
638 640
640 641
641
648 650
650 651
651
654
657 658 659
658 659 660
659 660
660 662
662 663 664
663 664 665
664 665 666
665 666
666
670 671
671
675 676
676
680
685 686 687
686 687
687
692 694
694
700 702
702 703
703
706 708
708 710
710 711
711 713
713 714 715
714 715
715
722 723
723
727 728 729
728 729 730
729 730
730
736 737 738
737 738 739
738 739
739 741
741 742
742
746 748
748
754 755
755 757
757 759
759 760
760
763 764
764 766
766
769 771
771
775
781 783
783
788 789 790
789 790
790 792
792
795 797
797
800
803
807
810 811 812
811 812 813
812 813 814
813 814 815
814 815
815
819 820 821
820 821 822
821 822 823
822 823
823
826 827 828
827 828 829
828 829
829 831
831
834 836
836
839 840 841
840 841 842
841 842
842 844
844 845 846
845 846 847
846 847
847 849
849 850
850
854 855
855 857
857 858 859
858 859
859
864 865 866
865 866
866 868
868 870
870
874
877
881 883
883 884
884
888
891
894
901 902
902
906 907 908
907 908 909
908 909 910
909 910
910
913 915
915
918 919 920
919 920 921
920 921 922
921 922
922
929 931
931 932 933
932 933
933
937 939
939 941
941 942 943
942 943 944
943 944
944
952
955
958 960
960 961
961 963
963 964
964 966
966
973 975
975
979
982 983
983
990 992
992 994
994 995 996
995 996
996
