#naive2.0.py
# GMT Fri Feb 14 13:34:04 2020
# 
0 2
2
7
10
13 15
15 17
17
20
24 25
25
29
34 35 36
35 36
36
39 40 41
40 41
41 43
43 44
44 46
46
49 51
51 53
53 54 55
54 55 56
55 56
56
60
63 64 65
64 65 66
65 66
66 68
68
72 74
74 76
76
80
85 86
86
89 91
91 92 93
92 93 94
93 94 95
94 95
95
98
101 102 103
102 103 104
103 104 105
104 105
105
108 109 110
109 110
110
113 114
114 116
116 117 118
117 118
118
121 122
122
125 126
126 128
128
131 133
133 135
135
139 141
141
144 145
145
149
153 154 155
154 155 156
155 156 157
156 157 158
157 158
158
161 162
162 164
164
167 168 169
168 169 170
169 170
170
173 174
174 176
176 177 178
177 178
178
182 183
183 185
185 186
186 188
188 189 190
189 190
190
194 195
195
199 200 201
200 201 202
201 202
202 204
204 206
206
209
212 214
214 216
216 218
218 219
219
222
225 227
227 229
229
234 235
235
240 242
242
245
249 250
250
253 254
254
258 259
259 261
261 262 263
262 263
263
267 269
269
272 274
274 275
275
280 281
281
284
287 288
288
294
300
307 308 309
308 309
309
314
318
321
328
331 332 333
332 333
333 335
335 336
336
340 341 342
341 342
342
349 351
351 352
352 354
354
358
364 365
365 367
367
370 372
372
377 378 379
378 379
379
389 391
391 393
393
398 399 400
399 400
400 402
402 404
404 405 406
405 406
406 408
408 409
409 411
411 413
413
418
421
424
434 435
435 437
437 439
439 440
440 442
442 444
444
447
451
455 456
456 458
458 459
459
463 465
465 466
466 468
468
471
477
481 482
482 484
484 485
485
488 489 490
489 490
490 492
492
495 496
496
499 500
500
503 504
504 506
506
512 514
514 515 516
515 516 517
516 517
517
521
525 526 527
526 527
527
530 532
532 533 534
533 534
534
539 541
541 542
542 544
544 546
546 547 548
547 548 549
548 549 550
549 550 551
550 551
551
555
558 560
560 562
562 563
563
566
569
573
576 577 578
577 578
578 580
580
584 586
586 587
587 589
589 591
591
594 596
596
599 600
600
604 605
605
610 612
612 613 614
613 614
614
617
620 621
621
624 625
625
629
632 633
633
639 640 641
640 641
641
644
648 649
649
652
656
659 660 661
660 661
661
665 666
666 668
668 669
669
679
684
687 689
689
694
697
703 704 705
704 705
705
708
711 712 713
712 713 714
713 714
714
717
723
727 728 729
728 729 730
729 730
730
733 734 735
734 735 736
735 736
736
740 742
742 743
743
746 748
748
751
754
757 758
758
761 762
762
765 766
766
772 773 774
773 774 775
774 775 776
775 776
776
780 781 782
781 782
782 784
784
788 790
790 792
792 794
794
798
801 802 803
802 803 804
803 804
804
810
815 816 817
816 817 818
817 818 819
818 819
819 821
821 822
822 824
824 825
825 827
827 828
828
831 832
832 834
834 835 836
835 836 837
836 837
837 839
839 840 841
840 841 842
841 842
842
845 846
846 848
848
851 852 853
852 853 854
853 854 855
854 855
855 857
857 858
858 860
860 862
862 863 864
863 864
864 866
866 867 868
867 868 869
868 869
869 871
871 873
873 875
875
879
882 883
883 885
885 886 887
886 887 888
887 888
888 890
890 892
892 894
894
899 900 901
900 901
901 903
903 904
904
907 908 909
908 909
909
912 913 914
913 914
914
917 918 919
918 919
919
923 925
925 926 927
926 927
927
930 932
932 933 934
933 934
934
943
948
951 952 953
952 953 954
953 954
954 956
956
959 961
961 962 963
962 963
963 965
965 966 967
966 967 968
967 968 969
968 969 970
969 970
970
973 974
974
977 979
979
982
987 989
989 990
990
994
997
