#naive2.0.py
# GMT Fri Feb 14 13:33:56 2020
# 
0 1 999 998
1 999
4
7 9
9 11
11
15
19 21
21 22 23
22 23
23
27 28
28 30
30 31
31 33
33
37 39
39
42 43 44
43 44 45
44 45
45 47
47 49
49
55 56 57
56 57 58
57 58
58 60
60 61 62
61 62 63
62 63 64
63 64
64 66
66 67 68
67 68
68 70
70 72
72
77 79
79 80
80 82
82 83 84
83 84 85
84 85 86
85 86 87
86 87
87 89
89 91
91 92 93
92 93
93 95
95
98 100
100 101
101
109
112 113 114
113 114 115
114 115 116
115 116 117
116 117 118
117 118 119
118 119 120
119 120 121
120 121 122
121 122
122
126 128
128
133 134 135
134 135
135
139 141
141 142
142 144
144
149 151
151 153
153 154
154 156
156
163
166
170 171
171 173
173
176 177 178
177 178 179
178 179
179
185 186
186
194 196
196 198
198
201 202 203
202 203 204
203 204
204 206
206
209 210 211
210 211 212
211 212 213
212 213
213
216
220 221 222
221 222 223
222 223 224
223 224
224 226
226
230 232
232
237 239
239 240 241
240 241 242
241 242 243
242 243
243
251 252 253
252 253 254
253 254 255
254 255
255
258 259
259 261
261
264 265 266
265 266 267
266 267 268
267 268
268 270
270 272
272 274
274 276
276 277 278
277 278 279
278 279 280
279 280 281
280 281
281 283
283
286 287
287 289
289 290 291
290 291
291 293
293 294
294
297
303
306 307 308
307 308 309
308 309 310
309 310
310 312
312 314
314 316
316 318
318 319
319
323 324 325
324 325 326
325 326 327
326 327 328
327 328 329
328 329 330
329 330 331
330 331 332
331 332
332
343
348 350
350 351 352
351 352
352
356 357 358
357 358 359
358 359 360
359 360
360
364
367 369
369 370
370
380
383 385
385
388 389
389 391
391
395 396 397
396 397 398
397 398 399
398 399 400
399 400
400 402
402 403 404
403 404 405
404 405 406
405 406 407
406 407 408
407 408
408
412 413 414
413 414
414 416
416 418
418
423
426
429 431
431 432
432 434
434
438 439
439
444 445 446
445 446 447
446 447 448
447 448
448 450
450 451 452
451 452
452
455 456
456
459 460 461
460 461
461 463
463 464 465
464 465
465
468 469
469
474 476
476 477
477
481
484 486
486 488
488 489 490
489 490
490
493
498 500
500 502
502 503 504
503 504 505
504 505
505 507
507 508
508 510
510 511 512
511 512
512 514
514 515
515
518 520
520
523 525
525 526 527
526 527 528
527 528 529
528 529 530
529 530 531
530 531
531
535 536
536
540 541
541
544 545
545 547
547
553
560
566 567 568
567 568 569
568 569
569
573 574 575
574 575 576
575 576 577
576 577 578
577 578
578 580
580 581
581
587 588 589
588 589
589
593 595
595 597
597 599
599 600
600
606 608
608 609 610
609 610
610
613 614
614 616
616
621 622
622 624
624
627 628 629
628 629
629 631
631 633
633 634 635
634 635
635
640
643 644
644
647 648 649
648 649
649
652 653 654
653 654 655
654 655
655 657
657 659
659 660
660
666
669 670
670 672
672 673
673 675
675 676
676 678
678 680
680
683 684
684 686
686
689 690 691
690 691 692
691 692
692 694
694 695 696
695 696
696 698
698 699
699
705 706
706 708
708 709 710
709 710 711
710 711
711 713
713 714
714 716
716 718
718 720
720 721 722
721 722
722
726 727
727
730 731
731 733
733 735
735 736 737
736 737
737 739
739 741
741 742 743
742 743 744
743 744 745
744 745 746
745 746 747
746 747 748
747 748
748
751 752
752 754
754
761 763
763 764
764 766
766 767
767
771 772 773
772 773 774
773 774
774 776
776
779 780 781
780 781
781
785 786 787
786 787 788
787 788 789
788 789 790
789 790 791
790 791 792
791 792
792
795 796
796
799 801
801 802
802
805 807
807
811
814
817 818 819
818 819
819 821
821 822
822
827 828 829
828 829
829
832
836 837 838
837 838 839
838 839 840
839 840
840 842
842 844
844 845 846
845 846
846
850 852
852 853 854
853 854
854 856
856 858
858 859
859
862
865 867
867 868 869
868 869 870
869 870
870
873 874
874
884 886
886 887
887
891 893
893 894 895
894 895
895
898 899 900
899 900
900 902
902 903
903
906 908
908
912
915 916 917
916 917
917
923 924 925
924 925
925
928
931 932
932 934
934 935
935
939 940 941
940 941 942
941 942
942
947 949
949 950
950
957
960 961 962
961 962 963
962 963
963
968 969 970
969 970
970 972
972
976 977
977 979
979 981
981 982
982
985 986
986
991 992 993
992 993 994
993 994
994
997 998 999
998 999
999
