#naive2.0.py
# GMT Fri Feb 14 13:33:59 2020
# 
0 1 998
1 3
3
15 17
17 18
18 20
20 21 22
21 22
22
25 26
26 28
28 29
29
33
40 42
42
45
48 49 50
49 50 51
50 51 52
51 52
52
55 56 57
56 57
57 59
59 60
60
65
73 74
74
78 79
79
84
89 90 91
90 91
91
94
101 102
102
105
112 113 114
113 114
114
117
120 121 122
121 122
122
125
128
132
135 136
136
145 147
147 149
149
152 153
153
156
159
165 167
167 168
168
171 173
173 174
174 176
176 178
178
181
184 185 186
185 186 187
186 187 188
187 188 189
188 189
189
194 195
195 197
197 198
198 200
200 201
201
204
207
210 212
212 214
214 215
215 217
217
220 222
222 223
223
226 227
227 229
229 230 231
230 231
231 233
233 235
235 236
236 238
238 239 240
239 240
240 242
242 244
244 245
245
251 253
253 254 255
254 255 256
255 256
256
260 262
262 263
263
267 268
268 270
270 271
271
274 276
276 277
277
282
285 287
287 289
289
292 294
294 295
295
300
303
308
311 312
312 314
314 316
316 317 318
317 318
318
324
328
337
340
343 345
345 346
346
349 350 351
350 351
351
355 357
357 359
359
363 364 365
364 365
365
370 371
371
376 378
378 379
379
384 385
385
390
393 395
395 396
396
401
407 408 409
408 409 410
409 410 411
410 411 412
411 412
412
418 419 420
419 420
420 422
422 423
423 425
425 426 427
426 427
427 429
429 430 431
430 431
431 433
433 434
434 436
436
441 442
442 444
444 445
445
449
460
468 470
470 472
472
475 477
477 479
479 481
481 482 483
482 483
483 485
485 486 487
486 487 488
487 488 489
488 489 490
489 490
490
493 495
495
499 500
500
504 505
505
510 511 512
511 512
512 514
514 516
516
522
525 526
526
533
536 538
538
553 555
555 556 557
556 557
557
561 562
562 564
564 566
566 568
568 569
569 571
571 573
573 574
574 576
576 577
577
583 584
584 586
586 587
587
591
596
603 604
604
607
615 616
616 618
618 620
620 622
622
625 626
626 628
628
640
645 646
646
649
652
655
660 661
661
664
668 670
670 671 672
671 672
672
682 683 684
683 684
684
689
692 694
694 695 696
695 696 697
696 697
697 699
699 701
701
704
709
714 715 716
715 716
716 718
718 719 720
719 720
720
723
727 728 729
728 729
729
733 735
735
742 743
743
746 748
748 750
750 751
751 753
753
757 759
759
764 765
765
768 770
770
775 776 777
776 777 778
777 778
778
783 784 785
784 785 786
785 786 787
786 787
787
792 794
794 795
795 797
797 798
798
803 805
805
809 811
811
814 815
815 817
817
820 821
821
824 826
826
829 831
831 832 833
832 833
833 835
835 836 837
836 837 838
837 838
838
842
848
851 852
852
858 859 860
859 860 861
860 861
861
864 865
865
872
877
882 883
883
888 889
889
892 893
893
898 899
899
902
906 907 908
907 908 909
908 909 910
909 910 911
910 911 912
911 912 913
912 913 914
913 914
914
917
923
929 931
931 932 933
932 933
933
941 942
942
945 946 947
946 947
947
951 952 953
952 953
953
957 958
958 960
960 961
961
968 970
970 971
971
977
983 985
985 986
986 988
988 989
989 991
991
998
