#naive2.0.py
# GMT Fri Feb 14 13:34:02 2020
# 
0 1
1 3
3 4 5
4 5
5
9 10 11
10 11
11 13
13 15
15 17
17 18
18
22 24
24 25 26
25 26
26
34 36
36 37 38
37 38 39
38 39 40
39 40
40 42
42 43
43
47
50 52
52 53
53 55
55
59 61
61
67
71 73
73 75
75 76
76 78
78 80
80
83 84 85
84 85 86
85 86 87
86 87
87 89
89
92 93
93
96
99
103 104
104 106
106 107
107 109
109 110 111
110 111
111 113
113 114
114 116
116 118
118 119
119 121
121
125 127
127
131
135 136 137
136 137 138
137 138 139
138 139 140
139 140 141
140 141
141
144 145 146
145 146
146
150 151 152
151 152
152
157 158 159
158 159
159 161
161
164 166
166 168
168
172 173
173
176 177
177 179
179 180 181
180 181 182
181 182
182 184
184 185
185
189 190
190
194 195 196
195 196
196
199 200 201
200 201 202
201 202
202 204
204 205
205 207
207 209
209
212
220 221
221
225 227
227 229
229 230
230 232
232 233
233
236 237
237 239
239 240
240
246
250
253
256 257 258
257 258
258 260
260 262
262 263 264
263 264 265
264 265 266
265 266
266 268
268
271 272 273
272 273
273
276 278
278 280
280 281 282
281 282 283
282 283
283 285
285
288
293
296 298
298
303 305
305
308
311 312
312 314
314 315
315 317
317
320 321
321
324 325
325
329
332 334
334 335
335
340 342
342
345
349 350
350
359
363
367
370
374 375
375
378 379 380
379 380 381
380 381
381
385 387
387 388
388 390
390
394 395 396
395 396
396 398
398 399 400
399 400
400 402
402 403 404
403 404
404 406
406 407
407
410 412
412 413
413
419
425
428 430
430 431
431
435 437
437
440 442
442 444
444 446
446 447
447 449
449
452 453 454
453 454 455
454 455 456
455 456 457
456 457 458
457 458 459
458 459
459 461
461 462 463
462 463
463
467
471 473
473 475
475 477
477
481 482
482
487 488
488
491 492 493
492 493 494
493 494
494
498 499 500
499 500
500
504 506
506 507 508
507 508
508
513
517 518 519
518 519 520
519 520
520 522
522
526 528
528 529 530
529 530
530
533 534
534
537
540
543 545
545
549 550
550 552
552 553
553
558
562 563 564
563 564 565
564 565 566
565 566
566 568
568 569
569
572
576
584 585
585 587
587 589
589
595 596
596 598
598 600
600 602
602
606 607
607 609
609
615
618 619
619 621
621
624
628 630
630 631 632
631 632 633
632 633 634
633 634
634 636
636 637
637
640 641
641
645 646 647
646 647
647 649
649
654 655
655 657
657
660 661
661 663
663 664 665
664 665
665
671 672
672
675
679 680 681
680 681
681 683
683 684
684
687 689
689 690 691
690 691 692
691 692
692 694
694 695
695 697
697
700 701
701
704 705 706
705 706
706 708
708 709 710
709 710
710
713
718 719
719 721
721 722
722 724
724 725
725
731 732 733
732 733
733
736 737
737
740
744 745 746
745 746
746 748
748
751 752 753
752 753 754
753 754
754 756
756 758
758 759 760
759 760 761
760 761
761
764 765
765
768 770
770 772
772
775 776
776
780 782
782 783 784
783 784 785
784 785
785
789 791
791 793
793 794 795
794 795
795 797
797 798
798 800
800
803
806 807
807 809
809 810
810
814 815 816
815 816
816
821 822
822 824
824
828
832 833
833
837 839
839 840 841
840 841
841
848
851 852
852
855 856
856
859 860 861
860 861 862
861 862
862
865 867
867 869
869
872 873
873 875
875 877
877 879
879 880
880
883 884 885
884 885
885 887
887 888
888
892 893
893
896
900 901 902
901 902
902
905
908 909 910
909 910
910 912
912
917 918
918
921 922 923
922 923
923 925
925 926 927
926 927
927 929
929 931
931
938 940
940 941
941 943
943 945
945 947
947 948 949
948 949
949 951
951 952
952 954
954
957 958 959
958 959
959
964 966
966 967
967 969
969
972 973
973 975
975 976 977
976 977 978
977 978 979
978 979 980
979 980
980 982
982 983
983 985
985
990 991
991 993
993 994 995
994 995
995 997
997
