#naive2.0.py
# GMT Fri Feb 14 13:34:03 2020
# 
0 1 999 2
1 2 3 999
2 3 4
3 4
4
7 9
9
12 13 14
13 14
14
18 19 20
19 20 21
20 21 22
21 22 23
22 23 24
23 24
24
32
35 36
36
39 41
41 43
43 44
44
47
50 51
51 53
53 54 55
54 55 56
55 56
56 58
58 60
60 62
62
65
68 69
69
72 73
73
76
79 81
81 82
82 84
84 86
86 87 88
87 88 89
88 89 90
89 90
90 92
92 93
93
97
106 108
108 110
110
113
117
120 122
122 123
123 125
125 126 127
126 127
127 129
129
136 137
137
143 144 145
144 145
145
148 149 150
149 150
150
154 156
156 157
157
160
164 165 166
165 166 167
166 167
167 169
169 171
171 173
173 175
175 177
177
180 181
181 183
183 185
185 187
187 188
188 190
190 191
191
195 197
197 198
198 200
200 202
202 204
204 205 206
205 206
206
213 215
215
218 219
219 221
221 223
223 224
224 226
226 228
228 229
229 231
231
234 235 236
235 236
236
239 240
240
244 245 246
245 246 247
246 247 248
247 248
248 250
250 251 252
251 252 253
252 253
253 255
255 256 257
256 257
257 259
259 260 261
260 261
261
265 267
267 269
269
272 273
273 275
275 276
276
280 281
281
284 285 286
285 286
286 288
288 289
289
292 293 294
293 294
294 296
296 298
298 299
299 301
301 302
302 304
304 305 306
305 306 307
306 307
307
314
319 320 321
320 321
321 323
323 324 325
324 325
325
328 330
330
333
336 337 338
337 338
338 340
340 342
342 343
343
346 347 348
347 348 349
348 349 350
349 350
350 352
352
356 358
358 359
359 361
361
364 365
365 367
367 368
368 370
370
373
376 377
377 379
379 381
381 383
383
390
394 395 396
395 396 397
396 397
397 399
399 401
401 403
403
406 407
407
411 413
413 414
414 416
416
420 421
421
428 429
429 431
431 432 433
432 433 434
433 434 435
434 435 436
435 436 437
436 437
437
440 442
442
445 447
447 448 449
448 449 450
449 450
450
456
459 460
460
463 464
464
467
470 471
471 473
473 475
475 476 477
476 477
477 479
479 480
480 482
482 483 484
483 484 485
484 485 486
485 486 487
486 487
487
491
496
499 500
500
503 505
505
508
513
516 517
517 519
519 521
521 522
522 524
524 525 526
525 526 527
526 527
527
530 532
532
535 536 537
536 537 538
537 538
538 540
540 541 542
541 542 543
542 543
543 545
545 546 547
546 547
547
551 552
552
555 556
556
561 563
563
566 568
568 569 570
569 570 571
570 571 572
571 572 573
572 573 574
573 574
574 576
576 578
578
581 583
583 584 585
584 585 586
585 586
586 588
588
593 595
595 597
597 598 599
598 599
599
604 605
605 607
607
611
615 616
616
619
624 625 626
625 626 627
626 627 628
627 628 629
628 629
629 631
631 632 633
632 633 634
633 634 635
634 635
635 637
637
640
644 645
645
649
652
656
660 661
661
664 665 666
665 666 667
666 667
667
670
673
676 677
677
680 681 682
681 682 683
682 683 684
683 684 685
684 685
685
688 689 690
689 690 691
690 691 692
691 692
692 694
694 695
695
699 700 701
700 701
701
704 706
706 707 708
707 708 709
708 709
709
716 718
718
721 722 723
722 723
723 725
725 726
726 728
728 730
730 732
732
736
739
744 745
745
749
752 753
753 755
755 757
757 758
758
761 763
763
768 769 770
769 770
770
773 774
774
778 780
780 781
781 783
783 784
784 786
786
795 796
796 798
798
801 803
803 805
805
808 809
809 811
811 812
812 814
814 816
816 818
818 819
819 821
821
834 835
835 837
837 839
839 840
840 842
842 843
843
846 848
848 850
850 851
851 853
853 855
855 857
857 859
859
862 864
864
867 868
868
871
880
883 885
885 886 887
886 887 888
887 888
888
892 894
894
897 898 899
898 899 900
899 900
900 902
902 903
903
906 907 908
907 908 909
908 909
909
912
918
921
925
933 934 935
934 935
935
939
943 944 945
944 945
945
951 952 953
952 953 954
953 954
954
957 959
959 960
960
963
967 968
968 970
970 971
971 973
973
976 977 978
977 978
978 980
980
983
986 988
988 989
989 991
991 992 993
992 993
993 995
995 996 997
996 997
997 999
999
