#naive2.0.py
# GMT Fri Feb 14 13:33:57 2020
# 
3 4 5
4 5
5
8 10
10 11
11 13
13 14
14
17 18 19
18 19 20
19 20
20
29 31
31 33
33 35
35
40
48 49 50
49 50 51
50 51
51 53
53
56 58
58
63 65
65 66 67
66 67 68
67 68
68
72 74
74 76
76
79 80 81
80 81
81 83
83
86 87
87
90 91
91 93
93 95
95 96
96 98
98
102 104
104 105 106
105 106 107
106 107
107
110 111
111
115 116 117
116 117 118
117 118
118
126
129
132 133 134
133 134 135
134 135
135
140 142
142
147 149
149 151
151 152 153
152 153
153
156
162
166
170 171 172
171 172
172
175 177
177 178 179
178 179
179
182 184
184 186
186 187
187 189
189 190 191
190 191 192
191 192 193
192 193
193
196 197
197 199
199
203 204
204 206
206 208
208 210
210 211
211
214 215
215
218 219
219
224 225 226
225 226
226
231 232 233
232 233
233
240 241
241
244
247
250
256
260 262
262 263
263
266 267
267
270
273 274
274
277 278
278
281
284 285 286
285 286
286 288
288
292
297
300 301 302
301 302
302 304
304
308
311 313
313
318 319
319
325 327
327 329
329
332
335 337
337 339
339 340
340
343 344 345
344 345
345 347
347
354 355 356
355 356 357
356 357
357
360 362
362 363 364
363 364 365
364 365 366
365 366 367
366 367 368
367 368
368 370
370 371 372
371 372
372
375
380 382
382 384
384
389 391
391
394 395 396
395 396 397
396 397
397
402 404
404
407 409
409 411
411 412
412 414
414
417 418 419
418 419
419 421
421
426 427 428
427 428
428
432 433 434
433 434
434
437 438 439
438 439
439
442
449
452 453 454
453 454
454 456
456 458
458 459 460
459 460 461
460 461 462
461 462
462 464
464 465 466
465 466 467
466 467 468
467 468
468
473
476 477 478
477 478
478 480
480
486
491
494 495
495
498 500
500 502
502
506 507
507
510 512
512 513
513
516
519 521
521 522 523
522 523 524
523 524
524 526
526 527
527 529
529
538 539 540
539 540 541
540 541
541
544
547 548
548
554 556
556 557 558
557 558 559
558 559
559
563
567 568
568
571 573
573 574 575
574 575
575
581 582 583
582 583
583 585
585 587
587
591 592 593
592 593 594
593 594 595
594 595 596
595 596
596
599
602
606 607 608
607 608
608 610
610 611 612
611 612 613
612 613 614
613 614 615
614 615
615
619
623
627 628
628
632 634
634 635
635 637
637 639
639 640
640 642
642 643 644
643 644
644 646
646 648
648 650
650
654
658 659
659
663
666
669 671
671 672
672 674
674 676
676 678
678 679 680
679 680 681
680 681
681
685 687
687 688
688
696 697 698
697 698
698 700
700 701
701
707 708 709
708 709
709
712
716
720 721
721
725 726 727
726 727
727
732 734
734 736
736
739 740 741
740 741
741
744
748 749
749
753 755
755
758 759 760
759 760 761
760 761 762
761 762 763
762 763
763 765
765
770 772
772 773 774
773 774
774 776
776
779
782 783 784
783 784
784 786
786 788
788 789
789
792 793 794
793 794
794
799 800
800 802
802 804
804 805 806
805 806
806
809
812 813 814
813 814
814 816
816
819 821
821 822 823
822 823 824
823 824
824 826
826 827
827 829
829 830
830
833 834 835
834 835 836
835 836 837
836 837
837 839
839
843 844 845
844 845
845
851 852 853
852 853 854
853 854 855
854 855 856
855 856 857
856 857
857 859
859 861
861 863
863 864
864
867 869
869 870 871
870 871
871 873
873 875
875 876 877
876 877 878
877 878
878
881 882
882 884
884 885 886
885 886
886 888
888 890
890 892
892 894
894 895
895 897
897 899
899 901
901 902
902
906 908
908 910
910 911
911
915 916
916
920 921 922
921 922 923
922 923
923
926 927 928
927 928 929
928 929
929 931
931
934
937
942 943 944
943 944 945
944 945
945
948 949
949
953 954
954
958 959 960
959 960
960 962
962 963
963
967 969
969 970 971
970 971 972
971 972
972
978 979
979
983 984
984
988 989 990
989 990
990
993 994
994
998 999
999
