#naive2.0.py
# GMT Fri Feb 14 13:34:01 2020
# 
2
5 6
6
9
12
15
18 19
19
26
29 30
30
33
36 37
37 39
39 40
40
45 46
46
52 53 54
53 54
54
57
60 62
62
67 68
68 70
70 71
71 73
73
80 82
82 83
83 85
85 86 87
86 87 88
87 88 89
88 89 90
89 90
90
94 96
96 97 98
97 98 99
98 99
99
102 103 104
103 104 105
104 105 106
105 106
106 108
108 109 110
109 110 111
110 111 112
111 112
112 114
114 116
116
123
127
132 133
133
137 138
138
141
155 156
156
161 163
163 165
165 166
166
173 174 175
174 175 176
175 176 177
176 177 178
177 178 179
178 179
179 181
181 183
183 185
185 186
186
189 190 191
190 191 192
191 192
192
197 198 199
198 199
199 201
201
205 207
207 208 209
208 209
209
212 214
214 215
215 217
217 218
218
223 225
225 226
226 228
228 229
229 231
231 232 233
232 233
233
238
241 243
243 245
245 246
246
255 257
257
266 267 268
267 268 269
268 269
269 271
271
275 276 277
276 277
277
282 283 284
283 284
284
288 290
290 292
292 293
293
296 298
298 299
299 301
301 303
303
308 310
310 312
312
318 319 320
319 320
320
325 326
326 328
328 329
329 331
331 332
332 334
334 335
335 337
337 339
339 341
341 342 343
342 343
343 345
345 346
346
350
355 356 357
356 357 358
357 358 359
358 359 360
359 360
360 362
362 363
363
367
371
375
378 379 380
379 380
380 382
382 383 384
383 384 385
384 385 386
385 386 387
386 387
387
390 392
392 393
393
396 397
397 399
399 400
400 402
402 404
404
407
410 411 412
411 412 413
412 413 414
413 414
414
418 419 420
419 420
420 422
422 424
424 425
425
429 431
431 432
432
436
440 441 442
441 442
442
447 448
448
453 454 455
454 455 456
455 456 457
456 457
457 459
459 460
460
466 468
468
472 473 474
473 474 475
474 475
475 477
477
480
483 485
485
489 491
491 492
492
498 500
500 501
501
505
508 510
510 511 512
511 512
512 514
514 516
516
519 521
521 522
522 524
524 526
526 527
527 529
529 531
531 533
533 534 535
534 535
535
538 539 540
539 540 541
540 541 542
541 542 543
542 543 544
543 544 545
544 545
545 547
547 548 549
548 549
549
557
560 561
561 563
563 564
564 566
566
572 574
574 576
576 577
577
580 581
581
587 588 589
588 589
589
593 595
595 596
596 598
598
601
604 605 606
605 606 607
606 607
607 609
609 610
610 612
612 614
614
618
622 623 624
623 624 625
624 625 626
625 626 627
626 627
627
631 633
633 634
634 636
636 637 638
637 638 639
638 639 640
639 640
640 642
642
646 647
647 649
649 650 651
650 651
651 653
653
656
661 662 663
662 663
663
666 667
667 669
669
672 673
673
676 677
677 679
679 680 681
680 681 682
681 682 683
682 683 684
683 684
684
687
690 691 692
691 692 693
692 693
693
696
699 700
700
703 704 705
704 705
705
709
713 714 715
714 715 716
715 716
716
720
725 726 727
726 727 728
727 728 729
728 729 730
729 730 731
730 731
731 733
733 734
734
737
741 742
742
745 746 747
746 747 748
747 748
748 750
750 751
751 753
753 754
754 756
756 757 758
757 758 759
758 759 760
759 760 761
760 761
761 763
763
766
770 771
771 773
773
777
782
786 788
788 789 790
789 790
790
794 796
796
799 800 801
800 801
801 803
803 805
805
810 811 812
811 812
812 814
814 815
815 817
817
820 821
821
825
832
836 837 838
837 838
838 840
840
844
847 848 849
848 849
849 851
851 852 853
852 853
853
858 859
859
866 868
868
872 874
874 875 876
875 876 877
876 877
877
882 883
883
891 893
893
904 906
906 907
907
910 912
912
918
921 922 923
922 923 924
923 924 925
924 925 926
925 926 927
926 927
927
930 932
932
936 938
938 940
940 941 942
941 942
942
951 953
953
957
960 961
961
969
974
978
985 987
987 989
989 991
991 993
993 994 995
994 995
995
999
