#naive2.0.py
# GMT Fri Feb 14 13:34:02 2020
# 
1 999
7 8 9
8 9 10
9 10 11
10 11
11
15 17
17 19
19
22 24
24
30 31
31
35 36 37
36 37
37
44 45
45 47
47 49
49 50 51
50 51 52
51 52
52
59 60 61
60 61
61
66 67
67 69
69 70 71
70 71 72
71 72
72
75 76
76 78
78
84 86
86 87
87
92 94
94
99 101
101 102
102
107 108 109
108 109 110
109 110
110
113
117
120
125 126 127
126 127
127
131
135
141
144
148
153
156 157
157 159
159 160
160
163 165
165
174 175
175
179 180
180
183
188 189
189 191
191
196 198
198 199 200
199 200 201
200 201
201 203
203 205
205
210
214 215 216
215 216 217
216 217
217 219
219
223 224
224 226
226
232
235
238
241 243
243 245
245 247
247 248 249
248 249 250
249 250 251
250 251
251
254 255
255 257
257
260
263
267 268 269
268 269 270
269 270 271
270 271
271 273
273 275
275 277
277 279
279 280
280
283
286
293
296 297
297
301 302
302
307 309
309 311
311 313
313
316
319 321
321 322
322 324
324 325 326
325 326
326 328
328 329
329
332
335 337
337 338 339
338 339
339
343 345
345 346
346
351 352 353
352 353
353
356
360 362
362 363 364
363 364 365
364 365 366
365 366
366 368
368 369
369
372
378 379
379
382 383
383
387
391 393
393 394 395
394 395 396
395 396 397
396 397 398
397 398 399
398 399 400
399 400 401
400 401
401
407 408
408
413 415
415
420
423 424 425
424 425
425 427
427
431 432
432
437
443 445
445 446
446
450 451
451
459 461
461 463
463 465
465 467
467 468
468
471 472
472 474
474
477
480 481 482
481 482 483
482 483
483 485
485
488 489 490
489 490
490 492
492 493 494
493 494
494 496
496 498
498 500
500
505 506
506
512 513 514
513 514
514
518 520
520 522
522 524
524 526
526 528
528 529 530
529 530 531
530 531
531 533
533
536 537
537
540 541 542
541 542
542
547
550 552
552
556 558
558 559
559
562 564
564 565 566
565 566
566 568
568
571
576 577 578
577 578
578
583 585
585 587
587 588
588 590
590 591 592
591 592
592 594
594 595 596
595 596
596
599 601
601 603
603
607 609
609 610
610
613 614
614 616
616 618
618
621 622 623
622 623
623 625
625 626
626
629 630
630 632
632 633 634
633 634
634
637
641 643
643
651 652
652
655 656 657
656 657
657 659
659
662
667 668
668 670
670
673 674
674 676
676 677 678
677 678 679
678 679
679
682 684
684 685 686
685 686 687
686 687
687 689
689 690
690
696
699 701
701 702
702
705
709
715 717
717
720 721 722
721 722 723
722 723
723
726 728
728
731 732 733
732 733
733
738
742
745
748
751 752
752 754
754 755
755 757
757 758
758
761 763
763 764 765
764 765
765
769 770
770
774 776
776 778
778
782 783
783
789
796
802 803 804
803 804
804
808
811
817 818 819
818 819
819
825 826
826
830 832
832 834
834
840 841
841 843
843 845
845 846 847
846 847
847 849
849
852 853 854
853 854
854
857
861
866 868
868 870
870 871
871 873
873
879 881
881 883
883 884
884 886
886 887
887
893 894 895
894 895
895 897
897 898 899
898 899 900
899 900 901
900 901 902
901 902
902 904
904 906
906 907 908
907 908 909
908 909
909 911
911 912
912 914
914 916
916 918
918 920
920
923
926 927
927 929
929 931
931
935 936
936
939 940
940 942
942 944
944 945
945 947
947 948
948
958
967 969
969 970
970
979 981
981
984 986
986 987
987
991 992
992
997 998 999
998 999
999
