#naive2.0.py
# GMT Fri Feb 14 13:34:02 2020
# 
1 999
4 5
5
11
14
19 20 21
20 21 22
21 22 23
22 23 24
23 24 25
24 25
25
28
32 34
34 36
36 38
38 39
39
44 45
45
54 55 56
55 56
56
61
65
70 72
72 73
73 75
75 76 77
76 77 78
77 78
78
81
84 85
85
88
92 93 94
93 94 95
94 95
95 97
97 98 99
98 99 100
99 100
100 102
102
106 108
108
111 112
112 114
114
120 121
121 123
123 125
125
132
136
139 140 141
140 141
141
146
149 151
151 152 153
152 153
153 155
155 156 157
156 157
157
162 164
164 165 166
165 166 167
166 167
167
171 173
173 175
175 177
177
180 181
181
187 188
188
191
194 196
196 197
197
200
204
207 208 209
208 209
209
215 216 217
216 217 218
217 218
218
222 223 224
223 224
224 226
226 227
227 229
229
234
238 240
240
244 245
245 247
247 248
248
252
259 260 261
260 261 262
261 262 263
262 263 264
263 264 265
264 265
265
270 271
271 273
273 275
275 277
277 278
278 280
280 281
281
285
288 289 290
289 290 291
290 291
291 293
293
297
300 301
301
304
308 309
309
312 314
314
317 318 319
318 319 320
319 320
320 322
322 323
323
328 329
329 331
331
337
343 345
345
351 352
352 354
354 356
356 357 358
357 358 359
358 359
359 361
361 362
362 364
364 366
366 367 368
367 368
368
374 376
376
379 381
381 382
382
386 387
387
400 401
401
404 406
406
412 413 414
413 414 415
414 415
415
419 420 421
420 421
421 423
423 424
424 426
426 427
427 429
429 430
430
433 435
435
439
442 444
444
447 449
449
454 455 456
455 456
456 458
458
464 465
465 467
467 468
468 470
470
473
476 477
477 479
479 480
480 482
482
489 491
491 493
493 495
495 497
497
500
504
508
512
515 516 517
516 517
517
521 523
523 525
525 526
526
529
532
540 541
541
544 546
546 547 548
547 548 549
548 549 550
549 550 551
550 551
551 553
553 554 555
554 555 556
555 556 557
556 557 558
557 558
558
561 563
563 564 565
564 565 566
565 566 567
566 567
567
570 572
572 574
574 575 576
575 576
576 578
578
581 582
582 584
584 586
586 587 588
587 588 589
588 589
589 591
591 592 593
592 593
593
597 599
599 600
600
604
609 610 611
610 611 612
611 612 613
612 613
613 615
615
619 620 621
620 621
621 623
623
628 630
630 631 632
631 632
632
635 637
637 639
639 640 641
640 641
641
644 645
645 647
647 648 649
648 649
649 651
651 652
652 654
654 655 656
655 656
656
660
663 664
664 666
666
669 671
671
675 676
676
679 680 681
680 681 682
681 682 683
682 683 684
683 684 685
684 685
685
688 689 690
689 690
690
701
704 706
706 708
708 710
710 711 712
711 712
712
717
722 724
724
729
733
740
744 746
746 747 748
747 748 749
748 749 750
749 750
750 752
752 753
753 755
755 756
756 758
758
761 762 763
762 763
763
770 771 772
771 772 773
772 773
773
776
779
782 784
784 785 786
785 786 787
786 787
787 789
789
792
798 799 800
799 800 801
800 801
801
804 805
805 807
807 809
809
814
817
820 821
821 823
823 825
825 826 827
826 827 828
827 828
828 830
830 832
832 834
834 835 836
835 836
836 838
838 839 840
839 840
840 842
842 843 844
843 844
844
848
851 853
853 854
854
859 860
860
863 864
864 866
866 867
867
877
880 881
881
889 891
891 892 893
892 893 894
893 894
894 896
896
899 901
901 903
903
908 910
910 912
912 913
913
918 919
919
922 923
923
926 928
928 929 930
929 930
930
934 935 936
935 936
936
942 944
944 946
946 948
948 950
950 951
951 953
953 955
955 957
957
960 961 962
961 962
962
965 966
966 968
968 969 970
969 970 971
970 971
971 973
973
977
981 982 983
982 983 984
983 984 985
984 985 986
985 986
986 988
988 990
990 992
992 994
994 995
995
998 999
999
