#naive2.0.py
# GMT Fri Feb 14 13:33:58 2020
# 
3 4
4
7
13 14
14 16
16 17
17
20 21
21
24 26
26 28
28 30
30 31 32
31 32 33
32 33 34
33 34
34 36
36 38
38 39
39
45
48 49
49 51
51 52 53
52 53
53
59 60 61
60 61 62
61 62 63
62 63
63
67 69
69 71
71 72 73
72 73
73
76 78
78 79 80
79 80
80
83 84
84
87
91 93
93 95
95 97
97 99
99 100
100 102
102
106 107 108
107 108
108
114 116
116 117
117
120 121 122
121 122
122
125 126 127
126 127 128
127 128 129
128 129 130
129 130
130
136
140
143 145
145 146
146
151 152
152
155 156 157
156 157
157
160
164
167
170 172
172 173
173
176 177
177 179
179 180
180 182
182
185 187
187 189
189 190
190
193 194
194 196
196
199 200
200
203 204
204
207
211 212
212 214
214
220 221
221
225 227
227 228 229
228 229 230
229 230 231
230 231 232
231 232 233
232 233
233
236
240 241 242
241 242
242
245
249 250 251
250 251
251
254 255
255
260 261
261 263
263 264 265
264 265
265
269 271
271 272
272 274
274
279 280 281
280 281 282
281 282
282
286 288
288 289 290
289 290
290
296 297 298
297 298 299
298 299 300
299 300
300
306 307
307
310 311 312
311 312 313
312 313
313
316 317
317
320
323 324
324 326
326 328
328 329 330
329 330 331
330 331
331
334
337
341
349 351
351 352 353
352 353 354
353 354 355
354 355
355 357
357 358 359
358 359 360
359 360
360
366 368
368 369 370
369 370
370 372
372 374
374 375 376
375 376
376
381 383
383 384
384 386
386 387
387
394 395
395 397
397 398 399
398 399 400
399 400 401
400 401 402
401 402
402
405
408 410
410 411
411 413
413 414
414 416
416 418
418 420
420 421 422
421 422 423
422 423
423 425
425 426 427
426 427
427
430 431 432
431 432
432 434
434 435 436
435 436 437
436 437
437
441 442
442 444
444
452 454
454 456
456 457 458
457 458 459
458 459
459 461
461 462 463
462 463 464
463 464
464 466
466 467 468
467 468 469
468 469
469
482
486 488
488
492
495 496 497
496 497
497
502
508 509 510
509 510
510
514 516
516
519 521
521 523
523 525
525
528
532 533 534
533 534
534 536
536
542 543
543 545
545
549 551
551 553
553 555
555 556
556
559 561
561 563
563
567 568
568 570
570
577 578 579
578 579 580
579 580 581
580 581 582
581 582
582 584
584 585
585
589 591
591
594 595 596
595 596
596
600 601
601 603
603 604
604 606
606 607 608
607 608
608 610
610 612
612 613
613 615
615 616
616
619
623 624 625
624 625 626
625 626
626 628
628 629 630
629 630 631
630 631
631
634
637 639
639 641
641 642
642
645 647
647
650
654
657 659
659 660
660
666
669
672 673
673
677
680 682
682 684
684
687 688 689
688 689 690
689 690
690 692
692 693
693 695
695
700 701
701 703
703 704
704
707 708
708
711 712 713
712 713 714
713 714 715
714 715 716
715 716
716
719 720
720
725
728
731 733
733 735
735 737
737
741 743
743 745
745 746 747
746 747
747 749
749
759 760 761
760 761
761 763
763
768
774 775 776
775 776
776
782 783 784
783 784
784 786
786 788
788 790
790 791
791
795 796
796 798
798 799
799 801
801
804 805 806
805 806
806
810 811
811 813
813 814
814 816
816
822
828 829
829
832 833 834
833 834 835
834 835
835
838 839
839 841
841 842
842 844
844 846
846 847
847
851 852
852
855
864 866
866 867 868
867 868
868 870
870 872
872 873
873
881 883
883
887 888 889
888 889
889
893 894 895
894 895 896
895 896
896
899
902 904
904 905 906
905 906 907
906 907
907
910 911 912
911 912
912
915
918 919
919
922 923
923
928 929
929 931
931 933
933 935
935 936 937
936 937
937
940 941 942
941 942
942
945 946
946 948
948 949 950
949 950
950
953
961
966 968
968 969
969 971
971
976 978
978 979
979
986
989 990 991
990 991 992
991 992
992
995 996 997
996 997 998
997 998 999
998 999
999
