#naive2.0.py
# GMT Fri Feb 14 13:34:04 2020
# 
3 5
5 6 7
6 7
7 9
9 10
10
13 15
15
22 23
23
26
29 30
30 32
32 33 34
33 34
34 36
36 37
37
40 42
42 43
43
49
53 54 55
54 55
55 57
57
60 61 62
61 62
62 64
64 65
65 67
67 69
69 71
71 72 73
72 73
73 75
75 76
76 78
78 79
79 81
81 83
83 84
84 86
86
95 97
97 99
99 101
101
104 105 106
105 106
106
115 117
117 118
118
124 125
125 127
127 129
129
137 138
138 140
140 142
142 143 144
143 144
144 146
146 148
148 150
150
153
157
160 161
161
165 166 167
166 167 168
167 168
168
172 173
173
176 177
177
182
187 188 189
188 189 190
189 190
190
194
199
202 203 204
203 204
204
207
214
217 218
218
225 226
226 228
228 229 230
229 230
230 232
232 234
234 236
236 238
238
241 242 243
242 243 244
243 244 245
244 245
245 247
247 248
248
251 253
253 255
255 257
257
261 263
263 264
264 266
266 267 268
267 268
268
271 272 273
272 273 274
273 274
274
278 279 280
279 280 281
280 281 282
281 282
282 284
284 286
286 287 288
287 288
288
291 292
292
300
303 304 305
304 305
305
308 310
310
315
319 321
321 323
323 325
325 327
327 328
328 330
330 332
332 333
333 335
335 336
336
339 341
341 343
343
351 353
353 354 355
354 355 356
355 356
356
360 361 362
361 362
362
367 368 369
368 369 370
369 370
370 372
372 373
373
376 377
377 379
379
382 384
384 385
385 387
387
397 398
398 400
400 402
402 404
404 405
405 407
407 409
409 411
411
414 416
416
422 424
424 425
425 427
427 429
429 430
430
437
440
449
452 453 454
453 454 455
454 455
455
458 459
459 461
461
464 465 466
465 466
466
473 474
474
477 479
479 480
480 482
482 483
483
488 489 490
489 490
490
496
499 500 501
500 501
501
508
511
514 515
515
518 520
520 522
522 523
523
527 529
529 530 531
530 531
531
534 535
535 537
537 539
539 541
541 542 543
542 543
543
547
552
555 556
556
559
562
565 566
566
569
576 577 578
577 578
578 580
580 581 582
581 582
582
586 587 588
587 588 589
588 589
589
596 597
597 599
599 601
601 603
603 604 605
604 605 606
605 606 607
606 607
607 609
609 611
611
615 616
616
624 626
626 627
627
632 633
633
640
643 645
645 646
646 648
648 650
650 651
651 653
653 654 655
654 655
655
658 659
659
663 664
664 666
666 667
667 669
669 670 671
670 671
671
674
677 678 679
678 679 680
679 680
680
683 685
685
688
691 692 693
692 693 694
693 694
694 696
696
699 701
701 703
703 705
705 707
707 709
709
712
715 716 717
716 717
717 719
719 720
720
725 726 727
726 727
727
733 734 735
734 735 736
735 736 737
736 737
737
740 742
742
745 746
746 748
748
754
757 758
758
761
765
768
776 777
777 779
779 780
780
783 784 785
784 785
785 787
787
790
794 795 796
795 796
796 798
798 800
800 801 802
801 802 803
802 803
803
806 808
808 809 810
809 810 811
810 811
811
814
817 818 819
818 819
819 821
821
824 825 826
825 826
826
831
836 838
838 840
840
847 849
849 850
850
860 861 862
861 862 863
862 863
863
866
870 871 872
871 872 873
872 873 874
873 874 875
874 875
875
879 881
881 883
883 884
884
890
893 894 895
894 895 896
895 896
896 898
898 899
899 901
901 902 903
902 903 904
903 904
904
909 910 911
910 911
911
914 915
915
920 921
921 923
923
927 928 929
928 929
929 931
931 932 933
932 933 934
933 934 935
934 935
935
938
942 943
943 945
945
948 949
949 951
951 952
952
955 956
956 958
958
963
966
971 972 973
972 973 974
973 974 975
974 975
975 977
977 979
979 980
980 982
982 984
984 986
986 987
987 989
989 991
991 992
992
997
