#naive2.0.py
# GMT Fri Feb 14 13:34:04 2020
# 
2 3
3
7 9
9
12
16
19 20 21
20 21
21
24
31 33
33 34 35
34 35
35
38 39
39 41
41
44 46
46 48
48 49
49
55 57
57
61
64 65
65
69 71
71 72
72
75 76
76 78
78
82
87 88
88
91 92
92
95
98
102 103
103 105
105 106
106 108
108
113 115
115
120
123 124 125
124 125
125 127
127 128
128
134
138 139
139
143
147 148 149
148 149 150
149 150 151
150 151 152
151 152
152
155 156 157
156 157 158
157 158 159
158 159 160
159 160 161
160 161 162
161 162
162
165
169 170
170
173 174 175
174 175
175 177
177 178
178 180
180
185 186
186 188
188
192 193
193 195
195 197
197
204
208
212 214
214 216
216 217 218
217 218
218 220
220 222
222 224
224 225
225 227
227
230 231 232
231 232 233
232 233
233
236 238
238
241 243
243
248 249
249 251
251 253
253 255
255
258 260
260 261
261 263
263 264 265
264 265
265
270 272
272 273
273
278 280
280 281
281 283
283 284
284 286
286
289
294 296
296 297 298
297 298
298
301 303
303 304 305
304 305
305 307
307
312 313 314
313 314 315
314 315 316
315 316
316
319 320 321
320 321 322
321 322
322
325
328 330
330 331
331
336 338
338
342
346
349
356
361 362
362
366
369 370 371
370 371
371
374 375 376
375 376 377
376 377 378
377 378
378 380
380
385 386 387
386 387
387
390 391 392
391 392
392 394
394 395 396
395 396 397
396 397
397
401 403
403 404 405
404 405 406
405 406 407
406 407 408
407 408
408 410
410 411 412
411 412 413
412 413 414
413 414 415
414 415 416
415 416
416
420 422
422 424
424
428 430
430 431
431 433
433
437 438 439
438 439 440
439 440
440 442
442 443
443
446
451 452 453
452 453 454
453 454
454 456
456
459
462
465
468 469 470
469 470
470
475 476 477
476 477 478
477 478 479
478 479
479 481
481 482 483
482 483
483
487
493 494 495
494 495 496
495 496
496
499 501
501 502 503
502 503 504
503 504
504
507 508 509
508 509 510
509 510 511
510 511
511
516 517
517 519
519
522
526 527
527
530
533 534
534
539 541
541 542
542
546
549 551
551 552
552
555 557
557
560 561
561
566 567 568
567 568
568
574
579 580 581
580 581
581 583
583 584
584 586
586 587
587 589
589 591
591 593
593 595
595 596
596 598
598 599 600
599 600 601
600 601
601 603
603
606 608
608 609 610
609 610
610
613 614
614
617 619
619 621
621 622
622 624
624
627 628 629
628 629
629
632 633 634
633 634 635
634 635
635 637
637 639
639 640
640 642
642 644
644 646
646 647 648
647 648
648 650
650 651
651
656 658
658 659
659
663 665
665 666 667
666 667 668
667 668
668
672 674
674 676
676 678
678 679
679 681
681 683
683
686 687
687 689
689 691
691 693
693 694
694
697 699
699
703 705
705 706
706
709
712
719 720
720 722
722 723 724
723 724 725
724 725 726
725 726 727
726 727
727 729
729 730 731
730 731
731
740 742
742 744
744
747 749
749 750
750 752
752 754
754 756
756 758
758
761 763
763 764
764 766
766 767 768
767 768 769
768 769
769
774 776
776 777 778
777 778 779
778 779
779 781
781
786 787 788
787 788
788
792 794
794 795 796
795 796 797
796 797
797
801
808 809 810
809 810 811
810 811 812
811 812 813
812 813
813 815
815 816 817
816 817 818
817 818
818
824 825
825
828 830
830 832
832 833 834
833 834
834 836
836 838
838 839
839 841
841 842 843
842 843
843 845
845
848 850
850 851
851 853
853 854
854 856
856
863 865
865
868
872
875 876 877
876 877
877 879
879 880
880 882
882 884
884 886
886
889 890 891
890 891 892
891 892 893
892 893
893 895
895 897
897 899
899 900
900
905 906
906
909 910
910
915
918
923 924
924 926
926 928
928 930
930 931 932
931 932
932 934
934
938 939
939
942
946 948
948 950
950 952
952 953 954
953 954 955
954 955
955 957
957
960 962
962 963
963 965
965 967
967 968 969
968 969
969
973 974
974
980
983
986 987 988
987 988
988
993 994 995
994 995 996
995 996 997
996 997
997
