#naive2.0.py
# GMT Fri Feb 14 13:33:59 2020
# 
1 2
2
5 6
6
13 14
14 16
16 17 18
17 18 19
18 19
19 21
21
27 28 29
28 29
29
32 33
33
38 40
40 42
42 43 44
43 44
44 46
46 47 48
47 48 49
48 49 50
49 50
50 52
52
55 56 57
56 57 58
57 58
58 60
60 61
61
69 70 71
70 71 72
71 72
72
76 77 78
77 78
78
82 83
83
86 87 88
87 88
88
94 95 96
95 96
96 98
98
105 106
106 108
108 109 110
109 110
110 112
112 113
113
117 118
118 120
120 121
121 123
123
126 127 128
127 128 129
128 129 130
129 130 131
130 131 132
131 132
132
136 137 138
137 138
138 140
140 141 142
141 142
142
146 147 148
147 148
148 150
150 151 152
151 152 153
152 153
153 155
155 156 157
156 157 158
157 158 159
158 159
159 161
161 162
162
165 167
167 168
168
172 174
174 175
175
178 179
179 181
181 182 183
182 183
183
186 187 188
187 188
188 190
190
193 195
195
198 200
200 201
201
204 205
205
209
217 218 219
218 219 220
219 220
220 222
222 223
223 225
225 226
226
230 231
231 233
233
236 237
237 239
239 240
240
245 247
247 248
248
251 252
252
256
261 263
263 264 265
264 265 266
265 266 267
266 267 268
267 268 269
268 269
269 271
271 272
272 274
274 276
276 278
278 280
280 282
282 283 284
283 284
284 286
286 287 288
287 288
288
296 297 298
297 298 299
298 299
299 301
301 303
303 305
305 306
306
311
315 317
317
323 325
325 326 327
326 327
327 329
329 331
331 333
333 334 335
334 335
335 337
337
340 341 342
341 342 343
342 343
343 345
345
348
351
354 356
356 358
358 360
360 361
361
364 365 366
365 366
366
370 372
372 373 374
373 374 375
374 375
375
378
381 383
383 385
385 387
387
391
397 398
398 400
400 401 402
401 402
402
409 410
410
414 415
415
420
423 424
424 426
426 427
427
430 431
431 433
433
436 438
438 440
440 442
442 444
444
451
454
458 459 460
459 460 461
460 461
461
465
468 470
470 471 472
471 472
472
477 478
478
484 485
485 487
487
491 492
492
495 497
497
504
513
518
522 523
523
526 527 528
527 528 529
528 529 530
529 530
530 532
532
537 539
539
543 545
545 546 547
546 547
547
552
556
561 562
562 564
564 566
566 567 568
567 568
568
571
575 576
576 578
578 579
579 581
581 582
582 584
584
587
590 592
592
595 597
597 599
599 601
601 603
603
607
613 614 615
614 615 616
615 616 617
616 617 618
617 618
618 620
620 622
622 623
623
627
630
634
639 641
641
649
653 655
655 657
657 658 659
658 659
659
668 669
669 671
671
675
679
682
685 686
686 688
688 689
689 691
691
696
708 710
710 711 712
711 712
712
715 716
716
719
722
728 729
729
738 739
739
742 744
744 746
746
749 750
750
753 754
754
758 760
760
766
769 771
771 773
773 774
774 776
776 777
777 779
779 780
780
786 788
788 790
790
794
797 798
798 800
800 801
801
804
808 809
809
816 817
817
820 822
822 824
824
832 833
833 835
835 837
837 839
839 841
841 842 843
842 843
843
846 848
848
851
858 859
859 861
861 862
862 864
864 865
865
868 870
870 871 872
871 872
872 874
874 875 876
875 876
876
879
882 883
883
889 890 891
890 891 892
891 892
892 894
894 895 896
895 896
896 898
898
902
905 906
906 908
908
912
919 920
920
923 925
925 927
927
935 936 937
936 937
937
944 945
945 947
947
950 951 952
951 952
952
956 958
958 960
960 961 962
961 962 963
962 963
963 965
965 966
966 968
968 969 970
969 970 971
970 971
971
974 975 976
975 976 977
976 977
977 979
979
982 983 984
983 984
984 986
986 987
987
990 992
992
995 996
996 998
998
