#naive2.0.py
# GMT Fri Feb 14 13:33:59 2020
# 
2 4
4 5 6
5 6 7
6 7 8
7 8
8
12 13 14
13 14
14 16
16
20
23 24 25
24 25 26
25 26 27
26 27
27
31 33
33
39
42 43
43
46
49 51
51 53
53 54
54
57 58 59
58 59
59 61
61 63
63 65
65 67
67
71 72
72
82
85 86
86
89 90
90 92
92 93
93
97 99
99
103 104 105
104 105
105
108 109
109 111
111 113
113 115
115
118
121 122
122
134 135 136
135 136
136 138
138 139
139 141
141 143
143 144 145
144 145
145
148
151 153
153 154 155
154 155
155 157
157 158
158 160
160 162
162
166 167 168
167 168 169
168 169
169 171
171 172 173
172 173
173
176 177
177
180 182
182
186 187
187
193 194 195
194 195 196
195 196
196
205
208 209 210
209 210
210 212
212 213 214
213 214
214 216
216 217
217
220 221 222
221 222 223
222 223 224
223 224 225
224 225
225
234
243 244 245
244 245
245 247
247
253 254
254
257 259
259
262 264
264
273
276 277
277
280
283 285
285
288 289
289
293
298 299
299 301
301 302
302
306 307
307
311 313
313 314
314 316
316 317
317 319
319 321
321
324 325 326
325 326 327
326 327
327 329
329
334
341 343
343 344 345
344 345
345
349
352 354
354 355 356
355 356
356
359
366 367
367 369
369 370 371
370 371
371
374 375
375 377
377 379
379 381
381 383
383
389
392 393 394
393 394
394
398 399
399 401
401 402 403
402 403
403 405
405 406
406
409 411
411 412 413
412 413 414
413 414 415
414 415
415
420 421
421 423
423 424
424
427 429
429
434 435
435
441 443
443 444 445
444 445
445 447
447 448
448 450
450 451 452
451 452 453
452 453
453
458 460
460 462
462 464
464 465 466
465 466
466 468
468
471 472
472
475 476 477
476 477 478
477 478
478
481 483
483
487
490 491
491
495 496 497
496 497
497 499
499 500
500
503 505
505
508 509
509
517 519
519
523
527 528 529
528 529
529
532 534
534 536
536 538
538
541
546 548
548
553
556 557 558
557 558
558
564 565 566
565 566
566
570
573
578 579
579
583 584
584
587 588 589
588 589
589
592 593
593 595
595 597
597 598
598 600
600 601
601
605
608
611 612 613
612 613
613
622
632 633
633
636
641 642 643
642 643 644
643 644
644 646
646
649 650
650
653 654 655
654 655 656
655 656
656
661 662
662 664
664 665 666
665 666 667
666 667 668
667 668
668 670
670 671 672
671 672 673
672 673
673 675
675 676 677
676 677 678
677 678
678
682 683
683
686 687 688
687 688
688 690
690 691 692
691 692 693
692 693
693 695
695 696 697
696 697
697 699
699 701
701 703
703 705
705 706
706 708
708 710
710
713 714
714 716
716 718
718 720
720 721
721 723
723 725
725
729
732
737 738
738 740
740 741 742
741 742
742 744
744
753 754
754 756
756 758
758 759
759 761
761 762 763
762 763 764
763 764 765
764 765
765
771 773
773
777 778
778
784 786
786
789 791
791 792
792 794
794 796
796 797
797 799
799 800
800
804
807 808 809
808 809
809 811
811 813
813 815
815 817
817 818
818 820
820
823 825
825
828
833
836 838
838
842 844
844 845
845 847
847
855
858 859 860
859 860
860
865 867
867 868 869
868 869
869
872
876 877 878
877 878 879
878 879 880
879 880 881
880 881
881
886
889
892 893
893 895
895 896
896
900 902
902 903 904
903 904
904 906
906 908
908 909
909 911
911 913
913 914 915
914 915
915
920 921
921
925 926
926
931 933
933 935
935
943 944 945
944 945
945 947
947 949
949
954 955
955
960
963 964 965
964 965
965
968 969 970
969 970 971
970 971
971 973
973 974 975
974 975
975 977
977
987
990 991
991
994
