#naive2.0.py
# GMT Fri Feb 14 13:34:05 2020
# 
0 998
4
7
11
15 17
17 18
18 20
20
23
28 30
30 31
31
35
38
41 42 43
42 43
43
46
51
55 57
57
61
64 66
66 68
68 69
69 71
71 72
72
83 84 85
84 85
85 87
87 88 89
88 89
89 91
91 92
92 94
94 96
96 98
98
101 102 103
102 103
103 105
105 107
107 108
108
111 112 113
112 113
113
117
122 123 124
123 124 125
124 125
125
134
139
142 144
144
148
151 153
153 154
154 156
156
161 162 163
162 163
163 165
165
168 170
170 171
171
174 175
175 177
177
184 186
186
189 190
190 192
192 194
194
198
205 206 207
206 207 208
207 208
208 210
210 211
211 213
213 214
214 216
216
219 221
221
227 228 229
228 229 230
229 230 231
230 231
231
234 236
236 238
238
242 243 244
243 244
244
248
251
254 256
256 257 258
257 258 259
258 259
259 261
261 262 263
262 263 264
263 264
264 266
266 268
268 269
269 271
271
274
278 279
279 281
281 283
283 285
285
292
297
300
304 306
306
309 310
310 312
312
315 316
316 318
318 320
320 321 322
321 322 323
322 323 324
323 324 325
324 325 326
325 326
326
332 334
334
342 343 344
343 344 345
344 345
345
348 350
350 351 352
351 352
352
356 357
357 359
359 360
360 362
362 363
363 365
365 366
366 368
368 369 370
369 370
370 372
372 374
374 376
376 378
378 379
379 381
381 382 383
382 383 384
383 384 385
384 385
385 387
387 388
388 390
390 392
392
400 401 402
401 402
402 404
404 405
405
410 411
411
414
422 424
424 425 426
425 426 427
426 427 428
427 428
428 430
430 431
431 433
433 434 435
434 435 436
435 436 437
436 437
437
443 445
445 446
446 448
448
454 456
456
459 460
460 462
462
465
469 470 471
470 471 472
471 472 473
472 473
473 475
475 477
477 479
479 481
481 482 483
482 483
483
487
492
496 497
497 499
499
502 504
504
510
524
528
531
534 536
536 537 538
537 538
538 540
540 541 542
541 542
542 544
544
548 549
549
552 553 554
553 554 555
554 555
555 557
557 558
558
561
568
571 572 573
572 573
573
576 577
577 579
579 580
580
583 585
585 586 587
586 587 588
587 588 589
588 589
589
593
596 598
598
603 605
605 606
606
609
617 619
619
622 624
624 625
625
629 631
631 633
633 634 635
634 635
635 637
637 639
639 640
640
643 645
645 646
646 648
648 650
650
653
659 660 661
660 661 662
661 662 663
662 663
663
668 669 670
669 670
670 672
672 673 674
673 674 675
674 675
675
678 679
679 681
681 683
683 684
684
688 689
689
692 693
693 695
695 696
696
699 700
700 702
702 703
703
706 707
707 709
709
712 713 714
713 714
714 716
716 718
718 719 720
719 720 721
720 721 722
721 722 723
722 723
723 725
725 727
727 728 729
728 729 730
729 730 731
730 731
731 733
733 734 735
734 735 736
735 736
736
741 743
743 744
744
750
754
757 759
759 760 761
760 761 762
761 762
762 764
764 765
765
770
773
776 778
778 779 780
779 780
780
786 787 788
787 788
788
793 795
795
800
803
808 809
809 811
811
814
822 823
823
828
832 833
833 835
835 836
836 838
838 839 840
839 840 841
840 841 842
841 842 843
842 843 844
843 844
844
847 848
848
851 853
853
856 857 858
857 858
858 860
860
863 865
865 867
867 868 869
868 869 870
869 870 871
870 871 872
871 872 873
872 873 874
873 874 875
874 875 876
875 876
876
880
883
890 892
892 893 894
893 894
894 896
896 897
897
903
906 907 908
907 908
908 910
910 911
911
917 918
918 920
920 922
922 923 924
923 924
924 926
926 927 928
927 928
928
931
934 936
936
939
948 949
949 951
951 952 953
952 953
953 955
955
958 959 960
959 960
960
968
972
975 976
976 978
978 979
979 981
981 982
982 984
984 986
986
989
992 993
993
997 998
998
