#naive2.0.py
# GMT Fri Feb 14 13:34:05 2020
# 
6 7
7
11
15
19 20
20 22
22 24
24 25
25
30
34
37
40 41 42
41 42
42
46
52 54
54
57 59
59 61
61
64 65
65
70 72
72 73
73 75
75 77
77
81 82 83
82 83
83
87 89
89
92 93 94
93 94 95
94 95
95
98 99 100
99 100 101
100 101
101
105 106
106
110
113 115
115 116 117
116 117 118
117 118
118
121 122 123
122 123
123
127 128
128
131 133
133 134 135
134 135
135
138 140
140 142
142 143 144
143 144 145
144 145
145 147
147 148
148
151
156
160 162
162 163
163 165
165 167
167 168 169
168 169
169
173 175
175 176 177
176 177 178
177 178 179
178 179 180
179 180
180 182
182
185
188 190
190 192
192
195 196 197
196 197
197 199
199 201
201 202 203
202 203
203
207 208 209
208 209 210
209 210
210
221 223
223 224 225
224 225 226
225 226 227
226 227
227 229
229
233
236 238
238 240
240 241 242
241 242 243
242 243 244
243 244 245
244 245
245
249 250
250 252
252 254
254 255 256
255 256
256 258
258 260
260 262
262 263 264
263 264
264 266
266 268
268 270
270 271
271 273
273 274
274 276
276 277 278
277 278 279
278 279
279
283 284
284 286
286 287 288
287 288
288 290
290 292
292 294
294 295
295 297
297 298 299
298 299 300
299 300 301
300 301
301 303
303 304
304 306
306 308
308 310
310 312
312 313 314
313 314
314 316
316 318
318
321 322
322 324
324 325 326
325 326
326 328
328
334 336
336 337
337 339
339 340 341
340 341
341
344 345 346
345 346
346
350
356 357
357
360
365 367
367 369
369
373 375
375 376 377
376 377 378
377 378
378 380
380 381 382
381 382
382 384
384
387
390
393 394 395
394 395
395
398 399 400
399 400 401
400 401
401
406 407 408
407 408
408 410
410
415 416 417
416 417
417
421 423
423
426 427
427 429
429 430 431
430 431 432
431 432 433
432 433 434
433 434
434
438
441 443
443 444 445
444 445 446
445 446 447
446 447 448
447 448
448 450
450 451
451
456
463 464
464 466
466 467 468
467 468 469
468 469
469
475 476
476
481
487 488 489
488 489
489
496 497 498
497 498 499
498 499
499
503
509
513 515
515
518
521 522 523
522 523
523
528 529 530
529 530 531
530 531 532
531 532 533
532 533 534
533 534 535
534 535
535 537
537
540 541 542
541 542
542
545 546
546
549 550
550
553
556 557 558
557 558 559
558 559 560
559 560 561
560 561 562
561 562 563
562 563 564
563 564
564
570 571 572
571 572
572
575 577
577
580 582
582 583
583
587 588 589
588 589
589 591
591
594 596
596 597
597 599
599 601
601
605 606 607
606 607
607
611 612
612 614
614 615
615
618
621 623
623 625
625 626
626
630 632
632
635 636
636
641
646 647
647 649
649 651
651 652
652
658 659 660
659 660
660 662
662 664
664 665 666
665 666 667
666 667
667
671 672
672 674
674
677 678 679
678 679
679
684
687 689
689 690
690
696 697 698
697 698 699
698 699
699 701
701
704
707 708
708
711 712
712
715
720
724 725
725
730 731 732
731 732 733
732 733
733
737 739
739 740 741
740 741 742
741 742 743
742 743
743
747 748 749
748 749
749 751
751
755
758 760
760 761
761
765 766
766
769 770
770
774 775
775
780
783
787
790
793 794
794
797 798
798
803 804 805
804 805 806
805 806
806
809
812 813
813 815
815 817
817
821 823
823 825
825 826
826 828
828 829
829 831
831 833
833 834
834
841 843
843 844 845
844 845
845
848 849 850
849 850 851
850 851
851
854 855 856
855 856
856
860 861
861
864 865
865 867
867 868
868 870
870 871
871
874 876
876
883 885
885
889 890 891
890 891 892
891 892 893
892 893
893
896
899 900 901
900 901
901 903
903 904 905
904 905 906
905 906 907
906 907
907 909
909 911
911
914
917 918 919
918 919 920
919 920 921
920 921
921
930
934 936
936
941 943
943
946 947
947 949
949 950
950
956 957
957 959
959 961
961 963
963 965
965 966 967
966 967
967
971
981 982
982
986 987 988
987 988
988 990
990 992
992 994
994
