#naive2.0.py
# GMT Fri Feb 14 13:34:02 2020
# 
0 1 2 998
1 2 3
2 3
3 5
5 6 7
6 7
7 9
9 10
10 12
12 14
14
17
21 23
23 25
25
31 33
33
36
39
42 43
43 45
45 47
47
51
55
61 63
63
68
73 74
74 76
76 78
78 80
80
83
86 88
88
91 93
93 95
95
98 99 100
99 100 101
100 101
101 103
103 105
105
109 110 111
110 111 112
111 112 113
112 113
113 115
115 117
117 119
119
126 128
128
131 132
132
137 138 139
138 139
139 141
141
145 146 147
146 147 148
147 148 149
148 149 150
149 150 151
150 151 152
151 152 153
152 153
153 155
155 157
157 158 159
158 159
159
162
166 167 168
167 168
168 170
170 171 172
171 172 173
172 173 174
173 174 175
174 175
175 177
177 178
178
185 187
187 188
188
191 192 193
192 193 194
193 194 195
194 195
195
198
202 204
204 206
206 207
207
213
217 218 219
218 219
219 221
221 223
223
227
230 231
231 233
233 234 235
234 235
235
238 240
240 241
241 243
243 244 245
244 245
245 247
247 248
248 250
250 251 252
251 252 253
252 253
253 255
255 256
256
259 261
261 263
263
266 267 268
267 268
268
271 272
272
277 278 279
278 279
279 281
281
284
289 290 291
290 291 292
291 292
292 294
294 295 296
295 296 297
296 297
297
300 302
302 304
304 305 306
305 306
306 308
308 309 310
309 310
310 312
312 313
313
321 322
322
328 329 330
329 330
330
336 338
338 339 340
339 340 341
340 341
341
344
348 350
350 351 352
351 352
352
358 359 360
359 360 361
360 361
361
365
370
379
382 383 384
383 384 385
384 385
385 387
387 389
389 390
390
393
396 397 398
397 398
398 400
400 401 402
401 402
402 404
404 405
405
410 411
411
414
417 418
418 420
420 421
421
425
429 431
431 432
432
440 441 442
441 442
442
445 447
447 449
449 451
451
455 456
456
460 461
461
465 467
467 468
468 470
470
473 474 475
474 475
475 477
477 478 479
478 479
479 481
481 482
482
485 486 487
486 487 488
487 488
488
499 500 501
500 501
501
504
508 509
509
513 514 515
514 515
515
521 522
522 524
524 525 526
525 526 527
526 527 528
527 528
528
533
537
540 541
541
544 546
546 548
548 549
549
559 561
561
564 565
565 567
567 568 569
568 569
569 571
571
575
580 582
582 584
584
587 588 589
588 589
589 591
591 592
592
601
604 605 606
605 606
606
610 611 612
611 612
612
617 619
619 620
620 622
622 623 624
623 624
624
627 628 629
628 629 630
629 630
630 632
632 633
633
636 637 638
637 638
638
642 643
643
647 648 649
648 649
649 651
651 653
653 654
654 656
656 658
658 659 660
659 660
660
664 666
666 667
667
671 672
672 674
674 676
676
691
696 697
697 699
699
702
705 706
706
709
712 713 714
713 714
714
722 724
724 725
725 727
727
730
734 736
736
741
745 746
746 748
748 749
749
752 753 754
753 754 755
754 755
755 757
757
763
766 767
767
772 773
773 775
775
779 781
781 783
783 784
784 786
786 787 788
787 788
788
791 792 793
792 793 794
793 794 795
794 795
795
798 800
800
803
807 808 809
808 809
809
812 814
814 816
816 817 818
817 818 819
818 819 820
819 820 821
820 821
821 823
823
827 829
829 830
830 832
832 833
833
838
841 843
843 845
845 847
847 848 849
848 849
849
852 854
854 855
855 857
857 859
859
864 866
866
869 870 871
870 871 872
871 872 873
872 873 874
873 874 875
874 875 876
875 876
876 878
878
889 890 891
890 891
891 893
893 894 895
894 895 896
895 896
896
899
902
905 906
906
911 912
912 914
914 915 916
915 916 917
916 917
917 919
919 920
920
925 927
927 928
928
933 935
935 936 937
936 937
937 939
939 940 941
940 941 942
941 942
942
948
952
957 958 959
958 959 960
959 960
960
964 965 966
965 966 967
966 967
967
972 973 974
973 974
974
980 981 982
981 982
982 984
984
987 989
989
997 998
998
