#naive2.0.py
# GMT Fri Feb 14 13:34:04 2020
# 
0 999
5 6
6 8
8 9
9
12 13
13
16 17
17
21 22
22
25 27
27
31 32
32
36 37
37 39
39 40 41
40 41 42
41 42
42
45
49 50 51
50 51
51 53
53
57 59
59 60 61
60 61 62
61 62
62 64
64 65 66
65 66 67
66 67
67
71 73
73 75
75 76
76
79
84 86
86
89 90
90
99 100
100
106 108
108
111
114 115
115
120 121
121
124 125 126
125 126 127
126 127
127 129
129 130
130
137
143 144
144 146
146 148
148
154 155 156
155 156
156
159 160
160 162
162 163
163 165
165 167
167 169
169 170 171
170 171 172
171 172
172
177 179
179 180 181
180 181
181 183
183 184 185
184 185
185
188
192 194
194 196
196 197
197
201 202 203
202 203
203 205
205
211 212 213
212 213
213
217
220 221
221
228
235 237
237 239
239
242 243
243
246
249 250 251
250 251 252
251 252
252
255 257
257 259
259 260
260
263 265
265 267
267 268
268 270
270 271
271 273
273 275
275 276 277
276 277 278
277 278
278 280
280 281 282
281 282
282
285 286 287
286 287
287 289
289 290 291
290 291
291 293
293 294 295
294 295
295
298
301 302 303
302 303
303
308 309
309
312
315 316 317
316 317
317 319
319 320
320 322
322 324
324
327 328 329
328 329
329
335
338 340
340
343 344
344 346
346 348
348
352
355
358 360
360 362
362 363
363 365
365 366
366
369
374 376
376 377 378
377 378 379
378 379 380
379 380 381
380 381
381 383
383 385
385
393 394
394
397 398 399
398 399 400
399 400
400 402
402 403
403
406 408
408 409
409 411
411
416
420 422
422 424
424
427 428 429
428 429
429
433 434
434 436
436 438
438
441 442
442
445 446
446
449
454 455
455
459 460
460
464 466
466 467
467 469
469 470 471
470 471
471 473
473 475
475 476
476 478
478 479
479 481
481
485
490 492
492 494
494 495
495
499 500
500
505 506 507
506 507
507
510 512
512
518 520
520 521
521
524 525
525 527
527 529
529 530
530 532
532 533 534
533 534 535
534 535
535
538 539
539
542 544
544 545 546
545 546 547
546 547 548
547 548
548
551 553
553 554 555
554 555 556
555 556
556
560 562
562 563
563
566 567
567 569
569 571
571
577 578 579
578 579
579 581
581 583
583
586
589 590 591
590 591 592
591 592
592
596 597
597 599
599 600
600 602
602 603
603
607
618 620
620 621
621 623
623
628
633 634
634
637 638 639
638 639
639 641
641
647 649
649 650 651
650 651 652
651 652
652
655
658 659
659 661
661 662 663
662 663
663
666
669
675 677
677
680 681
681
684 685
685 687
687 688
688 690
690 691 692
691 692
692
696
699
702 703 704
703 704
704
711 713
713
721 722 723
722 723 724
723 724
724 726
726 727
727 729
729 730
730 732
732 733 734
733 734
734
737
740 742
742
747 749
749 751
751
755
759 760
760
763 765
765 766
766
769 770
770 772
772 774
774
777
782 784
784
788 789
789 791
791 792 793
792 793
793 795
795 796
796 798
798 799 800
799 800
800 802
802
805
808 810
810 812
812
815 817
817
821 822 823
822 823 824
823 824
824
830
836 837 838
837 838
838
841
846 847
847
850 851 852
851 852
852
855 856
856
860 861
861 863
863 865
865 867
867
870 871
871 873
873 874 875
874 875 876
875 876
876
881 882
882
886 888
888 889 890
889 890 891
890 891
891
894 895 896
895 896 897
896 897 898
897 898 899
898 899
899
902 903
903 905
905 906
906
909
915
919
925 926
926 928
928
933
936 937 938
937 938 939
938 939
939 941
941
945 946 947
946 947 948
947 948
948 950
950 951 952
951 952
952 954
954 955 956
955 956
956 958
958 959 960
959 960 961
960 961
961
966 967
967
971 973
973 974 975
974 975 976
975 976 977
976 977
977
984 985
985
989 990
990 992
992
995 996 997
996 997
997 999
999
