#naive2.0.py
# GMT Fri Feb 14 13:33:58 2020
# 
1 2 3 999
2 3 4
3 4
4
7
11 13
13
17
23
26 28
28
31 32 33
32 33 34
33 34
34 36
36 37
37
40 41
41 43
43 45
45 46
46 48
48 49
49
53 54 55
54 55 56
55 56 57
56 57 58
57 58
58
61 62
62 64
64 66
66 67
67
71 72
72 74
74 76
76
81 82 83
82 83 84
83 84 85
84 85
85 87
87
90 92
92
96
99 100 101
100 101 102
101 102 103
102 103
103
106
109 111
111 113
113 115
115
118
121 122
122 124
124 125 126
125 126 127
126 127
127
131
134
139
142 143
143
147 148
148 150
150 152
152 153 154
153 154
154 156
156
159 160
160
164 166
166 168
168 169
169
174 176
176
181 182 183
182 183 184
183 184
184 186
186 187
187
191 193
193 195
195 196
196
203 205
205 207
207 209
209 210 211
210 211
211 213
213
216
220
226
229 231
231
235 236 237
236 237
237 239
239 240 241
240 241
241
244 245
245
251
255
258 260
260 261 262
261 262 263
262 263
263
266
269 270 271
270 271
271
274 275
275 277
277 278 279
278 279
279 281
281
284 286
286
290 291
291 293
293 295
295
299 300
300
304 306
306 307
307 309
309
313 315
315 316 317
316 317 318
317 318
318 320
320 321
321 323
323
328 329
329 331
331 332 333
332 333
333 335
335 336
336
340
344 345
345
348
351
354 356
356 357 358
357 358 359
358 359
359 361
361 362
362
365 366
366
371 372
372
379
386
389 390 391
390 391 392
391 392 393
392 393
393
396 398
398
402
406 408
408
412 414
414
421 422 423
422 423 424
423 424 425
424 425
425
428 429 430
429 430
430 432
432 433 434
433 434
434
441 442 443
442 443
443 445
445 447
447 448
448 450
450
454
461 463
463 464
464
467
470 471 472
471 472 473
472 473
473
477 479
479
482
486
489 490
490
493
497
503
506 508
508 509 510
509 510
510
518 520
520 522
522 523
523 525
525
528 529
529
534 535 536
535 536 537
536 537
537
541 542 543
542 543 544
543 544 545
544 545
545 547
547 548 549
548 549 550
549 550
550
554
557
560 561
561 563
563
567
571 572 573
572 573
573 575
575 577
577 578 579
578 579
579
582
585 586 587
586 587
587
591
594 595
595
601 603
603 605
605 606 607
606 607 608
607 608 609
608 609 610
609 610 611
610 611 612
611 612 613
612 613
613 615
615 616
616
619 620 621
620 621
621 623
623 625
625 626
626
632
635 637
637
641 642 643
642 643 644
643 644 645
644 645
645 647
647 649
649
653 655
655 657
657 658
658 660
660 662
662
665 667
667 669
669 671
671 673
673 674 675
674 675 676
675 676
676
686 687
687 689
689 691
691
694 696
696 697
697
702
709 710 711
710 711
711
716 718
718 719
719 721
721 722 723
722 723
723
726 727 728
727 728
728 730
730 731
731
734 736
736 738
738 739
739 741
741 742 743
742 743
743 745
745 746 747
746 747 748
747 748
748 750
750
754
757 759
759 761
761 763
763 765
765 766
766 768
768 769 770
769 770
770
775 776 777
776 777 778
777 778
778
781 782 783
782 783
783
786 788
788
792 793
793
796 798
798 800
800 801 802
801 802 803
802 803 804
803 804
804
809 810
810
815 817
817 818
818 820
820
823 824
824
827 828
828 830
830 831 832
831 832
832
838 839
839
842
846 847 848
847 848
848
858 860
860 862
862 864
864
868 869
869 871
871 873
873 874
874 876
876 877 878
877 878
878
882 884
884 885
885 887
887 888
888 890
890 891
891 893
893
899
902
906 908
908 910
910
913
921 922 923
922 923
923 925
925 926
926
930
934 935 936
935 936
936
939 941
941 942 943
942 943
943 945
945 946
946
949 951
951
954
961
964
967 968
968 970
970 971 972
971 972 973
972 973
973
977
982
985 987
987 988 989
988 989
989 991
991 992 993
992 993 994
993 994
994
999
