#naive2.0.py
# GMT Fri Feb 14 13:34:04 2020
# 
4 6
6
11 13
13
17 18
18
21 22
22
25
28 30
30 32
32 33
33 35
35 36 37
36 37
37
40
43
46
51
54 55 56
55 56 57
56 57 58
57 58
58
61 63
63 64
64 66
66
72 73
73
76 78
78
82 83
83 85
85
90
95
99 100 101
100 101 102
101 102 103
102 103
103
107 108 109
108 109 110
109 110 111
110 111
111
114 116
116
120 122
122 123 124
123 124 125
124 125
125 127
127 128
128
131 132
132
135
139 140 141
140 141 142
141 142
142
146
149 150 151
150 151
151
154 155
155 157
157 158 159
158 159 160
159 160 161
160 161
161
164
167 169
169 171
171 172 173
172 173
173 175
175 176
176 178
178 179
179
183
188 189
189 191
191 193
193
199 200
200
204 205
205 207
207 209
209 210 211
210 211 212
211 212 213
212 213
213 215
215 217
217 219
219 220 221
220 221 222
221 222
222
228 229 230
229 230 231
230 231
231
234 236
236 238
238
242 243 244
243 244 245
244 245
245
248 250
250 251
251
254 255 256
255 256
256
260 261 262
261 262
262 264
264 266
266 267
267
272 273 274
273 274
274
277
281 283
283 284
284 286
286 288
288 290
290 291 292
291 292
292 294
294 295
295 297
297 298
298 300
300 301 302
301 302
302
306 307 308
307 308
308
312 314
314 315
315 317
317
320 322
322 323 324
323 324 325
324 325 326
325 326 327
326 327
327 329
329 330 331
330 331 332
331 332 333
332 333 334
333 334
334 336
336 337
337 339
339 340
340
345 347
347
355 356
356
359 360
360 362
362
366 368
368
371 373
373
376 377 378
377 378 379
378 379 380
379 380
380 382
382 384
384 385
385
388 390
390 391 392
391 392 393
392 393 394
393 394 395
394 395 396
395 396
396
401 402 403
402 403
403
407
410 412
412 413
413 415
415 416 417
416 417
417
423
427
431
436 438
438
441 443
443 445
445
448 449 450
449 450 451
450 451
451
455 456 457
456 457
457
462 463 464
463 464 465
464 465
465
469 470 471
470 471
471
475 477
477
482
487 488
488
492 494
494
498 500
500 502
502
505 507
507 508
508 510
510
514 516
516
520
523
527 528
528
531 533
533
537 538
538
542 544
544 545 546
545 546
546 548
548 550
550 551 552
551 552
552 554
554 555 556
555 556 557
556 557 558
557 558 559
558 559
559
562 564
564 565
565 567
567
572
575 576 577
576 577
577
581 582
582 584
584 585 586
585 586
586
589
592 593 594
593 594 595
594 595 596
595 596 597
596 597
597 599
599 600 601
600 601
601 603
603 604
604
610 612
612 613
613
617
622 623 624
623 624 625
624 625 626
625 626
626
636
642 644
644
649 651
651 653
653 654 655
654 655 656
655 656
656
659 660 661
660 661 662
661 662 663
662 663 664
663 664
664 666
666 667 668
667 668
668
671 673
673 674
674 676
676
679 680 681
680 681 682
681 682 683
682 683 684
683 684
684 686
686 687
687 689
689 691
691 692
692 694
694
699 700
700
709
712 713 714
713 714
714
717
721 722 723
722 723
723
728 729
729 731
731 733
733 734
734
738 739
739
742 743 744
743 744
744 746
746
749 750 751
750 751 752
751 752
752 754
754 756
756
759
762 763
763 765
765
769 770
770 772
772 773 774
773 774
774
777
782 783
783 785
785 786
786 788
788
794 795
795
798 800
800
803
809 810
810
814 815
815 817
817 818 819
818 819
819
822 824
824 825 826
825 826 827
826 827
827
830 831
831
834
837 838
838
842 844
844
847
850
853 855
855 857
857 859
859 860
860
863
869
874
878 879
879
883
892 893
893
896 897 898
897 898 899
898 899
899
903
906
913 914 915
914 915 916
915 916
916
920 921
921
925
928
931 933
933 934
934
938
941 942
942 944
944
948 950
950 951
951
954
958 959
959
963 965
965 966 967
966 967
967
970 972
972 973 974
973 974 975
974 975 976
975 976
976
979 980 981
980 981
981
984 985
985
991
994
997 999
999
