#naive2.0.py
# GMT Fri Feb 14 13:34:04 2020
# 
1 2
2
13
16 17
17 19
19
23 25
25 26 27
26 27
27
33 34
34
42 44
44 46
46 48
48
52 53
53 55
55 56 57
56 57
57
61 63
63 65
65 66 67
66 67 68
67 68
68
72 74
74 75
75
78
81 82
82 84
84 86
86 87
87
94 95 96
95 96
96
99 100 101
100 101 102
101 102
102
113 115
115 116
116
128 129 130
129 130 131
130 131 132
131 132
132
135
139 140
140
144 146
146 147 148
147 148 149
148 149
149 151
151 152
152
155 157
157 158 159
158 159
159
166 167 168
167 168
168
172 173
173 175
175
178 180
180 181 182
181 182 183
182 183
183
187 189
189 190
190 192
192
195
198 199
199
202 204
204 205
205
209 210
210 212
212 213 214
213 214 215
214 215
215
218
223 224
224
231 232 233
232 233
233
237 238
238 240
240 241 242
241 242
242
245 246 247
246 247
247
253 254
254 256
256 257
257 259
259 261
261 262
262
265
269 271
271 272
272 274
274 275 276
275 276
276 278
278 279 280
279 280
280
284
287 288
288
292 294
294
303 304 305
304 305 306
305 306
306
309
313 314
314 316
316 317 318
317 318 319
318 319
319 321
321
326 327 328
327 328
328
332 333
333
337 338
338 340
340 341
341
344 346
346 348
348
351 353
353 354
354 356
356 358
358
365 367
367 368
368
372 373 374
373 374 375
374 375
375
378
382 383
383 385
385
388 390
390
393 395
395
400
406 407
407
416 418
418 420
420
423 425
425 426
426 428
428 429
429
433
436
439 440
440
443 445
445 447
447 449
449
453
457 458 459
458 459
459 461
461
464 466
466 468
468 469
469
478 479
479 481
481 483
483
487
491 492
492
496
501 502 503
502 503
503 505
505 506
506
511
521 522 523
522 523
523
526 528
528 529
529
533 534
534 536
536 537 538
537 538
538
541 542
542
547 548 549
548 549
549
552
556
560 562
562
565
568 569
569
575 576 577
576 577
577 579
579
584 585 586
585 586 587
586 587 588
587 588 589
588 589 590
589 590 591
590 591
591
594 595 596
595 596
596 598
598 599
599 601
601
606 608
608 609
609 611
611
614 616
616 617
617
620
626
629
635 636 637
636 637
637
644 646
646 647 648
647 648
648
651
654 655
655 657
657
660
668 669 670
669 670
670 672
672 673 674
673 674
674
679 680
680 682
682 684
684
687 688
688 690
690 691
691
695
700
703 705
705
709 711
711 713
713
718 720
720 721
721
724 726
726 728
728 729 730
729 730 731
730 731
731
735
739 741
741 742
742
745 746 747
746 747
747
751 753
753 754
754
757
763 764
764 766
766 767
767
772 773
773 775
775 776 777
776 777 778
777 778
778
782
785 787
787 788
788 790
790 792
792 794
794
799 801
801 802
802 804
804 805 806
805 806
806
810 811 812
811 812
812
815 816 817
816 817
817 819
819 820 821
820 821 822
821 822
822 824
824
829 831
831 832 833
832 833
833
838 839
839
845 846 847
846 847
847 849
849 851
851 852
852
855 856 857
856 857 858
857 858 859
858 859
859
867 868 869
868 869
869
872 873
873
880 881 882
881 882
882
888 889
889 891
891 892
892
896
901 902 903
902 903 904
903 904
904 906
906
909 910 911
910 911
911
915 916
916
920
925 927
927
932
935 936 937
936 937
937 939
939 940
940 942
942
946
949
953 954 955
954 955
955 957
957 958
958 960
960 961 962
961 962 963
962 963 964
963 964
964
969 971
971 973
973 975
975
978 979
979
983 984
984 986
986 987 988
987 988 989
988 989 990
989 990 991
990 991
991 993
993 995
995
