#naive2.0.py
# GMT Fri Feb 14 13:33:56 2020
# 
1 2 3 999
2 3
3 5
5
12 14
14 15 16
15 16
16 18
18 19 20
19 20 21
20 21
21 23
23 24
24 26
26 27 28
27 28 29
28 29
29
33
36 37 38
37 38 39
38 39 40
39 40 41
40 41 42
41 42
42 44
44 45 46
45 46
46
52 53
53 55
55 57
57
62 63 64
63 64
64 66
66 68
68 69
69 71
71 73
73
78 80
80 81
81 83
83 84 85
84 85 86
85 86 87
86 87 88
87 88
88 90
90 91 92
91 92
92 94
94 95
95
98 99 100
99 100
100 102
102 103 104
103 104 105
104 105 106
105 106 107
106 107 108
107 108 109
108 109 110
109 110
110
117 119
119
122 124
124
127 128 129
128 129
129 131
131 132
132
136
139 141
141 143
143 145
145
151 152 153
152 153 154
153 154
154 156
156
159
164 165
165 167
167
172 173
173
178 180
180 182
182 183 184
183 184 185
184 185
185 187
187 188
188
192 193 194
193 194
194
197
201 202 203
202 203 204
203 204 205
204 205 206
205 206
206
210 211 212
211 212 213
212 213 214
213 214 215
214 215 216
215 216 217
216 217
217
220
223 225
225
230 231
231 233
233 234
234 236
236
241
244 245 246
245 246
246
249 250
250 252
252
256
259
262
265 267
267 269
269
273
276
281
287 289
289 291
291 292
292
295
299 301
301 302
302
307 309
309 310 311
310 311 312
311 312
312
315 316 317
316 317
317 319
319
325
328 329
329
333 334 335
334 335
335
338 339
339 341
341 342 343
342 343 344
343 344 345
344 345
345
348 350
350 352
352
355 357
357 358
358
361 362 363
362 363
363 365
365 367
367 369
369 370 371
370 371
371
374 375 376
375 376
376
379 381
381 382 383
382 383 384
383 384 385
384 385
385
388 389 390
389 390
390 392
392 393 394
393 394
394 396
396
405
417 418 419
418 419
419 421
421 422
422 424
424 425 426
425 426
426 428
428 429
429
432
436
439
445 446
446 448
448 449
449
454
457
462 464
464 465
465
470 472
472 474
474
477
481 483
483
488
492
495
499 500 501
500 501 502
501 502
502
508 509 510
509 510
510 512
512 513
513 515
515 517
517
523
528 530
530
533 535
535 536
536
540 541 542
541 542
542
545 547
547
552
557 558
558
566 567
567 569
569 570 571
570 571 572
571 572
572
576 577
577 579
579
582 584
584 586
586
589 590
590
600 601 602
601 602
602 604
604
609 610 611
610 611 612
611 612 613
612 613
613
616
622 623
623 625
625 626 627
626 627
627 629
629
632 633 634
633 634
634 636
636
639 641
641
645
650 651 652
651 652
652
658 660
660 661
661
664 665
665
669 670
670
673
678 679 680
679 680
680 682
682 683 684
683 684 685
684 685
685
688 689
689
693
696 698
698 699 700
699 700
700 702
702 704
704
708 710
710 712
712
715 716
716 718
718 719
719
724 725
725 727
727 728 729
728 729 730
729 730 731
730 731
731 733
733 734
734
737 739
739
744 745 746
745 746
746
749 750 751
750 751 752
751 752
752 754
754 755
755 757
757
762
765 766 767
766 767
767 769
769 770
770 772
772 774
774 775 776
775 776 777
776 777 778
777 778
778
781
784 785 786
785 786
786 788
788 790
790 791 792
791 792 793
792 793
793
796 797 798
797 798
798 800
800
804 805 806
805 806
806 808
808 809 810
809 810
810
813 815
815 816 817
816 817 818
817 818
818
822 824
824 825
825
829 830 831
830 831
831 833
833 834
834 836
836
843
846 847 848
847 848 849
848 849
849
855
859 860 861
860 861 862
861 862 863
862 863
863 865
865
868
872 874
874
883 884 885
884 885 886
885 886
886
890 891
891 893
893
896 897
897 899
899 900 901
900 901 902
901 902
902
906 907 908
907 908
908
913 914 915
914 915
915
919 921
921 922
922
926 927
927
932 933
933 935
935 936 937
936 937 938
937 938
938 940
940
945
949
952 954
954 956
956
966
969 970
970
973
976 978
978 979
979 981
981
990 991 992
991 992 993
992 993 994
993 994
994
998 999
999
