#naive2.0.py
# GMT Fri Feb 14 13:33:59 2020
# 
0 1 999 2
1 2 999
2
7
12
16
19 20
20
23
27 28
28 30
30 31 32
31 32 33
32 33 34
33 34 35
34 35
35 37
37
40 42
42
45 46 47
46 47 48
47 48
48 50
50 51
51
55 56 57
56 57
57
65
71
75 76
76
79 80 81
80 81
81
84 85 86
85 86 87
86 87
87 89
89 90
90
93 95
95 96
96
99
102 103
103 105
105 107
107 108
108
114 115
115 117
117 119
119 121
121 122
122
125
129 130
130 132
132 133 134
133 134
134
138 139
139 141
141 143
143
146 148
148 149 150
149 150 151
150 151
151 153
153 155
155 156 157
156 157
157
161 162 163
162 163
163 165
165
170
175 176
176 178
178 180
180 181 182
181 182
182
185 187
187 188
188
191 192 193
192 193
193
196 198
198
201 202 203
202 203
203
207 208 209
208 209
209 211
211 212 213
212 213
213 215
215 217
217
224 225
225 227
227 229
229
233 234 235
234 235 236
235 236 237
236 237
237
242 243
243
246 248
248 249
249
252 254
254 255
255 257
257
260
267 269
269
273 274 275
274 275
275
280 282
282 283
283
287 288
288
292 293
293 295
295 296
296 298
298 300
300 302
302
305 307
307 308
308
316 318
318 319 320
319 320 321
320 321 322
321 322 323
322 323 324
323 324 325
324 325
325 327
327
330
334 336
336 337
337 339
339
343 344
344 346
346 347
347
351 352 353
352 353 354
353 354
354
361 363
363 364
364
367
370
373
376 378
378 379
379 381
381
386
389 390
390 392
392
398 399 400
399 400
400 402
402 403
403
406 407 408
407 408
408 410
410
418 419 420
419 420
420
424 425
425 427
427 428 429
428 429
429 431
431
434 435
435
439 440 441
440 441 442
441 442 443
442 443 444
443 444 445
444 445
445
448 449 450
449 450
450 452
452
455 456
456 458
458 460
460 461 462
461 462 463
462 463
463 465
465 466
466
473
477 479
479
482
486 487
487
490 492
492 493 494
493 494
494
497
502
505
512 513 514
513 514
514 516
516 518
518 519 520
519 520 521
520 521
521
526
529 530
530 532
532 533
533
536
540 541 542
541 542
542 544
544
547
550 552
552 553 554
553 554
554
559
562 563
563 565
565 566
566
569 571
571
578 580
580
583 584 585
584 585
585
589
592 594
594 596
596 598
598
605 606 607
606 607 608
607 608
608 610
610 611 612
611 612
612 614
614
617 618
618
624 626
626 628
628 629
629 631
631 632 633
632 633
633 635
635 637
637 638 639
638 639
639
648
651 652 653
652 653
653
657 658
658 660
660
665 666 667
666 667
667
673
677 678
678
682
687 689
689 690 691
690 691
691 693
693 695
695 696
696 698
698 700
700
704 706
706 708
708
711 712
712 714
714
717 719
719 720
720 722
722
725 727
727
731 733
733
737 738
738
745 747
747 748
748 750
750 751
751
754 756
756 757 758
757 758 759
758 759 760
759 760
760
763 764
764
769 770
770
774 775
775
780 782
782
790 792
792 794
794
797 798
798 800
800
805 806
806 808
808 809
809 811
811 812 813
812 813
813 815
815 816
816 818
818
821
825 826
826 828
828 830
830
834 836
836
841 843
843 844 845
844 845 846
845 846 847
846 847
847 849
849 850
850 852
852 854
854 855
855
859 861
861 862 863
862 863 864
863 864
864
867
871 872
872
875 876
876
879 880
880 882
882
886 888
888
891
900 901
901
904
907 909
909 910 911
910 911
911 913
913 915
915 917
917 919
919 920
920 922
922 924
924 926
926 927 928
927 928
928
931
935 936 937
936 937 938
937 938
938
941
944 946
946
949
952 954
954 956
956 957
957 959
959
966 968
968 969
969 971
971 972
972 974
974 975
975
978
987 988
988
994 995 996
995 996 997
996 997
997 999
999
