#naive2.0.py
# GMT Fri Feb 14 13:33:57 2020
# 
0 2
2 3 4
3 4
4
7 9
9 11
11 12 13
12 13 14
13 14
14
17
20
23
26 28
28
32 33 34
33 34
34 36
36 37 38
37 38
38 40
40
43 44 45
44 45 46
45 46
46 48
48 49
49
57 58
58
65
69 70 71
70 71
71
74 75
75
78 79 80
79 80
80
86
89
98 99 100
99 100
100
106 108
108 109 110
109 110
110 112
112 114
114 115
115 117
117 118
118
122
125
130
133
141 142
142
145 146
146
152
158 159
159
162
165 166
166 168
168
173
178 179
179 181
181 183
183 184
184 186
186 188
188 190
190
193
197 198 199
198 199 200
199 200
200
206
209 210
210
213 214
214
217 218 219
218 219
219
224 226
226 227 228
227 228
228
232
239 240 241
240 241
241 243
243
246 248
248
254 256
256 257 258
257 258 259
258 259
259
263 265
265 266
266 268
268 269 270
269 270 271
270 271
271
277 278
278 280
280 281
281
285 286 287
286 287 288
287 288 289
288 289
289
293 294
294
298 299
299 301
301 302
302
307
310 312
312 313
313 315
315
319 321
321 322
322 324
324
330
340 341 342
341 342 343
342 343 344
343 344 345
344 345
345
349
352 353 354
353 354 355
354 355 356
355 356
356
359 360
360 362
362
366 367 368
367 368
368
372 373 374
373 374 375
374 375
375 377
377
380
385 386
386
391 392 393
392 393 394
393 394
394 396
396 397
397
400 401
401 403
403 404 405
404 405
405
410 411 412
411 412 413
412 413 414
413 414
414
418
423 424 425
424 425 426
425 426
426
429 430
430 432
432 433 434
433 434 435
434 435
435
444
447
450 452
452 454
454 456
456 457 458
457 458 459
458 459 460
459 460
460
464
468
471 473
473 474 475
474 475 476
475 476 477
476 477
477
485 486 487
486 487 488
487 488
488 490
490
495 496
496 498
498 500
500 501 502
501 502
502
505 506
506
513
517
529 530 531
530 531 532
531 532
532
535 537
537
540 541
541
544 545 546
545 546
546 548
548 549
549
553 554 555
554 555
555 557
557 558
558
566
569 571
571
574 576
576 577
577 579
579 580 581
580 581
581
584 585 586
585 586
586
592 593
593
601
604 606
606 607
607
612 613 614
613 614
614 616
616 618
618 620
620
623 624
624
627 628
628
631 632
632 634
634 635
635 637
637 638 639
638 639
639
647 649
649 650 651
650 651 652
651 652
652
655 657
657 658
658
663 665
665 667
667
670 671 672
671 672 673
672 673 674
673 674 675
674 675
675
679 680
680 682
682 683
683
686 687
687 689
689 690
690
695
699
703 705
705 707
707 708
708
711
721 722
722
726 727
727 729
729
732 733
733 735
735 736 737
736 737
737 739
739 741
741
745 746
746
753 754 755
754 755 756
755 756 757
756 757
757 759
759
763 765
765 766 767
766 767 768
767 768 769
768 769
769 771
771 772
772
777 778
778
781
785
788 790
790 791
791
794
797 798
798 800
800 802
802
808
812 814
814
822 823
823 825
825
829 830 831
830 831
831
837 839
839 840
840
846
855 856 857
856 857 858
857 858
858 860
860 861
861 863
863 864 865
864 865 866
865 866
866 868
868
871 873
873 875
875
879 880
880 882
882 883 884
883 884 885
884 885 886
885 886 887
886 887 888
887 888
888
891
894 895
895 897
897 898 899
898 899 900
899 900 901
900 901 902
901 902 903
902 903 904
903 904
904 906
906 908
908 909
909
917
925
929 930
930 932
932 933 934
933 934 935
934 935
935
938 939
939
942
945 946
946 948
948 950
950
953
956 957 958
957 958
958
963
968 970
970 971
971 973
973 974
974
980 982
982 983
983
986 987 988
987 988
988
992 993
993 995
995 996
996
