#naive2.0.py
# GMT Fri Feb 14 13:34:02 2020
# 
0 1 998
1
4
8 10
10
13 15
15 16
16
19 21
21 22 23
22 23
23 25
25 27
27 28 29
28 29
29 31
31
36 37
37
43 44
44
58 59 60
59 60 61
60 61
61
64
67
73 75
75 77
77 79
79 80 81
80 81 82
81 82 83
82 83
83 85
85 86
86
91 92
92
95
98 100
100 102
102
106
109 110
110
113
119 120 121
120 121 122
121 122 123
122 123
123 125
125
128
132 133 134
133 134 135
134 135
135
140 142
142
150
154 155
155 157
157 158 159
158 159 160
159 160 161
160 161
161
170
173 174
174
182 184
184 185 186
185 186
186 188
188 189
189
194
198
203 204
204 206
206 207
207 209
209 210 211
210 211
211
214 216
216
219
226 228
228 229 230
229 230
230
233
241 242
242
245 247
247
252
255 256
256
261
271
274 275
275
279 280
280 282
282 283
283
288
292 294
294
298 299 300
299 300
300
303 304 305
304 305
305 307
307 308
308
311 312 313
312 313 314
313 314
314 316
316
319 320 321
320 321
321
324 325
325 327
327
330 332
332
337
341
345 347
347 349
349 350 351
350 351 352
351 352 353
352 353 354
353 354 355
354 355
355
360
363 365
365 366 367
366 367
367
371 373
373
376
379 380
380
383
389 391
391
395
401 402 403
402 403
403 405
405
412 413 414
413 414 415
414 415 416
415 416
416
419 420 421
420 421 422
421 422
422 424
424 426
426 428
428 429
429
433 435
435 436 437
436 437
437 439
439
442 444
444
448 450
450 452
452
456 458
458 460
460
463 464 465
464 465
465 467
467 468
468
471
475
480
484
488 489
489
498 500
500
503 505
505
508 509
509
513 515
515
519 520
520 522
522 523
523 525
525 527
527
534 535
535 537
537 538
538 540
540 542
542
546
553 554
554
557
561 562
562
566 568
568 569
569 571
571 572 573
572 573 574
573 574 575
574 575 576
575 576
576
583 584 585
584 585
585
588
591
595
601
605 607
607
612 613
613
616 617
617
620
623 625
625
634 636
636
640
645 646 647
646 647 648
647 648 649
648 649
649 651
651 652 653
652 653
653 655
655
658
661 662
662 664
664 665
665 667
667 668 669
668 669 670
669 670 671
670 671
671 673
673 674 675
674 675
675 677
677 679
679
686
690 691
691 693
693 694 695
694 695
695
700 702
702 703
703
713 714
714
718 719 720
719 720 721
720 721
721 723
723 724 725
724 725
725
731 733
733 735
735
743 745
745
748 749 750
749 750
750 752
752 754
754 756
756 757 758
757 758
758
763
766 767 768
767 768
768 770
770 771
771
774 775
775 777
777 778 779
778 779
779
783 784 785
784 785
785 787
787 788 789
788 789
789
794 796
796
799
806
809 810 811
810 811
811 813
813
816 817
817 819
819
823
826 827 828
827 828 829
828 829
829
832 834
834 835 836
835 836 837
836 837 838
837 838
838 840
840
846 848
848 849
849
853
860
863 864 865
864 865 866
865 866 867
866 867 868
867 868
868 870
870 871 872
871 872 873
872 873 874
873 874 875
874 875 876
875 876 877
876 877
877
881 883
883 884
884 886
886
889 891
891 893
893
897 898
898
905 907
907
910 912
912 913
913
918 919 920
919 920
920
928
931 932
932
937
941 943
943 944 945
944 945 946
945 946 947
946 947 948
947 948 949
948 949 950
949 950 951
950 951 952
951 952
952
955
960 962
962 963
963 965
965 967
967 968
968
972
979
982 983 984
983 984
984
988 989 990
989 990
990 992
992 993
993
996 997 998
997 998
998
