#naive2.0.py
# GMT Fri Feb 14 13:34:01 2020
# 
0 1 999 998
1 3 999
3 4 5
4 5
5
9 10 11
10 11 12
11 12
12
15 16 17
16 17 18
17 18
18
25 26
26 28
28
35 36
36
40
43 44 45
44 45 46
45 46
46
49
54 55
55
61 62 63
62 63 64
63 64 65
64 65
65
68 69 70
69 70 71
70 71 72
71 72 73
72 73
73
80 82
82
85
88
93 94
94
97
102 104
104 105 106
105 106
106 108
108 110
110 112
112 113 114
113 114 115
114 115
115
119 121
121
124 126
126 127
127
130 131
131 133
133
138 140
140
146 147 148
147 148
148 150
150 151
151 153
153 154
154 156
156 157 158
157 158 159
158 159 160
159 160 161
160 161
161 163
163
166 168
168 169 170
169 170 171
170 171
171
176
179 180
180 182
182
186 187 188
187 188 189
188 189
189 191
191 193
193
199 200
200
206 208
208
211 212
212 214
214
219 221
221
225 226
226
229
234 236
236
244
249 250
250 252
252 253
253
256 257 258
257 258
258 260
260 261 262
261 262
262 264
264 265 266
265 266 267
266 267
267 269
269
273 274 275
274 275 276
275 276 277
276 277
277 279
279 281
281
287
290 291
291
294
299 301
301 302
302
307 308
308 310
310 311
311
315 316
316 318
318 319 320
319 320
320 322
322 323
323 325
325 326 327
326 327
327
332
339 340 341
340 341
341
344 346
346 347 348
347 348 349
348 349
349 351
351 352 353
352 353 354
353 354 355
354 355
355
358
363 364
364 366
366 367
367
375 377
377 378 379
378 379
379 381
381 382
382
389 390
390 392
392
395 397
397 398
398 400
400
403
406
410
415
419 421
421
426 428
428 429 430
429 430
430 432
432 433 434
433 434 435
434 435 436
435 436
436
439 440
440
443 445
445 447
447 449
449 450 451
450 451
451 453
453 454 455
454 455 456
455 456 457
456 457
457 459
459
464 465 466
465 466
466 468
468 469 470
469 470 471
470 471
471
476
479 481
481 483
483 484
484 486
486 487 488
487 488 489
488 489
489
492 494
494 495
495
498
502 503 504
503 504
504 506
506 507 508
507 508
508
512 514
514 516
516 517
517 519
519 520 521
520 521 522
521 522
522
526 527 528
527 528 529
528 529 530
529 530
530
533 534
534 536
536
540 541
541 543
543 545
545 547
547 548
548 550
550 551 552
551 552 553
552 553
553
558 560
560 562
562
569 570
570
575 577
577
582 584
584 586
586 588
588
591 592 593
592 593
593
596
599
602 603
603 605
605
611 612 613
612 613 614
613 614 615
614 615
615
619 621
621 623
623 625
625 626 627
626 627
627
630 631 632
631 632
632 634
634
638 640
640 642
642 644
644
648 650
650
654
659 660
660 662
662 663
663
666 668
668
671
674 675
675
681 682 683
682 683 684
683 684 685
684 685 686
685 686
686 688
688 689 690
689 690 691
690 691
691 693
693 694 695
694 695
695 697
697
700 702
702 704
704 706
706
713
719 720
720 722
722 723
723
727 728
728
732 733
733
736
739
743
748 749 750
749 750 751
750 751
751 753
753 755
755 756
756
760 762
762
765 766 767
766 767
767
770 771 772
771 772 773
772 773 774
773 774
774
777 778 779
778 779 780
779 780
780 782
782 783 784
783 784
784 786
786 787
787 789
789
792 793
793 795
795 797
797
801
805 806
806 808
808 809 810
809 810 811
810 811
811
814 815
815
820 822
822
825 826 827
826 827
827
834 835
835 837
837
847
851 852 853
852 853
853
857
874 875 876
875 876
876
879 880
880
883 884
884
889 890
890
894 895
895 897
897
900 901 902
901 902 903
902 903
903
907 909
909 911
911 912
912 914
914 915 916
915 916 917
916 917 918
917 918
918
925 927
927 929
929
932 933
933
936 937
937
940 941 942
941 942
942
946 947
947 949
949 950
950 952
952 954
954 956
956
960 961 962
961 962 963
962 963 964
963 964
964
968
972 973
973
978 979
979
982
985 986
986
991 992 993
992 993 994
993 994 995
994 995 996
995 996
996 998
998 999
999
