#naive2.0.py
# GMT Fri Feb 14 13:34:05 2020
# 
1 2 3 999
2 3
3
7
10
13 14
14 16
16
19 20
20 22
22 23
23 25
25
29
33 34
34 36
36
39 40
40 42
42 43
43 45
45
49
53 54
54 56
56 57 58
57 58
58
64
68 69 70
69 70
70 72
72 73
73 75
75
78 79 80
79 80
80 82
82 83
83
86 88
88 90
90 91
91 93
93 94 95
94 95
95
98 99
99 101
101 103
103
106 107 108
107 108
108
116 118
118 119 120
119 120
120
126 127
127
134 135
135
138
142 143
143 145
145
149
160 161
161
165 167
167 168
168 170
170 171 172
171 172 173
172 173
173
177 178 179
178 179
179 181
181 183
183 185
185 186
186
189 191
191
194 195
195 197
197 198 199
198 199
199
202 203
203
206
213 214 215
214 215 216
215 216
216
219 221
221 223
223
227 229
229 230
230 232
232 233
233
240
244 246
246
250 251
251 253
253 254 255
254 255 256
255 256 257
256 257
257 259
259 260 261
260 261
261 263
263
269
272 274
274 275
275 277
277 279
279
285 286 287
286 287 288
287 288
288
291
295 296
296
299 300
300 302
302
308 310
310 312
312
315 317
317
320 321 322
321 322
322 324
324
327 328 329
328 329 330
329 330 331
330 331 332
331 332 333
332 333
333 335
335
339
342
346 347
347
350 351
351 353
353
359
364 365
365 367
367 369
369 370 371
370 371
371 373
373 374 375
374 375
375
379 380
380 382
382
385
397
403
406
411 413
413 414 415
414 415 416
415 416 417
416 417
417
421 423
423 424
424 426
426 427
427
433
436 438
438 440
440 442
442 443
443 445
445 447
447
450
454 455
455 457
457 459
459 461
461
464 465
465 467
467
471 472 473
472 473
473 475
475 476 477
476 477 478
477 478 479
478 479
479 481
481
485 487
487 488
488
494 495
495 497
497
500
504 505
505
510 511
511 513
513 514
514
518 519 520
519 520
520
524
529 530
530 532
532 533 534
533 534 535
534 535 536
535 536
536
539 540
540
550
558
564 565
565 567
567 568 569
568 569
569
573
576 578
578 579 580
579 580 581
580 581
581 583
583
586
589 590 591
590 591
591 593
593 594
594
599
602 603 604
603 604
604
608 609 610
609 610
610
615 617
617
620 621 622
621 622
622 624
624
627
630
635 637
637
643 645
645 647
647 649
649 650 651
650 651 652
651 652
652
657 659
659 660
660
666
670
674 675
675
678
683
686 687 688
687 688 689
688 689 690
689 690
690 692
692 694
694 695 696
695 696
696
699 700 701
700 701 702
701 702
702
712 713 714
713 714
714 716
716 717 718
717 718
718 720
720 721
721
726 727
727
730 732
732 733
733 735
735 737
737 738
738 740
740 741 742
741 742
742 744
744 745 746
745 746
746
749
753 755
755 756
756
760
763 764
764 766
766
769 770 771
770 771 772
771 772
772
776
780 781
781
784
787 788
788 790
790
793 794
794 796
796 797
797
800 801
801 803
803 805
805 807
807
814 816
816 817 818
817 818 819
818 819 820
819 820
820
824 825
825
829 831
831
834
838 839
839
842 844
844 845
845 847
847
851 852
852 854
854 856
856 857 858
857 858
858 860
860
864 865
865
869
873 875
875 877
877
880 882
882 883 884
883 884 885
884 885
885 887
887 889
889 890 891
890 891 892
891 892 893
892 893 894
893 894 895
894 895 896
895 896 897
896 897 898
897 898
898
902 904
904 906
906 907
907
911 912
912 914
914
918
923 924
924 926
926
932
937
942 943 944
943 944
944
948 949
949 951
951 952 953
952 953 954
953 954
954 956
956 957 958
957 958 959
958 959
959
965 966
966
969 970
970 972
972
975 977
977 978 979
978 979 980
979 980
980
983 984 985
984 985
985
988 989
989
993
996 997
997 999
999
