#naive2.0.py
# GMT Fri Feb 14 13:34:05 2020
# 
0 998
3
9
16 18
18
21 22 23
22 23
23 25
25
29 31
31 32
32 34
34 36
36 37 38
37 38
38
44 45 46
45 46
46 48
48
53 54
54
57 58
58
63
74
77 79
79
82 83 84
83 84
84 86
86 87 88
87 88 89
88 89
89 91
91 92
92
98 100
100 101 102
101 102 103
102 103 104
103 104
104 106
106 107
107 109
109 110
110
114
118 119
119 121
121
125 126
126
129 131
131
134 136
136
145 146
146
149 150
150 152
152 153
153 155
155 156
156 158
158 160
160
163 164 165
164 165 166
165 166
166 168
168 169 170
169 170
170 172
172 173 174
173 174
174 176
176
179 181
181
185 186 187
186 187
187 189
189 190 191
190 191 192
191 192
192
195
200 201
201 203
203 204
204 206
206 208
208 210
210 211 212
211 212 213
212 213
213 215
215
218 219
219 221
221 223
223
228 229
229
233 234
234
242 243 244
243 244 245
244 245
245 247
247 249
249 250 251
250 251 252
251 252 253
252 253
253
259 260
260
264 265
265 267
267
270 272
272 273 274
273 274
274 276
276 277
277
280
283 284 285
284 285 286
285 286 287
286 287
287
290 291
291 293
293
297 299
299 300 301
300 301 302
301 302 303
302 303 304
303 304 305
304 305
305 307
307 308
308
312 314
314 315 316
315 316 317
316 317 318
317 318
318
321 323
323 325
325 326
326
330 331 332
331 332 333
332 333
333
337 338
338 340
340 341
341 343
343 344 345
344 345
345 347
347 349
349 351
351 352
352
355 357
357 358 359
358 359 360
359 360
360 362
362 364
364 365 366
365 366 367
366 367
367
370 372
372 373
373 375
375 377
377 378
378 380
380 381 382
381 382
382
387 388
388 390
390 391
391
395 396
396 398
398 399 400
399 400 401
400 401 402
401 402 403
402 403 404
403 404 405
404 405
405 407
407 408
408
411 412 413
412 413
413
416 417 418
417 418
418 420
420
423
430
433 434
434 436
436 437 438
437 438
438
446 448
448 449
449 451
451
454 455 456
455 456 457
456 457 458
457 458 459
458 459 460
459 460
460
463
469 471
471
475 476 477
476 477
477
481 482
482
485 486 487
486 487
487 489
489 490 491
490 491
491 493
493 494
494
498 499 500
499 500 501
500 501 502
501 502 503
502 503
503
510 511
511 513
513 514
514
518 519
519 521
521 522 523
522 523
523 525
525 527
527 529
529
533
538 539
539 541
541 542
542
546 547 548
547 548 549
548 549
549
552
555 557
557 558
558 560
560
564 565 566
565 566
566
569
573
577 579
579
584 585
585
589 590 591
590 591 592
591 592 593
592 593
593 595
595
599 600
600
603 605
605 606
606
609 611
611 612
612
615
618 619 620
619 620
620 622
622 623
623 625
625 626 627
626 627 628
627 628 629
628 629
629
634 635 636
635 636 637
636 637
637 639
639
642 643
643 645
645
648 650
650
653 655
655 657
657 659
659
666
670 672
672 673
673 675
675 676 677
676 677 678
677 678
678 680
680 681
681
684 685
685
688 689
689 691
691 692
692 694
694
697 698 699
698 699
699
702 704
704 705
705
708 710
710 712
712 713 714
713 714
714 716
716
720
723 725
725 727
727
732 733 734
733 734
734
739
745 746 747
746 747 748
747 748
748 750
750 751 752
751 752 753
752 753
753 755
755 757
757 758 759
758 759 760
759 760
760
764
768 769 770
769 770 771
770 771
771
776
779 780
780 782
782 784
784 786
786 788
788 790
790
793 794
794 796
796 798
798 800
800
803 804 805
804 805 806
805 806
806 808
808 810
810
814 815
815 817
817 818 819
818 819
819 821
821 822 823
822 823
823
828 830
830 832
832 833
833
836
839
843 845
845 846 847
846 847
847
850 851 852
851 852 853
852 853
853
856
859 861
861 863
863
866 867 868
867 868
868
871
880 882
882 883 884
883 884
884
890
893
896 897 898
897 898
898
902 903
903
908 910
910 911
911 913
913
917 918 919
918 919
919
924
928
939 940
940 942
942 943
943 945
945
950
955 957
957
963
967 969
969
972 974
974 975
975 977
977
981 982 983
982 983
983
987
990
994 996
996 998
998
