#naive2.0.py
# GMT Fri Feb 14 13:34:05 2020
# 
2 3 4
3 4 5
4 5
5 7
7
11 12
12
16 17
17 19
19
22 23 24
23 24
24
27
30
34
40 41 42
41 42
42
45
48 49
49
53 54
54
58
63 64 65
64 65
65
71 72 73
72 73
73 75
75 76 77
76 77 78
77 78 79
78 79
79 81
81 82
82 84
84 86
86 87 88
87 88 89
88 89 90
89 90
90
93 94
94 96
96 97 98
97 98 99
98 99 100
99 100 101
100 101
101
104 106
106 107 108
107 108
108
112 113 114
113 114 115
114 115
115 117
117 118 119
118 119
119
122 123 124
123 124
124 126
126
130 131 132
131 132 133
132 133 134
133 134
134 136
136 137
137
140 141
141 143
143 144 145
144 145
145 147
147 149
149 150 151
150 151
151 153
153 154 155
154 155 156
155 156
156
159 161
161 162 163
162 163
163
167
170 172
172
175 177
177 179
179
185
188 190
190
193 194 195
194 195 196
195 196 197
196 197
197
202
206 208
208 210
210
213 214 215
214 215
215 217
217
220 221 222
221 222
222
226 228
228 230
230 232
232 234
234 236
236
244 246
246
249 250 251
250 251
251
254 256
256 257
257 259
259 261
261 263
263
269 270
270
273 274
274 276
276 277
277 279
279
283 284
284
287
290
293
298 299
299 301
301 302 303
302 303 304
303 304
304
307 308 309
308 309 310
309 310 311
310 311
311 313
313 315
315 316 317
316 317
317
320 322
322 323 324
323 324
324
328
332 334
334
338
341 342
342 344
344 346
346 348
348
351 352 353
352 353 354
353 354 355
354 355
355 357
357
360
365 367
367 369
369
372 373 374
373 374
374 376
376 377
377 379
379 380
380
389 391
391 392 393
392 393
393
396 397
397 399
399 401
401 402
402
405 406 407
406 407
407
413 415
415 416
416
420 421
421 423
423
427 428
428 430
430 432
432
435
439
442 444
444 445 446
445 446
446
449 450 451
450 451 452
451 452
452
456 457 458
457 458
458 460
460 461
461
467 469
469
472 473
473 475
475 477
477 479
479 480
480
484
488 490
490
494 495
495 497
497
500
505 506
506 508
508
513
520 521
521 523
523
526 528
528
531 533
533 535
535
538 539 540
539 540
540
543 544 545
544 545 546
545 546
546 548
548 549 550
549 550
550
553 555
555 556
556
561 562
562 564
564
567
571
574 575 576
575 576
576 578
578
584 586
586
589 590
590 592
592 593 594
593 594 595
594 595
595 597
597
602
605 606
606
612
618 619
619 621
621
626 627
627 629
629 630 631
630 631 632
631 632
632
637
644 645 646
645 646 647
646 647 648
647 648
648 650
650
654 655
655
658
662 664
664
667 668
668
674 676
676 677
677 679
679 680 681
680 681
681
685 687
687 688
688
692 693
693
699 701
701 703
703 704 705
704 705
705
708 709 710
709 710 711
710 711
711 713
713 714
714
717
721 722 723
722 723
723
728 729
729
734
738 740
740 742
742 743
743
746 748
748 749 750
749 750 751
750 751 752
751 752
752 754
754
757 758
758
764 765 766
765 766
766 768
768 769 770
769 770 771
770 771
771 773
773 774
774 776
776 777
777
781
784 785
785
788 790
790 791
791 793
793 794
794 796
796
802 804
804
809 810 811
810 811
811
814
817 819
819
822 824
824 825
825
828 830
830 831 832
831 832
832
835
838
842 844
844 846
846 847
847
851 853
853 854
854 856
856 858
858 860
860 861
861
865 866
866
869
872 873
873 875
875
880
883 884
884
887 888 889
888 889
889
893 895
895
898 899 900
899 900 901
900 901
901 903
903 904 905
904 905
905
911 912
912 914
914 915 916
915 916 917
916 917 918
917 918
918 920
920 922
922 924
924 925
925 927
927 928 929
928 929 930
929 930 931
930 931
931 933
933 935
935 936 937
936 937 938
937 938
938 940
940 942
942
946 947
947
950 952
952 953 954
953 954 955
954 955 956
955 956
956 958
958 960
960 962
962 964
964 965 966
965 966
966 968
968
971 972 973
972 973
973
976 977 978
977 978 979
978 979 980
979 980 981
980 981
981
985 986 987
986 987
987
991 992
992
