#naive2.0.py
# GMT Fri Feb 14 13:33:57 2020
# 
2 3
3
7 9
9 10
10 12
12
16
19
22
25 26 27
26 27
27
36 38
38
41
46 48
48 50
50
53 55
55 57
57
60
63
66 67 68
67 68
68
72
75
80 82
82
85 86
86 88
88
94
98
101
106 107
107
110 111
111
118 119
119 121
121 123
123 125
125 127
127 128 129
128 129 130
129 130 131
130 131
131 133
133 135
135
139 140 141
140 141 142
141 142 143
142 143 144
143 144 145
144 145 146
145 146
146 148
148 150
150 151 152
151 152 153
152 153 154
153 154
154
157 159
159
164 166
166
172 174
174 175
175
179 181
181
186
189
192 194
194
198 200
200 201 202
201 202
202
205 206
206 208
208 209
209
212 213
213
220 221 222
221 222 223
222 223
223 225
225 226
226
229 230
230
234 236
236
239
243
246 247 248
247 248 249
248 249 250
249 250
250
254
258 259 260
259 260 261
260 261
261
267 269
269 271
271
274
279
284
290 291 292
291 292 293
292 293
293
297 298 299
298 299
299
307 308 309
308 309 310
309 310
310 312
312
317 318 319
318 319
319
322 323 324
323 324
324
327 328 329
328 329 330
329 330 331
330 331 332
331 332 333
332 333
333 335
335 337
337 338 339
338 339
339
343 344 345
344 345 346
345 346
346
352
357
360 361
361 363
363 364
364
369
375 377
377 378 379
378 379 380
379 380
380
383
386 387 388
387 388 389
388 389
389 391
391 392 393
392 393 394
393 394 395
394 395
395
402 403 404
403 404
404
408 409 410
409 410
410
413 415
415 416
416
421 423
423 424
424 426
426 427
427
430 432
432 433 434
433 434
434
440 441 442
441 442 443
442 443
443 445
445
448 449 450
449 450
450
453 455
455 456
456 458
458
461 462 463
462 463 464
463 464 465
464 465 466
465 466
466 468
468 469
469 471
471
474 476
476 477
477 479
479 480 481
480 481 482
481 482
482 484
484
488 489 490
489 490 491
490 491
491
495 496 497
496 497 498
497 498 499
498 499
499
504 506
506
513 515
515
518
522 523 524
523 524 525
524 525
525
528 529 530
529 530
530 532
532 533 534
533 534
534
537 538
538 540
540 541
541 543
543 544 545
544 545
545
548 550
550
554 555
555
559 561
561
565
569
573 574 575
574 575
575
578
583 584 585
584 585 586
585 586
586 588
588 589
589
593 595
595 597
597 598 599
598 599
599
603 604
604
607
610
613 615
615 617
617 618
618
621 622
622 624
624 626
626 628
628 629 630
629 630 631
630 631
631 633
633 635
635 636
636 638
638 639
639
644 645
645
650
653 655
655 656 657
656 657
657 659
659 660 661
660 661
661 663
663 664
664
672 674
674 675
675 677
677
681 682 683
682 683
683 685
685 686
686
689 691
691 693
693 695
695 696 697
696 697
697 699
699 700
700 702
702
710 711 712
711 712
712 714
714 716
716
720
724
727 728
728
732 733
733
736 737
737
740 741
741 743
743 744
744 746
746
752
755 757
757
760
764
767 768
768
773 775
775 776
776
781
785 786
786
789 790
790 792
792 794
794 796
796 798
798 799 800
799 800
800
803 804 805
804 805
805
808 810
810
813 814
814
819 820
820 822
822 823
823 825
825 826 827
826 827 828
827 828 829
828 829
829
836 837
837 839
839
844 845
845 847
847 849
849 850
850
853 855
855 856
856 858
858 859
859 861
861 862
862 864
864 865
865 867
867 869
869 871
871
876 877
877 879
879 880 881
880 881 882
881 882
882
888
891
894 895 896
895 896
896
900 901 902
901 902 903
902 903
903
906 908
908 910
910
913 914
914 916
916
920
927 928 929
928 929 930
929 930 931
930 931 932
931 932 933
932 933 934
933 934 935
934 935
935 937
937 938 939
938 939
939
943
946
954
958 959
959
968
971 972
972 974
974
977
986 987
987
991
994
998 999
999
