#naive2.0.py
# GMT Fri Feb 14 13:34:01 2020
# 
3
6 8
8 9 10
9 10
10 12
12 13
13 15
15
18
22 23
23 25
25 26 27
26 27 28
27 28
28 30
30
38 39
39
45 47
47
50
54
57
64 66
66 67
67
72 73 74
73 74 75
74 75
75
80 81
81 83
83 84 85
84 85 86
85 86
86
89
99 100 101
100 101 102
101 102
102
105 106 107
106 107 108
107 108 109
108 109 110
109 110 111
110 111
111
118 119 120
119 120
120
123 124
124
127 128 129
128 129
129
132 133
133 135
135 137
137
142
146
149
152 154
154 156
156 158
158 159
159
163 164
164 166
166
169 171
171
174 176
176 178
178 179
179
183 185
185 186 187
186 187
187 189
189 191
191 193
193 195
195
198 200
200
204 206
206 208
208 210
210
214 215
215
218 219
219 221
221
225 226 227
226 227 228
227 228
228
232 234
234 235 236
235 236
236 238
238 239
239
242 243 244
243 244
244 246
246 248
248 250
250 251
251 253
253
257 258
258
261 262
262
265 266
266 268
268 270
270
273 275
275 276
276 278
278 280
280
283 284
284 286
286
293
298 300
300 301 302
301 302
302
305 306
306
312 313 314
313 314 315
314 315 316
315 316
316 318
318
321 322 323
322 323
323 325
325 326
326 328
328
332 333
333
337 338 339
338 339 340
339 340
340 342
342
345 347
347 349
349 351
351 352
352
355 356
356
359 360
360
364 365
365
368 369
369
373 374
374
379 380
380
384 385 386
385 386
386 388
388 390
390
395
401
407 408
408
411 412
412
416 418
418 419 420
419 420 421
420 421 422
421 422 423
422 423 424
423 424 425
424 425
425
431 432 433
432 433 434
433 434
434 436
436
440 442
442 444
444
447
450 451 452
451 452
452
457
462 463
463
466 467 468
467 468
468
472 473 474
473 474 475
474 475 476
475 476
476
479
484
489 491
491 492
492 494
494 495
495
499 500 501
500 501 502
501 502 503
502 503
503
509
512 513
513 515
515 516
516
519 521
521
524 525
525
530
535 536 537
536 537 538
537 538
538 540
540 541 542
541 542
542
545 546
546
549
554 555 556
555 556
556
560 562
562
566 568
568 569 570
569 570 571
570 571 572
571 572
572 574
574 575 576
575 576 577
576 577
577 579
579 581
581 583
583 584
584 586
586 587 588
587 588 589
588 589
589
594 595
595
598 600
600 602
602 603
603
606 608
608 610
610 611
611 613
613 614
614
620 621 622
621 622
622 624
624 625
625
630 632
632 633
633 635
635
638 640
640
644 646
646 647 648
647 648
648
651 652
652 654
654 655 656
655 656 657
656 657
657 659
659 660 661
660 661
661
664
669
675
680 681 682
681 682 683
682 683 684
683 684
684
693
696
702
706 707 708
707 708
708 710
710
714 716
716 717
717
720 721
721
727 728 729
728 729
729 731
731 732
732 734
734
738 739 740
739 740
740
747
752
755
758
763 765
765
768 769 770
769 770
770
778 779
779 781
781 782
782 784
784 785
785
789 791
791
794 796
796
799
804 806
806 807
807
815 816
816 818
818 819 820
819 820
820
823
827 828
828 830
830
833
838 839 840
839 840 841
840 841 842
841 842
842 844
844
847
851
854
857 858 859
858 859
859
863
867 868 869
868 869 870
869 870
870
873 874
874 876
876
879 880
880
884 886
886
891 892
892
895
898 900
900
903
906 907
907
912 913 914
913 914
914 916
916 917
917 919
919 921
921 923
923
928 929
929
933 934 935
934 935
935 937
937
942
945
948 949
949 951
951
955
958 959
959 961
961 962
962 964
964 965 966
965 966 967
966 967
967
970 971
971
974
978 979
979 981
981
984 985
985
991 992 993
992 993
993
997
