#naive2.0.py
# GMT Fri Feb 14 13:33:58 2020
# 
0 1
1
4 5
5 7
7
12 14
14
17
21 22
22
26 27
27 29
29 30 31
30 31
31 33
33
36 38
38
43
47 48 49
48 49 50
49 50
50 52
52
55 56 57
56 57
57
64 65
65
69
72 73 74
73 74
74
78 79 80
79 80 81
80 81 82
81 82 83
82 83
83 85
85 86
86
89 90
90 92
92
96 97 98
97 98 99
98 99
99
102 103
103
106 108
108 109
109
116
121 122
122 124
124 125
125 127
127
130 131 132
131 132 133
132 133
133
137 138
138
141 142 143
142 143
143
146 147
147
150
153
158 160
160 162
162 163 164
163 164 165
164 165
165
173
176 177 178
177 178
178
181
186 187
187 189
189 190 191
190 191
191 193
193 194 195
194 195
195
198
204
207 209
209 211
211 213
213 214
214 216
216 218
218 219
219
222 223
223
227
232 233 234
233 234 235
234 235
235
238
244
251
255 256
256 258
258
261 262 263
262 263
263
266 268
268
272
275 276 277
276 277
277 279
279
283 284
284
287
291 292
292
297 298
298
301
304 305
305 307
307
310 312
312
317
321 322
322
326
329 331
331 333
333 334 335
334 335 336
335 336 337
336 337 338
337 338 339
338 339 340
339 340
340 342
342
345
348 350
350
354 355
355
359 360
360
363 364 365
364 365 366
365 366
366 368
368 369 370
369 370
370 372
372 373 374
373 374 375
374 375
375 377
377
380 381
381
384
387 388 389
388 389 390
389 390 391
390 391
391
396 397 398
397 398
398
401
404 405 406
405 406 407
406 407
407
411 412 413
412 413
413 415
415
419
424
427 429
429 430
430
435 437
437 439
439 441
441 442 443
442 443
443 445
445 446
446
450 451
451
454
457 459
459 461
461
464 466
466 467 468
467 468 469
468 469 470
469 470 471
470 471
471 473
473
476 478
478 480
480 481
481
485 486
486
490 491
491
494 496
496 498
498
501 503
503
506 508
508 509
509 511
511 512 513
512 513
513 515
515 517
517
520 521
521
524 525
525 527
527
531
537 539
539
544
548 549
549
553
557 559
559 561
561 562 563
562 563
563 565
565 567
567 568
568
572 573 574
573 574 575
574 575 576
575 576
576 578
578 579 580
579 580
580 582
582
585
590 592
592 594
594 596
596
599
603 604 605
604 605
605
609 611
611 612
612 614
614 616
616 617
617
621 623
623 625
625 626
626
629 631
631 633
633
636
639 641
641 643
643
650
655 656 657
656 657
657 659
659 661
661
665 666 667
666 667
667 669
669
674 675
675
680 682
682 684
684 686
686 688
688 689
689
698
703 704 705
704 705 706
705 706 707
706 707
707
710 712
712 713 714
713 714
714 716
716 718
718
723 725
725
728 729 730
729 730 731
730 731
731
734
737 738
738
741 742
742
746 748
748
751 752 753
752 753 754
753 754 755
754 755 756
755 756
756 758
758
765 766 767
766 767
767
771 772
772
777 778
778 780
780 781
781 783
783 784 785
784 785 786
785 786 787
786 787
787
799
803 805
805 806 807
806 807 808
807 808
808 810
810 811
811
816
819 820
820
823 824 825
824 825
825 827
827 829
829 830
830
837 839
839
842 843 844
843 844 845
844 845
845
848 849 850
849 850
850
858 860
860 861
861
864 865
865
869 870 871
870 871
871 873
873 875
875
881
885 887
887 888
888
895 897
897 898
898
909 910
910 912
912 913 914
913 914
914 916
916 917 918
917 918
918
922 924
924 926
926 928
928 930
930
933 934 935
934 935 936
935 936 937
936 937 938
937 938 939
938 939 940
939 940 941
940 941
941
947 949
949
956
959 961
961 962
962
965
970
973 974
974 976
976 977 978
977 978
978
982
985
989 990
990 992
992 994
994
997
