#naive2.0.py
# GMT Fri Feb 14 13:34:05 2020
# 
0 2 998
2 3 4
3 4 5
4 5
5
9 10 11
10 11
11 13
13
19
25 27
27 29
29 31
31 33
33
36 37 38
37 38 39
38 39 40
39 40
40
44 45 46
45 46
46
49 50
50 52
52 54
54 56
56
59
66
72 73
73
77 79
79 81
81 83
83 85
85 86 87
86 87 88
87 88 89
88 89
89 91
91
95 96
96
99 100
100
106
112 114
114
126 127 128
127 128 129
128 129
129
135 137
137
140
143 145
145 146 147
146 147
147 149
149
154 155
155 157
157
160 161
161
164 165 166
165 166 167
166 167
167
173 174 175
174 175
175 177
177 178
178
181 182 183
182 183
183 185
185 186 187
186 187 188
187 188 189
188 189
189 191
191
195 196 197
196 197 198
197 198 199
198 199 200
199 200 201
200 201
201
204 205
205
208
211 212 213
212 213
213
219
222
225 227
227
233 234
234
237
244 245
245 247
247 249
249
252 253
253
256
259
262
266 268
268
271 272
272 274
274 276
276
281 282 283
282 283
283 285
285 286
286
289
292 294
294 296
296 297
297
300 302
302
307 309
309 310 311
310 311
311 313
313 314
314
317 318
318
322
325 327
327
335 337
337 338
338
345 346 347
346 347 348
347 348
348 350
350 351
351 353
353
359 361
361 362 363
362 363 364
363 364 365
364 365 366
365 366 367
366 367 368
367 368
368 370
370 372
372
375
381
385 387
387 388
388
395
400 402
402 403
403
407 409
409 410 411
410 411
411
414 415
415
419 420
420
423
430 431
431
436 438
438 440
440 441 442
441 442
442
445
450 451 452
451 452 453
452 453
453 455
455
458
461 462
462
469 470 471
470 471
471
474 475 476
475 476
476
480
485
491 493
493 494
494 496
496
499 500
500
504
509 510
510
515 517
517 519
519
524 525
525
530 532
532 533
533
536 538
538
543 544 545
544 545
545
552 553 554
553 554
554 556
556
559 561
561 562 563
562 563
563
566
572 573 574
573 574
574
577
580 581 582
581 582 583
582 583
583 585
585
590
594 595
595
598 599
599
602 603
603
606 607
607
610 611 612
611 612 613
612 613 614
613 614 615
614 615
615
619 620
620 622
622 623 624
623 624
624
627
632
635
638 639 640
639 640 641
640 641
641
644
647 649
649 651
651
657 658
658 660
660 662
662 663 664
663 664
664 666
666 667
667 669
669 670 671
670 671
671
677 678 679
678 679
679
685 686 687
686 687
687
690
694
703
707 708 709
708 709
709
712 714
714 715 716
715 716
716
722
725 727
727 728 729
728 729 730
729 730
730
733
738 740
740
743 744
744 746
746 747
747
752 754
754
757 758 759
758 759
759 761
761
764 765
765 767
767
770 771 772
771 772
772
784 785
785
788 790
790
793
797
801 802
802
805
810
814
817
822 823 824
823 824 825
824 825 826
825 826 827
826 827
827
831
836
840
843
847 848 849
848 849 850
849 850
850 852
852 853 854
853 854 855
854 855 856
855 856
856
860 861 862
861 862
862 864
864
870 872
872 874
874 876
876 877
877 879
879
884 886
886
893 894
894 896
896 897 898
897 898
898
902 903
903
906 907
907
912
915 916
916 918
918
922 923
923 925
925 927
927
930 931
931
934 935
935
940
943 945
945 946
946
949 950
950 952
952 953 954
953 954
954
957 958 959
958 959
959 961
961 963
963
971 972
972 974
974
977 979
979
982 983 984
983 984
984
988
992
997 998
998
