#naive2.0.py
# GMT Fri Feb 14 13:33:58 2020
# 
0 2
2 3
3 5
5 6
6
12 13 14
13 14
14
19 20 21
20 21 22
21 22 23
22 23
23 25
25 26 27
26 27
27 29
29
34 36
36
40 41
41
45 47
47 48
48 50
50
53 55
55
59 60
60
63 64 65
64 65
65 67
67 68
68
71
74 75
75
78 79
79
82
87 88 89
88 89 90
89 90 91
90 91
91
94
97 98
98
102 103
103
106 108
108 109 110
109 110
110 112
112
116 118
118 120
120 122
122 124
124 125
125
128 130
130
133 134 135
134 135 136
135 136 137
136 137
137
141 143
143
149
152
155 157
157 158 159
158 159
159 161
161 162
162
169 170
170
174
178
181
185 186 187
186 187 188
187 188
188 190
190 192
192 194
194 195
195 197
197 198 199
198 199
199
202
205 207
207 208
208 210
210
215
218
221 222 223
222 223
223
227
235 237
237
242 243
243
246
249 251
251 252
252 254
254 255 256
255 256
256
267 268
268
271
274 276
276 277 278
277 278
278 280
280 281 282
281 282
282
285 286 287
286 287 288
287 288 289
288 289 290
289 290
290
300
306 307 308
307 308
308 310
310 311
311 313
313 315
315 316 317
316 317 318
317 318 319
318 319 320
319 320
320
325 327
327
330 332
332 333
333
336 337 338
337 338 339
338 339 340
339 340
340 342
342
347 348 349
348 349 350
349 350
350
356
359 360
360 362
362
365 366 367
366 367 368
367 368
368
371 372
372
379 380
380 382
382 383 384
383 384 385
384 385
385 387
387 388 389
388 389
389
393 395
395
400 402
402 404
404 406
406 407 408
407 408 409
408 409
409
412
415 416
416
419 420 421
420 421 422
421 422
422
426 428
428
434 435 436
435 436
436 438
438 439 440
439 440
440
444
447 448 449
448 449 450
449 450 451
450 451
451
455 456
456
462
465
471 472
472
476
482 484
484 486
486
490
494 495 496
495 496 497
496 497
497
501 502
502 504
504 506
506 507
507 509
509
512 514
514 516
516 518
518
522
526 527
527 529
529 530 531
530 531
531 533
533
540
543 544 545
544 545
545 547
547 548
548
556
564 565
565 567
567 568 569
568 569
569 571
571 572
572
575
578
583 585
585 587
587 589
589 591
591 592
592 594
594 595 596
595 596
596
599 601
601 603
603 605
605 606
606 608
608
613 614 615
614 615 616
615 616
616 618
618 619 620
619 620 621
620 621
621
624 625
625 627
627 629
629 630
630
633 635
635 636
636
639 640
640
646
651
655 657
657 658 659
658 659
659 661
661 662 663
662 663
663 665
665 666 667
666 667 668
667 668 669
668 669
669 671
671 672
672
676 677
677 679
679 681
681 683
683
688
691 692
692 694
694 696
696 697
697
701
704 705
705 707
707 709
709
712
717
720 721 722
721 722
722 724
724
727 729
729
732 734
734
738
742
745 746 747
746 747
747 749
749 751
751
754 755
755
758 759
759 761
761 762
762
767 768
768 770
770 772
772
775 776 777
776 777
777
782 784
784 786
786 788
788 789
789
792 794
794 795
795 797
797 799
799 801
801 802 803
802 803
803
806
809 810 811
810 811
811
816 817 818
817 818
818 820
820
824
828 830
830 831 832
831 832 833
832 833 834
833 834
834
837
842 843
843
846 847
847
850 851 852
851 852 853
852 853
853
859
867
874 876
876 877
877 879
879 880 881
880 881
881
886
890 892
892 894
894
898 900
900 901 902
901 902 903
902 903
903 905
905 907
907 909
909
914 915 916
915 916 917
916 917
917 919
919 920
920 922
922 924
924 925
925
930
939
943
946 948
948 950
950 951
951 953
953 954 955
954 955
955
958 960
960
963
978
986 987 988
987 988
988
991 992 993
992 993
993 995
995 997
997
