#naive2.0.py
# GMT Fri Feb 14 13:34:03 2020
# 
0 2 998
2
5
8 10
10 11 12
11 12
12 14
14
18 19
19
23 24
24 26
26
29 30
30
33 34
34 36
36 38
38 40
40 41 42
41 42
42 44
44 45 46
45 46 47
46 47
47
52
57 59
59 61
61
64
67
71 72
72 74
74
77 78
78 80
80 81 82
81 82 83
82 83
83
86 88
88 90
90
98
101 102
102
105 106
106
110
114 115 116
115 116 117
116 117
117 119
119 120 121
120 121
121 123
123 124
124 126
126 127
127 129
129 130
130
133 134 135
134 135
135
144 145 146
145 146 147
146 147 148
147 148 149
148 149 150
149 150
150
153 154 155
154 155 156
155 156 157
156 157
157
160
167 168
168 170
170 172
172 174
174 175 176
175 176 177
176 177 178
177 178 179
178 179 180
179 180
180
183
187 188
188 190
190 191 192
191 192 193
192 193
193 195
195 196
196
201 203
203
206 207
207 209
209 210 211
210 211
211 213
213 215
215
219 220
220
224 225 226
225 226
226 228
228
233 234
234 236
236 238
238 239
239 241
241
246 247
247
251 253
253 254 255
254 255 256
255 256
256
259 260
260
267 269
269 270 271
270 271
271
276
279 280 281
280 281 282
281 282 283
282 283 284
283 284 285
284 285
285
288 289 290
289 290 291
290 291
291
294 296
296
299 300 301
300 301
301
307 309
309 310 311
310 311 312
311 312
312
321 323
323
326 327 328
327 328 329
328 329 330
329 330 331
330 331
331
335 337
337
340 341
341
346
349
352 354
354
357
365
369 370
370
373 375
375 376 377
376 377
377 379
379 380
380
384 385 386
385 386
386
389 390 391
390 391 392
391 392 393
392 393 394
393 394
394 396
396 397 398
397 398
398
405 406 407
406 407
407
410 411
411
414
419
422
426
430 431 432
431 432 433
432 433
433 435
435 436 437
436 437
437 439
439 440
440 442
442
454 455
455 457
457 458 459
458 459
459 461
461 463
463 464 465
464 465 466
465 466 467
466 467 468
467 468 469
468 469 470
469 470 471
470 471
471
477
481
485 486
486
489
492
496
499 500 501
500 501
501 503
503 504
504 506
506 507
507 509
509 510
510
515 516 517
516 517
517
521 522
522 524
524 526
526 528
528 530
530 531 532
531 532
532 534
534 535
535
543 544
544 546
546
550 551
551
558 559 560
559 560
560
566
570
576
580 581
581
584 586
586
595 596 597
596 597
597
601
604 605 606
605 606
606
613 614 615
614 615 616
615 616
616 618
618 619
619
623 624
624
629 630
630
635
640 641 642
641 642
642
645 646
646
650 651
651
654
658 659 660
659 660
660 662
662
665 666
666
670 672
672 673 674
673 674
674
683 685
685 687
687 689
689 690 691
690 691 692
691 692 693
692 693 694
693 694 695
694 695 696
695 696
696
699 701
701 702
702 704
704 706
706 707
707 709
709 711
711 713
713
716 717 718
717 718
718
721
727 729
729 731
731 732
732 734
734 736
736 738
738
741
744
747 748 749
748 749
749
752 753
753
756 758
758
766 767
767
770 771 772
771 772 773
772 773 774
773 774
774
778
781
792 794
794 795
795 797
797 799
799
802 803
803
807 808 809
808 809
809 811
811 812 813
812 813
813
819 821
821 822
822
827 829
829 830 831
830 831
831
834
837
844
848
852 853
853
858 859
859 861
861
868 869 870
869 870
870
873 874 875
874 875
875
878
881
886 888
888 890
890 892
892 894
894 895 896
895 896 897
896 897 898
897 898
898 900
900 901
901
904
910 911 912
911 912 913
912 913 914
913 914 915
914 915
915
918 920
920
924 925 926
925 926 927
926 927
927
930 931 932
931 932
932 934
934
937
942 943
943
946 947
947
950 951 952
951 952 953
952 953
953
956
959 960
960
963 964 965
964 965
965 967
967 968
968 970
970 972
972
975 977
977 979
979
982 983
983
986
989 991
991 993
993 994
994
997 998
998
