#naive2.0.py
# GMT Fri Feb 14 13:34:05 2020
# 
0
3 4
4
8
12 13 14
13 14 15
14 15
15
19 20
20
25
28 30
30
33 35
35
39 40 41
40 41 42
41 42
42 44
44 46
46 47
47 49
49
53 54 55
54 55 56
55 56 57
56 57 58
57 58 59
58 59
59 61
61
66
70 71 72
71 72
72
75 76 77
76 77
77
80 82
82 83 84
83 84
84 86
86 87 88
87 88
88
94 96
96 97 98
97 98
98
102 103
103
106 107
107
112 113
113 115
115
118 119 120
119 120 121
120 121
121
125 126 127
126 127
127
132 133
133 135
135 136
136
139 140
140 142
142
145
148
153 154
154 156
156 157 158
157 158 159
158 159
159 161
161 163
163 164
164
172 173
173 175
175
178 179
179 181
181
184 185
185
189 190
190
196 197 198
197 198 199
198 199 200
199 200 201
200 201 202
201 202 203
202 203
203
207 208 209
208 209 210
209 210
210 212
212
215 217
217
221
224 225 226
225 226 227
226 227 228
227 228 229
228 229 230
229 230 231
230 231 232
231 232
232
235 237
237 238
238 240
240 242
242 243
243
246 248
248 249 250
249 250
250
253 254
254 256
256
261 262
262
265
268
271
274 276
276 277
277
281 282 283
282 283 284
283 284
284 286
286 287 288
287 288 289
288 289 290
289 290
290 292
292 293
293
300 301
301 303
303 305
305 307
307 308
308 310
310 311
311
314
319
325 326 327
326 327 328
327 328
328 330
330 331 332
331 332
332
336
339
343
346
351
354 355 356
355 356
356 358
358 359 360
359 360 361
360 361 362
361 362 363
362 363 364
363 364
364
369 371
371 373
373 374
374
381
384 385 386
385 386
386 388
388 390
390 391
391 393
393 394
394 396
396 397
397
402 403 404
403 404
404 406
406 407 408
407 408 409
408 409 410
409 410 411
410 411 412
411 412
412
417 418
418
422 423
423 425
425 426 427
426 427
427
433 435
435 436 437
436 437 438
437 438
438
444 445 446
445 446 447
446 447
447 449
449 450 451
450 451 452
451 452
452
455 456
456
468
472
477 478
478 480
480 481 482
481 482 483
482 483
483 485
485 487
487 488
488 490
490
495
499 501
501 502
502 504
504
508 510
510
513 514 515
514 515
515 517
517 518 519
518 519 520
519 520 521
520 521 522
521 522 523
522 523
523 525
525 526
526
536
540 542
542 543 544
543 544
544
549 550
550
553
558 560
560 561
561
567 568
568 570
570 571
571 573
573 575
575 576 577
576 577
577
581
585 586
586
592
598 600
600
604
608 609
609
618 620
620
623 624 625
624 625
625
628
633 634 635
634 635 636
635 636
636
642 644
644 645 646
645 646 647
646 647
647
653
656 657 658
657 658
658
667 668
668 670
670 671
671
675 677
677 678
678 680
680 682
682 684
684
687 688 689
688 689 690
689 690 691
690 691 692
691 692 693
692 693 694
693 694 695
694 695 696
695 696 697
696 697
697
700 701 702
701 702 703
702 703
703
709 710 711
710 711 712
711 712
712 714
714 716
716
720 722
722 724
724
727 728 729
728 729
729 731
731 732
732 734
734 736
736 737
737 739
739 741
741 743
743 745
745 746
746 748
748 750
750 752
752 754
754 756
756 758
758
762 763 764
763 764
764
769 770 771
770 771
771
774 775
775
778 779 780
779 780
780 782
782 783
783
787 789
789
792
796
799 801
801 802 803
802 803
803 805
805 806
806 808
808 810
810
814 815
815 817
817 818
818
821
824 825
825
828
831 832
832
835 837
837 839
839 840
840
843 844
844
853 854 855
854 855 856
855 856
856
860 861
861 863
863 865
865 866 867
866 867 868
867 868
868 870
870
873 875
875 877
877 879
879 880
880 882
882
888
892
898
901 902 903
902 903
903 905
905
909 911
911
915 917
917
921 922
922 924
924
927 928 929
928 929 930
929 930 931
930 931 932
931 932
932 934
934 935 936
935 936 937
936 937
937 939
939 940 941
940 941 942
941 942
942 944
944 945 946
945 946 947
946 947
947
950
953
957 958
958 960
960
964
968 969
969 971
971
975 977
977 979
979
984
989 990 991
990 991 992
991 992 993
992 993
993 995
995 996 997
996 997
997
