#naive2.0.py
# GMT Fri Feb 14 13:34:01 2020
# 
0 1
1
4 5 6
5 6 7
6 7
7 9
9 10
10 12
12 13 14
13 14
14 16
16 18
18 19 20
19 20 21
20 21 22
21 22
22 24
24
27
31
34 35
35
40 41
41 43
43 44
44 46
46 47 48
47 48
48 50
50 52
52 53
53
56 57
57 59
59
64 66
66 67
67
70 71
71
74 76
76 77
77 79
79 81
81 83
83 84 85
84 85
85
88 90
90 91 92
91 92
92 94
94 96
96 98
98 99
99 101
101
104
107
111
117
120 122
122 124
124 126
126
129
133
136 137
137 139
139
153 154
154 156
156
162 163 164
163 164 165
164 165
165
168 169 170
169 170 171
170 171
171
177 179
179 181
181 183
183 185
185 186 187
186 187
187
191 192
192 194
194
197 199
199 200 201
200 201 202
201 202 203
202 203
203
206
209 210
210
213
220 222
222
230
233 234
234
239 240
240 242
242
245 247
247 248 249
248 249
249
255 257
257
260
263 264 265
264 265 266
265 266
266
270 271
271
274 275 276
275 276 277
276 277
277
280 281 282
281 282
282 284
284
287
291
299
302
305 306 307
306 307
307
311
315
318 320
320 322
322 324
324 325
325 327
327 328 329
328 329 330
329 330
330
334 335
335 337
337
340 341 342
341 342 343
342 343
343
348 349 350
349 350 351
350 351 352
351 352 353
352 353 354
353 354 355
354 355
355 357
357 359
359 360
360
365 366 367
366 367
367 369
369 370 371
370 371 372
371 372 373
372 373 374
373 374
374 376
376 377 378
377 378
378
381
384
387 388
388
391 393
393 394
394
397
402
407 408 409
408 409 410
409 410 411
410 411
411 413
413 414 415
414 415 416
415 416
416
419
424 426
426 427 428
427 428 429
428 429 430
429 430 431
430 431 432
431 432
432 434
434 435
435
440 441
441 443
443 444 445
444 445 446
445 446
446
450 451 452
451 452 453
452 453
453
457
462 464
464
469 471
471
475 476
476 478
478 480
480 481
481
484 486
486 488
488
491
494 496
496
499 500 501
500 501 502
501 502 503
502 503
503 505
505 506 507
506 507
507
515
520 521
521
527
530 531
531
536 537 538
537 538
538 540
540 542
542 543 544
543 544 545
544 545
545
549 550 551
550 551
551
559 560 561
560 561 562
561 562
562
565 566
566 568
568
572 573
573
576 578
578 580
580
588 589
589 591
591 593
593 595
595 597
597
600 601
601 603
603
606 608
608 610
610 612
612
616 617
617
620 621 622
621 622 623
622 623 624
623 624
624 626
626
633
636 638
638 640
640 641
641
644 645
645 647
647 648 649
648 649 650
649 650 651
650 651
651 653
653 655
655 656 657
656 657
657 659
659 660 661
660 661
661 663
663 665
665
669 671
671 672
672
677 678
678
684 685
685 687
687 689
689 691
691
694
697
700 702
702
706 707
707
711 712 713
712 713 714
713 714 715
714 715 716
715 716
716
720 721 722
721 722 723
722 723 724
723 724
724
727
730 731
731
734
737 739
739 740
740
744 745
745 747
747 749
749 750 751
750 751
751
756 758
758
761 762 763
762 763 764
763 764
764 766
766 768
768 770
770 771
771 773
773 774 775
774 775
775
778 780
780 781 782
781 782
782 784
784 785
785 787
787
792 793 794
793 794
794 796
796
799 800
800 802
802 803
803 805
805 806
806
810 811
811
814 815
815
818 820
820
824 826
826 828
828 830
830
833
836 837 838
837 838
838 840
840 841
841
845
851
854
860
863 865
865
868 870
870 871
871 873
873
876 877 878
877 878
878 880
880 881
881
884
890 891 892
891 892 893
892 893
893 895
895
898 900
900
906
911 912
912 914
914
917
921 922
922 924
924 926
926 927 928
927 928 929
928 929
929 931
931
934 936
936
939 940 941
940 941 942
941 942 943
942 943
943
947 949
949 950
950 952
952
956 957
957
962
965
968 969 970
969 970
970
975 976
976
980
984 985
985
988
991 993
993
