#naive2.0.py
# GMT Fri Feb 14 13:33:56 2020
# 
3
9 10
10 12
12 13 14
13 14 15
14 15 16
15 16
16
19 21
21 22
22 24
24 26
26 27 28
27 28
28 30
30 32
32 34
34 35 36
35 36
36 38
38 39 40
39 40 41
40 41 42
41 42
42
46 48
48
51 52
52 54
54 55
55
58 59
59 61
61 62 63
62 63
63
67
70
73
78 79
79 81
81 83
83
86 87
87
91
95
98 99
99 101
101
105 107
107 108
108 110
110 112
112 114
114
117 118 119
118 119 120
119 120
120 122
122 124
124 125
125 127
127 129
129 131
131 132 133
132 133 134
133 134
134
139 140
140 142
142
146 147 148
147 148
148
154
159 161
161 163
163 165
165 166 167
166 167 168
167 168 169
168 169
169
173 174
174
177
180 181 182
181 182
182 184
184 185 186
185 186 187
186 187
187
192 193
193 195
195 196
196
199
203 204
204 206
206 207 208
207 208
208
213 214 215
214 215
215
222 224
224 225 226
225 226
226
230 232
232
236
239
243 244
244
253 254 255
254 255
255 257
257
261 262 263
262 263
263
266
269 271
271
276 277
277 279
279
283 284
284 286
286
293 295
295 296 297
296 297
297
300
306
310
313 314
314
317
320
323 325
325 326 327
326 327 328
327 328 329
328 329
329
334 336
336
340
344 345 346
345 346
346 348
348
357
360 361 362
361 362
362
366 367 368
367 368
368 370
370
373 374
374 376
376
380
385
394 395 396
395 396 397
396 397 398
397 398 399
398 399 400
399 400 401
400 401
401
405 406 407
406 407 408
407 408 409
408 409 410
409 410 411
410 411
411
415 416
416 418
418
422 424
424 425
425
429 431
431 432
432 434
434 435
435 437
437 438 439
438 439
439
444 445
445 447
447 448
448
451 452
452 454
454 456
456
460 462
462 464
464 466
466
473
478
481
487 489
489 491
491 492 493
492 493 494
493 494
494
498 500
500 502
502 503
503 505
505 507
507
511
514 516
516
520
523 524 525
524 525 526
525 526
526 528
528 530
530 532
532 533 534
533 534 535
534 535 536
535 536
536
542
546
551
554 555 556
555 556
556
559 561
561 562
562
565 567
567 569
569
573 574
574
577 579
579 580 581
580 581
581
584 585
585 587
587 588
588
591 592 593
592 593
593
600 602
602
606 607
607 609
609
612 613
613
617
620
623 624 625
624 625
625 627
627 628
628
636 638
638 639 640
639 640
640
643 645
645 646 647
646 647 648
647 648
648 650
650 652
652 653
653
656 657
657
662 663 664
663 664 665
664 665
665
672 674
674 675
675 677
677 679
679
683
690
694 696
696
700
707 709
709 710 711
710 711 712
711 712
712
715 716 717
716 717 718
717 718
718
721
724 726
726
729 731
731
735 737
737
743
747
754
759
764 766
766 768
768 769
769
772
775 777
777
780
784 785
785 787
787 789
789
792 793 794
793 794
794 796
796 797
797 799
799 800 801
800 801
801 803
803
806
811
815
819
823 825
825 826 827
826 827 828
827 828 829
828 829
829
832 833
833
837 838 839
838 839 840
839 840 841
840 841 842
841 842
842
845 846
846
849 851
851
854 856
856 858
858
861 862 863
862 863 864
863 864
864
870 871
871
878 879
879
882 883
883
887 888
888 890
890
897 899
899 900 901
900 901
901
909
912
916
919 920
920
924 926
926
929 930 931
930 931 932
931 932
932
936 937
937
940 941
941 943
943
946 948
948
952
955
958 959 960
959 960 961
960 961
961
964 965
965 967
967
972 974
974 975 976
975 976 977
976 977
977 979
979 980
980
983
986 988
988
991 992 993
992 993
993
996 997 998
997 998
998
