#naive2.0.py
# GMT Fri Feb 14 13:33:58 2020
# 
2
6 7
7
11
16
25 27
27 28 29
28 29
29 31
31 32
32 34
34
37
40 42
42
45
48
51 52
52 54
54
57
62
65 67
67 68 69
68 69
69 71
71
74
77 78 79
78 79 80
79 80
80
84 85 86
85 86
86 88
88 89
89
92 93 94
93 94
94
97 98
98 100
100
105 107
107 108
108
118 120
120 122
122 123 124
123 124
124 126
126
129 130
130
135
138 139
139
143 145
145 146
146
150 152
152 154
154
162 163 164
163 164
164
167 168
168
172
175 177
177 179
179
183
186 187
187 189
189 191
191 193
193
196 198
198 199
199 201
201 202
202
206 207 208
207 208
208
215 216
216 218
218
221 222
222
228 229
229
233 234
234
238
244
247
250 251
251
255 257
257
262 263 264
263 264 265
264 265
265
269 270 271
270 271 272
271 272
272
276 278
278 280
280 282
282
287 289
289
292 293 294
293 294 295
294 295
295
298 300
300
305
308
315 317
317
321 322 323
322 323 324
323 324
324
327
330 332
332 333
333
336
340 342
342 343
343 345
345
351 352 353
352 353 354
353 354
354
360 362
362
369 370
370 372
372 374
374 376
376 377 378
377 378 379
378 379 380
379 380 381
380 381 382
381 382
382 384
384 385 386
385 386 387
386 387
387 389
389 391
391
395 397
397 399
399 401
401 402
402
405 406 407
406 407
407
412 413 414
413 414
414 416
416 418
418
421
424
427
433 435
435 436 437
436 437
437 439
439 441
441
446
450 452
452
457
460 462
462 463 464
463 464
464
467 468
468 470
470 471
471 473
473
476
481
484 486
486
489
493 495
495 497
497 499
499 500
500 502
502
505 506
506
512 513
513
516 517 518
517 518
518
521 523
523 525
525 526
526 528
528 530
530 532
532 534
534
537 538 539
538 539
539 541
541 543
543 545
545 546
546
549
552 554
554 555 556
555 556
556 558
558
563 565
565 566
566 568
568 569 570
569 570
570 572
572
575 576
576
581 582
582 584
584 586
586 587
587
590 592
592 594
594
602 604
604 606
606 607
607
611
616 617 618
617 618
618
621 622
622
626 628
628 630
630
635 637
637
642 643
643 645
645
648
651 652 653
652 653 654
653 654
654
657 659
659 660 661
660 661
661 663
663
667
670 671
671 673
673 674 675
674 675
675 677
677 679
679 681
681
684
687 688
688
691 693
693
697 698 699
698 699
699 701
701 703
703
708 709 710
709 710
710 712
712
718 720
720 721
721 723
723 725
725 727
727 728
728
731 733
733 734 735
734 735 736
735 736
736
743
746 748
748
752 753 754
753 754
754
757
761
765 766 767
766 767 768
767 768 769
768 769
769 771
771 772 773
772 773
773 775
775
778 779
779
782
785 787
787
790 792
792 794
794 796
796 798
798 799 800
799 800
800
805 807
807 809
809 811
811 812 813
812 813
813 815
815 816 817
816 817
817
820
824 825 826
825 826
826
829 831
831 832
832 834
834 835 836
835 836 837
836 837
837
842 843 844
843 844 845
844 845 846
845 846 847
846 847
847 849
849
854 855
855 857
857 858
858
863 865
865
868
872 873
873
876 877 878
877 878
878 880
880 882
882 883
883
888 889
889 891
891 892
892
895 897
897 898
898 900
900
904 906
906
910
913
917 919
919 921
921 923
923 924 925
924 925 926
925 926
926
932
935 936 937
936 937
937 939
939 940
940
943 944 945
944 945
945 947
947
954 956
956 957 958
957 958 959
958 959 960
959 960 961
960 961
961 963
963 964
964
968
972
976
980 982
982
985 987
987
990 991 992
991 992
992
995 996
996
