#naive2.0.py
# GMT Fri Feb 14 13:34:05 2020
# 
1 999
6 7
7
10
13 14 15
14 15
15
19 20
20 22
22 23
23
27
31
35 37
37 39
39
43 44
44 46
46 48
48 50
50
61 63
63
67 68 69
68 69
69
72 74
74 76
76
79 80
80
83
87 88 89
88 89
89 91
91
96
106 108
108
114 116
116
119 120
120 122
122
126
130 132
132 134
134 136
136 138
138 139
139
142 143 144
143 144 145
144 145 146
145 146
146
152 154
154
162 164
164
167 169
169 171
171 172 173
172 173
173
177
184 185 186
185 186
186
194 196
196 197 198
197 198
198 200
200 201
201 203
203 204
204
209
212 214
214 215 216
215 216 217
216 217 218
217 218
218
223 225
225 226
226 228
228
236 237 238
237 238 239
238 239 240
239 240 241
240 241
241
244 245 246
245 246
246
249
254 255
255
258 259
259
264 266
266 267 268
267 268
268 270
270 272
272 273
273 275
275 276 277
276 277 278
277 278
278 280
280 281 282
281 282
282 284
284 286
286 287
287
290 291 292
291 292 293
292 293
293
296
299 300
300
305 307
307 308
308 310
310
315 316
316
319 321
321
324
328 330
330
335
338
343 345
345 347
347
352 353 354
353 354
354 356
356
359
364
367 368
368 370
370 371 372
371 372
372 374
374 375
375
378 380
380
384
387 388 389
388 389
389
393
396
400 402
402 403 404
403 404
404 406
406 407 408
407 408
408
413 414
414 416
416 418
418 419
419
422
425
431 432 433
432 433
433 435
435
439
443 444 445
444 445
445 447
447
450 451
451 453
453 454
454
458 459 460
459 460
460 462
462 463 464
463 464
464
468 469 470
469 470
470 472
472 474
474
477 478
478
481
485 487
487
490
495 496 497
496 497
497 499
499
504 505
505
509 510
510
513
516 517
517
520 521
521 523
523 525
525 526 527
526 527
527 529
529
534
537 538 539
538 539
539
542 543
543
546 547
547 549
549
552
556
559
563 565
565 566 567
566 567 568
567 568
568
574 576
576 578
578 580
580 582
582 583 584
583 584
584
588 589
589 591
591
595 597
597
600
608 610
610
613 614
614 616
616
619
623
628 630
630 631 632
631 632
632 634
634
637 638 639
638 639
639
643 644
644
648 650
650 651
651
658 659
659
663 665
665
668 669 670
669 670
670 672
672 674
674
678 680
680 682
682 683 684
683 684
684
688
691
694 696
696 697
697
701 702
702
705
708
713 715
715 717
717 718
718 720
720 721 722
721 722
722
726 727 728
727 728
728 730
730 731 732
731 732 733
732 733 734
733 734 735
734 735 736
735 736
736 738
738
744 745 746
745 746
746 748
748
755 756 757
756 757 758
757 758
758 760
760
763 764 765
764 765
765
770 771
771 773
773 774
774 776
776 778
778
783
791 792 793
792 793
793
797 798
798 800
800 801 802
801 802 803
802 803
803
807 809
809 811
811
817 818
818
821 822
822 824
824 825
825
829 831
831 832
832 834
834 836
836
841 843
843 844
844 846
846
850 851 852
851 852 853
852 853
853
856
859
864
867 868
868 870
870 871
871
879 881
881
886 887
887
890 891
891 893
893
899 901
901 902
902
905 906
906
909
912 913
913
918 920
920
925 926
926 928
928 929
929
932 933 934
933 934 935
934 935
935
939 940 941
940 941 942
941 942
942
947 949
949 950
950
954
957
960 961 962
961 962 963
962 963 964
963 964 965
964 965
965 967
967 968 969
968 969
969
974 976
976 977 978
977 978
978 980
980 981
981
984
987 989
989
995 997
997 999
999
