#naive2.0.py
# GMT Fri Feb 14 13:33:58 2020
# 
1 2 3 999
2 3
3 5
5 7
7 8 9
8 9 10
9 10 11
10 11
11 13
13
19 20
20
23 24 25
24 25
25 27
27 29
29 31
31 33
33 34
34
37 39
39
44 46
46 47
47
51
55
60 62
62 63
63 65
65 66
66 68
68
71 72 73
72 73 74
73 74
74 76
76 77 78
77 78
78 80
80 82
82
85 86 87
86 87
87 89
89 91
91 93
93 94 95
94 95
95
98 99 100
99 100 101
100 101 102
101 102 103
102 103 104
103 104 105
104 105 106
105 106 107
106 107
107
112 114
114 115 116
115 116 117
116 117 118
117 118 119
118 119
119 121
121
125
128 129 130
129 130
130 132
132 134
134 135 136
135 136 137
136 137
137
140 141
141
144 145
145
151
162 164
164
168 170
170 172
172 173 174
173 174 175
174 175
175
181 182 183
182 183
183
186 187
187
194 196
196
199 201
201 202 203
202 203
203
207 209
209
212 213
213
222 223 224
223 224
224 226
226
229 230
230 232
232 233
233 235
235 236
236 238
238
245 246
246 248
248
251
254 255 256
255 256
256 258
258
261 262 263
262 263
263 265
265
269 271
271 272 273
272 273 274
273 274
274 276
276 277 278
277 278 279
278 279 280
279 280 281
280 281 282
281 282
282 284
284 285
285 287
287 289
289
292 293 294
293 294 295
294 295 296
295 296 297
296 297 298
297 298 299
298 299 300
299 300
300 302
302
308 310
310 311 312
311 312
312
317
320 321
321
326 327 328
327 328
328
331
334 335
335 337
337 339
339
342
345
348 349
349
356 357 358
357 358
358
361
365 367
367 368 369
368 369 370
369 370 371
370 371 372
371 372
372 374
374 375
375 377
377 378
378 380
380
383
386 387
387
390
393 394 395
394 395
395 397
397
400
403
406 407 408
407 408 409
408 409 410
409 410 411
410 411
411 413
413 415
415 416
416 418
418 419
419
422 424
424 425 426
425 426 427
426 427 428
427 428 429
428 429
429
441
453 454
454 456
456 457
457
460 462
462
470 471
471
480 481 482
481 482 483
482 483 484
483 484
484 486
486 488
488
491 492 493
492 493 494
493 494
494 496
496 497
497 499
499 500 501
500 501
501
505
509 510
510
514 515 516
515 516
516
524
527 528
528 530
530 531 532
531 532 533
532 533 534
533 534 535
534 535 536
535 536
536 538
538 539 540
539 540 541
540 541 542
541 542 543
542 543
543
546 547
547 549
549 551
551 552 553
552 553 554
553 554
554 556
556 557
557
560 561 562
561 562 563
562 563
563
566
570
573 574
574
577 579
579 580 581
580 581 582
581 582 583
582 583
583 585
585 587
587 588 589
588 589
589
592 594
594
597
600 601 602
601 602 603
602 603
603
607 608 609
608 609
609 611
611 613
613 614 615
614 615
615
619 621
621 623
623 624 625
624 625 626
625 626 627
626 627
627
632 633 634
633 634 635
634 635
635 637
637 638 639
638 639
639
646 648
648 649 650
649 650 651
650 651
651
654
658 659
659 661
661
664 666
666 667
667
670 672
672 674
674 675 676
675 676
676 678
678
681 682
682 684
684 685 686
685 686 687
686 687
687 689
689 690
690 692
692
698 700
700
705 706 707
706 707
707 709
709 710
710 712
712
717 718 719
718 719 720
719 720 721
720 721
721
725
729 731
731
734
738
741 742 743
742 743
743
753
756 757
757 759
759 760
760
766 767
767 769
769
779 780 781
780 781 782
781 782 783
782 783
783
786 788
788 789
789 791
791
797 799
799 800
800
803 804
804 806
806 808
808 809 810
809 810 811
810 811 812
811 812
812 814
814 815 816
815 816
816
819 820
820 822
822 823
823
827
832 834
834 835 836
835 836
836
840 841 842
841 842
842 844
844 845
845
852 854
854 856
856
860
864 866
866
869 870
870 872
872 873 874
873 874 875
874 875
875
878 880
880
883 884
884
888 890
890 891
891 893
893
897 898
898 900
900 902
902
905 907
907 909
909
916 917
917
920 921
921 923
923 924
924 926
926
931
935 936 937
936 937
937
941 942
942 944
944
949 951
951 953
953 954
954 956
956
960 961
961 963
963 965
965 967
967 968
968
971 973
973 974
974 976
976 978
978 979
979
983 984
984 986
986
989 990 991
990 991
991
995
999
