#naive2.0.py
# GMT Fri Feb 14 13:34:00 2020
# 
2 4
4 6
6 7 8
7 8
8
11 12
12 14
14 16
16
20 21
21 23
23 25
25
30 32
32 33 34
33 34 35
34 35
35 37
37 38
38 40
40 41
41 43
43 44
44 46
46
49 50 51
50 51
51
55 56
56
62 64
64
70
73 74
74 76
76
81 82
82
85
90
94 95 96
95 96 97
96 97 98
97 98 99
98 99 100
99 100 101
100 101
101 103
103
107 108 109
108 109 110
109 110
110 112
112
116 118
118 119
119 121
121 122 123
122 123
123 125
125 127
127
131 132
132 134
134 136
136 138
138 139
139 141
141 142 143
142 143 144
143 144 145
144 145 146
145 146
146 148
148 149 150
149 150 151
150 151
151
154 155 156
155 156
156
160
169 170 171
170 171 172
171 172 173
172 173 174
173 174 175
174 175
175 177
177 179
179
183 184 185
184 185 186
185 186
186 188
188 189 190
189 190 191
190 191 192
191 192
192
201 202
202
207 208 209
208 209
209
212
216 217
217
225
228 229
229
235 237
237
241 243
243
246
249 251
251 253
253
256 258
258 259 260
259 260 261
260 261
261 263
263 264 265
264 265
265 267
267
270 271
271
274
278 280
280 281
281 283
283 284
284
287 288
288
295
300 302
302
306 308
308
311
314 315
315 317
317 318 319
318 319 320
319 320 321
320 321 322
321 322 323
322 323 324
323 324
324 326
326 327
327 329
329 330 331
330 331
331
334 335
335
340 342
342
345
348 350
350
353 354
354 356
356 357 358
357 358
358
361
364 365
365
369 371
371 372
372
379
383 384
384
388 390
390 392
392 393 394
393 394 395
394 395 396
395 396 397
396 397
397
401 403
403 404 405
404 405 406
405 406 407
406 407
407 409
409
413 415
415 416 417
416 417 418
417 418 419
418 419
419
423 424
424 426
426 428
428 429 430
429 430
430
435
438
442 443
443
446 447 448
447 448
448 450
450
454 455
455
460 462
462 463 464
463 464 465
464 465
465 467
467
474 476
476 477 478
477 478
478 480
480 482
482
486
491 493
493 494 495
494 495
495
499 500 501
500 501
501
507 508 509
508 509
509
518
521
527
531 532
532 534
534 535 536
535 536 537
536 537 538
537 538
538
541 542
542
551 552
552 554
554 555 556
555 556
556 558
558
561 563
563 564
564
567 568
568
571 572
572
575
579
583
586
591 592
592
595 596 597
596 597
597
601 602 603
602 603 604
603 604 605
604 605
605
608 609
609 611
611
614
617
620
626
635 636
636 638
638 639
639
642
645 646 647
646 647
647
650 652
652 654
654 656
656
659 661
661 662 663
662 663 664
663 664 665
664 665 666
665 666
666
669
672 673
673 675
675 676
676
679
683
686 688
688 690
690 691 692
691 692 693
692 693
693
700
703
708
711 712
712
715 717
717 718 719
718 719 720
719 720
720 722
722
725 727
727 728 729
728 729
729 731
731 732 733
732 733 734
733 734
734
739
743
747 748 749
748 749 750
749 750 751
750 751
751 753
753
757 758 759
758 759
759 761
761
765 767
767 768
768
773
777 779
779 781
781
784
787 788
788
792 794
794
798
801 802
802 804
804 806
806 807 808
807 808 809
808 809 810
809 810 811
810 811
811
814
819 821
821 822
822 824
824 826
826 827 828
827 828 829
828 829
829 831
831 833
833 834 835
834 835
835 837
837
841 843
843 844
844
853
856
859 861
861 862 863
862 863
863
867
870 872
872 874
874 875 876
875 876 877
876 877
877
882
885 886 887
886 887 888
887 888
888
895
899 900 901
900 901 902
901 902
902
905
910
913 914
914 916
916
919
923
926
931 933
933 934 935
934 935 936
935 936 937
936 937 938
937 938
938 940
940 942
942
945 946 947
946 947
947
950 952
952 954
954 956
956
959 961
961 962 963
962 963 964
963 964
964 966
966 967 968
967 968
968
972 973
973
978 979 980
979 980 981
980 981 982
981 982
982
988
991 992 993
992 993 994
993 994
994
999
