#naive2.0.py
# GMT Fri Feb 14 13:34:01 2020
# 
1 999
6 8
8 10
10
14 16
16 17 18
17 18
18
23
28 29 30
29 30
30
34 36
36 38
38 39 40
39 40 41
40 41
41 43
43
53 54
54
57 59
59 60
60
68
79
83
87 89
89
93 95
95 96
96
100
103
108 109
109 111
111 112
112 114
114 115 116
115 116 117
116 117
117
124 125
125
128 129 130
129 130 131
130 131
131 133
133 135
135 136 137
136 137
137 139
139 140 141
140 141
141
147 148 149
148 149
149
154 155 156
155 156 157
156 157
157 159
159 160 161
160 161
161
168 169
169
173 175
175 176
176
179
183
186 187 188
187 188
188 190
190 191
191
195
198 199
199 201
201 202 203
202 203
203
210 211
211
216
220
223
227
230
233 234
234 236
236
240 241 242
241 242 243
242 243 244
243 244
244
248 249
249
254
259 260
260
264 266
266
270 271 272
271 272
272
276 277
277
280 281 282
281 282 283
282 283 284
283 284 285
284 285 286
285 286 287
286 287 288
287 288 289
288 289
289
293
296 298
298
302 303
303
307 308 309
308 309
309
313 315
315 317
317 319
319 320 321
320 321
321
325 327
327 328 329
328 329
329
334 335
335 337
337 338 339
338 339 340
339 340
340
345 347
347 349
349
354 356
356
362 364
364 365
365
370 372
372 373 374
373 374 375
374 375 376
375 376
376
381
385 386
386
393 394
394 396
396 398
398 399 400
399 400
400
403
409 410
410
414 415
415
418
426 427
427 429
429 430
430
434
438
441 442
442 444
444 445 446
445 446
446
449 450 451
450 451
451 453
453 454
454 456
456 457
457
460 461
461 463
463
468 470
470
473 474 475
474 475 476
475 476 477
476 477 478
477 478 479
478 479 480
479 480 481
480 481
481
490 492
492
496 498
498 500
500 502
502 504
504
508
511 512 513
512 513
513 515
515
518 519
519
522 523 524
523 524
524 526
526 528
528
531 532 533
532 533 534
533 534
534
537 538 539
538 539
539 541
541 543
543 544
544 546
546 547 548
547 548 549
548 549 550
549 550 551
550 551
551
558 559
559
562 563 564
563 564 565
564 565
565
570 571
571 573
573
579
586 587 588
587 588
588
592 593
593 595
595
598
605 607
607 608 609
608 609
609
612 613
613
617
626
629 630
630
634 636
636
639
642 643
643
646 647 648
647 648
648
652 654
654
657 658
658 660
660
664 665
665
669 670
670
674 676
676
683
686
692
696 698
698
702 704
704 705
705
708 709
709 711
711 712
712 714
714 715
715 717
717
721
725 727
727 728
728 730
730
735 737
737 738
738
746 747 748
747 748
748
756 757
757 759
759 761
761 762 763
762 763
763
767 768
768
772 774
774
777 778
778 780
780
783 784
784 786
786 787
787
792 794
794 795 796
795 796 797
796 797 798
797 798 799
798 799
799 801
801 802
802 804
804 805 806
805 806
806 808
808 809 810
809 810
810 812
812
815 816 817
816 817 818
817 818 819
818 819 820
819 820 821
820 821 822
821 822
822 824
824 825 826
825 826
826
829 831
831
836 837
837
840 842
842 843
843
846 848
848
851 853
853 854 855
854 855 856
855 856
856
861 862
862 864
864
867
870 871 872
871 872 873
872 873
873 875
875
880 882
882 883 884
883 884 885
884 885 886
885 886 887
886 887
887 889
889
892 893 894
893 894
894
897 898
898
902 904
904
907 909
909 910 911
910 911
911
918 919 920
919 920 921
920 921
921
924 925 926
925 926 927
926 927
927 929
929 930 931
930 931
931
935
938 939
939
945 946 947
946 947 948
947 948 949
948 949
949
952
958 959
959
962 964
964 966
966
971 972 973
972 973 974
973 974 975
974 975 976
975 976
976
981 982
982 984
984 986
986
989 990
990
994
997 998 999
998 999
999
