#naive2.0.py
# GMT Fri Feb 14 13:34:03 2020
# 
2
5
8 9 10
9 10 11
10 11 12
11 12 13
12 13
13
19 20 21
20 21 22
21 22
22 24
24
33
36
40 41 42
41 42
42 44
44 45
45
48 49
49 51
51 52 53
52 53 54
53 54 55
54 55 56
55 56 57
56 57
57 59
59 61
61 62
62
65 66 67
66 67
67
70 71
71
74
80
83
86
89
92
97 98 99
98 99
99
105
109 111
111
115 117
117 118 119
118 119 120
119 120 121
120 121
121
124
127
131 132
132
136 137 138
137 138 139
138 139
139 141
141 142
142
145 146
146
159
164 165 166
165 166 167
166 167 168
167 168 169
168 169
169 171
171
174 176
176 178
178
183 185
185 187
187 188
188 190
190
194
197 198 199
198 199 200
199 200 201
200 201 202
201 202
202 204
204
207 208 209
208 209
209
212 214
214
217 218 219
218 219
219
224
227 228
228 230
230
234
240 242
242 243
243
246 247 248
247 248 249
248 249 250
249 250
250 252
252 253
253
257
264 266
266 267 268
267 268 269
268 269 270
269 270 271
270 271
271
278 280
280 281 282
281 282
282
288 289 290
289 290 291
290 291 292
291 292 293
292 293 294
293 294
294 296
296
300 301
301
307 308 309
308 309
309
312
316
320 322
322 323 324
323 324
324 326
326 327
327
331 332 333
332 333 334
333 334 335
334 335 336
335 336
336 338
338
342
345 347
347 348 349
348 349
349
352 353 354
353 354 355
354 355
355 357
357 359
359 360
360
363 364
364
367 369
369 370 371
370 371
371
374 376
376 378
378 379
379 381
381 383
383 384
384 386
386
389 391
391 393
393
396 397
397 399
399 401
401 403
403 404
404 406
406 408
408 410
410
417 419
419 420 421
420 421
421
425
431 432
432
436 438
438 439
439 441
441 442
442 444
444 446
446 447 448
447 448 449
448 449 450
449 450 451
450 451
451
454 455
455 457
457 458
458 460
460 461
461
464 466
466 468
468 469 470
469 470
470
473 474
474 476
476
482 483
483 485
485 486 487
486 487 488
487 488
488 490
490 492
492 493
493 495
495 496
496 498
498
501 502
502
506 508
508 510
510 511 512
511 512
512 514
514
517
520 521
521 523
523 525
525 526
526
529
532
537 539
539 540
540
545 547
547
550
553 554
554 556
556 558
558
561
566 567 568
567 568
568
571 572
572 574
574 575
575 577
577
581
584
587 589
589
595 597
597 598
598
601 603
603
607 608 609
608 609 610
609 610
610
613
616 618
618 619 620
619 620 621
620 621
621 623
623
628 629
629
632
638 639
639
646 648
648 649 650
649 650
650 652
652 653
653
656
659 661
661 663
663 665
665 667
667
677 679
679
682 684
684 685 686
685 686
686
690
693
697 698
698
701 702 703
702 703
703 705
705 707
707 708 709
708 709 710
709 710
710 712
712 714
714 716
716
720
723 724 725
724 725 726
725 726
726 728
728 729
729 731
731
734
738 740
740
743 744 745
744 745
745 747
747 748
748 750
750 751
751
754 755
755
758 759
759
762 763 764
763 764 765
764 765 766
765 766 767
766 767 768
767 768 769
768 769 770
769 770 771
770 771
771
779 781
781 782
782 784
784
787 789
789 791
791
800 802
802 803 804
803 804 805
804 805 806
805 806 807
806 807
807 809
809 811
811 812 813
812 813 814
813 814 815
814 815
815 817
817 818 819
818 819
819
822
826 827
827
830 832
832 833
833 835
835 837
837 839
839
845 846 847
846 847 848
847 848
848
851 852
852 854
854 855
855
858 860
860 861
861
868
873
877 879
879
882
885 886
886 888
888 890
890 891
891 893
893
897 899
899 900
900 902
902
909 911
911 912 913
912 913 914
913 914
914
917 918 919
918 919
919 921
921
925 926
926
929
932 933 934
933 934 935
934 935
935
939 940
940
943
946 948
948 950
950 952
952 954
954
957 959
959 960
960
965 967
967
970
974
979
982 983
983
987 989
989
993 995
995 996
996
