#naive2.0.py
# GMT Fri Feb 14 13:34:01 2020
# 
0 999 2
2 3
3
6 7
7 9
9 10
10
17 18 19
18 19 20
19 20
20
28
31 32
32 34
34
39 41
41 42
42 44
44
47 48 49
48 49
49 51
51 53
53 55
55
63 65
65 67
67 69
69 70 71
70 71
71
74 76
76 78
78 79
79
82 84
84 85
85 87
87 88
88
94 96
96 98
98
101 102
102 104
104 106
106 107 108
107 108
108
114 115
115 117
117 119
119 121
121 122 123
122 123
123 125
125 127
127 129
129
133 134 135
134 135
135
138 139
139
142 144
144
150 152
152 153
153 155
155 156 157
156 157
157 159
159
163
166
169 170
170 172
172 174
174 175
175 177
177 179
179
183 184
184 186
186
189 190 191
190 191 192
191 192 193
192 193
193
199 200 201
200 201
201
204
208 209
209 211
211 212 213
212 213
213
218 219
219
222 224
224 225 226
225 226 227
226 227
227
230 232
232
237
240
246 247 248
247 248
248 250
250
255 256 257
256 257 258
257 258 259
258 259
259
262 264
264 265 266
265 266 267
266 267 268
267 268
268
274
277 279
279 280
280 282
282 283
283 285
285 286
286 288
288 289
289 291
291 292 293
292 293 294
293 294 295
294 295
295 297
297 299
299 301
301
304 305
305 307
307 308 309
308 309 310
309 310
310 312
312
320 322
322 324
324 325 326
325 326
326 328
328 330
330 332
332 333
333
336
339 341
341 342
342
347 348
348 350
350 351 352
351 352
352
355
358 360
360 362
362 363 364
363 364 365
364 365 366
365 366
366 368
368 370
370 372
372 374
374 375
375
378 379 380
379 380 381
380 381
381
386 388
388 390
390 391
391 393
393 395
395 397
397
403 405
405 407
407 408 409
408 409
409
413 415
415 417
417 419
419 420
420
426 428
428 429
429 431
431 432 433
432 433 434
433 434
434
437 439
439 441
441
446 448
448
452
456
459 460 461
460 461 462
461 462 463
462 463 464
463 464
464 466
466 467
467
471 473
473 474
474
477
481
484 485 486
485 486 487
486 487
487
491 492 493
492 493 494
493 494
494
498 499 500
499 500 501
500 501
501
506 507 508
507 508 509
508 509
509
518 519
519
526
529 531
531 533
533 535
535 536 537
536 537 538
537 538
538 540
540 541
541 543
543
546
552 554
554 555 556
555 556 557
556 557 558
557 558 559
558 559
559 561
561 563
563 565
565 567
567 568 569
568 569
569 571
571 573
573 574 575
574 575 576
575 576
576 578
578 580
580 581 582
581 582
582 584
584 585
585
588
591 593
593 595
595
598 600
600 602
602
608
616
620 621
621
629
636 637
637
640 642
642
645 647
647
651 652
652 654
654
661
665 667
667 668 669
668 669
669
672 673 674
673 674
674
682 684
684
689 691
691
696 698
698
701 702
702
705 706
706
710
713
720
723 724
724 726
726 728
728
731 732 733
732 733
733
737 739
739 741
741 742 743
742 743
743 745
745
748 749 750
749 750 751
750 751 752
751 752 753
752 753
753 755
755
759 760
760
764
769 771
771
775 776
776
780 781 782
781 782 783
782 783 784
783 784
784
789 790 791
790 791
791
796
799 800
800
803 805
805
808 809
809 811
811 812
812 814
814 815 816
815 816
816
819
823
826
832 834
834 836
836 838
838 839 840
839 840 841
840 841 842
841 842 843
842 843 844
843 844
844 846
846 847
847 849
849 851
851 852 853
852 853 854
853 854
854
860 861 862
861 862
862
866 868
868 870
870
873 875
875
878 879 880
879 880
880 882
882 883
883 885
885 886 887
886 887 888
887 888 889
888 889
889
892
896 897
897
900 902
902 903 904
903 904 905
904 905
905
908 909 910
909 910
910 912
912 913
913
916 918
918 919 920
919 920 921
920 921 922
921 922
922 924
924 925 926
925 926 927
926 927 928
927 928 929
928 929 930
929 930 931
930 931 932
931 932 933
932 933 934
933 934
934 936
936 937
937 939
939
943
946 947
947
950 951 952
951 952
952 954
954
957
961
969
972 974
974
981 982 983
982 983 984
983 984 985
984 985
985
990 992
992 993
993
999
