#naive2.0.py
# GMT Fri Feb 14 13:34:00 2020
# 
0 2
2 3
3
9 10
10
14
18
21
25 26
26
29 30 31
30 31
31 33
33 35
35 36 37
36 37 38
37 38 39
38 39 40
39 40 41
40 41
41 43
43 44
44 46
46 47 48
47 48 49
48 49
49 51
51 52
52 54
54 55 56
55 56
56
61 62
62
66 68
68 70
70 71
71 73
73 74 75
74 75 76
75 76
76
84 85 86
85 86
86
91 92 93
92 93 94
93 94
94
97
101
105
110
114 116
116
119 120 121
120 121
121
124 125
125
128 130
130 132
132
135 137
137 138
138
141 142 143
142 143 144
143 144 145
144 145 146
145 146
146
149 150
150
153
157
160 161 162
161 162 163
162 163
163
166 168
168 169
169 171
171 172
172 174
174 176
176 177
177 179
179 180 181
180 181 182
181 182
182 184
184 185 186
185 186
186
189 191
191 193
193
202 203
203 205
205
209 210
210 212
212 213
213 215
215
220
223 224
224
228 230
230 232
232 233 234
233 234
234
238 239 240
239 240 241
240 241 242
241 242 243
242 243 244
243 244
244
247 248
248
251 252 253
252 253 254
253 254
254
257
260 261
261
264 266
266 268
268
271 272 273
272 273 274
273 274
274
277 278 279
278 279 280
279 280
280
283 284
284 286
286 287
287 289
289 291
291 292 293
292 293
293
296 297 298
297 298 299
298 299
299
304 306
306 308
308 309
309
312 313 314
313 314
314
318 319 320
319 320
320
323 324 325
324 325
325 327
327 328
328 330
330 331 332
331 332
332 334
334
338 340
340
345 347
347 348
348 350
350 351
351
358 360
360
363
367 368
368
372 373
373
378 380
380 382
382 383 384
383 384 385
384 385 386
385 386 387
386 387 388
387 388
388
391
394 396
396
399 400
400
404 405 406
405 406
406 408
408
414
418
423 424 425
424 425
425 427
427 429
429 431
431 432 433
432 433
433
442 443 444
443 444
444
448
451 452 453
452 453
453 455
455
459 460 461
460 461
461 463
463 465
465
469 471
471
475 477
477 478
478
481 482 483
482 483 484
483 484
484 486
486
490 492
492 494
494
497 498 499
498 499 500
499 500
500
505 507
507 509
509
513 514
514
521 522
522
525 527
527
531 532
532
535
540 541 542
541 542 543
542 543 544
543 544 545
544 545
545
556 558
558
562 563
563
566 567 568
567 568
568 570
570
574
577 578
578 580
580
583 584
584
590
593 594 595
594 595
595
598 599
599
602 603 604
603 604
604 606
606
609 610 611
610 611 612
611 612 613
612 613
613 615
615 616 617
616 617 618
617 618
618 620
620
626
631 632 633
632 633
633
636
639 641
641 643
643 644 645
644 645
645 647
647
651 652
652
655 656
656
659
663 665
665 666
666 668
668 670
670
673 674
674
679 680 681
680 681 682
681 682 683
682 683
683
687 689
689 690
690
693 694 695
694 695 696
695 696 697
696 697 698
697 698
698 700
700 701
701 703
703 705
705 706
706
711
716 717
717 719
719 720
720 722
722 723
723
726
729
735 736 737
736 737 738
737 738 739
738 739 740
739 740 741
740 741 742
741 742
742
745 746 747
746 747 748
747 748
748
751 753
753 754 755
754 755
755 757
757 758 759
758 759 760
759 760
760
763
769 770
770 772
772 774
774
777 778
778 780
780
785
788
793 795
795
798 800
800
805
809 810 811
810 811
811 813
813 814 815
814 815 816
815 816 817
816 817 818
817 818 819
818 819 820
819 820 821
820 821 822
821 822 823
822 823
823 825
825 826
826
830 831
831 833
833 835
835
838 840
840
843 844 845
844 845 846
845 846
846
849 850
850 852
852 854
854
861
864
867 868
868 870
870 871 872
871 872 873
872 873
873
876 877
877 879
879 881
881
887 888
888 890
890
893 895
895
899 900
900 902
902
905 906 907
906 907 908
907 908
908 910
910 912
912 913
913 915
915 917
917 919
919 920
920
924 926
926 927 928
927 928 929
928 929
929 931
931 932
932 934
934 936
936 937 938
937 938 939
938 939
939
942
946
949 951
951 952
952
955 956 957
956 957
957 959
959 960
960
965 966
966
969
972 973 974
973 974
974
978 980
980
983 984
984
988 989 990
989 990
990 992
992 993 994
993 994
994 996
996
