#naive2.0.py
# GMT Fri Feb 14 13:34:03 2020
# 
0 1 999 2 998
1 2 999
2 4
4 5 6
5 6
6
9
15 17
17 18
18 20
20 22
22 23
23
28 29 30
29 30
30
34 36
36
41 43
43 45
45 47
47 48
48 50
50
54 56
56
59 61
61 63
63 64
64
69 70
70
73
82 83 84
83 84
84 86
86 87
87
90 92
92
95 96
96 98
98 100
100 101
101
104 106
106 107
107 109
109
112 113 114
113 114 115
114 115
115 117
117 118
118
121 123
123 124
124 126
126
133
136
143 144 145
144 145
145 147
147 148
148
154 155
155
159 161
161 162
162
168 169 170
169 170
170
174
177
181 183
183
187 189
189 190 191
190 191 192
191 192 193
192 193
193
196 197
197 199
199
202 203
203 205
205
209
212 214
214
217
220 221
221 223
223 224
224 226
226 228
228 229 230
229 230 231
230 231
231 233
233 234
234
237
240 241 242
241 242
242
245 246
246 248
248
255
258 260
260
264
267 268
268
272 274
274 276
276 277
277 279
279 280
280
283 284
284
287 288
288 290
290
293 295
295
299 300 301
300 301
301 303
303 304 305
304 305 306
305 306
306 308
308
311 312
312 314
314
317 319
319 321
321 322
322 324
324 326
326 328
328 329 330
329 330
330 332
332
335 336
336
340
345
348 349
349 351
351 353
353
356 357
357
364
368 370
370 372
372
376
379 380
380 382
382
386 387
387
390
393
396 398
398 399
399 401
401 402 403
402 403 404
403 404
404 406
406 407
407
412
416 417 418
417 418 419
418 419
419
424
428 429 430
429 430 431
430 431
431
434 436
436 438
438 439
439 441
441 442
442 444
444
451 452
452 454
454
457 459
459 460
460 462
462
466 467
467 469
469 470
470
481
484
490 491
491 493
493
499 500 501
500 501
501 503
503 504
504
507 509
509 511
511
515 516 517
516 517
517 519
519 520 521
520 521 522
521 522
522 524
524 526
526
530 531
531
535 536
536
542
548 549 550
549 550 551
550 551 552
551 552
552 554
554 555
555
558 559
559 561
561 562 563
562 563 564
563 564
564 566
566 568
568 569 570
569 570
570 572
572 574
574 576
576 577
577 579
579 580 581
580 581
581
587 588 589
588 589 590
589 590 591
590 591 592
591 592 593
592 593
593 595
595
599 600
600
604 605 606
605 606 607
606 607
607
610
614 616
616
620 621 622
621 622 623
622 623 624
623 624
624 626
626 627 628
627 628 629
628 629
629 631
631 633
633 634
634 636
636 637
637 639
639 640
640 642
642
647 648 649
648 649
649 651
651 652 653
652 653
653
656 658
658 659
659 661
661
665
669 671
671
677 679
679 680 681
680 681
681
686 688
688 689 690
689 690 691
690 691
691 693
693
699
702 704
704 705
705 707
707
710 712
712 714
714 715
715
718 719
719 721
721 723
723 724 725
724 725 726
725 726 727
726 727 728
727 728
728
731 732
732
735
738
746 748
748 750
750 752
752 753
753
757
761 762 763
762 763
763 765
765 766
766
769 771
771 772
772 774
774 775
775 777
777 778
778
781 782 783
782 783 784
783 784 785
784 785 786
785 786
786
791 792
792
795
800 801
801
807
810 811 812
811 812 813
812 813
813 815
815
818
821 822
822
826
829 830 831
830 831 832
831 832
832
835
838 839 840
839 840 841
840 841
841 843
843 845
845 846 847
846 847 848
847 848 849
848 849 850
849 850
850
858 859
859
862 863 864
863 864 865
864 865 866
865 866 867
866 867 868
867 868
868
873 874
874
878
882 883
883 885
885 886 887
886 887
887 889
889
892 893
893
896 897
897
901 903
903 904
904
911 912
912
915
919 920
920
924 925 926
925 926
926
938 939 940
939 940 941
940 941
941 943
943 945
945 946
946 948
948 950
950 951 952
951 952 953
952 953 954
953 954 955
954 955 956
955 956 957
956 957
957
960 961
961
964
967 969
969 970 971
970 971
971 973
973 975
975
980 982
982 983 984
983 984
984
987 988
988 990
990 991 992
991 992 993
992 993
993 995
995 996
996 998
998 999
999
