#naive2.0.py
# GMT Fri Feb 14 13:34:00 2020
# 
0 999
3 4 5
4 5
5
11 12
12
15 16
16 18
18
21 22
22 24
24 26
26 27
27
33 34
34
37 38 39
38 39
39 41
41 43
43 44
44
48
52
58 59 60
59 60 61
60 61 62
61 62
62 64
64 66
66 68
68 70
70 71 72
71 72
72 74
74 76
76 78
78 79
79 81
81
88 89 90
89 90
90
93 94 95
94 95
95
106
111 112
112
116 117 118
117 118
118 120
120 122
122 124
124 126
126 128
128
131 132 133
132 133 134
133 134 135
134 135
135 137
137 138
138
141
148 149
149
156
160 161
161 163
163
166
169 171
171 173
173 174 175
174 175 176
175 176
176 178
178 179 180
179 180 181
180 181 182
181 182
182
185 186
186
191 192 193
192 193 194
193 194 195
194 195 196
195 196 197
196 197 198
197 198 199
198 199
199
203
207 208 209
208 209
209 211
211 213
213 214 215
214 215 216
215 216 217
216 217 218
217 218
218 220
220
228
233 234
234 236
236 237 238
237 238
238 240
240
244
250 252
252 253
253
256 257 258
257 258
258
261
264 265 266
265 266 267
266 267
267
271 272 273
272 273 274
273 274 275
274 275
275 277
277 279
279 280
280 282
282 283 284
283 284
284
287 288 289
288 289 290
289 290 291
290 291
291 293
293 295
295 297
297 298 299
298 299
299
303 304
304
307 309
309
315
322 323
323
331
334 335
335
338 339 340
339 340
340 342
342
346
349 350
350
353 354 355
354 355
355
359 360
360
363 364 365
364 365 366
365 366
366
370 371
371 373
373 374 375
374 375 376
375 376
376
383 384
384
389
396 398
398
401 402 403
402 403
403 405
405 406 407
406 407
407 409
409 410
410 412
412
417
420 422
422
425 426
426
429 431
431 432 433
432 433
433 435
435
438 439
439
442
448 450
450 451
451 453
453 454 455
454 455
455
460 461 462
461 462
462
466 468
468 470
470 472
472 473 474
473 474 475
474 475 476
475 476
476 478
478
482 483 484
483 484
484
490 492
492 493 494
493 494 495
494 495 496
495 496 497
496 497 498
497 498 499
498 499 500
499 500
500
506 508
508 510
510
515 516
516 518
518 519
519
523 524
524
527 529
529 530 531
530 531
531 533
533
539 540 541
540 541 542
541 542 543
542 543
543 545
545 546 547
546 547 548
547 548 549
548 549
549 551
551
555 556 557
556 557 558
557 558 559
558 559
559
562 563 564
563 564
564
567 568 569
568 569 570
569 570 571
570 571
571
574
577 579
579
582 583 584
583 584 585
584 585
585
593 594 595
594 595
595 597
597
600 601
601 603
603 605
605 607
607 609
609 611
611
617 618 619
618 619
619 621
621 622
622 624
624
627 628
628
631
636
641 642 643
642 643 644
643 644 645
644 645 646
645 646
646
650 652
652 653
653
658 660
660 662
662 663
663 665
665 667
667 668 669
668 669
669
672 673
673
677
680 682
682 683 684
683 684 685
684 685
685 687
687
695 696 697
696 697 698
697 698
698 700
700 701
701
704 706
706 707
707
714
718 719
719
722
728
732
736 738
738 739
739
743
746
749
752
757
760 761 762
761 762 763
762 763
763 765
765 766
766
770 771
771
777 779
779 781
781
784 785
785
788 789
789
792 793 794
793 794
794
798 800
800 802
802 803
803 805
805 806 807
806 807 808
807 808
808
814 816
816 818
818 819
819
822 824
824 825 826
825 826 827
826 827 828
827 828 829
828 829
829
834
839 840
840 842
842 843
843
847 848 849
848 849
849
852
855
859
863 864
864
869 871
871 873
873 874 875
874 875 876
875 876
876 878
878 880
880 881 882
881 882 883
882 883
883
890 892
892
896
899 900 901
900 901 902
901 902
902 904
904 906
906
915 916
916 918
918 919
919 921
921 923
923
926 927
927
932
936
939
946
951 953
953 954 955
954 955 956
955 956
956 958
958 959 960
959 960
960
963 964
964 966
966 967
967 969
969 970
970 972
972 973 974
973 974
974
977 979
979 980 981
980 981
981 983
983
986
989 990
990 992
992
996 997
997 999
999
