#naive2.0.py
# GMT Fri Feb 14 13:34:04 2020
# 
2 3
3
9 10 11
10 11 12
11 12
12
16 17 18
17 18
18 20
20 21 22
21 22
22 24
24
27 29
29 31
31 32 33
32 33
33
38 39
39 41
41 42 43
42 43
43 45
45 47
47 48 49
48 49
49
54 56
56
59 61
61 62
62 64
64 65
65
69 70 71
70 71
71
75
85 86
86
90 91 92
91 92
92 94
94 95 96
95 96
96
99 100
100
104 105 106
105 106
106
112
115 116 117
116 117
117
123
128 130
130
134 135 136
135 136
136 138
138 140
140
143
146 147
147
150 151
151 153
153 154
154
158 159
159
162 164
164 165 166
165 166 167
166 167
167
172
176 177 178
177 178 179
178 179 180
179 180
180
183 185
185 186 187
186 187
187 189
189 190
190 192
192 193
193 195
195 196
196 198
198 199
199
202
207 208
208 210
210 211
211
214 215 216
215 216
216 218
218 219 220
219 220 221
220 221 222
221 222
222 224
224 225
225
234 235 236
235 236 237
236 237
237 239
239 240 241
240 241
241
244 246
246
249 251
251 253
253 254 255
254 255 256
255 256
256
260 262
262 263 264
263 264 265
264 265 266
265 266
266 268
268 269
269 271
271 272 273
272 273
273
277 279
279
282
287 288
288
291 292
292
297 298 299
298 299
299 301
301
307
310
313 314
314 316
316
321
327 328
328
331 332 333
332 333 334
333 334 335
334 335
335
338 340
340 342
342 343
343
348 349
349 351
351 352
352 354
354 356
356 357
357
360 362
362 364
364 365 366
365 366 367
366 367
367
370 371 372
371 372
372
375 376
376
382 383 384
383 384 385
384 385 386
385 386 387
386 387
387 389
389 390
390 392
392 393 394
393 394 395
394 395
395
399
405 406
406
409 410
410 412
412 413
413
422 424
424
427
431 432 433
432 433
433 435
435 437
437 438 439
438 439
439
442 444
444
451 452
452 454
454 455
455
461 463
463
466
470
473 474
474
477 478 479
478 479 480
479 480
480 482
482 484
484 485 486
485 486 487
486 487 488
487 488
488
491 492 493
492 493
493 495
495 496 497
496 497
497
502 504
504 506
506 507 508
507 508
508
511 512 513
512 513 514
513 514
514 516
516 517
517
521 523
523 524 525
524 525 526
525 526
526 528
528 530
530 531
531
534
537 539
539 540
540 542
542 543 544
543 544 545
544 545
545
549 551
551 553
553 554
554
558 559 560
559 560 561
560 561
561 563
563
566 567 568
567 568 569
568 569
569 571
571
576 577 578
577 578 579
578 579 580
579 580 581
580 581 582
581 582
582 584
584 586
586
592 593
593
596 597
597 599
599
603 604 605
604 605 606
605 606 607
606 607
607 609
609 611
611 612 613
612 613 614
613 614 615
614 615
615
618 620
620
623 625
625
629
632 633 634
633 634
634
637 638 639
638 639 640
639 640 641
640 641
641
645
657 659
659 661
661 662 663
662 663
663
667 668 669
668 669 670
669 670 671
670 671
671 673
673 675
675 677
677 678
678
682 683
683
686 688
688
691
696 698
698 700
700 702
702 703 704
703 704 705
704 705 706
705 706 707
706 707
707 709
709
713 715
715 716
716
719 720 721
720 721
721
725 726 727
726 727
727
730 731 732
731 732
732
736 737 738
737 738 739
738 739 740
739 740
740
744 746
746
750 751
751
754 755
755 757
757 758 759
758 759 760
759 760 761
760 761 762
761 762
762
766
770 772
772 773
773
780 781
781
784
787 789
789 791
791 792 793
792 793
793 795
795
798 800
800
803 804 805
804 805
805 807
807 808 809
808 809 810
809 810 811
810 811 812
811 812 813
812 813 814
813 814 815
814 815
815 817
817
820 821 822
821 822 823
822 823
823
826 828
828 829 830
829 830
830 832
832 834
834 836
836
840 841
841 843
843 844 845
844 845 846
845 846 847
846 847 848
847 848
848
853 855
855 857
857 859
859 860 861
860 861 862
861 862
862
865 867
867 868 869
868 869 870
869 870 871
870 871
871
875
893 895
895 896 897
896 897 898
897 898 899
898 899 900
899 900
900 902
902 904
904 905
905
909
912 913
913
916 917 918
917 918
918
921 922
922
926 927 928
927 928
928 930
930 932
932 933 934
933 934
934
938 939
939
943
946
949
954 956
956 957 958
957 958 959
958 959 960
959 960 961
960 961 962
961 962
962 964
964
968
974 975
975 977
977 978 979
978 979 980
979 980 981
980 981 982
981 982
982 984
984 985
985 987
987 988
988
992 994
994 995
995
