#naive2.0.py
# GMT Fri Feb 14 13:34:04 2020
# 
0 1 2 998
1 2 3
2 3
3 5
5 6 7
6 7
7 9
9 10
10 12
12 13
13
17 19
19 21
21 23
23
27 28 29
28 29
29
33
36 37 38
37 38
38
41 42 43
42 43 44
43 44
44 46
46 47
47 49
49 50 51
50 51 52
51 52
52 54
54
57 59
59
65 67
67 68
68
71
78 79
79 81
81 82
82 84
84 85 86
85 86 87
86 87 88
87 88 89
88 89 90
89 90 91
90 91
91
94
97
101 102
102
106
111
114 116
116 118
118 120
120 121
121 123
123 125
125 127
127
136 137
137
140 141
141 143
143 144 145
144 145 146
145 146
146 148
148 149
149
152 153
153
157 158 159
158 159 160
159 160 161
160 161
161
165 166
166 168
168
173
177 179
179 181
181
185
190 192
192 193 194
193 194
194 196
196 198
198
204
209
213
216 218
218 220
220
223 224
224 226
226 227 228
227 228
228
232 233
233 235
235
238
242
247 248
248
251 252
252
260 262
262
268
272 273 274
273 274
274
277
284 286
286 287
287 289
289
292 293 294
293 294 295
294 295
295 297
297 299
299
303
307
311 313
313 314
314
321 323
323 324
324
329 330
330 332
332
335
338 340
340
344 346
346 348
348 350
350 351
351
354 355
355 357
357 359
359 361
361 362
362 364
364
367 368 369
368 369
369
372
375 376
376
381 382
382
388
391
394
397
400 402
402
405 406
406
410 411 412
411 412
412 414
414 415 416
415 416
416 418
418 419 420
419 420
420 422
422 424
424 425
425 427
427 428
428 430
430 431 432
431 432 433
432 433 434
433 434 435
434 435
435 437
437 439
439
442
447
461
467
472 473 474
473 474
474
477
480
484
488 489
489 491
491 493
493 494
494
497 499
499 501
501
505 507
507 508
508
511 513
513 515
515 516 517
516 517 518
517 518 519
518 519
519 521
521
526 527
527
530 531
531
537 538
538
542
545
552 554
554 556
556 558
558 559
559
563 564 565
564 565
565
570 571
571
575 577
577
580 582
582 584
584
590 592
592 593 594
593 594 595
594 595 596
595 596
596 598
598 600
600 602
602
608 609
609 611
611 612
612 614
614 615 616
615 616 617
616 617
617 619
619
622 624
624 625
625
630 632
632
641 642 643
642 643 644
643 644 645
644 645
645
650 652
652 653 654
653 654 655
654 655 656
655 656 657
656 657 658
657 658 659
658 659 660
659 660
660
663
666 667
667
670 671 672
671 672
672 674
674 675 676
675 676
676 678
678 679 680
679 680 681
680 681 682
681 682
682
685 686 687
686 687
687
690 692
692 693 694
693 694 695
694 695
695
700 701
701 703
703
706 708
708 709
709
714 716
716 718
718 719
719 721
721 723
723 725
725 727
727
733 734 735
734 735 736
735 736 737
736 737
737
740
746 748
748
752
757 758 759
758 759
759 761
761 762
762
766 768
768 769 770
769 770 771
770 771
771
775 776
776 778
778
783 784 785
784 785
785
793 795
795 797
797
800 801
801
804
808 810
810 811 812
811 812 813
812 813 814
813 814
814
818
821
825 826 827
826 827 828
827 828 829
828 829
829
832 833 834
833 834
834
838 839
839
845 846 847
846 847
847
852
856 857 858
857 858 859
858 859 860
859 860 861
860 861
861 863
863 865
865 867
867 868
868 870
870 871 872
871 872 873
872 873
873 875
875 876
876
881 882 883
882 883 884
883 884
884
888 889
889
894 895 896
895 896 897
896 897 898
897 898 899
898 899 900
899 900 901
900 901
901 903
903 905
905 906 907
906 907 908
907 908 909
908 909 910
909 910 911
910 911
911
915 917
917 918 919
918 919
919
922 924
924 925 926
925 926 927
926 927 928
927 928 929
928 929
929
932
935 936
936
941 942 943
942 943
943 945
945 946
946 948
948 949 950
949 950
950
953
960 961
961
965 967
967 969
969 970 971
970 971
971
975 976
976 978
978 980
980 982
982 984
984 985
985 987
987 989
989 990 991
990 991
991 993
993 994 995
994 995
995
998
