#naive2.0.py
# GMT Fri Feb 14 13:33:59 2020
# 
0 1 999 998
1 3 999
3
6
10
13 15
15 16
16 18
18 19
19 21
21 23
23 24 25
24 25 26
25 26 27
26 27
27 29
29 31
31 32
32
35 36
36 38
38 40
40 41 42
41 42 43
42 43
43
46 48
48
51 52 53
52 53
53 55
55
58 59
59 61
61 63
63
68 70
70 71
71
76 77 78
77 78 79
78 79 80
79 80 81
80 81
81 83
83
86 88
88 90
90 91
91
94 96
96
99 100
100
105
108 110
110 112
112
120 121
121 123
123 124 125
124 125
125 127
127 128
128
134
137 138
138
141 142
142 144
144 145 146
145 146
146 148
148 149 150
149 150 151
150 151
151
155 156
156 158
158 159 160
159 160
160
163
166 167 168
167 168
168 170
170 172
172 173 174
173 174 175
174 175
175
178
182
185 186 187
186 187
187
190 191
191 193
193 194 195
194 195 196
195 196 197
196 197
197
200 201 202
201 202
202 204
204 206
206 207 208
207 208 209
208 209 210
209 210 211
210 211 212
211 212 213
212 213 214
213 214 215
214 215
215 217
217 218
218
224
228
233 234
234 236
236 238
238 239
239
242 243 244
243 244 245
244 245 246
245 246
246
249 251
251
255
258 259
259 261
261 262
262
265 266
266 268
268
271 272
272
275 276 277
276 277
277
285 287
287 289
289 290 291
290 291 292
291 292 293
292 293 294
293 294
294 296
296
299 301
301 302
302 304
304 305
305
311 312
312
315 316
316 318
318
324 326
326
330
333 334
334
337 338 339
338 339
339
342 343
343 345
345 346 347
346 347 348
347 348 349
348 349 350
349 350
350
353 355
355 356
356 358
358 359
359 361
361 363
363 364
364
368
372 373 374
373 374
374
380 382
382 384
384
387 389
389 390
390 392
392 393 394
393 394
394 396
396 398
398 399 400
399 400
400 402
402
405
408 410
410
413
419 421
421 422
422 424
424 426
426 428
428 430
430 431 432
431 432 433
432 433
433
439 440 441
440 441 442
441 442
442
447 449
449 450
450 452
452 454
454
458
462
465 466 467
466 467 468
467 468
468
473
476
479 480 481
480 481
481
484 486
486 487 488
487 488
488 490
490 492
492 494
494
497
501 502 503
502 503 504
503 504 505
504 505
505
508 509
509 511
511 512
512 514
514 515 516
515 516
516
519 520
520 522
522
525 526
526
530 531 532
531 532 533
532 533
533
537 538 539
538 539 540
539 540 541
540 541
541
545 547
547 548 549
548 549
549 551
551
556 558
558 560
560 561
561
573 575
575 576
576 578
578 580
580 581 582
581 582
582 584
584 585
585
589 590 591
590 591 592
591 592 593
592 593 594
593 594
594
599 600
600
603 604
604 606
606 608
608 609 610
609 610
610
613 614 615
614 615 616
615 616
616 618
618 619
619
623 624 625
624 625
625 627
627 629
629 630
630 632
632
635 636 637
636 637 638
637 638 639
638 639
639 641
641 643
643
651 653
653 654
654 656
656 658
658
662 663 664
663 664 665
664 665 666
665 666 667
666 667
667
670 671
671
677 678 679
678 679
679
682 683 684
683 684
684
688 690
690
693
698 700
700 701
701
704
708
713
717
723
726
731
734 735
735 737
737 739
739
742 743 744
743 744
744 746
746 747 748
747 748
748 750
750 751 752
751 752
752 754
754 755
755 757
757
761 762 763
762 763 764
763 764
764
768
771 772 773
772 773
773
776 777
777 779
779 781
781
787 789
789 790
790
795 797
797
800 801
801
805 806 807
806 807
807
810 812
812 813
813 815
815 817
817 818
818
825 827
827
830 831 832
831 832
832 834
834 835 836
835 836 837
836 837
837 839
839 840
840 842
842 843 844
843 844 845
844 845 846
845 846
846
851
854
858 860
860 861
861
865 867
867 868 869
868 869
869
876 878
878 879
879
882
889 891
891 893
893
899 901
901
905
908 909
909 911
911 912
912
917 918
918 920
920 921 922
921 922 923
922 923
923 925
925
929
932 933 934
933 934
934 936
936
941 942 943
942 943 944
943 944 945
944 945 946
945 946
946
950
953
961 962
962
965 966 967
966 967 968
967 968
968
971
974 975 976
975 976 977
976 977
977 979
979
983 984 985
984 985
985 987
987
990 991 992
991 992
992 994
994
998 999
999
