#naive2.0.py
# GMT Fri Feb 14 13:34:01 2020
# 
1 2
2
5
9 10 11
10 11
11 13
13 15
15 16
16
19
23 24
24
30 31 32
31 32
32 34
34
37
44
48 50
50 51
51 53
53 55
55 56
56
61
64 65
65
68 70
70
73 75
75 77
77
82 84
84
87 89
89
94
97
100 102
102 104
104
108 109
109 111
111 113
113
118 119 120
119 120
120
129 131
131
134 135
135 137
137 138
138
145 147
147
156 158
158 159 160
159 160
160
163 164 165
164 165
165
169
176 177 178
177 178
178
181
184 185
185 187
187 188
188 190
190
194 195
195
198
202 203 204
203 204 205
204 205 206
205 206
206
209 211
211 212
212
217 219
219
229 231
231
234 235 236
235 236
236
239
242
246 248
248 249
249
253 254
254
257
261 262
262
267 268
268 270
270 272
272 273
273 275
275 276 277
276 277 278
277 278
278
281 282 283
282 283 284
283 284 285
284 285 286
285 286 287
286 287 288
287 288 289
288 289 290
289 290 291
290 291
291 293
293
300
303 304
304
309 310 311
310 311
311
314 315
315
318
321 322
322 324
324 325
325 327
327 329
329 331
331
336 338
338
343 344 345
344 345
345 347
347 349
349 351
351 353
353 354
354
357
362
365 366
366
369
376 378
378
382
385
388
393 394
394
397
400 401
401 403
403 404 405
404 405
405
409
413 414 415
414 415
415
419 421
421 422
422
427
433
436 437
437 439
439 441
441 442 443
442 443 444
443 444
444 446
446
456 457 458
457 458 459
458 459 460
459 460
460 462
462 464
464 465
465 467
467
471
474 476
476 477 478
477 478 479
478 479
479
483
487 489
489 491
491
495 496 497
496 497
497
500 502
502 504
504 505 506
505 506
506 508
508 509 510
509 510
510 512
512 513
513
516 518
518
521 523
523 524 525
524 525
525 527
527 528
528 530
530 532
532 533
533
538 540
540
545 546
546
552 553 554
553 554 555
554 555 556
555 556 557
556 557 558
557 558 559
558 559
559
562 563
563 565
565 566
566
569 570
570 572
572 574
574 575
575 577
577
582
587 588 589
588 589
589 591
591
595 597
597 598 599
598 599 600
599 600
600
603
606 607
607 609
609
612
615 616 617
616 617
617
620 622
622 623
623 625
625 626 627
626 627
627
631
636
639 640
640 642
642 643 644
643 644 645
644 645
645 647
647 648 649
648 649 650
649 650 651
650 651 652
651 652
652
657 659
659 660 661
660 661
661 663
663
666 667 668
667 668
668
671 672 673
672 673 674
673 674 675
674 675
675
679 680 681
680 681
681
685
691 693
693 695
695 696 697
696 697 698
697 698
698
703 704 705
704 705
705 707
707 708
708 710
710 712
712 714
714 715
715
722 723
723 725
725
730 731 732
731 732
732
737 739
739 741
741
744
749 750 751
750 751
751
754 756
756 758
758
761
767 768
768
771
774
782 783 784
783 784
784 786
786 788
788
793 795
795 797
797 798
798
802 804
804 805
805
808
818 820
820
825 826
826 828
828 829
829
839
842 843
843
847 849
849
854 855 856
855 856 857
856 857 858
857 858
858 860
860 861
861 863
863 865
865 866
866 868
868 869 870
869 870 871
870 871
871
875 877
877
882 883
883
892 894
894
897 899
899 900
900
906
910
913 914
914
918
921 922 923
922 923
923 925
925 926 927
926 927 928
927 928
928
931 932
932
935
941 942
942
947 948
948
952
956
960
963
968 969
969 971
971 972
972
975 977
977
980
986
993
996 997 998
997 998
998
