#naive2.0.py
# GMT Fri Feb 14 13:33:58 2020
# 
0 998
4
7 8
8
13
16
21 23
23
27 28 29
28 29
29 31
31 33
33 35
35 37
37
40 41 42
41 42 43
42 43 44
43 44 45
44 45
45
50
61 63
63 65
65 67
67
73
76 77
77
81
84
96 97 98
97 98 99
98 99
99
103 105
105 106
106
109 111
111 112 113
112 113 114
113 114
114
118
123 124
124 126
126 127 128
127 128
128
134
138 140
140 142
142 144
144 145 146
145 146 147
146 147
147
150 152
152 153 154
153 154 155
154 155
155 157
157 158 159
158 159 160
159 160
160
166 167
167
172 173 174
173 174
174 176
176 178
178 179
179
183 184 185
184 185
185 187
187 189
189 190
190
198
201 202
202 204
204 206
206 208
208 210
210 211 212
211 212
212 214
214
218 219 220
219 220
220 222
222 224
224 226
226
234 235
235
241 242
242
247 249
249
252 253
253
256 257
257 259
259
265
270
277 278 279
278 279 280
279 280 281
280 281
281
285 286 287
286 287 288
287 288 289
288 289
289 291
291 292
292
296 297
297 299
299 300
300 302
302
305 306
306 308
308 309
309
314 316
316
320 322
322 324
324 326
326
331 332
332
337 338
338
342 344
344 345 346
345 346
346 348
348 349
349
353 355
355 356 357
356 357
357
360
366
374 375
375 377
377 378 379
378 379
379
384 386
386
390
393 394
394
404 405
405
411 412 413
412 413 414
413 414
414 416
416 417 418
417 418
418
422
429
432 433
433 435
435
438
441
446 447 448
447 448
448
456 457
457
462 464
464 465 466
465 466 467
466 467
467
470 471
471
475 476
476
479 480 481
480 481
481
485
488 489 490
489 490 491
490 491 492
491 492
492 494
494 495 496
495 496 497
496 497 498
497 498
498
503
507 508
508
511 512 513
512 513 514
513 514 515
514 515 516
515 516
516 518
518 519
519
522 523 524
523 524 525
524 525
525
529
533 535
535 536 537
536 537
537
541
548 549
549
554 556
556
559 560 561
560 561 562
561 562 563
562 563
563 565
565 567
567
571 573
573
576 578
578 580
580 581
581 583
583 584 585
584 585
585
590
593 594
594
598
602 603
603 605
605 606 607
606 607
607
610 611
611
614 616
616
620 622
622 623
623
627
630
633
638 639 640
639 640
640
646 647 648
647 648 649
648 649
649
654
657
660 661
661
664 666
666 667
667
670 671 672
671 672
672
675
683
687 689
689 690 691
690 691 692
691 692
692
697 698
698 700
700 701 702
701 702
702
705 706
706 708
708 709
709 711
711
716
719 720
720 722
722 723
723 725
725 727
727 728 729
728 729 730
729 730 731
730 731 732
731 732 733
732 733 734
733 734 735
734 735
735
742 744
744 746
746 747
747
750 751 752
751 752 753
752 753 754
753 754
754 756
756 758
758 760
760
764 766
766
769 770
770
773 774
774
778
783 784 785
784 785
785
788 789
789 791
791 792
792 794
794 795
795 797
797 799
799 800
800 802
802 804
804 805
805 807
807 808
808
816 818
818 819
819 821
821 822 823
822 823
823
826
833 834 835
834 835 836
835 836
836
839 841
841
844 845 846
845 846 847
846 847 848
847 848
848
852 853
853 855
855 856
856 858
858 860
860 861 862
861 862
862
865
870
875 877
877 879
879
882 884
884 885
885
888 889
889
893 894
894
897
900 902
902 903 904
903 904 905
904 905 906
905 906
906
909 911
911 912
912 914
914 916
916 918
918 919 920
919 920
920
924 925
925
928 929
929 931
931 932 933
932 933 934
933 934 935
934 935 936
935 936 937
936 937
937
940 942
942
945
949 950 951
950 951
951 953
953 955
955 956
956 958
958 960
960 961 962
961 962 963
962 963 964
963 964 965
964 965
965 967
967 969
969 970 971
970 971 972
971 972 973
972 973 974
973 974
974
977 978
978 980
980
983 985
985 987
987 988 989
988 989 990
989 990 991
990 991 992
991 992
992
998
