#naive2.0.py
# GMT Fri Feb 14 13:34:00 2020
# 
0 1
1 3
3 5
5 7
7 8
8 10
10
14 15 16
15 16
16
19
23 24 25
24 25
25
29
33
37
40 41
41
44 46
46 48
48 50
50 51
51
56 57 58
57 58
58 60
60 62
62 63
63
69
76 77 78
77 78
78 80
80
85
89
96 97 98
97 98
98 100
100 101 102
101 102 103
102 103
103
106
109 111
111 112
112
121
124 125
125
128 130
130 132
132
135 137
137
140
143 144 145
144 145
145
149 151
151
154
157 159
159 160 161
160 161 162
161 162
162
165
168 169 170
169 170 171
170 171
171 173
173 175
175
179 181
181
185
188
191
196
200 201
201 203
203 204 205
204 205 206
205 206 207
206 207
207
212 213 214
213 214 215
214 215 216
215 216
216
219 220
220
228 229 230
229 230
230
234 235
235
241 242
242 244
244 245 246
245 246 247
246 247 248
247 248 249
248 249
249 251
251
255 256
256
259
265 266 267
266 267 268
267 268 269
268 269
269 271
271 272 273
272 273
273
282
289 291
291 292 293
292 293
293
296 298
298
301 302 303
302 303
303 305
305 306
306
309 310 311
310 311 312
311 312
312 314
314 315
315 317
317 318 319
318 319
319 321
321
325 326 327
326 327
327
335 336
336
340 342
342 344
344 345 346
345 346
346 348
348 349
349
352 353
353
359 361
361
365 367
367 368 369
368 369 370
369 370 371
370 371
371 373
373 375
375 376 377
376 377 378
377 378 379
378 379
379
385 386 387
386 387 388
387 388 389
388 389
389
392 393 394
393 394
394
399
402
406 407
407
413 415
415
418 419 420
419 420 421
420 421 422
421 422
422 424
424 426
426
432 433
433 435
435 436 437
436 437
437
440 441
441
448 449 450
449 450 451
450 451
451
454 455 456
455 456
456 458
458 459
459
463 465
465 466
466
469
472 473 474
473 474
474
482
485 486
486
489 491
491
495 496 497
496 497 498
497 498 499
498 499 500
499 500 501
500 501 502
501 502
502
507 508 509
508 509 510
509 510
510
513 515
515 516
516
519 521
521
524 525
525
528
531 533
533 534
534 536
536 537 538
537 538
538
542 543
543
546 548
548 549 550
549 550
550
553 554
554
558 559
559 561
561 562 563
562 563
563
566
570 572
572 573 574
573 574 575
574 575 576
575 576
576
581 582
582 584
584 585 586
585 586
586
593 595
595 596 597
596 597 598
597 598 599
598 599
599
609 610
610
614 615 616
615 616
616 618
618
621
624 626
626 628
628
632 634
634
637 638
638
642 644
644
647 648 649
648 649 650
649 650
650 652
652
655
659 660
660
663 665
665 666 667
666 667 668
667 668
668
671 672
672
675
679 680 681
680 681
681 683
683 685
685
689 691
691 692 693
692 693
693
699
702
706
710 712
712
716
719
723
726
730 732
732
737 739
739 740
740 742
742 743 744
743 744
744 746
746 747 748
747 748 749
748 749
749
755 756 757
756 757 758
757 758 759
758 759
759
763
770 772
772
775 776
776 778
778 780
780 782
782
788
791 792
792 794
794 795 796
795 796 797
796 797 798
797 798
798 800
800 801
801
804
808
813
817 818 819
818 819 820
819 820
820 822
822
826 827
827
832
837
840 842
842 843 844
843 844 845
844 845 846
845 846 847
846 847
847
850 851 852
851 852 853
852 853 854
853 854
854
860 861 862
861 862 863
862 863 864
863 864 865
864 865 866
865 866
866
869 871
871 872 873
872 873 874
873 874 875
874 875
875 877
877 878 879
878 879 880
879 880 881
880 881
881 883
883
887 888 889
888 889
889 891
891
894
899 900 901
900 901 902
901 902 903
902 903
903
907
910 911 912
911 912 913
912 913 914
913 914
914
917
921 922
922 924
924 926
926 927 928
927 928 929
928 929 930
929 930 931
930 931 932
931 932
932
935
938 939 940
939 940 941
940 941 942
941 942
942
947 949
949
952 953
953
956 957 958
957 958 959
958 959 960
959 960 961
960 961
961 963
963
969
972
979
983 985
985 987
987 988 989
988 989 990
989 990
990
993 994 995
994 995 996
995 996 997
996 997
997
