#naive2.0.py
# GMT Fri Feb 14 13:33:56 2020
# 
2 4
4 5 6
5 6 7
6 7
7 9
9 11
11 12 13
12 13
13
16 17
17 19
19 20 21
20 21
21 23
23 24 25
24 25 26
25 26
26
32 33
33
37 38 39
38 39 40
39 40
40 42
42 43 44
43 44
44 46
46 48
48 49
49 51
51 52
52 54
54 55 56
55 56 57
56 57 58
57 58 59
58 59
59 61
61 62 63
62 63 64
63 64
64 66
66 67
67
72 73
73 75
75 77
77 79
79
88
91 93
93 94
94
100 101
101 103
103 104 105
104 105
105
112 113
113 115
115 116
116 118
118 120
120 122
122 123
123
126 127
127 129
129
137 139
139 141
141 143
143 145
145 146 147
146 147
147
150 151 152
151 152
152 154
154 156
156
159 161
161 162
162 164
164 165 166
165 166 167
166 167 168
167 168
168
174
177 179
179
183 185
185 187
187 188
188
194 195
195
200 201
201
204 205 206
205 206 207
206 207 208
207 208
208
211 212 213
212 213
213
216 217
217 219
219 220 221
220 221 222
221 222
222
225 226
226 228
228 230
230 232
232 234
234
242 244
244
247 249
249 251
251 252 253
252 253
253
257 258 259
258 259 260
259 260
260 262
262 263
263
266 267 268
267 268 269
268 269
269 271
271 272 273
272 273
273 275
275 276
276
280
283 284
284
287
295 296
296
299 301
301
305 307
307 308
308
312 313
313 315
315 316
316 318
318
325 327
327 328
328
331 333
333 334
334 336
336 337
337
343
347 349
349 350 351
350 351
351
354 355 356
355 356 357
356 357 358
357 358 359
358 359 360
359 360 361
360 361 362
361 362
362
366 368
368 369 370
369 370
370
373 375
375 376 377
376 377
377 379
379
382 383 384
383 384
384 386
386 387 388
387 388 389
388 389
389
392
396 397 398
397 398 399
398 399 400
399 400 401
400 401 402
401 402
402 404
404 405
405
408 409 410
409 410
410 412
412 413 414
413 414 415
414 415
415
419
422 423
423 425
425 427
427 429
429
432
437 438
438
441 442 443
442 443 444
443 444
444 446
446 447
447
450 452
452 453
453
457 458
458 460
460 462
462 464
464 466
466 467 468
467 468 469
468 469 470
469 470
470 472
472
475 476
476
479 480 481
480 481 482
481 482 483
482 483
483 485
485 486
486 488
488 489
489 491
491 492 493
492 493 494
493 494
494 496
496 497 498
497 498
498
502
505 506
506
518 519 520
519 520 521
520 521
521
525 526
526 528
528
533 534 535
534 535
535
538
542 543 544
543 544 545
544 545 546
545 546
546 548
548 549
549
556
561
564
568 569 570
569 570
570
575 576
576 578
578 579 580
579 580
580 582
582 583 584
583 584
584 586
586 587
587 589
589 590 591
590 591 592
591 592
592
595
599 601
601 603
603 604
604 606
606
609 611
611 613
613 614
614
619 621
621 622
622
625 626
626 628
628
632 633
633
637 639
639 640
640 642
642 644
644 645
645 647
647
650 651
651 653
653
658 660
660
666 668
668 669 670
669 670 671
670 671 672
671 672
672
677 679
679 680 681
680 681 682
681 682
682
685
690
693 694
694 696
696 697 698
697 698
698
701 702
702 704
704
709
712
718 719
719
722 724
724 726
726 727 728
727 728 729
728 729 730
729 730
730 732
732 733 734
733 734
734 736
736 738
738
745
749 750
750 752
752 753
753
762 763 764
763 764
764 766
766 767
767 769
769
778
781 782 783
782 783
783
786 787 788
787 788
788
796 797 798
797 798
798 800
800
806 807
807
813 814
814
818
821
825
828
835 836 837
836 837
837
841
847 848
848
854 855 856
855 856
856
859 861
861 862
862
865
871
874 875
875 877
877
880 881 882
881 882
882 884
884
887
893 894 895
894 895 896
895 896
896 898
898
901
905 907
907
911
918 919 920
919 920
920 922
922 924
924 925 926
925 926 927
926 927
927
930 931 932
931 932 933
932 933
933
936 937
937
945 946
946 948
948 949 950
949 950
950 952
952
955 957
957 958
958
962 963 964
963 964
964
970 971 972
971 972
972 974
974 976
976 977 978
977 978 979
978 979 980
979 980
980 982
982 983 984
983 984 985
984 985 986
985 986
986
990 991
991 993
993
998
