#naive2.0.py
# GMT Fri Feb 14 13:34:05 2020
# 
1 2 3
2 3
3 5
5 7
7
10
18 19 20
19 20
20 22
22 24
24 25
25 27
27
31 32
32
37 38
38 40
40 41 42
41 42 43
42 43 44
43 44
44 46
46
50 51
51 53
53 54
54
62
68 69 70
69 70
70
74 75
75
81 83
83 84
84 86
86 87 88
87 88 89
88 89 90
89 90 91
90 91
91 93
93 94
94
97
100 101 102
101 102
102 104
104
108 110
110
113
117 119
119 120
120 122
122
125 126
126
130
133 134
134 136
136
139 140
140 142
142 144
144 146
146
153 155
155 157
157 159
159 161
161
171
176 178
178 179 180
179 180
180
183 184
184 186
186
191 192
192 194
194 195
195
200
203 205
205
215 216 217
216 217
217
222 224
224 225
225
230 231
231 233
233 235
235
240
245 246
246
250 251
251
255 257
257 259
259 261
261
264
269 271
271 272 273
272 273 274
273 274 275
274 275
275 277
277 278 279
278 279
279
283 284 285
284 285 286
285 286 287
286 287
287
290
297 298 299
298 299
299
302
305 307
307 308
308
311
314 315
315
319 320 321
320 321
321
327
330 331
331
335 337
337 338
338 340
340 342
342 343
343
346 347
347 349
349 350
350 352
352 353
353
357 359
359 360
360 362
362 364
364 365
365 367
367 368
368
371
375 376 377
376 377
377 379
379 381
381 383
383 385
385
388
395 396 397
396 397 398
397 398 399
398 399
399 401
401
405 406
406 408
408 410
410 411
411 413
413
416 417 418
417 418 419
418 419 420
419 420 421
420 421
421 423
423
426 427
427
436 437
437
441 443
443 445
445 446
446 448
448 449 450
449 450 451
450 451 452
451 452
452
455 456 457
456 457
457 459
459 460
460
464 465 466
465 466
466
469
472
475
478 479
479
482 484
484
494 495 496
495 496 497
496 497 498
497 498
498
501
504 505
505
508
512 513
513 515
515
524 526
526
530
534
537 538
538
546 548
548 549 550
549 550
550
556
561
564 566
566 567 568
567 568 569
568 569 570
569 570 571
570 571
571
574 575
575
578
586 587
587 589
589 591
591 593
593 594 595
594 595 596
595 596
596 598
598 599
599 601
601 602
602
606 607
607 609
609
613 614 615
614 615
615 617
617
620
623 624
624
628 629 630
629 630 631
630 631 632
631 632
632
635
638 640
640 641 642
641 642
642
645
654 655 656
655 656 657
656 657 658
657 658
658
663 664 665
664 665
665 667
667 668 669
668 669
669 671
671 673
673
676 678
678 679
679 681
681 683
683 685
685
688 689 690
689 690 691
690 691
691 693
693 694 695
694 695
695
698
701 703
703 704 705
704 705
705 707
707 708 709
708 709
709
712 714
714 716
716 717 718
717 718 719
718 719
719 721
721 723
723 724 725
724 725
725
728 730
730
733
736
740 742
742 744
744
748 749 750
749 750
750
753 755
755
758 760
760 761
761 763
763
766
772
775
779 780 781
780 781
781 783
783
786 787
787
790 792
792 793
793 795
795 797
797 798 799
798 799
799
803 805
805
812 814
814
822 823 824
823 824 825
824 825 826
825 826 827
826 827
827
830
838
842
845 846 847
846 847
847
856 857
857 859
859 861
861 862
862 864
864 865
865 867
867
872 873
873
876 877 878
877 878 879
878 879 880
879 880 881
880 881
881
884 886
886
890 892
892 894
894 895
895 897
897 899
899 901
901 902 903
902 903 904
903 904 905
904 905
905 907
907 908 909
908 909
909
914 916
916 918
918
921
924
927 928
928
932
936
939
942 943 944
943 944 945
944 945
945 947
947
950
954
958 959 960
959 960
960
963 965
965 966
966 968
968
972 973
973 975
975
978
982 984
984
988 990
990
993
998
