#naive2.0.py
# GMT Fri Feb 14 13:34:03 2020
# 
2 4
4 5
5
11
17 19
19 20
20
23 24
24
30
34
40 41
41
49
52 53
53
57
60 61 62
61 62 63
62 63 64
63 64 65
64 65 66
65 66
66 68
68 69
69 71
71 73
73 74
74 76
76
79
82 83
83
87 88
88 90
90 91 92
91 92 93
92 93 94
93 94
94
101 102
102 104
104 105
105 107
107 108 109
108 109
109 111
111 113
113 114 115
114 115
115 117
117
120 121 122
121 122
122 124
124 126
126 127
127
132 134
134 135
135 137
137
140 141 142
141 142
142
150 152
152 153 154
153 154
154 156
156
161 162
162 164
164 166
166 167 168
167 168 169
168 169
169 171
171 172 173
172 173 174
173 174
174
177
181 182
182 184
184 185 186
185 186
186
190
193
200 202
202 203 204
203 204 205
204 205
205
209 211
211
217 218
218
221
224
229 230 231
230 231 232
231 232
232
237 238
238
242 244
244 245
245 247
247
251 252 253
252 253
253
256 258
258 259 260
259 260
260
263 265
265 266 267
266 267
267 269
269 270 271
270 271
271
275 276
276
280 282
282
286
291 292
292
296
300 302
302 304
304 306
306
313 315
315
318 319
319
323 324 325
324 325
325 327
327
331
334 335
335
338
343 345
345 346
346 348
348 349
349
352 353
353
358 359 360
359 360 361
360 361 362
361 362 363
362 363 364
363 364 365
364 365
365
369 371
371 372 373
372 373
373
377 379
379 381
381
384 386
386 387
387
392
400 401
401
404 405
405 407
407
411
414 416
416
419 421
421
432 433
433 435
435 437
437
442 444
444 446
446 448
448 449
449
452 453 454
453 454 455
454 455 456
455 456
456
459 460
460
466
474 475 476
475 476
476
480 482
482 483 484
483 484 485
484 485
485 487
487 488
488
493 494 495
494 495
495
498
501 502
502
505 507
507 509
509 511
511 512
512
516
531
536 537 538
537 538
538
543
547 548
548 550
550 552
552 553
553 555
555 556
556
564 565 566
565 566 567
566 567
567
574
577
584 585 586
585 586
586 588
588 590
590 591
591
595 596
596 598
598 599
599 601
601 602
602
605
608 610
610
614 616
616 617
617
621 622 623
622 623
623
630 632
632 633
633 635
635
638
641 642 643
642 643 644
643 644 645
644 645
645
651
654 655 656
655 656 657
656 657 658
657 658 659
658 659 660
659 660 661
660 661 662
661 662
662
666 668
668 669
669
673 674 675
674 675 676
675 676
676
680 681 682
681 682 683
682 683
683
688
695 696 697
696 697 698
697 698 699
698 699
699
702 703 704
703 704
704
709
712 714
714 715 716
715 716 717
716 717 718
717 718
718 720
720
725
728
731
735 736 737
736 737 738
737 738 739
738 739
739
744 745
745
748 749 750
749 750
750 752
752 753
753
757
760
765 766
766
769
775 777
777 778 779
778 779 780
779 780
780 782
782 783
783
788 790
790
793 794
794
800 801 802
801 802 803
802 803
803 805
805
809
814 815 816
815 816
816
822 824
824 826
826
829
835
838
841 842 843
842 843 844
843 844
844
847
852
857 858
858 860
860 861 862
861 862
862 864
864 865 866
865 866
866
869 870 871
870 871
871
875
878 880
880
883
886
892 894
894 895 896
895 896
896 898
898
901 902
902 904
904 906
906 907 908
907 908
908 910
910 912
912 913
913
917 918 919
918 919 920
919 920
920
923 924
924
928 930
930
943 944
944
948
955
959 961
961 962
962 964
964 966
966
971 972
972
976
981 983
983 985
985 986 987
986 987
987 989
989
992 994
994 995
995 997
997 998
998
