#naive2.0.py
# GMT Fri Feb 14 13:34:05 2020
# 
2 3 4
3 4
4 6
6 7
7 9
9
12
17
21 22
22
25 26
26 28
28 30
30 31 32
31 32 33
32 33
33 35
35 36 37
36 37
37
40
47 48 49
48 49
49 51
51 52 53
52 53
53 55
55 57
57 59
59 61
61 62 63
62 63 64
63 64
64 66
66 67
67
72 74
74 75 76
75 76 77
76 77
77
80 82
82
85
88 90
90 91
91 93
93 95
95 96
96
100 102
102 104
104 106
106 107 108
107 108
108 110
110 112
112
115
118 119
119 121
121 123
123 124 125
124 125
125
130 132
132 134
134 136
136
139 141
141
144 145
145 147
147 148
148 150
150 152
152
156 157
157
161
165 167
167 168
168
172 173 174
173 174
174 176
176 177
177
180 181
181 183
183
188 189 190
189 190
190
193 194
194
199 200
200 202
202
208 210
210 211 212
211 212
212
215
220 221
221
225
228
233 234
234
238 240
240 242
242 243
243 245
245 246
246
250 251 252
251 252 253
252 253
253
256 258
258 259
259 261
261 263
263 264
264
267 268 269
268 269
269
273 275
275 277
277
280 282
282 283 284
283 284
284 286
286 288
288 289
289
295 297
297 299
299 300
300
303
306 308
308
311
314
318 320
320 321
321
325 327
327 328
328
331 332
332
336 338
338
342 344
344
351 352 353
352 353
353
357
360
363
366 368
368 370
370 372
372
375 376
376
379 380
380 382
382 383
383 385
385 387
387
390 392
392 393
393
397 398
398 400
400 402
402 404
404 405
405
409 411
411 412 413
412 413
413
416 418
418 419
419
426 428
428 429 430
429 430
430
434 436
436 437
437 439
439 440 441
440 441
441 443
443 444
444 446
446 447 448
447 448
448
452 454
454
457 459
459
462 463 464
463 464
464
468
478 480
480 481 482
481 482 483
482 483
483 485
485 486
486 488
488 489 490
489 490
490 492
492 493 494
493 494 495
494 495 496
495 496
496 498
498
504 505 506
505 506 507
506 507 508
507 508 509
508 509
509
512 514
514 516
516
521 523
523 524 525
524 525 526
525 526
526
530 532
532 534
534 535 536
535 536 537
536 537 538
537 538 539
538 539
539
543 544 545
544 545
545
549
555
559 560 561
560 561 562
561 562 563
562 563
563 565
565 566
566 568
568 569 570
569 570 571
570 571 572
571 572
572
575 577
577 578
578 580
580 581
581 583
583 584 585
584 585
585
588
591 593
593 594 595
594 595
595 597
597
601
605 606 607
606 607 608
607 608 609
608 609
609 611
611 612 613
612 613
613 615
615 617
617
620 622
622 624
624 625
625 627
627 628 629
628 629 630
629 630 631
630 631
631
636 637 638
637 638 639
638 639
639 641
641 642 643
642 643
643
650
653 654 655
654 655
655 657
657
660 661
661
664
667 668 669
668 669
669 671
671 672
672
675 676 677
676 677 678
677 678
678 680
680
691 693
693 694 695
694 695
695 697
697 698
698
701 702
702
705 706 707
706 707
707 709
709
713
720 722
722 723 724
723 724 725
724 725
725 727
727 728
728
731 733
733
736 737
737 739
739 740 741
740 741 742
741 742
742 744
744
747 748
748
754
758
761 762 763
762 763 764
763 764
764
768 770
770 772
772 774
774 775
775
779 781
781 782
782 784
784 786
786 787 788
787 788 789
788 789
789 791
791 793
793
796 797
797
800 801 802
801 802
802 804
804 805 806
805 806
806
809 810 811
810 811
811
815 816 817
816 817 818
817 818
818 820
820 821
821
824 826
826
830 832
832 833 834
833 834
834
837 839
839 841
841 842
842
846 847
847 849
849 850
850
853 854
854
857 858
858
863 864
864 866
866
869
873 874
874 876
876 877
877
883 884 885
884 885
885
888 890
890
893 894
894
897 898
898
902
905 906
906
910
916 918
918 920
920 921
921 923
923
926 927
927
932 933 934
933 934 935
934 935
935 937
937
943
946
952 953 954
953 954 955
954 955 956
955 956 957
956 957
957 959
959 961
961 963
963 965
965 967
967
970 971
971 973
973 974 975
974 975 976
975 976
976 978
978
981 983
983 985
985 987
987 988
988
991 992
992
995 996 997
996 997
997
