#naive2.0.py
# GMT Fri Feb 14 13:33:58 2020
# 
0 1 998
1 3
3 4
4
8 9
9 11
11 12 13
12 13
13 15
15
19 20 21
20 21
21 23
23
26 28
28
32 33 34
33 34
34
37
43
46 47
47 49
49 50 51
50 51
51 53
53 54 55
54 55
55 57
57
60 62
62 63
63
66 68
68 69
69
74 75 76
75 76
76 78
78 79
79
82 83
83 85
85 87
87
90
93 95
95
101 102
102 104
104 105 106
105 106 107
106 107
107
110
114 116
116
119 121
121 122 123
122 123
123
126 127
127 129
129 131
131
134 135 136
135 136
136
139
143 145
145 146
146
150 151
151
154 155
155 157
157 158
158 160
160
163 164
164 166
166 168
168
171 173
173 174 175
174 175
175 177
177
180 181 182
181 182 183
182 183 184
183 184
184 186
186 187 188
187 188
188 190
190 191
191
196 197 198
197 198
198
203 204
204 206
206
209 211
211 213
213 214 215
214 215 216
215 216 217
216 217 218
217 218
218
221
227
230
234 236
236 237 238
237 238 239
238 239
239 241
241
244
247 248 249
248 249 250
249 250 251
250 251
251 253
253
257 259
259 260
260 262
262 263
263
266 267 268
267 268
268
272
276 278
278
285 287
287 288
288
291 292
292
298 299 300
299 300 301
300 301
301 303
303
307
310 312
312 313 314
313 314
314 316
316 318
318 320
320
324 325 326
325 326 327
326 327
327
330 331 332
331 332 333
332 333
333
337 338 339
338 339
339 341
341
345 346
346 348
348
354
357 358
358
362 363
363
367
372 373
373
376 377
377 379
379 381
381 383
383 385
385 387
387 388
388
393
396
400 401 402
401 402
402 404
404
413
416
420 421 422
421 422 423
422 423
423
429 430
430 432
432 433
433
437 438 439
438 439 440
439 440 441
440 441 442
441 442 443
442 443 444
443 444
444 446
446 447
447
452 453
453
458 459 460
459 460
460
463 465
465
468 469 470
469 470 471
470 471
471
475 476 477
476 477
477 479
479 480
480 482
482 484
484
487 489
489 490
490
493 495
495 496
496
499 500
500
503 504
504 506
506
512 514
514 515 516
515 516 517
516 517 518
517 518
518 520
520 521 522
521 522
522 524
524 525 526
525 526
526 528
528
533 534 535
534 535 536
535 536
536 538
538
542
547 549
549 550
550 552
552 554
554
559 560
560
563
568 569
569
575 576
576 578
578
582 584
584 585 586
585 586
586
589 590
590 592
592 594
594 595
595
601
605 606 607
606 607
607 609
609 610 611
610 611
611 613
613
616
619 621
621 623
623 624 625
624 625 626
625 626 627
626 627
627 629
629 630 631
630 631 632
631 632
632 634
634 636
636 637 638
637 638
638 640
640 642
642 643
643
646 648
648 650
650 652
652 654
654 656
656
662 664
664
667
674 676
676 678
678
684 686
686 687 688
687 688 689
688 689 690
689 690
690
693 694 695
694 695
695
700 701 702
701 702
702
705 707
707
713
716
719
722 723
723 725
725
728 730
730 732
732 733
733 735
735 736 737
736 737
737 739
739
742 743
743 745
745 746
746 748
748 749
749
752 753 754
753 754
754
760 762
762 763
763
767
770 772
772 773 774
773 774
774
779 780
780
785 786 787
786 787
787 789
789 790
790
793 794
794 796
796 798
798 799 800
799 800
800 802
802 803 804
803 804
804 806
806 808
808 810
810 811 812
811 812
812 814
814 815 816
815 816
816 818
818 820
820 822
822 824
824 825
825 827
827 828
828
832
836 837 838
837 838
838
842 843
843
853 854
854 856
856 857
857 859
859
862 863
863 865
865 866
866
871 872 873
872 873
873 875
875 876 877
876 877 878
877 878
878
882 883
883
887 888 889
888 889
889
894 896
896
900 902
902
906 907
907
910 911
911
914
917
920
923 924
924
927 928
928
933
937
946 947
947
952 953
953 955
955
961 963
963 964
964 966
966 967 968
967 968
968
971
974 976
976 977
977 979
979
985 986
986
990
993 994
994
997 998
998
