#naive2.0.py
# GMT Fri Feb 14 13:34:06 2020
# 
2
7 9
9
13
17
20 22
22
25
34 36
36 38
38
41 42 43
42 43
43 45
45
50
54 56
56 58
58
61 63
63 64 65
64 65
65 67
67 69
69 71
71 73
73 75
75
78 79 80
79 80
80 82
82 83
83
86
90 92
92 94
94 96
96
99 100 101
100 101
101 103
103
106
109 111
111
114 115
115
118 119 120
119 120
120
124 125 126
125 126 127
126 127
127 129
129 130
130 132
132
139 140
140 142
142
147
151 152
152
156 157 158
157 158
158
161 163
163 164 165
164 165
165
168 169
169
172
175 176
176
179
182 183 184
183 184 185
184 185 186
185 186 187
186 187 188
187 188
188 190
190 191
191
197
200
203 205
205 207
207 209
209
212 214
214 215 216
215 216
216 218
218 220
220 221 222
221 222
222 224
224 226
226 227
227 229
229 230
230 232
232 233 234
233 234 235
234 235
235
238 239 240
239 240
240 242
242 243 244
243 244 245
244 245 246
245 246
246 248
248 249 250
249 250
250 252
252 254
254 256
256
259
263 265
265
269 270
270 272
272 274
274 275 276
275 276 277
276 277
277 279
279 280 281
280 281
281 283
283 285
285 287
287
290
297
300
305 306
306 308
308 309 310
309 310
310
317 318
318
321 322
322 324
324 325
325
329
332
335 336 337
336 337
337 339
339 340
340 342
342 343 344
343 344
344 346
346
349
354 355 356
355 356
356 358
358 360
360 361 362
361 362 363
362 363
363
366 368
368 369
369
373 375
375 377
377 378 379
378 379 380
379 380
380
387 388 389
388 389
389 391
391 392
392
395 397
397 398 399
398 399
399
402 403
403
408 409 410
409 410 411
410 411
411
414 416
416 417
417
421
426 427
427
430 431
431
437 439
439 441
441 442
442
455 456 457
456 457
457
460
469
472
475
480 482
482 483 484
483 484
484 486
486 488
488 489
489
492 493
493 495
495
499
504 506
506 507
507
510 511
511 513
513
516 517
517 519
519 520
520
526 527 528
527 528 529
528 529
529
533
536 537 538
537 538
538 540
540 542
542 543 544
543 544
544 546
546
549 550 551
550 551
551
554 556
556 557 558
557 558 559
558 559 560
559 560 561
560 561 562
561 562
562
565 567
567 568
568
572 574
574 575
575
579
583
586 588
588 590
590
594 595
595 597
597 598
598
601
604
611 613
613 615
615
621
626 627 628
627 628
628 630
630 631
631
635 636 637
636 637
637 639
639
642 643
643
647 648
648 650
650
653 654 655
654 655
655
659 660 661
660 661
661
668 669 670
669 670
670
675
679 681
681 683
683 684 685
684 685 686
685 686 687
686 687
687 689
689 691
691 692 693
692 693
693 695
695 696
696 698
698 699 700
699 700
700
705 706
706
710 712
712
716 717 718
717 718
718 720
720
725
731 732
732 734
734 735 736
735 736 737
736 737
737
740 741 742
741 742
742
746 748
748 750
750
753 754 755
754 755 756
755 756
756 758
758 759 760
759 760
760
764 765
765 767
767 768
768 770
770
773
777 779
779
783 784 785
784 785 786
785 786
786
792 793
793
798 799 800
799 800 801
800 801
801 803
803 804 805
804 805 806
805 806 807
806 807
807 809
809 810
810
813 814
814
818
822 823
823
827 828
828 830
830
834 835 836
835 836
836
840
844
847 848
848
855
858 860
860 861
861
865 867
867 868 869
868 869
869 871
871
875 876
876
880 882
882
886
890 891
891
894
897 899
899 900
900 902
902
908
911 913
913 914
914
918 920
920 922
922 923 924
923 924
924 926
926
930
936
941
946 948
948
951 952 953
952 953 954
953 954
954 956
956
960 962
962 963 964
963 964
964
973 974 975
974 975
975
978 979 980
979 980
980
985 986
986
990 992
992 993 994
993 994
994
998 999
999
