#naive2.0.py
# GMT Fri Feb 14 13:34:05 2020
# 
2 3
3 5
5 6 7
6 7
7
12
15 16
16 18
18 19 20
19 20
20
27 28 29
28 29 30
29 30 31
30 31
31
34 36
36 38
38 40
40 42
42 43
43 45
45 46
46 48
48 50
50
53
57 59
59 60 61
60 61 62
61 62 63
62 63
63
67
72 73 74
73 74 75
74 75
75 77
77 78 79
78 79
79
83 84
84
88 89
89
101
106 107
107
114 115 116
115 116
116 118
118 119
119 121
121 122 123
122 123
123
128 129 130
129 130
130
136
139 140 141
140 141
141 143
143 145
145 147
147
153 154
154
157 159
159 161
161 162 163
162 163
163
169 171
171 173
173
176 177
177
180 181
181
187
190
193 195
195
200 202
202 203
203 205
205 206
206
211 213
213
216
222 223 224
223 224 225
224 225 226
225 226 227
226 227 228
227 228 229
228 229
229
232 234
234
237 238 239
238 239 240
239 240 241
240 241
241 243
243 244 245
244 245 246
245 246 247
246 247
247
253
258 260
260 262
262 263 264
263 264 265
264 265
265 267
267 268
268 270
270 271 272
271 272 273
272 273
273
277 278
278
281 283
283 285
285
289
299 300 301
300 301
301 303
303
306 308
308
312 314
314 315
315
318 320
320 321
321 323
323 324
324 326
326 328
328 329 330
329 330 331
330 331 332
331 332 333
332 333
333 335
335
338 339
339
344 345
345
349 350 351
350 351
351
357 358
358
361 362 363
362 363 364
363 364
364
367 368 369
368 369 370
369 370 371
370 371
371 373
373 374 375
374 375
375
380 381 382
381 382 383
382 383 384
383 384 385
384 385 386
385 386 387
386 387
387
390 391
391 393
393 394
394
398 399
399 401
401 403
403
407 408
408
414
420 421 422
421 422 423
422 423 424
423 424
424
427 428
428
432
437
440 441 442
441 442 443
442 443 444
443 444 445
444 445 446
445 446 447
446 447
447
450 451 452
451 452
452
455 456 457
456 457
457 459
459
464
467
471 472 473
472 473 474
473 474
474 476
476
480
483 484 485
484 485 486
485 486
486
489 491
491 492 493
492 493
493 495
495 496
496
500 502
502
507 509
509 510
510
514 515 516
515 516 517
516 517 518
517 518 519
518 519
519
523 524
524 526
526 528
528 529 530
529 530
530 532
532 534
534 535 536
535 536
536
540 541 542
541 542
542
545
548
552
555
559 560
560 562
562 563 564
563 564
564
567 569
569 570 571
570 571
571 573
573 574 575
574 575 576
575 576
576
581 582
582 584
584
589 590
590 592
592 594
594
598 599 600
599 600 601
600 601
601
605 606
606 608
608 609
609
612 613 614
613 614 615
614 615
615 617
617 619
619
623 625
625
632 633 634
633 634
634 636
636 637 638
637 638
638 640
640
643 645
645
651 653
653 655
655 656 657
656 657
657
660
667 669
669
675 677
677 678
678
683 684
684
689
692
695 696 697
696 697 698
697 698 699
698 699
699
702 704
704 706
706 708
708 709 710
709 710
710
713
719
725 727
727 728 729
728 729 730
729 730
730 732
732 733 734
733 734
734 736
736
740 741 742
741 742
742 744
744 745
745 747
747
750
754 755
755
760
763 764 765
764 765
765 767
767
770
775 776
776
781 782 783
782 783
783 785
785
788
795 796
796
802
805 806
806 808
808 809
809
814
818
823 824
824 826
826 827 828
827 828 829
828 829
829
834 835
835
839 841
841 842 843
842 843 844
843 844
844
847 849
849
852 853
853 855
855 857
857 859
859
862 863
863 865
865 866 867
866 867 868
867 868 869
868 869
869
873
876 878
878
886 887
887 889
889 891
891 893
893 894
894 896
896
900 902
902
907 908 909
908 909 910
909 910
910 912
912
919 920
920
924 925
925 927
927 929
929 930
930 932
932 933
933
936
939 940 941
940 941 942
941 942 943
942 943
943 945
945 947
947
952
955 957
957
961 963
963 964 965
964 965
965
972 973 974
973 974 975
974 975
975
978
981
984 986
986 988
988 990
990 991 992
991 992
992 994
994
997 998
998
