#naive2.0.py
# GMT Fri Feb 14 13:34:02 2020
# 
5 7
7 9
9 10
10 12
12 13 14
13 14 15
14 15
15
18
21 22
22 24
24
28
32 33 34
33 34 35
34 35 36
35 36 37
36 37 38
37 38
38
42
45 46
46
50 52
52
56
59
63 64
64
68 70
70
77
81 82 83
82 83
83
89 90
90 92
92 93
93
96 97 98
97 98 99
98 99 100
99 100
100 102
102
105 107
107 109
109 110 111
110 111 112
111 112
112
116 118
118 120
120 122
122 123 124
123 124
124
127 128
128 130
130 132
132
136
139
148
153 155
155 156
156 158
158 159 160
159 160 161
160 161 162
161 162
162 164
164 165 166
165 166 167
166 167 168
167 168 169
168 169 170
169 170
170 172
172 173
173 175
175 177
177 179
179 180 181
180 181 182
181 182 183
182 183 184
183 184
184
187 188
188 190
190 191
191
195 196
196 198
198 199
199 201
201 203
203 204 205
204 205
205 207
207
210 211 212
211 212
212
215 217
217 218 219
218 219
219
223 224 225
224 225 226
225 226
226 228
228 229
229
233 234 235
234 235
235
238 239
239
243 244 245
244 245 246
245 246 247
246 247 248
247 248 249
248 249 250
249 250
250
253 254
254
257
261
264 265
265
268 270
270 271
271 273
273
278
283
287
290
293
300 301 302
301 302 303
302 303
303
308
316 318
318 319
319
324
330 331
331 333
333 335
335 337
337 339
339 341
341
344 346
346
349
353 355
355
367 368 369
368 369
369
375
382 383 384
383 384
384 386
386 388
388
392 394
394
400 401
401
404 405
405 407
407 408
408
415 416
416 418
418 419 420
419 420
420 422
422 424
424 425 426
425 426
426
429 430 431
430 431 432
431 432
432
435
438 440
440 441 442
441 442 443
442 443
443
447 448
448
451 453
453 454
454
459 460
460
463
466
470 472
472 473 474
473 474 475
474 475 476
475 476
476 478
478 479 480
479 480 481
480 481 482
481 482 483
482 483 484
483 484
484
489 490
490
494
499 501
501 502 503
502 503
503
507 509
509
512 513 514
513 514
514
521 523
523 524
524 526
526
529 531
531 532 533
532 533
533 535
535 536
536
541 542
542
546
552
557
561
567 569
569 571
571 573
573
576 577 578
577 578 579
578 579
579
585 587
587 589
589 590 591
590 591 592
591 592
592 594
594 596
596
601 603
603 604
604 606
606 608
608
611 612
612
617
621 622
622
631 632 633
632 633 634
633 634 635
634 635 636
635 636
636 638
638 640
640 641 642
641 642
642 644
644 645
645
648 649
649
658 659 660
659 660
660
663 665
665 666
666 668
668 669 670
669 670 671
670 671
671
674 676
676 678
678 679 680
679 680
680
686 688
688 689
689 691
691 692 693
692 693
693 695
695 696 697
696 697 698
697 698 699
698 699 700
699 700 701
700 701 702
701 702
702
706 708
708 710
710 711
711 713
713 714
714
718 719 720
719 720
720
723 724 725
724 725 726
725 726 727
726 727
727 729
729 731
731 733
733
736
742
746 748
748 750
750 751
751
755 756
756
760 761
761 763
763 764 765
764 765
765
777
780 781 782
781 782 783
782 783
783 785
785 786 787
786 787 788
787 788
788 790
790 791 792
791 792
792 794
794 795
795
798 799 800
799 800
800
807 808 809
808 809
809
812 814
814 815 816
815 816
816
819
826 827
827
830 831
831
834 835
835
840 842
842
849 850 851
850 851
851 853
853 855
855 857
857 858
858
862
866 867 868
867 868 869
868 869
869
872 874
874 875
875 877
877
881 882 883
882 883 884
883 884 885
884 885
885 887
887
892 893
893
899 901
901 902
902
905 906 907
906 907
907
911 912 913
912 913 914
913 914
914 916
916 918
918 919
919
922 923 924
923 924 925
924 925 926
925 926
926 928
928
931
936
939
942 944
944 946
946 947 948
947 948
948
951 953
953 955
955 957
957 958
958 960
960 961 962
961 962
962 964
964 965
965
969 970 971
970 971 972
971 972
972
976 977
977 979
979
984 985 986
985 986
986 988
988 989
989 991
991 993
993
996 998
998
