#naive2.0.py
# GMT Fri Feb 14 14:28:02 2020
# 
2 3
3 220
7 8 9
8 9 10
9 10 11
10 11 12
11 12
12
15
23 25
25 27
27 28 658
28 30
30 32
32 33 34
33 34
34 36
36 37
37 39
39 155
43 44 45
44 45 46
45 46 47
46 47
47 49 205
49 50
50
53
57 59
59
65
68 69 70
69 70 416
70 71 72
71 72
72
75 76
76 78
78
81 82
82
86 87
87 503
90 197
92 94
94
97 99
99 100 101
100 101
101 102 103
102 103
103 105
105
110 111 112
111 367
112 195
115 116 117
116 117
117
130 131 132
131 132 133
132 133 134
133 134 135
134 135
135 137
137 138 289
138 139 140 347
139 140 141
140 141 973
141
145
147 148 149
148 149
149 151
151 152 344
152 154
154 155
155 157 472
157 158 159
158 159
159
163
169
172 174 665
174 175
175
180
183 184 185 956
184 185 186
185 186
186 747
189 190
190 192
192 193 194
193 194 195
194 195
195 197
197
198 200
200
205
208 209 210
209 210
210
216 218
218 220
220 221
221
224 226
226 227 971
227 228 229
228 229 230
229 230 231
230 231 232
231 232 233 764
232 234
233 234 235 520
234 235
235 856
240
242 244
244 245 304
245 247
247 248 249
248 249
249 251
251 252
252 254
254 256
256 257 258
257 258
258 260
260 261
261
264 265 266
265 266 267
266 267
267 269
269 271
271 273
273 274
274 276
276
279
282
289 291
291 292 293
292 293
293 295
295 404
296 360
299 300
300 302
302 304
304
306 308
308 310
310 311 312
311 312 313
312 313 314
313 314
314 316
316 317
317 985
319
323
326 328
328
331 333
333 335 445
335
339
344
347 349
348 349 350
349 350
350 352
352
355
360 361 362
361 362 363
362 363 364
363 364 365
364 365
365 367
367 368 369
368 369 370
369 370 371
370 372
371 372
372 599
376 377 378
377 382
378 380
380 381 382
381 382
382
385 386 387
386 387 388
387 388
388
391
398 400
400 401 402
401 402 815
402 404
404 405
405 406 407
406 407
407
410 412
412 413
413
416
423 424
424 426
426
431 432 886
432 434
434 436
436
439 440 441
440 441
441 724
444 445 446
445 446
446
450 451 452
451 453 619
452 744
453
456 457 458
457 458
458
461
464
468
472 473
473
477
480 482
482 949
488
492 493 494
493 494 495
494 495
495
498 499 500
499 500 501
500 501
501 503
503 505
505
509
511 512
512
515
518 520
520
523 524 525
524 525
525 527
527
532
536 538
538 539 540
539 540
540
546 547
547
550 551 552
551 552
552
555 557
557 856
562 563
563 565
565
569
575 577
577 578
578 580
580 582
582
589
594 596
596 598
598 599
599 601
601
604 605
605 607
607
611 612
612
617 618 619
618
619 621
621 623
623 625
625 626
626
630
631 633
633 635
635 636
636
639
645 647 708
647 648 649
648 649
649
653 654
654
657 658
658
661
664 665 666
665 667
666 667
667
670 672
672
678
682 683
683
686
689 690
690
693
705 706 945
706 708
708
712
715
718 720 734
720 721
721 723
723
724 791
726
731
734 736
736
737 739
739 740 741
740 741
741 743
743 744
744
747
751 752
752 754
754 756
756
759 760
760
763 764 765
764 765
765 767
767 768
768 861
771 772
772 774
774 776
776 777 778
777 778 779
778 779 780
779 780 781
780 781 782
781 782
782 784
784
786
791 792
792
796 823
797 799
799 800
800
808 810
810 811
811 813
813 814 815
814 815 816
815 816
816
823 824 825
824 825
825
830 832
832 834
834
837 838
838
842
845
853
856 858
858 859
859 861
861 862
862 864
864 866
865 867
866 867
867 868
868 870
870 872
872 874
874 876
876 877 878
877 878
878 880
880 881 882
881 882
882 884
884 886
886 887 888
887 888
888
892 893
893
902
907
910 911
911
914
918 920
920 921
921
926
929 930
930
934 935
935
938 940
940 942
942
945 947
947 948 949
948 949 950
949 950
950
955 956 957
956 958
957 958
958
961
964
967
970 971 972
971 972 973
972 973
973
976
982 983
983 985
985
992 994
994
