#naive2.0.py
# GMT Fri Feb 14 14:28:07 2020
# 
1 2 999
2 4
4
8
13 15 531
15 16 17
16
17 18
18
20 21
21
25 26
26 28
28 29 30
29 30
30
33
36 38
38 115
39 41 155
41
46 47
47 49 205
49 51
51 52
52
56 57 58
57
58
61 63 660 528
63 64
64
67 68
68
77 78
78
81
84 838
86 87
87 89 503
89 90 91
90 91 585
91
94
103 897
106 107 108
107 109 448
108 109
109
113 115 370
115
118 120
120 121 122
121 122
122 123
123 125
125 127 868
127 129 367
129 130
130 131 850
131
134 135
135
141
144 406 381
145 812
148 149
149
152 153
153 155
155 157 472
157
162
170 172
172
176 178
178
181 607
185 186 187
186 187
187 189
189 191
191 736
195 196
196
198 199 200
199 200 201
200 201 202
201 202 203
202 203
203 205 796
205
206 207 208
207 208
208
213
216 218
218 219 220
219 220 895
220 221
221 222
222 224
224 225
225 227
227 229
229 230 231
230 231 232
231 232 233 764
232 234
233 234 235
234 235
235 237 602
237 239
239
242 244
244
249 251
251 253
253
257 258 259
258 259
259 261
261 262
262 264
264 265
265
269 270
270
274 275 276
275 276 962
276
280 344 460
282 283
283 446
285 286
286
292 294
294
297 996
299 300
300
313 314 315
314 315 316
315 316 901
316
322 324
324
327
332 333
333 335
335 337
337 339
339
344 346
346 347
347
350 351 687
351
356 357 358
357 358
358 360
360 361 362
361 362
362
365 367
367 368 369
368 369 370
369 370
370 372
372
373
376 377
377 379
379 381
381 383
383 384
384
387 388
388
392 394
393 394 989
394 396
396
399 401
401 402 815
402 404
404
406 408
408
412
417 418 419
418 604
419
422 614
425 427
427 428 429
428 429
429
434
438 439
439
442 443
443 646
446 447 448
447
448
451
454 455 793
455
458 459 460
459 460 461
460 461
461
464 466
466 467
467
470 471 472
471 472
472
477
480 755
481 483
483 484
484
489 517
496 497
497
500 502
502 503
503 505
504 505 910
505 506
506 508
508
512 513
513
517 838
519
521
522
527 528
528 530
530 531 532
531 532
532 534
534
540 542
542
549 550 551
550 551
551
554 555
555
560 562
562 564
564 566 948 654 871
566
571 573
572 573 574
573 574
574 576
576
579 742 741
585
590 592
592
595
598 600
600 601 602
601 602 603
602 603
603 604 784
604 606
606 607
607
610
614 616
616
620
625 626
626 703
632 634
634 635
635 637
637 638 639
638 639 640
639 640
640 642
642
646
651 652
652 654
654 660
655 656 657
656 657
657 659
659 660
660 662
662 663
663
667
670 671 672
671 672 673
672 673
673
676
684
687
695 889
698 700
700 701
701 703
703 704 705
704 705
705
707 709 944
708
709 711
711 712
712
717 718 719
718 720
719 720
720 722
722 724
724
725 727
727 728
728
736
739 741
741 742 743
742
743
752 753 754
753 755
754 755 756
755 756
756
759 760 761 975
760 761
761 841
764
767
770 771 772
771 772
772 774
774
778 779
779 781
781
784 785
785
788
792 793
793
796 823
800
803 946
804
811 812 813
812 813 814
813 814 815
814 815 816
815 816
816 818
818
821 823
823 824
824
830
833
836 838
838
840 841 842
841 842
842
845
849 850 851
850
851 853
853 854
854
868
871
873 874 875
874 875 876
875 876
876 878
878 880 896
880 881 882
881 882
882 884
884 885 886
885 886
886
889
892 893
893 895
895 896 897
896 898
897 898 899
898 899
899
901 902 903
902 903
903
908 910
910
916
921
924 925
925 927
927
936 938
938
944 946
946 947 948
947 948
948
953 954
954
960 962
962 963
963 965
965 966 967
966 967
967
970 972
972 973
973 975
975
977
980
983 984 985
984 985
985 987
987 989
989
990 992
992 994
994 996
996 997 998
997 998 999
998 999
999
