#naive2.0.py
# GMT Fri Feb 14 14:28:02 2020
# 
0 999
10 12
12 13 14
13 15
14 15
15
18
19 20 21
20 21
21 23
23
31 32
32
35 37
37 38 39
38 40 115
39 40
40
43 45
45 46
46
50 171
54
57 167
63 64
64 766
67 68
68
71
74
80 81
81
89 91
91
94
97 98
98 100 556
100 101
101
104 105
105
109 110 111 593
110 111
111 113
113 115 370
115 117
117
121 386
124
127
128 130
130 131
131
134 135 136
135 136 137
136 137 138 845
137 138 289
138 140 347
140 713
143
147 149
149 150
150 152
152 154
154 156
156
160 705
161
166 167 168
167 168 169
168 169 170
169 170
170 171
171 789
175 176
176 178
178
182 184
184 186
186 187 747
187
190 191
191
194 195 196
195 196
196 766
198
201 202
202 204
204 205 567
205 284
206 208
208 209
209
213
216 218
218 219
219
222 224
224
230 231
231
234 235
235 237
237
243
248
251 252 253
252 253
253
258 259 260
259 260 261
260 261
261
265
269 270 271
270 686
271 273
273 274 275
274 275
275
277
282 284
284
288 289
289 615
292 293 294
293 294
294
300 301 302
301 302 303
302 303
303 845
305
309 311
311
315
317 318
318 319
319
325 326 327
326 327
327 329
329 330
330
332 333
333 335
335 337
337 338 339
338 339 340
339 340
340
343 345
345 346 347
346 347 348
347 349
348 349
349
354
357
364 365 969
365
369 370
370 372
372
378
381 383
383 385
385 386 387
386 387
387
396 398
398
402
406 408
408 409
409 411
411 413
413 415
415 416 417
416 417
417 419
419 420
420 422
422 669 614
426 427
427
431
434 436
436
439
442 443 444
443 444 646
444
447
453 454 455
454 455 793
455 456 457
456 457 820
457
462 992
467 469
469 470
470 472
472 473
473
476
479 481
481 482
482 484
484
487 488 489
488 748
489 491
491 964
494 495 496
495 496 497
496 497 498
497 498
498
502
504
506 507 508
507 509 934
508 509
509
512 513
513 515
515 516
516 518
518 519 520
519 520
520
532 533 802
533 735
536
539 541
541 542 553
542
548 550
550 551 552
551 552 553
552 553
553
556 558
557 558
558
564 566 948
565 566 567
566 567 568
567
568 570
570 571
571 573
573 574 575
574 575
575 577
577
581 583
583
585
589 591
591 592 593
592 593
593
596 597 598
597 598
598
603
606 608
608 609 610
609 610 611
610
611
614
615
621 622 623
622 623
623 625 860
625 626
626 628 703
628 630 819
629 630
630 981
631
635 636
636
639 640 641
640 641
641
644 646
646 648
648 649
649 651
651
655
658
660
664 666
666 667
667 669
669
672 673
673
677 678
678 680
680
685 686 687
686 687
687
693 694
694 696
696
699 701
701 702 703
702 703 704
703 704 705
704 705
705 945
707 709
709 710
710 866
713
716 718
717 718
718 734
721 722
722 724
724 791
726
730 731 732
731 732
732 734
734 735
735 737
737
742 744
743 744
744
747 749
748
749
752 753
753 931
756 757
757
760 762
762 763
763 765
765 766 767
766 767 768
767 768
768 770
770
775
783 978
787 789 912
789 791
791 793
793 794
794 795
795 797
797 798
798
802 803
803
804
807 808 809
808 809
809 811
811 812 813
812 813
813 815
815
819 820 821
820 821
821
824 825
825 827
827
832 834
834
840 841 842
841 842
842 844
844 845 846
845
846
848
851
854 855
855
860
865
866
868 869 870
869 870
870
873 874
874
877
880 882
882 884
884
887 889
889 891
891 893
893 894
894
897 898 899
898 899
899
902 903 904
903 904
904 906
906 907
907
911 912 913
912 914
913 914 915
914 915 916
915 916 917
916 917
917 919
919 920
920
924 925 926
925 926 927
926 927
927
930 931 932
931 932 933
932 933 934
933 934
934
937 938
938 940
940 941
941
945
948 950
950 951 952
951 952
952 954
954 955 956
955 956 957
956
957 959
959
964 965
965 966 967
966 967
967 969
969 970
970
975
978
981 982
982
987 988
988
992
998 999
999
