#naive2.0.py
# GMT Fri Feb 14 14:28:06 2020
# 
0 1 999 2
1 2 999
2 4
4 5 6
5 6 7
6 7 8
7 8
8 10
10 11
11 13
13 15 531
15
19 21 225
21 22
22 24 784
24 26
26 28
28 29 30
29 30 364
30 32
32 33
33
36 37 38
37 38
38 40 115
40
44 45
45
49
52 54
54 55
55
58
62
65
68 69
69
71 73
73 74 75
74 75
75
79 81
81 82
82
86
89 90
90
92
95 96 474 899
96 98
98
107 448
110 111
111 113 367
113 115 370
115 117
117 119
119 120
120
124
130 131 132 850 241
131 132 133
132 133 134
133 134 135
134 135 136
135 136
136 138
138 139 140
139 140 141
140 141
141
144 381
145 812
147
152
155
160 705
161 163
163 991
166
172 665
176 178
178
182 183 184
183 184 185 624
184 185
185 187
187
191
196 766
200 201 202
201 202
202
205 284 559
206 207
207 209
209
214 215 216
215 216 217 748
216 217 218
217 218
218 220
220
225 227
226 227 971
227 228 229
228 229
229
235
236 238
238 239 240
239 240 241
240 241
241 242
242 243
243 245
245 246 247
246 248
247 248 249
248 249 250
249 250 251
250 251
251
256 257 846
257 259
259 260 261
260 261 262
261 262 263
262 263
263
267 268 269
268 269 270
269 270 271
270 272
271 272 273
272 273 274
273 274 275
274 275
275
278 279
279
283 284
284
287 288 289
288 289
289 291 615
291 292 293
292 293
293
296 298 360
297 298
298
301 302
302 304
304
308 309 310
309 310
310 312
312
316 317
317
320 321 322
321 322 323
322 323
323
327 329
329 331
331 333
333 335 445
335 336
336 338
338 339 340
339 340 341
340 341
341 343
343 345
345 346
346 348
348 349 350
349 350
350 352
352 354
354
357
360 361 362
361 362
362 364
364 365 366
365 366 367
366 367 368
367 368 369
368 369 370
369 370
370 372
372 374 599
373 374
374
378 379 380
379 380 381
380 381 382
381 382
382 384
384 385
385
391 835
398 400
400
403 405
405
408 410
410
420 421 422
421 422
422
424 426
426
429 430
430 432
432 433
433 435 509
435
445
448 449
449
451 619
455 456
456
462 463
463 464
464 466
466 467 468
467 468
468 470
470
473 474 475
474
475 477
477
480 755
485 487
487
490 492
492 493 494
493 494
494 496
496 497 498
497 498 499
498 499 500
499 500 501
500 501 502
501 502
502
504 910
509 510
510 512
512
515
518 519 520
519 520 829
520 521
521 523 782
523
526 527 528
527 528
528
531 533
533 735
545 546 547
546 547 548
547 548
548 550
550
555 557
557 558 559
558 559
559 561
561 562
562 563
563 565
565
569 570
570 572
572 574
574 576
576 577 578
577 578
578
584 586
586 587
587
591 592 593
592 593 594
593 594
594
599 601
601
604
607 609
609 610 611
610 612 888
611 612
612
615 616
616 618
618 787
619 621
621
624 626
626 628 703
628 630 819
630 981
631 633
633 634 635
634 635 636
635 636 637
636 637
637 639
639 641
641
643 645 941
645
650 994
652
661 662
662 664
664 665 666
665 667
666 667 668
667 668
668
671 672 673
672 673 674
673 674 675
674 675
675 676 677
676 677
677
681 682 683
682 683
683 685
685
688 689
689 691
691 693
693
696 697
697
702 703 704
703 704 705
704 705
705
709 710 711
710 711 866
711
722 723
723
726 727 728
727 728 729
728 729
729
732
735
739
747
748 750
750
755
758 759
759 761 975
761
766
770 771
771 773
773
776 777
777
780 781 782
781 782
782 784
784 785
785 786 787
786 787
787
790
792 793
793
795 796
796
800 801 802
801 802
802
804 806
806
807
810 812
812 814
814 815
815
818 819
819
822
825 827
827 828 829
828 829
829 831
831
835 836
836 838
838
840
846
849 850
850
852
853
859
864 866 975
866
868 870
870
873 874
874 876
876 877 878
877 878
878 880
880
885 886
886 887 888
887 888 889
888 889 890
889 890
890
893
899 900
900 901 902
901 902 903
902 903 904
903 904 905
904 905
905
908 909 910
909 910
910
916
921 922
922
925 927
927
931 932
932 934
934 936
936 938
938 939
939 941
941 942
942
946
949 950
950 952
952 953
953
957 958
958
966 968
968 970
970 971 972
971 972
972 974
974 975
975
977 978
978
981
986 987 988
987 988 989
988 989 990
989 991
990 991
991 993
993 994
994
997 999
999
