#naive2.0.py
# GMT Fri Feb 14 14:28:05 2020
# 
1 999
4
9 11
11 12
12
15 16 17
16
17
20 22
22
27 29 658
29 364
33 34
34
39 40 155
40 42
42 491
44 46
46 47
47
51 52
52
56
60 62
62 64
64
66 67 68
67 68
68
76 77
77
83 85 998
85 87 163
87 89 503
89 90
90 197
94 95 96
95 96 899
96
100 101
101 103
103 897
104
109 110 111 593
110 111
111
115
118 119
119 121
121 386
123 125
125 127 868
127 129
129 130
130 131 132 241 397
131 132
132
135 136 137
136 137 138 845
137 138 289
138 139 347
139
142 143 144
143 144
144 381
146
149 150 151
150 151 152
151 152
152 153 154
153 154 155
154 155
155
160 162
162 163 164
163 991
164
168 169
169 517
173
176 177 178
177 178 179
178 179
179
182 183
183 624 956
186 187 747
187 189
189 191
191 192
192
195 197
197 199
198 199 200
199 200
200
206
216
219 895
221
225
226 971
228 229
229
234 235 236
235 602
236
240 241 924
241 242
242 244
244 246 304
246
249 251
251 252
252
259 261
261
268
271
274 276
276
281 282
282
285 286
286
289
292
295 297
296 360
297
300 301 302
301 302 303
302 303 304
303 304 845
304
305
308 309 798
309
314
317 318
318
321 322
322
325 326 327
326 327 328
327 328 329
328 330
329 330 331
330 331 540
331 332 333
332 333 334
333 334 445
334
338
341
345 347
347 349
349 350 351
350 351 352 687
351 352
352
355 356
356
359 360 361
360 361 362
361 362
362 364
364
370
371 373
373 374
374 376
376
379 381
381 382 383
382 383 384
383 384 385
384 385 386
385 386 387
386 387
387
390
394
397
398 399
399 401
401 402 815
402
407 409
408 409
409
412 413
413 414
414
419 421
421 422
422 669 614
425
429
438 439
439
444 445
445
449 740
458
463 465
465
471 473
473
476
481 483
483 484
484 486 746
486 877
489 491 517
491
494 495
495
501 503
503
506 508
508 509
509
513 514 515
514 515
515 517
517
519
522 524
524 526
526 528
528 530
529 530
530 532
532 533 534
533 735
534
539 540
540
543 544 723
544 546
546 548
548
553
556 558
558 559
559 561
561
563 564
564 566 654 871
566 568
568 570
570 572
572 574
574 575
575
578 579 580
579 580
580 581
581
584 586
586
590
593
595
598 600
600 602
602
606 607
607 609
609 610
610 612
612 614
614 616
616 617
617 619
619 620
620 622
622 624
624
625
628 819
629
631 632
632
636 638
638 639
639
643 644
644
647
650 994
653 654 655 790
654 660
655 656 657
656 657 658
657 658 659
658 659
659 660
660 662
662 663 664
663 664 665
664 665 666
665
666
669 671
671 672
672
676 677 678
677 678
678 680
680 681
681
687 688
688 689 690
689 690 691
690 691 692
691 692 693
692 693 694
693 694
694
698 700
700
703
706
711 712
712 714
714
717 719
719
723 725
724
725 727
727 728 729
728 729
729 731
731
734 735
735
740
743
746
747
750 751 752
751 752 753
752 753
753 755
755
758 760
760 761
761 841
763 765
765 767
767
774 776
776
779
785 786 787
786 787
787 789 912
789 790
790
793
795 797
797 798 799
798
799 801
801 803
803
808
814 815
815
818 819
819 821
821 822
822
827
832
836 837
837
841 842
842 844
844 845
845
848
851 852
852
855
863 864
864 975
867 868 869
868 869
869 871
871 872
872
875 876 877
876 877 878
877 878
878 896
881
886
890
892 893
893 895
895 896 897
896 898
897 898 899
898 899
899
901
904 905 906
905 906
906
911 912 913
912
913
916
919
922
924 926
926 927
927
930 932
932 933 934
933 934
934 936
936 938
938 940
940
943 945
945
949 951
951 952
952 954
954 955 956
955 956
956 958
958
961
968 970
970 971 972
971 972
972
975 976
976 977
977
980 982
982 984
984 986
986 987
987
990 991 992
991
992 994
994
997 998 999
998 999
999
