#naive2.0.py
# GMT Fri Feb 14 14:28:06 2020
# 
1 999
4 5 6
5 6 7
6 7
7 9
9 11
11 12 13
12 13 14
13 15 531
14 15 107
15 16
16 254
19 225
23 24 25
24 25
25 27
27 29 288
29 364
34 35
35
39 155
44 45
45
49 50
50 52
52 53 516
53
63 65
65 809
67 69
69 416
71 72
72
76
82 83
83 998
94 96
96
100 101
101 102
102 987
104
107
108
114 115 855
115
119 120 121
120 121 122
121 122 386
122
129
134
137
141 142 143
142 143
143
146
153 155
155 472
156 404
158
161 163
163 165 991
165
169
173 174 175
174 175
175 177
177 179
179 180
180 182
182 183
183 956
187
191 193
193 195
195
198 199 200
199 200
200
203 204 205
204 205 567
205
206 208
208 209
209
214 216
216
223 224 225 490
224 225 226
225 227
226 227
227 228
228
231 233
233 520
236
242 244
244 245 246
245 246 247
246 248 596
247 248 249
248 249 250
249 250 251
250 251 252
251 252 253
252 253 254
253 254
254 256
256 257 258
257 258
258
261
265 266
266 890
269 271
271 273
273 275
275 276 962
276 278
278 280
280 344 460
282
285 286
286 288
288
292 293 294
293 294 295
294 295 296
295 487 716 404
296
299 301
301 302 303
302 303
303
305 307
307
314 316
316 318
318 642
321 322
322 324
324 326
326 327 328
327 328
328 330
330
332 333 334
333 334
334
340 341
341 343
343 344
344 346
346
349
352 354
354 355 356
355 356
356 358
358 359
359
362 363 364
363 364 365
364 365
365 367
367 368 369
368 369
369
377 382
382 384
384 386
386 388
388
392
395
399 400
400 402
402 403 404
403 404 405
404 405
405
409 410
410
414 415 416
415 416 417
416 417 418
417 418
418 420
420 422
422 423 669
423 425
425 427
427 428
428
431 886
433 435
435 436 437
436 437 438
437 438 439
438 439
439 441
441 442 724
442 444
444
447 449
449 450
450
458 459 460
459 460
460
462 463
463 465
465 466
466 468
468 470
470 472
472
475 477
477 478
478 480
480
481
484 486
486
487 489
489 490
490
493 495
495 496
496 498
498 499 500
499 500 501
500 501
501
505 507
507 934
512 513
513 515
515 516
516 518
518 519 520
519 520
520 521
521
522
526
531 532 533
532 533 802
533 735
536 538
538
543 544
544
547 549
549 550 551
550 551 552
551 552 553
552 553
553
555 556 557
556
557 856
561
563 564
564 566 654
566 567
567 569
569
573 575
575
579 580 741
580 581
581
589 591
591 593
593 594
594 596
596
599 600 601 629
600 601
601
605
608 610
610 612 888
611 612 613
612 613
613
618 787
621
625 627
627 629
629
632
636
639 640
640 642
642 644
644
651 653
653 654
654 660
657
660 661 662
661 662 663
662 663
663
666 667
667 669
669 671
670 671 672
671 672
672
680
683 684 685 863
684 685
685
692 694
694 696
696
699 700 701
700 701 702
701 702
702
707 709
709 710
710 712 866
712 713
713
716
717 719
719
724 791
725 726
726 728
728
731 732
732 734
734 735
735
739 741
741 743
743 744
744
748
752 753 754
753
754 756
756 757
757 759
759 760 975
760
765 766
766
769 771
771
775
784
787
791 793
793
797 799
799 801
801 802 803
802 803
803
806
809 811
811 813
813 815
815 816
816
820
825
826
828
831
834 835 836
835 836
836 838
838 839
839
850 865
851 852 853
852 854
853 854 855
854 855 856
855
856
859
862 863
863
865
866
868 870
870
873 874
874 876
876 878
878 879 880
879 880
880
885 886
886 887 888
887 888
888 890
890
895
905 907
907 908 909
908 909
909
913 915
915 916
916
921 922
922
925 926
926 928
928 929
929
933 934
934
937 938
938
941
947
951 953
953 954
954 956
956 958
957 958
958
961 962 963
962 963 964
963 964 965
964 965
965 967
967 968
968
975
977 979
979 980 981
980 981
981 983
983
987 988 989
988 989
989 991
991 993
993 994 995
994 995 996
995 996 997
996 997 998
997 998 999
998 999
999
