#naive2.0.py
# GMT Fri Feb 14 14:28:08 2020
# 
2 3 4
3 4
4 6
6 8
8 10
10
13 15 531
15 17
17 18 19
18 733
19 20 21
20 21 22
21 22
22 24 784
24
27 28 288
28 30
30 31
31
34
41 43
43
46 47 48
47 48 49 205
48 49
49
52 54 516
54 56
56
59 60
60
67 68 69
68 69 70
69 70
70 72
72 73 74
73 74 75
74 75
75
78 79
79
85 87
87
90
92
95 96 899
96
100 833
103 897
106 107
107
110 111 112
111 113
112 114
113 114 115 370
114 115 116
115 116
116 153
126 127 128 447
127 129
128 129 130
129 130 298
130 131 850 241 826
131
134 135 136
135 136
136 845
143 145
145 146
146 147 148
147 148 149
148 149
149 151
151 344
153 154
154 156
156 157 404
157 158 159
158 159 160
159 160 285
160
161
164 166
166 167 168
167 168
168 170
170 171 172
171 172
172
176 177
177
180
184 185 186
185 186 187
186 187 188
187 188
188 190
190 191
191 736
196 766
198 200
200
204 205
205 284
211 212 213
212 213 214
213 214 215
214 215
215 217 748
217 218 219
218 219
219 895
221 222 223
222 223
223
230
235
236
241 242
242 243 244
243 244
244 304
254
258 259 260
259 260
260
266 268
268 269 270
269 270
270 272 686
272
275 962
277 278
278 280
280 344 460
284 285
285 287
287 288
288
290 291
291 293
293 294
294 296
296 298 360
297 298 996
298
302 304
304
305
308 310
310
313 314
314
317 985
319 320 321
320 321
321 323
323 324 325
324 325
325
328 330
329 330 331
330 331 540
331 332
332 334
334 335
335
342 344 560
343 344 537
344 346
346
349 350 351
350 351 352
351 352
352 354
354 355 356
355 356
356 358
358 360
360 361 362
361 362
362
369 370
370
374 375
375 377
377 379 382
379 380 381
380 381 382
381 382 383
382 383 384
383 384
384
388 390
390 391 392
391 392
392 394
394 395 396
395 396
396
399
402 404
404 405
405 406 407
406 407
407 854
410 412
412
420 422
422 423 614
423 425
425 426
426 428
428 429 430
429 430 431
430 431
431 886
434 435 436
435 436 437
436 437
437 439
439 441
441 443 724
443
447
451 453 619
453
457
460 461
461 462
462 992
465
469
475 476
476 478
478
481
486 877
487
491 493
492 493 494
493 494 495
494 495 496
495 496
496
500 501
501
504 910
508 509
509
511 512 513
512 513 514
513 514
514 516
516
521 782
524
529 530 531
530 531
531
535 536 537 825
536 537 538
537
538 540
540 541
541 543 553
543 545
545 546 547
546 547 548
547 548
548
551 552 553
552 553 554
553 554
554 555 556
555 556 894
556
560
561
570 572
572 574
574 575 576
575 576 577
576 577 578 923
577 578
578 580
580 581
581
584 586
586 588
588
593 594
594 595
595
598
603 784
605
608 610
610 612
611 612
612 614
614 616
616 617
617 619
619 621
621 622
622
626
627 629
629 630
630 632
631 632
632
635 636
636 638
638 639 640
639 640 641
640 641 642
641 642
642
649 650
650 994
653 654
654 660
660
663 664
664 666
666
671 672 673
672 673
673
677 678 679
678 679
679 783
682
686 688
688
691 692
692 694
694
698 699
699
702
710 711 866
711 713
713 714
714 715
715
718 720
719 720
720
724 791
725 726
726 728
728
732 733
733 735
735 736
736
739 740 741
740 741
741
748
756 757 758
757 758 759
758 759 760
759 760 761
760 761
761 841
763
766 767 768
767 768
768 770
770 772
772 773
773 775
775 777
777 779
779 780 781
780 781 782
781 782 783
782 783 784
783 784 785 978
784 785
785 786
786
791 792 793
792 793 794
793 794
794 796
796
801
809
818 820
820
822
825 827
826 827
827 828 829
828 829 830
829 830
830 832
832 833
833
836 838
838 839
839 841
841 842
842
845
846
848 849 850
849 850 851
850
851 852
852 854
854
859 860
860
862
866
868
875 877
877
881 882 883
882 883 884
883 884
884 886
886 887
887
891
894
895 897
897 898 899
898 899
899
901
904
910 912
912
916
923
928 930
930
933 934
934 936
936
939 941
941 942
942 943
943 945
945 946 947
946 947 948
947 948
948 950
950 951
951 953
953 954
954
958 959 960
959 960
960 962
962 963
963
967 969
969 970
970 971
971 973
973
977 978
978 980
980 982
982
985 987
987 988
988 990
990 992
992 994
994 995 996
995 996
996
