#naive2.0.py
# GMT Fri Feb 14 14:28:07 2020
# 
0 1
1 3
3 220
6 7
7
10 11
11
16 254
18
20 22
22
25 27
27 29 288
29 30
30 31 32
31 32 58
32
35 37
36 37
37
41 42
42
47 205
52 53 516
53
57
58 60
60
63 64
64
66 67
67 69
69 70 416
70 71
71 73
73
76
80 82
82 83 84
83 84 85 998
84 85
85 86
86
89 91
91
94
100 833
102 987
105
109 111 593
111 113
113 114 115
114 115 855
115
118
122 123 124
123 125
124 125 126
125 868
126
129
131 132
132 134
134 136
136 138
138 140
140 141 142
141 142 143
142 143
143 145
145 812
147 149
149
153
156
158 159 160
159 160
160 162
161 162
162 164
164 166
166
169 170
170 171 172
171 172 789
172 173 174 665
173 174
174
180 182
182
186 187
187
190 191 192
191 192
192
195 196 197
196 197
197 199
198 199 200
199 200 201
200 201 202
201 202 203
202 203
203 205
205
213 215
215 748
219 220 895
220 221
221 222
222
226 227 971 857
227
232 951
242 243
243
246
249 251
251 252
252 254
254 256
256
261 262
262 264
264 265 266
265 266
266 890
271
275 276 962
276
286 288
288
291 292 293
292 293
293
296 360
297
302
306
310 312
312 313 314
313 314 315
314 315 316
315 316 901
316
320 321
321
324 325
325 327
327
330 540
332 333 334
333 334 335
334 335
335
341 343
343 345
345 346
346
350 352
352
358 359 360
359 360
360
363 365
365
368 369
369
373
379
385 386 387
386 387
387 389
389 390
390
395
400
403 405
405 406 407
406 407
407 854
412 413 807
413
416 417
417 419
419
422 423 669 614
423
428
432 433 434
433 434 509
434
437 438
438 440
440 442
442 444
444
448 449 450
449 450
450 452
452 744
453 455
455 456 457
456 457 458 820
457 458
458
462 992
464 466
466
469 470
470 472
472 473
473 475
475 477
477 479
479 480
480
485 486
486 488
488 490 748
490 492
492
496 497
497
500 501
501
507 509 934
509 510
510 511
511 513
513 514 515
514 515 516
515 516
516
519
523 524
524
527
530 532
532 533 802
533
540 541
541 543 553
543 544 545
544 545 546
545 546
546
549 550
550 552
552 553 554
553 554
554 555 556
555 556 557
556
557 856
561 788
565 566
566
569
573 574
574
578
582 583 584
583 584
584 586
586 588
588
593 594
594
597
601
608 610
610
613 614 615
614
615
617 619
619 620
620 622
622 623
623 625 860
625 627
627 628 629
628 630
629 630
630
634 635
635 637
637 638 639
638 639 640
639 640
640
643 644 941
644
647 648
648
651 652 653
652 653
653 790
659 660
660 662
662 664
664 665
665 667
667 669
669
672 673 674
673 674 675
674 675
675 677
677
683 685 863
685 686
686
695 697 889
697 698 951
698 699
699
708 710
709 710 711
710 711
711
715 716 717 806
716 718
717 718 719
718
719 721
721 722
722 724
724 791
725 726
726 728
728 730
730
737
742 744
744 746
746 748
748
753
760
763 764 765
764 765
765 767
767 768
768
774 775
775 777
777
780
783
787 788 789 912
788 789 790
789 790 791
790 791
791 793
793 794
794
797 799
799 800
800 802
802
804 805 806
805 806 807
806
807 809
809 811
811 812
812 814
814 815
815
818 820
820
822 824
824 826
826
833 834
834
840
848 849 850
849 850
850
854 855 856
855 857
856 858
857 858
858 860
860
862 863
863
868 870
870
876
880 881
881
885 886
886 887
887 889
889 890
890
895 897
897
901 902 903
902 903
903
907 908
908 910
910 912
912
913
917
920 921
921 923
923 924
924 926
926 928
928 929
929
934
937 938
938 940
940 941
941
943
948
951
954 956
956 958
957 958
958
962
965
968 969
969
971 972
972
975
979
983
987 988
988
992 994
994 995
995 997
997 998
998
