#naive2.0.py
# GMT Fri Feb 14 14:28:08 2020
# 
2 3
3 220
6
12
15 17
17 18
18 526
20 22
22 24
24 25 26
25 26 27
26 27 28
27 28 29 288 658
28 29 30
29 30 364
30 31 32
31 32
32 33
33
41 42
42
46
49 50
50 52 171
52 53 516
53 55
55 56
56
62 64
64 766
67
71 72 73
72 73 74
73 74 75
74 75
75 77
77 78 79
78 79
79
82 83
83
87 89
89 90
90
94 96
96
101
105 106
106
109 111 593
111 367
112 195
118 119 120
119 120
120
123 817
129 298
133 134 135
134 135 136
135 136
136 138
138 139 347
139
143 145
145
148 149
149 151
151 152
152 154
154
157 158 159
158 159 160
159 160 567
160 705
163 991
168 169
169 517
171 172 789
172 174 665
174 175
175
178
184 185
185
190 191 192
191 192 193
192 193 194
193 194 195
194 195
195
205 284 559
206 207 208
207 208
208
213
216 218
218 219 220
219 220
220 221
221
227
230 232
232 234 951
234 235 236
235 856 602
236
239 241
241 242
242
247
250
254
257
262
265 266 267
266 267 268 890
267 268
268
271 272 273
272 273 274
273 274
274 276
276
279 280 281
280 281 460
281 282
282 284
284 286
286 287 288
287 288
288
291 293
293 294 295
294 295 296
295 297 487 404
296 298
297 298
298
301 302 303
302 303 304
303 304
304
305 306
306
309
313 314 315
314 315 316
315 316 901
316 318
318 642
322
325 326
326
330 331 540
331 332
332 334
334 335 336
335 336 337
336 337
337
340
345 346 347
346 347 348
347
348
351
356 358
358
362 363 364 597
363 364 365
364 365 969
365 367
367
371 372 373
372
373
378 380
380
383 384
384
387 388
388
392
396 397 398
397 756
398 399 400
399 400
400 402
402 403 404
403 404
404
406 407 408
407 409 854
408 409
409
412 413
413 415
415 417
417 418
418
421 423
423
429 430 431
430 431
431
434 435
435
438 439
439 441
441 724
444
448 449
449
451 619
454 455 852
455 457
457 458
458 460
460 461
461 463
463 464
464
467 469
469
474
484 485
485 487
487
492 493 494
493 494
494
499
502
505
509
512 513
513 515
515 516 517
516 518
517 518 838
518 520
520 521
521
526 528
528
538 539 540
539 540
540 542
542 543
543 723
548 550
550
553
556 558
557 558 559 856
558 559
559 561
561 788
567
568 570
570
577 578 579
578 579 580
579 580 742
580 581
581 583
583 602
586
589
592 593 594
593 594
594 596
596 597 598
597 598
598
602 603
603
607
611 612
612 614
614
618
619 621
621 622
622
628 819
629
631 633
633 634
634 636
636 637
637 639
639
642
643
647
651 652
652 654
654
655 656
656 658
658
661 662 663
662 663
663 665
665
666 668
668
671 673
673 675
675 676
676
679 783
680
683 684 685
684 685
685 687
687 688
688
691 692
692 694
694 695
695
698 699
699
704 705
705 945
708 710
709 710 711
710 711 712
711 712
712
715 806
719
722 723 724
723
724 791
727
730
734
737
742 744
744
747 749
749
752 754
754 755 756
755 756 757
756 757 758
757 758 759
758 759 760
759 760
760
763 764
764
766 767 768
767 768 769
768 769 770 861
769 770
770 772
772 774
774
777 778
778
783 978
786 788
788 789
789 791
791 792
792
795 797
797
800 801 802
801 802
802
805 806
806 808
808 809 810
809 810 811
810 811
811 813
813
817 818 819
818 819 820
819 820
820
822 823 824
823 824 825
824 825 826
825 827
826 827
827 828
828 830
830 832
832 833
833
837 838 839
838 839
839 840 841
840 841
841
844
850
851 852
852 854
854 856
856
857
861
870 872
872 873
873
877
882 884
884 885
885
888 890
890
892 894
894 896
896 898
898 899 900
899 900
900 901 902
901 902 903
902 903
903
909
912
917 919
919 920 921
920 921
921
925 926 927
926 927
927
933
937 938 939
938 939 940
939 940
940 942
942
945 946
946
949 950 951
950 951
951 953
953
962
969
972 973
973
977 978
978
981 983
983 984 985
984 985
985 987
987 988 989
988 989 990
989 991
990 991
991
997
