#naive2.0.py
# GMT Fri Feb 14 14:28:08 2020
# 
3 5
5 6 7
6 7 8
7 8
8 10
10
13 15 531
14 15 107
15 17
17 19
19 20 225
20 22
22 23 24
23 24
24
27 28 29 658
28 29
29
31 32
32 33
33 35
35
36 38
38 115
41
46
50 171
53
59 60 61
60 61
61 63 660 528
63 64
64 375
69
77 78
78
82 84
84 85
85 86 163
86 88
88
91 93
93 95 269
95 97 899
97
101 103
103 897
104 106
106 107
107 448
113 114 115
114 115 116 855
115 116
116 153
118
122
132 133
133 135
135 136
136 138
138 347
142 143
143 145
145 146 812
146 148
148
151 152
152 153
153
157 158
158
162 163
163
168
171
174 176
176
183 184 185 624
184 185
185 187
187 189
189 190
190
194 195 196
195 196
196
201 203
203 204 205
204 205 567
205
206 207
207
211 213
213 214 215
214 215 216
215 216
216
224 225 226
225
226
228 230
230 231
231 233 764
233 234
234 236
236
239
242 244
244 246 304
246 596
247
253
256 258
258 259 260
259 260 261
260 261 262
261 262 263
262 263 264
263 264
264
268 269 270
269 270 271
270 686
271 273
273 274
274 276
276 277
277 279
279 280 281
280 281 460
281
285
289 290 291
290 291
291
295 297 487 404
297
300
304 573
307
311
318 319
319 321
321 322
322
326 327
327 329
329
332
335
338
346 347 348
347 349
348 349 350
349 350 351
350 351 352
351 352
352
355
358 359 360
359 360
360 362
362
367 368 369
368 369
369 371
371 373
373 375
375
385 387
387 389
389 390 391
390 391
391 835
394
397 756
401
404 405
405 407
407
411 412 413
412 413
413 415
415 417
417 419
419 420
420 422
422 423 669 614
423
427
431
434
440 441
441 724
444 445 446
445 446
446 448
448
455 457
457 459
459 460 461
460 461
461 462 463
462 463 992
463 464
464
468 470
470 471 472
471 472
472
475 476
476 478
478 479 480
479 480
480 482
482 484 949
483 484 485
484 485 486 746
485 486 487
486 488
487 488
488
492
495 497
497 499
499 500
500
503
506
514
517 518
518 519
519 829
523
528 530
530 531 532
531 532 533
532 533
533 735
536 537 538
537
538
543 544
544 546
546 548
548
551 553
553
555 556 894
556
562 563
563
566 567
567
572 573 574
573 574
574 576
576 577 578
577 578 579
578 579
579 741
581 582 583
582 583
583
585 586
586 588
588 589
589
592 593
593
596 598
598
601
605 606
606
609
612 614
614 616 831
616 617
617
622 624
624 626
625 626
626
629 630
630 632
632
636
639 640 641
640 641
641
643 644
644
649
654 660
658 659
659 660 661
660 661
661 663
663
669 671
670 671 672
671 672 673
672 673
673
680 681 682
681 682 683
682 683
683 863
686
690 691
691 693
693 694
694
697 951
699 701
701
710
714 715
715 717
717 718
718 720
720 722
722 724
724
726 727 728
727 728
728 730
730
733 735
735
741
745 746 747
746
747
750 751 752
751 752
752 754
754 756
756
760 761 762
761 762 841
762 764
764
768 769 770
769 770 771
770 771
771 773
773
778 779
779 781
781 782 783
782 783
783 785 978
785 786 787
786 787
787
793
795 797
797
800
803 805
805
809
812 813
813
816 817 818
817 818
818 820
820 821
821 823
823 824
824
827 829
829 831
831 832 833
832 833
833 835
835
841 842 843
842 843
843
847 848 849
848 849 850
849 850 851
850
851
855
856 858
858
863 864
864 975
870 871 872
871 872
872 873 874
873 874
874 876
876 878
878 896
881
888
891
894 896
896 898
897 898 899
898 899 900
899 900
900 902
902 903
903 905
905 906
906
909 910
910
915 916 917
916 917
917 919
919
924 926
926 928
928 930
930 931 932
931 932 933
932 933
933 935
935 937
937 938 939
938 939
939
945
948 949
949 951
951 953
953 954 955
954 955
955 957
957 958
958
961
964
966 968
968 970
970
973 975
975 976
976 977 978
977 978 979
978
979
982 983 984
983 984
984
990 992
992 994
994 995
995 997
997 998
998
