#naive2.0.py
# GMT Fri Feb 14 14:28:04 2020
# 
0 999
3 4 5
4 5 6
5 6
6
11
14 15
15 17
17 18
18 526
24 25 26
25 26
26
31 58
34 36
36
39
44 45
45
48 50
50
56 58
58 59 60
59 60
60 62
62 63
63
67 68 69
68 69
69
73 74
74 76
76 77 78
77 78 79
78 79 80
79 80 81
80 81 82
81 82 83
82 83
83 85 998
85 86
86 88
88
93 95
95 474 899
101 103
103 897
104 106
106 108
108
112 114
113 114
114 855
129 130 298
130 850 241 397
135 136
136 138
138
141 142
142
147
151
153 154
154 156
156 157
157 158
158 160
160 162
161 162
162 164
164 165 166
165 166 167
166 167
167
172 173 665
173 175
175 177
177 178
178 180
180 182
182
185 186 187
186 187 747
187 189
189 190 191
190 191
191 736
196 766
198 199 200
199 200
200
203 205
205 284
213 214 215
214 215 216
215 216
216 218
218 219
219
224
227
233 234 235
234 235 236
235 237 856 602
236 237
237 239
239 240 241
240 241 924
241
245 247
247 248
248 250
250
255 256 257
256 257 258 846
257 258 259
258 259
259 261
261
264 265
265 267
267
272 273 274
273 274
274 276
276 277
277
282 284
284 285 286
285 286 287
286 287
287 289
289
293 294 295
294 295
295
298
306 307 308
307 308
308 310
310 311
311 313
313 315
315
317
319 320
320 322
322 324
324 325 326
325 326 327
326 327 328
327 328
328 330
330 331
331 333
333 334
334 336
336 337 338
337 338 339
338 339 340
339 340
340
346 348
348 349
349
352 353
353
357 358 359
358 359
359
363 364
364 366
366 367
367
373 375
375
378 380
380 382
382 384
384 386
386 387 388
387 388 389
388 389
389 391
391 392
392
396 397
397
399 400
400
403
409 411
411
415
419 421
421
425 427
427 428
428
431 432 886
432
437 438
438
448 449 450
449 450 740
450 451
451 619
457 458
458
464 465 466
465 466
466 468
468 469 470
469 470
470
473 474 475
474
475
478
486
489 490
490
493
499 501
501 502
502 740
505
510 511
511
514 516
516 918
524 525 526
525 526 527
526 527
527
531
537
541 542 543 553
542 543 544
543 544
544 546
546 547
547 549
549
553
557 856
562
565 567
567
568 570
570 571
571 573
573
579 741
583 584 602
584 585 586
585 586
586 588
588 589 590
589 590
590
593 594
594
597
600 602
602 603
603
608
614 831
618 787
619
622
634 635 636
635 636
636
643 644 645 941
644 645
645
648 649 650
649 650 651
650 651
651
656 657 658
657 658
658
661
665
668 669
669 671
671
678 679
679 681 783
681 683
683
686 687 688
687 688
688 689
689 691
691
698 700
700 702
702 703 704
703 704
704 706
706 707
707 709
709 710 711
710 711 712 866
711 712 713
712 713
713
715
718 720 734
719 720 721
720 721
721
725
729 731
731 732
732 734
734 735 736
735 736 737
736
737
740 741
741 743
743 745
745 746 747
746
747 749
749 750
750 752
752
755 757
757 758 759
758 759 760
759 760
760
763 764
764
766
769
772 774
774 775
775
778 779
779
783 785 978
785 787
787 912
792 793
793
795
799
802
805
808 809 810
809 810
810
813 814
814 816
816 817 818
817 818 819
818 819
819
822 824
824
827 829
829 831
831 833
833 834
834 836
836 837
837 839
839 840
840
846 847
847
850 865
851 852 853
852 854
853 854 855
854 855 856
855
856
859
862 864
864 866
865 867
866 867
867 869
869 870 871
870 871
871
873 874
874
878 879 880
879 880
880 882
882
886 887 888
887 888
888
891 892
892
897 898 899
898 899 900
899 900
900 902
902 904
904 906
906 908
908
912
913
918 920
920
923 924
924 926
926 928
928 929
929
933 935
935 936 937
936 937 938
937 938 939
938 939
939 941
941
945 946 947
946 947
947
950 951
951
954 955
955
958
961
965 966
966 968
968
974
978 980
980 981 982
981 982
982 984
984
987 988
988
996 997 998
997 998 999
998 999
999
