#naive2.0.py
# GMT Fri Feb 14 14:28:03 2020
# 
3 4
4
11 12 13
12 13
13 15 531
15 16
16 254 950
21 22 23
22 23
23
28 30
30
33 34
34 36
36
39 155
44 46
46 47 48
47 48
48 50
50
53
59
68 69
69
71
75
78 79 80
79 80
80
83
86 87
87 89 503
89 90
90 197
94 95 96
95 96 97 474 899
96 97
97 99
99 100 101
100 101
101 103
103 105
104 105 106
105 106 107
106 107
107 448
110
113 115
115 117
117 119
119
126
130 131 397 826
131
134 136
136 138
138 347
141
144 406 381
146 147
147
151 152
152 153
153 155
155
159 285
161
165 167
167
170 172
172 174 665
174 175
175
179 181
181 215 607
183 184
184 186
186 187 188
187 188 189
188 189 190
189 190 191
190 191 192
191 192 193
192 193
193
197
198
201 203
203
207
212
215 217
217
222 223
223 225 490
225
228
233 234 235
234 235 236
235 237 602
236 237
237 239
239 240
240
242
247 248
248
253 254 255
254 255
255 257
257 258 259
258 259 260
259 260
260
263 265
265 266 267
266 267
267
270
271
274 275
275
277 279
279 280
280
282 284
284 285 286
285 286 287
286 287 288
287 288
288
292
295 404
296
299
303
305 307
307 308
308 798
311 312
312 314
314
321 322 323
322 323 324
323 324
324
329
333 335 445
335 336 337
336 337
337
343 537
346 347 348
347
348
353 354
354
361 362
362 364 597
364 365
365 367
367
371 373
373 374 375
374 375
375 377
377 382
378 380
380 381 382
381 382 383
382 383
383
389 390
390
394 396
396 397
397 756
399 401
401 403
403 404
404
406 408
408 409
409 411
411 413
413 414 415
414 415
415 417
417 419
419 420
420
426 427 428
427 428
428
434
442 443 444
443 444 445
444 445
445
448 449
449
452
456
459
464
467 469
469
474
477 478
478 480
480 482 755
482 949
485
490
494 496
496
500 502
502 503
503 505
504 505
505
513
516 518
518
521 523
523
527 529
529 531
531 533
533
537 539
538 539 540
539 540
540
543
552 553
553
555
558 559
559 561
561 562
562
566 568
568 570
570
574 576
576 578
578 580
580 581
581
586 588
588 589 590
589 590 591
590 591
591
595 597
597 598
598 599 600
599 600 629
600 602
602
604 605
605 607
607 609
609
613 614 615
614 831
615
617 618
618 620 787
620 621 622
621 622
622
626 703
627 629
629
632 633 634
633 634
634 636
636 638
638 639
639
645
648
651 652
652
655 657
657 658 659
658 659
659 660 661
660 661 662
661 662
662 664
664 665
665
672 673
673
676 678
678 680
680
683 684
684
688
694 695
695 889
698
703 705
705 706 945
706
709
714
719 720 721
720 721
721
726
730
733
739
742
749 751
751 752
752 754
754 755 756
755 756
756
759 761
761 762 841
762 763
763 765
765 766
766
770 771
771
780
787
795
798
799
808 810
810
816
819 821
821 823
823 824
824 826
826 827
827
830 831 832
831 832
832 834
834
838
840 841 842
841 842
842
846 847
847
852 854
853 854 855
854 855
855 857
857
861 862
862 864
864 866
865 867
866 867
867
870 871
871
876 877 878
877 878 879
878 879 880
879 880 881
880 881
881
884
889 891
891 893
893
899
902
906 907 908
907 908 909
908 909
909 911
911 913
913 914 915
914 915 916
915 916
916
927 928
928
934
939 941
941 942
942 944
944 945
945
949 950 951
950 951 952
951 952
952
957 958
958 960
960 961
961
964
966
972
976 978
978
984 985 986
985 986 987
986 987 988
987 988 989
988 989
989
993
996
999
