#naive2.0.py
# GMT Fri Feb 14 14:28:04 2020
# 
5
8 10
10
14 15
15 16 17
16
17 19
19 20 21
20 21 22
21 22
22
25 27
27 658
31
33
36 38
38
41 42
42
45
48 49 50 922
49 50 51
50
51
59 60 61
60 61 62
61 63
62 63
63
66
71 72
72 74
74 75
75
79
82 83 84
83 84 998
84
86 88
88 90
90 91 197
91
94
97 99
99 101
101 102
102 987
104
109 111 593
111 113 367
113 370
118 119
119 121
121
126 128
128
131 132 133
132 133
133
136 137 845
137
139
143 144
144 406 381
148 149 150
149 150 151
150 151
151
153 155
155
158 159 160
159 160 567 285
160 162
162
168 169
169
174 175 176
175 176 177
176 177 178
177 178 179
178 179 180
179 180 181
180 181
181 215
184 185 186
185 186
186 747
189
192 194
194 196
196 197
197
198 200
200 201
201 203
203 205 796
205
207 208 209
208 209 210
209 210
210 212
212 214
214 215
215
221
226 227 971 857
227
230
234 235
235 237 856
237 239
239
242 243
243 245
245
248 249 250
249 250
250
253 255
255 256
256 258
258 259
259
262 263 264
263 264 265
264 265 266
265 266 267
266 267
267
270 272 686
272
276 277 278
277 278 279
278 279 280
279 280
280 460
285
290
292 293
293
297 298 996
298 299 300
299 300 301
300 301 302
301 302
302
305 307
307
311 312
312
319 321
321 322 323
322 323 324
323 324 325
324 325 326
325 326 327
326 327
327 329
329
332 333 334
333 334
334 336
336 337
337 339
339
343 537
346 347 348
347
348 350
350 351 352 687
351 352
352 354
354 355 356
355 356 357
356 357
357
360 361
361 363
363 364 365
364 365
365 367
367
370
373 374 375
374 375
375 377
377
380 381
381 383
383 384
384
387 389
389 390
390
394
402
405 406
406 408
408 409
409 411
411 412
412
414 416
416 417
417 419
419 421
421 422 423
422 423
423 424
424
430 431
431
433 434 509
434
438
441
446
449 450
450 452
452 738
456 457 820
457
460
463 464
464
467 468 469
468 469 470
469 470
470
473 474 475
474 476
475 476 477
476 477
477
481
486 488 877
488
489
493 494
494
500
504
506
509
512
515
518 519 520
519 520
520
522
526 527
527 529
529
532 533
533 535 735
535 536 537 825
536 537 538
537
538 540
540 542
542
545 546 547
546 547
547
551 552 553
552 553
553
566 567 568
567
568
575 577
577 578
578 580
580 581 582
581 582 583
582 583
583
589 590
590
593 594
594 595
595
598
604 605 606
605 606
606
609 611
611
617
621 622 623
622 623 624
623 624
624 626
626 703
630 632
632 634
634 636
636 637 638
637 638
638
641
645 646 647
646
647
650 651 994
651 652 653
652 653
653 790
656 658
658 659
659 661
661 662
662
665
670
674 675
675 676 677
676 677
677 679
679 783
680
683 685
685 686 687
686 687 688
687 688
688 689
689
693
699
703
707 709
709 710
710 712 866
712 713
713
715
718 734
722
727 729
729 730
730
734 735 736
735 736 737
736 738
737 738 739
738 739
739
743
747 749
749 751
751 753
753 931
760 761 762
761 762 841
762 764
764 765
765 767
767
775
778
781 783
783 978
786
789 790 791
790 791
791 792
792
796 823
798
799 800 801
800 801
801
804 805
805
810 812
812 814
814 816
816 818
818 819 820
819 820 821
820 821
821 822 823
822 823
823 825
825 827
827
830 831 832
831 832
832 834
834 836
836 837
837
841 843
843 845
845
851 852
852
855 857
856
857
862 864
864 866
865 867
866 867
867 868
868 870
870 871
871
877 879
879 880 881
880 881
881 883
883 884 885
884 885
885 891
887
891
896
897 899
899
902 904
904 905
905
912
915 917
917 918
918
921 922 923
922 923
923
926 928
928
931
936 937
937 939
939 940
940 942
942
945 946
946
958 959
959
963 964
964
966 967 968
967 968
968 970
970 971 972
971 972 973
972 973
973
976 978
978
979
982 984
984 985
985 987
987
990 991
991
994 996
996 997 998
997 998
998
