#naive2.0.py
# GMT Fri Feb 14 14:28:10 2020
# 
0 1 999
1 3 999
3 5
5
8
11 12 13
12 13
13
16 254 950
17 18 19
18 526
19 20
20
24 25 26
25 26
26
29 30
30 32
32 34
34 35 36
35
36
39
44 46
46 48
48
53 54
54
57 59 167
59
62 64
64 766 375
66 67 68
67 68
68
71 73
73 75
75 76
76 78
78
82 84
84 838
86
96
100 833
103 897
104
108 109 110
109 110 111
110 111 112
111 367
112 195
116
118 119
119 121
121 122
122
125
129 298
131 133
133
138 139
139 141
141 142 143
142 143 144
143 144
144 406 381
147 148
148
158 160
160 705
161
167
172 665
178 180
180 182
182
187 188
188
191 192 736
192 194
194 195 196
195 196 197
196 197 766
197 199
198 199 200
199 200
200
205
206
209 211
211 212
212
215
219
223 224
224
227 229
229 231
231 233 764
233 234 235 520
234 235
235 237 856
237 238 239
238 239
239
244 245
245
249 251
251
254 256
256 257 846
257 259
259 260 261
260 261 262
261 262
262
265 267 342
267
271
276 277
277 279
279 280
280
283
285 287
287
290
294 296
296 298
297 298
298 299 300
299 300
300 302
302
305 307
307
310 312
312 313
313
316 318
318 319 642
319 321
321
328
332 333 334
333 334
334
339 340
340 342
342 560
345
348 349 350
349 350 351
350 351 687
351
354 355
355
358
361
367 368
368
372 374 599
373 374 375
374 375 376
375 376
376
379 381
381 382
382 384
384
387 388 389
388 389 390
389 390 391
390 391
391 835
398
403
406 408
408
412
414 415 416
415 416 417
416 417
417 419
419 420 421
420 421
421 423
423 425
425
429
432 433 454
433
436 438
438 440
440 441 442
441 442 443 724
442 443 444
443 444
444
448 449
449 740
454 455 793
455
458
465
468 469
469
473
477 478 479
478 479
479 481
481
486 488 877
488
489 517
492 493 494
493 494
494
498 500
500 501
501 503
503 505
504 505
505
510 511 512
511 512 513
512 513 514
513 514
514 516
516 518
517 518 838
518 519 520
519 520 829
520
522
526
529 530
530
538
541 553
544
548 550
550 552
552 553 554
553 554
554 555
555 557 894
557 558 856
558 560
560
563 565
565 566 567
566 567
567
571
572 574
574 575
575 577
577 578 579
578 579 580
579 580 741
580
586 587
587 589
589 590 591
590 591 592
591 592
592 594
594 596
596 597
597
599 600 629
600
603 604
604 606
606
609 610
610 612 888
612 614
614 831
615
617 618
618 620
620 621 622
621 622 623
622 623
623
626
627 629
629 630
630 632 981
632 633 634
633 634
634 636
636
642 644
644
651 652 653
652 653
653 655
655 656
656
660
663 665
665 667
667
671 672 673
672 673 674
673 674
674
676
680 681
681 683
683 685
685 686 687
686 687 688
687 688
688 689
689
692 693 694
693 694 695
694 695 696
695
696 698
698 699 700
699 700 701
700 701
701
704 705
705
708
709
712
715 806
718
719
723
724 791
726 728
728
732
735 736
736
740 741
741
746
754 756
756 757 758
757 758 759
758 759
759 975
764 765
765 766
766
769 770 771
770 771
771 773
773 774
774 776
776 777
777
780 781
781
786 788
788
791 792 793
792 793
793
796
797 799
799 801
801 802
802
805 806
806
816 817 818
817 818
818
825 827
827 829
829 831
831 833
833 834 835
834 835 836
835 836 837
836 837 838
837 838
838
841
844 846
846 847
847 848
848 850
850
853 855
855 857
856
857
859
871 872
872 874
874
877
880 881
881 883
883
888
894
897 898 899
898 899 900
899 900
900 901
901
904 905 906
905 906 907
906 907 908
907 908
908
912
915
920 921
921
924 925
925
929 931
931 933
933 934 935
934 935 936
935 936 937
936 937
937
941
944 946
946 947
947 949
949 950
950 952
952
955
958
963 965
965
969
973 975
975
977 978 979
978
979 981
981 982 983
982 983
983 985
985 986 987
986 987
987
990
995 997
997 998 999
998 999
999
