#naive2.0.py
# GMT Fri Feb 14 14:28:07 2020
# 
1 3
3 5 220
5
12 13
13 15
15 16 17
16 254 950
17 19
19 225
22 23
23 25
25 27
27
30 31 32
31 32 58
32 33 34
33 34
34
41
47 48 49
48 49 50
49 50
50
54 56
56 58
58 60
60
64
65
72 73
73
78 79 80
79 80
80
85 86 163
86
92 94
94
97 98
98 556
104 105 106
105 106
106 108
108 109
109
114 115 116 855
115 116 117
116 117
117 119
119 120
120
123
126 127
127
132 134
134 135 136
135 136 137
136 137
137
139 140 141
140 141 142 392 973
141 142 143
142 143 144
143 144
144 406 381
146
149 150
150 152
152 154
154 156
156 404
159
161 162 163
162 163
163 991
166 167 168
167 168 169
168 169
169 517
173 175
175 176
176 178
178 180
180 181
181 215
183 185 956
185 187
187 188 189
188 189 190
189 190 191
190 191 192
191 192 193
192 193
193 195
195 196
196
198 200
200
204
210 211
211
214 215
215
219 220
220 221
221 222 223
222 223 224
223 224 225
224 225
225 227
227 228 229
228 229 230
229 230
230
237 238 239
238 239 240
239 240 241
240 241
241
250 251
251
254 255 256
255 256 257
256 257
257
261 263
263
266
273 275
275
277 278 279
278 279 280
279 280
280 344
292 293 294
293 294 295
294 295 296
295 297 404
296
297 996
300
303
307
310
313
319
323 324
324 326
326 327 328
327 328
328
332 334
334
339 340 341
340 341 342
341 342 343
342 344
343 344
344
347 349
348 349 350
349 350
350 352 687
352
355 356 357
356 357
357
362 364 597
364 365 366 969
365 366
366 368
368
372
373
376 378
378 380
380 381
381 383
383 384 385
384 385
385 387
387
392
396
400 401 402
401 402 403
402 403 404
403 404
404
406
421
424
427 429
429 430
430 432
432 434
434 435
435
438 439 440
439 440 441
440 441
441 724
449
451 453
453
457 459
459
463 464
464
469
472 473
473 475
475
478 479
479 481
481 482
482 484 949
484
493
496 497
497 499
499 501
501 502
502
504 505 910
505 506
506
513 514
514 516
516 918
517
520 521
521 523 782
522 523 524
523 524 525
524 525 526
525 526 527
526 527
527 529
529 530
530 532
532 534
534 535 536
535 536
536
544
547 548
548
551
554 555 556
555 556 557
556
557 559 856
559
562 563
563
568 569 570
569 570
570 572
572
575
578 580
580 581
581
589 590
590 592
592
596 597
597
600
604
608 610
610 612
612 614
614 616
615 616
616 618
618
621 623
623 860
628 630
629 630
630
633
638 639
639 641
641 788
643 645 941
645 646 647
646
647
650 994
653 655
655 657
657 659
659 661
661 663
663
674
676 678
678
683 684 685 863
684 685 686
685 686 687
686 687
687
691 693
693 694 695
694 695
695 697
697 698
698 700
700 701 702
701 702
702 704
704 705
705
707
710 712
712
715 806
718 720
720 721 722
721 722 723
722 723 724
723
724 791
727 729
729 731
731
745 798
749 750
750
753
757 758 759
758 759 760
759 760 975
760 762
762 763
763
769 770
770
775
781 782
782
788
791 792
792 794
794
797 798
798
800
803 805 946
805 806
806 808
808 810
810 812
812
816 818
818 820
820
827 828
828 830
830 832
832 833
833
836 837
837 839
839 840 841
840 841
841
844
847 849
849
854 855 856
855
856
859 860 861
860 861
861 862
862 863
863
867 869
869
872 874
874 876
876 877
877
881 882
882
893
897 898
898
902
906
909 910
910
915
918
925 927
927 928 929
928 929 930
929 930
930
935 936
936
939 940 941
940 941 942
941 942
942
946
949 950
950 952
952 953 954
953 954
954 956
956
957 959
959 961
961
967 969
969 970
970 972
972 973 974
973 975
974 975
975
977 979
979
984
987
990 991
991
994 996
996 997
997
