#naive2.0.py
# GMT Fri Feb 14 14:28:06 2020
# 
1 3 999
3 4 5
4 5
5 7
7 9
9 10 11
10 11
11 13
13
16 254
17 19
19 20 225
20
26 27 28
27 28
28
31
33
36 38
38 115
39 41
41 42
42 491
44 45 46
45 46
46
49 50
50
55
59 61
61 528
62
65 66
66 67 68
67 68
68
72 73
73 75
75
80
83 84
84
86 88
88 89
89
93
94
97 98
98 556
103 105 897
104 105
105
110 112
112
113 115
115 116
116
118 120
120
126 447
130 132 850 241
132
137 289
140 973
146 148
148
152
158 160
160 162
161 162 163
162 163 164
163 165 991
164 165
165
168 169
169
175 176
176
183 185 956
185 186 187
186 187
187
190
193
196 197 766
197 199
198 199 200
199 200
200
203 205
205
207 209
209 211
211
215 216 748
216 218
218
225 227
226 227 857
227 229
229
233 234 235 520
234 235
235 856
238
241 242
242 243
243
246 248
248 250
250 251
251 253
253 254 255
254 255 256
255 256
256 846
259 260
260
263 264 265
264 265
265 267 342
267 268
268 270
270 686
271 273
273
279 280
280
282
289 291
291
294 295
295 716
298 299
299 301
301 302 303
302 303 304
303 304 845
304 573
305
309
312
315 316 901
316 318
318 642
323 325
325
328
329
335 336
336 338
338
342 560
343 537
347
350
353 355
355
358
361
364 969
367
373 374 375
374 375 376
375 376
376 378
378
381
385
391 835
393 989
399 400
400
407 409
409 411
411 413
413 415
415 417
417 418
418
421 422 423
422 423 614
423 424
424
428 429
429 431
431 886
434 435 436
435 436
436 438
438 439
439 441
441 724
445
447
452 454 738
454
456
461
468 469
469
473 474
474
481
484 485
485
490 492
491 493 964
492 493 494
493 494
494 496
496 498
498 499
499 501
501 502
502 740
504
506 508
508 509 510
509 510
510
513
516 918
519 520 829
520 521
521 523
522 523 524
523 524 525
524 525
525
528 530
529 530
530 532
532 533
533
536 537 538
537
538 540
540
543 544 545 723
544 545
545 547
547 549
549
552 554
554 555 556
555 556
556 558
558 560
560 562
561 562 788
562 563
563
567
568 570
570
573 574
574 576
576 577
577
580 581 582
581 582
582 584
584 585
585 587
587 588
588
592 594
594
597 598
598 600
600 601
601 603
603
605 606
606 608
608 610
610 612 888
612 614
614 616
616 617 618
617 618 619
618 620
619 620 621
620 621
621 623
623 860
627
633 634
634
637
640 642
642
643
646
647 649
649 650
650
653 655
655 657
657
663 664
664
667 668
668
672 674
674 675
675 676 677
676 677
677
682 684
684 685 686
685 686
686 688
688 689 690
689 690 691
690 691
691 693
693
698 699
699
704
707 944
710
714 716
716 718
717 718
718 734
721 723
723 725
724 791
725
730 731
731
734 736
736 738
737 738
738
740 741
741
748 750
750 752
752 754
754 755 756
755 756
756
760
764
766 767 768
767 768
768 861
772 774
774 775
775
779 781
781 783
783
788
791
798
799 800
800
803
804 806
806 808
808 810
810 812
812 814
814 816
816 818
818
822 824
824
827 828 829
828 829 830
829 830
830 832
832 834
834 835
835
841 842 843
842 843 844
843 844 845
844 845 846
845
846
848 849 850
849 850
850
853
856
857
860 861
861 862
862
867
870
879 880 881
880 881
881 883
883 884 885
884 885 886
885 886
886 888
888
893
896 898
897 898
898
901 902
902 904
904 905
905
908
911 913
913
917 918 919
918
919 921
921 922
922
927 928 929
928 929
929
933
937 938
938
943 944 945
944 945
945 947
947
951
954 955 956
955 956
956
963 964 965
964 965
965 967
967 968 969
968 969
969
973
974 976
976 977
977 979
979 980
980 982
982 983
983 985
985 986
986 988
988 989
989 991
991 993
993
997 999
999
