#naive2.0.py
# GMT Fri Feb 14 14:28:05 2020
# 
0 1 999 2
1 2 3 999
2 3 4
3 4 220
4
7
11
14
19 21 225
21 23
23
26
35
36 38
38 115
39 41
41
45 46 47
46 47 48
47 48
48 50
50 52
51 52
52
55
58
63
69 416
71 73
73 74
74 76
76 78
78 80
80 82
82 84
84 85 838
85 163
88 90
90 197
93
94 96
96
99 101
101
104
109 593
112
113 115 370
115
118 119 120
119 120
120
123 817
126 447
130 132 826
132 133
133 135
135
139 141
141 142
142
147
150 151
151
157 158 159
158 159 160
159 160 285
160 162 705
162 163 164
163 165
164 165
165 167
167
174 176
176 177 178
177 178 179
178 179
179
185 187
187 188 189
188 189 190
189 190 191
190 191
191 193
193 194
194 196
196 197 766
197
206
209 211
211
214 216
216 218
218 220
220 221
221 223
223 224 225
224 225
225
228 229 571
229
233 234 235
234 235 236
235 856
236
240
243
248 249
249
254
257
261
264
267
270 686
274
277
280 460
282 283 284 290
283 284 446
284 285 286
285 286
286
290 291
291 293
293 294
294
301 302
302 304
304 573
306 307
307 309
309 310 311
310 311
311
319
322 323 324
323 324
324 326
326 327
327 329
329 331
331 332
332
335 336
336 338
338 339 340
339 340 341
340 341
341 343
343 345
345 347
347
350 687
353 354 355
354 355
355 357
357
361 362 363
362 363 364 597
363 364
364 366
366 367 368
367 368
368 370
370
371 373
373 374 375
374 375 376
375 376
376
383 384 385
384 385
385
388
391 392
392 394
394 395 396
395 396
396
399 400
400 402
402 404
404
406
409 410
410 412
412 413
413 414
414 416
416 417
417
422 423 669
423 425
425
428 429 430
429 430 431
430 431
431
433 434
434
437
441 442 443 724
442 443
443
446 447 448
447
448
451 453 619
453 455
455 456
456 458
458 459 460
459 460
460
462
464
470 472
472
474
477 479
479 480
480
489
492 494
494 495
495 497
497 499
499 500 501
500 501
501 503
503 505
505 506
506 508
508 510
510 512
512 513 514
513 514 515
514 515
515
521
522
526 528
528
529 531
531 532 533
532 533
533
538
542
552
555 556 557 894
556
557 856
560 562
562 564
564
565
569 570 571
570 571
571 573
573 574 575
574 575
575 577
577 578
578
582 583 584
583 584
584
587
592 593
593
595 597
597 598
598 600
600
603 604 784
604
609
615 616
616
619 621
621 623
623 624 625 860
624
625 627
627 628 629
628 630
629 630
630 981
633
639 640 641
640 641 642
641 642
642
648
652
655
658 659
659
662 664
664
668 669
669 671
671 673
673 674
674
677 679
679 783
685 686 687
686 687
687
690
696
699
702 703
703 705
705 706
706 707 708
707
708 710
710 711 712 866
711 712
712 714
714 716
716
717
721 722
722 724
724
729
733 734
734
740 742
742
743
747
750 752
752 754
754
763
766 767 768
767 768 769
768 769 861
769
776 777 778
777 778
778 780
780
783 784 785 978
784 785
785 786
786
789
794
808 809 810
809 810
810 812
812 813 814
813 814 815
814 815
815
817 818
818
821 822 823
822 823 824
823 824 825
824 825 826
825 827
826 827
827 829
829 831
831 832
832 834
834
838 839
839
843 844
844 846
846
848 849
849 851
851
854 855 856
855 857
856
857
860 861
861 862
862
866
868 869 870
869 870
870
874 875 876
875 876
876 878
878 880 896
880 881 882
881 882
882
885 891
891 892 893
892 893 894
893 894 895
894 896
895 896
896
906 908
908 909
909 911
911 913
913 914 915
914 915 916
915 916
916
919 920
920
923
930 931
931 933
933 934
934
941
943
952
956
959 960 961
960 961
961
964 965
965 966 967
966 967 968
967 968
968
971 973
973 975
975 976
976 977 978
977 978
978
981 983
983
986 987
987
995
998 999
999
