#naive2.0.py
# GMT Fri Feb 14 14:28:06 2020
# 
0
6
9
13 531
14
16 254
18 526
19
22 23 24
23 24
24 26
26 27
27 658
36
40 41 42
41 42 43
42 43 491
43 44
44 46
46
49
54
58 60
60 61
61
65 66 809
66 68
68 70
70
73 75
75 77
77 78 79
78 79 80
79 80 81
80 81 82
81 82 83
82 83
83 85
85
88
93
100 833
102 103
103
104
109 110
110
116 117
117 119
119 120 121
120 121
121 386
126
130 131 132 241 397
131 132 133
132 133 134
133 134
134
139 141
141 143
143 145
145 812
149 151
151
156 404
159
161 162
162
167 168
168 170
170
173 174
174
177 178 179
178 179
179
183 956
186 187
187
192 193
193 195
195 196 197
196 197
197
198
202
205 284
206
209
212 214
214 215 216
215 216
216
220
227
232 234
234
237
241 242
242
245 246
246
249 251
251 253
253 254
254
265 267 342
267
270
271 273
273 275
275
278
283 284 446
284 286
286
290 291
291
295 297 487 404
297 996
300 301
301
305
308 798
312 313
313
317 318
318
321 323
323
328
329 331
331 333
333 334
334 336
336
340 341 342
341 342
342
347
351 352 353
352 353 354
353 354
354 356
356 358
358 359
359
364 969
367
370
377
384 385 386
385 386
386
391 392
392
393 395 989
395 397
397
398 399
399
403 404
404
410 411 412
411 412
412 807
416 418
418 420
420
423 425
425 426 427
426 427 428
427 428
428 430
430
433 434 435 509
434 435
435
440 442
442 443 444
443 444 646
444 446
446 448
448 449 450
449 450 740
450
453
459 460 461
460 461
461
468
471 472 473
472 473
473
477
484 486 746
486 488 877
487 488 489
488
489 491
491 493 909
493 494
494
501 502
502 740
506 508
508 509
509
512 514
514 515
515
523 524 525
524 525 526
525 526
526
529 531
531 532
532 534 802
534 536
536 537 538
537
538 540
540 542
542 543
543
547 548
548
551
555 557
557 856
561 562 788
562 563
563 565
565 566
566 568
568 569
569 571
571
572 574
574 575 576
575 576
576
583
585
592 594
594 595
595
598 599 600
599 600 629
600
606
613
622 623
623 625 860
625 626
626
629
632 633 634
633 634
634 636
636 638
638
641 788
644 645 646
645 646 647 708
646 648
647 648
648
651 653
653 790
657 658 659
658 659
659
664 665
665 667
667 669
669
670 672
672 673
673
676
679
680 682
682 684
684 685
685 687
687
689 691
691
694 695
695 697 889
697 698 865
698 700
700 701 702
701 702
702
705 706
706 708
708
711
719 720
720
725
729 730
730 732
732
735 737
737
740 742
742 744
743 744
744 746
746
749 750 751
750 751
751 753
753 755 931
754 755
755
758 759
759 975
763 764 765
764 765
765
769
773 774 775
774 775
775
778 779
779
782
787 788
788 790
790
792 793 794
793 794
794 795 796
795 796
796 823
798
800 802
802 803
803
804
807 808 809
808 809
809 811
811 812 813
812 813
813
820 821
821 822 823
822 823
823
828 829
829 831
831 833
833
837 838 839
838 839
839 840 841
840 841
841 843
843 845
845
851 853
853 854
854 856
856 858
857 858
858 860
860
865
868 869 870
869 870 871
870 871 872
871 872
872 874
874 875 876
875 876 877
876 877 878
877 878 879
878 879 880
879 880
880
883 884 885
884 885 886
885 886 891
886 888
888 889
889 891
891 892 893
892 893
893
901 902 903
902 903 904
903 904 905
904 905
905
908 909
909 911
911
915 917
917
920 921 922
921 922
922
924
928
931 932 933
932 933
933
936
942
948 949
949
953 954
954 956
956
959
967 968 969
968 969 970
969 970
970 971
971
975 976
976
979 981
981
988 989
989 991
991
992
996
