#naive2.0.py
# GMT Fri Feb 14 14:28:04 2020
# 
2 4
4
8 9 10
9 10
10
13 15 531
15 17
17 18 19
18 526
19 20 21
20 21
21
30 32
32
39 155
42
44
47 48 49 205
48 49 922
49 51
51 52 53
52 53
53
58 60
60 61
61 660 528
65 66 809
66 67
67
70 72
72 73
73 75
75
80 82
82 83 84
83 84
84 838
87 88 503
88 90
90 585
98 99 100
99 100
100
104 106
106 107
107 109 448
109 110 111
110 111 112
111 367
112
115 116 117
116 117 153
117 119
119 121
121 122 386
122 123
123 125
125 868
128 129
129
131 132 133
132 133 134
133 134 135
134 135 136
135 136
136 138 845
138 347
141 142
142 144
144 406
145 146
146
149 150 151
150 151 152
151 152
152 153
153 155
155
162 163 164
163 165
164 165 166
165 166
166 168
168 170
170 171
171 789
173
178 179
179 181
181 215
182 183
183
187 188 189
188 189 190
189 190
190 192
192 193 194
193 194
194
198
202
205 284
211
215 216 217 748
216 217
217 219
219 895
223 224 490
224 226
226 857
230 231 232
231 232
232 951
236 237 238
237 238 239
238 239 240
239 240 241
240 241
241 242
242
245 246 247
246 596
247
251
254 255
255 257
257
260 262
262 263 264
263 264 265
264 265 266
265 266 267
266 267 890
267 269
269 270
270
275 276 962
276 277
277 279
279 281
281 282 674
282 284 290
284 285
285 287
287 288 289
288 289
289 290 291 615
290 291
291 292 293
292 293 294
293 294 295
294 295
295 716
300 301
301
304
306 307
307
310 311
311 313
313 314
314
318 319
319 321
321 323
323 324 325
324 325 326
325 326
326
337 338
338 340
340 341
341
346 347 348
347
348
351 353
353 354 355
354 355 356
355 356 357
356 357 358
357 358
358
361
365 366 367
366 367
367
373 374
374 376
376 377
377 382
382 384
384 386
386 387
387
391
393 395
395 396
396
401 403
403 405
405 406
406 408
408
411 412 413
412 413
413 414
414
417 419
419 420
420 422
422
430 431 432
431 432
432 434
434 435 436
435 436 437
436 437 438
437 438
438 440
440 441
441
445 446
446 447 448
447
448
457 459
459 460
460
462 992
464 465
465
468
471 473
473 474
474
477 478 479
478 479
479 481
481 483
483
488 490 748
490
494 495
495
501 502 503
502 503 740
503 505
504 505
505 506
506 508
508 509 510
509 510
510
513 514
514
517 838
522 523 524
523 524 525
524 525 526
525 526
526 528
528
531 532 533
532 533 534 802
533 535 735
534 535
535 537 825
537
540
544 545
545
548 549
549
552
555
558 560
560
565 567
567 569
568 569
569
574 575 576
575 576 577
576 577 578
577 578
578 580
580
583
585 586
586
589 591
591 592
592
595 596
596
601 603
603 604 784
604 605
605
608 609
609
615
617 618
618 787
621
626 628
628 630 819
629 630
630 981
635 637
637 639
639
645 646
646
659 660
660
663 665
665
666 668
668
671
674 675
675 676
676 678
678
685
689 691
691 692
692
696 698
698 699 700
699 700
700
707 709
709 711
711
715 716 717 806
716 718
717 718
718 720 734
720
727 729
729
734 735 736
735 736 737
736
737
740
745 746 798
746 748
748
751 752
752
755 757
757
761 762 841
762
767 768
768 770
770 772
772
776 777
777 779
779
782 784
784
786 787
787 789
789
796
798
800 801 802
801 802
802
804 805 806
805 806
806
809 811
811
814
819 821
821
825 827
826 827
827
830 831 832
831 832
832 834
834
837 838
838
840 841 842
841 842 843
842 843
843 845
845
846
849 850
850
852 854
854 855
855 857
857 858
858 859
859
862 864
864
867 868 869
868 869 870
869 870 871
870 871
871
873 875
875
879 880
880
884
887 889
889 890
890
892
895
899
901 902
902
905 906
906 908
908
918
919
922
925
930 931
931
934
937 938 939
938 939 940
939 940
940 942
942 943
943 945
945 947
947 948
948
951 953
953 954 955
954 955
955
958
961 962
962 964
964 965
965 966
966 968
968 969
969
972 974
974
977
981 983
983 984
984
987 988
988
992
