#naive2.0.py
# GMT Fri Feb 14 14:28:09 2020
# 
1
7 8 9
8 9
9 11
11 13
13
14 107
16
17 18 19
18 526 733
19 20 21
20 21
21
28 29
29
32 33
33 35
35
36
47 49
49
53 54
54
62 63 64
63 64
64 766 375
66 67
67 69
69
71
74 75
75
79
85 86 87
86 87 88
87 88 89 503
88 89 90
89 90
90 585
92 93 94
93 95 269
94 95
95 899
98 100
100 833
102 987
104
107
108
111
114 115 116
115 116
116 153
123 125
125 868
128
133 134
134
137
140 392 973
144 381
146 147 148
147 148
148 150
150
153 155
155 157 472
157 158 159
158 159
159 285
168 169
169
171 789
173 174 175
174 175
175
184 186
186 188
188 189 190
189 190
190
193 195
195 196
196 766
199
203 204
204
206 207 208
207 208
208
214
217
220 221
221
226 971
228
232 234
233 234 235
234 235 236
235
236
240 241
241 242
242 244
244 245 246
245 246
246 596
249 250 251
250 251
251
256 257 258 846
257 258 259
258 259 260
259 260
260 262
262 264
264 266
266 268
268 269 270
269 270 271
270
271 273
273 274 275
274 275
275 962
281 283
283 284 446
284 285 286
285 286
286 288
288
290 291
291 292
292 294
294 296
296 360
297
299
303
305
308 310 798
310 312
312 313 314
313 314 315
314 315
315 901
318
326 328
328
329 331
331
335 337
337 338 339
338 339
339
346
349 350
350 687
353 355
355
359 360 361
360 361 362
361 362 363
362 363 597
363
366
370 372
371 372
372 374 599
374 375 376
375 376 377
376 377
377 379 382
379 381
381 382 383
382 383 384
383 384
384 386
386 388
388 389 390
389 390
390 392
392
393 989
396
401 402 403
402 403
403
407 854
408
413 414 415
414 415
415
419 421
421 423
423 424
424 426
426 428
428 430
430 431
431 886
434 436
436 438
438
446 447
447
450 451 452
451
452
456
459
462 463
463 464
464
468 469
469 471
471 472 473
472 473
473 475
475
479 480 481
480 755
481 483
483 484
484 486 746
486 877
487 489
489 491
491 493 909
492 493
493
497 498
498
501 503
503
506 507
507 509
509
511 512 513
512 513
513 515
515
522 523
523
526 528
528
529
533 535
534 535
535 537
537
538 540
540
547 548
548
553 554
554 555
555 894
558 559 560
559
560
564 948 654 871
565
568
573 574 575
574 575
575 577
577 579
579 741
585
592 594
594 595 596
595 596 597
596 597 598
597 598
598 599
599 601
601 603
603 604
604
607 608 609
608 609 610
609 610 611
610
611
614
621 622 623
622 623 624
623 624 625
624
625
632 634
634 635
635
641
643 644 645 941
644 645
645 647
647 648 649
648 649
649 651
651 652
652 654
654
655
658 659
659 661
661
664 665 666
665 667
666 667 668
667 668 669
668 669
669
672
677
680
683 685
685 687
687
689 691
691 692 693
692 693 694
693 694
694 696
696 698
698 699 700
699 700
700
704 706
706
710 711 712
711 712
712
716
719
723
724
726
731 733
733 734
734
737
741
746 748
748 750
750
755 756
756
761 841
766 767
767
771 773
773 774
774
779 780 781
780 781 782
781 782 783
782 783
783 978
786
789 790
790
792 793
793
795 797
797 798
798
800
805 807
807 808
808 810
810 811
811
814 816
816
824
832 833
833 835
835
838
840 841 842
841 842 843
842 843 844
843 844
844 846
846
850 865
854
858
862 864
864
865
868
871
873 874
874
877 878 879
878 879 880 896
879 880 881
880 881
881
885 886 891
886 887
887 889
889 891
891 892 893
892 893 894
893 894 895
894 896
895 896 897
896 898
897 898 899
898 899 900
899 900
900 901
901 903
903 905
905 906
906 908
908 909 910
909 910
910
914
917
922 923
923
926
929 931
931
935
938 939
939 941
941
943 945
945
948 949
949
954 956
956 958
957 958 959
958 959 960
959 960
960 962
962 963
963
968
971 972 973
972 973 974
973
974 976
976 977 978
977 978
978 980
980 981
981
984 985
985 987
987 989
989 991
991
998
