#naive2.0.py
# GMT Fri Feb 14 14:28:03 2020
# 
0 2
2
7
10 12
12 13 14
13 15 531
14 15 107
15 17
17 19
19
23 24
24
27 29 658
29
32 33 34
33 34 35
34 35
35
38 40
39 40 41
40 41
41
44 45 46
45 46
46 48
48
52 53 516
53 55
55
60 61
61 63 660 528
63 64
64 766
67 68 69
68 69 70
69 70 416
70 71 72
71 72
72 74
74 75
75
78
81 83
83 85
85 86 87
86 87 88
87 88 503
88
92
95 97 474 899
97 98
98
101 102
102
106 107
107
111 113
113 114
114 855
117 118
118 120
120 121 122
121 122
122 123
123 125 817
125 868
130 132
132 133
133
139 140 141
140 141 973 713
141 143
143 144
144
146 147 148
147 148 149
148 149 150
149 150
150
158 159 160
159 160 567
160
161
164 166
166 167
167
170 171
171 789
175
181
183 184
184
187 188 189
188 189 190
189 190
190
194 195
195 197
197
202 204
204 567
207 208 209
208 209 210
209 210
210 212
212
216 217
217 219
219 220 895
220
226 971 857
228
231 233 764
233 520
236 237 238
237 238
238
243
246
251 253
253 255
255 256
256
261 263
263 265
265 267
267
274 276
276
281 282 283 674
282 283 290
283
290
292
298 299 300
299 300
300 302
302 303
303
305 306
306
312
315 316 901
316 317 318
317 318
318 319 642
319
322 324
324
327 329
329 330 331
330 331
331 332
332
336 338
338 339
339
343 345 537
345 347
347
350 687
353 354 355
354 355
355 357
357 358 359
358 359 360
359 360
360
363
368
371 372
372 374
374
379 380
380
383 385
385
393
396 398
398
401 402 403
402 403
403 405
405 407
407
412 413 807
413
416 417 418
417 418
418 420 604
420 422
422 614
424 425
425
430
433 434 435
434 435
435
439
443 646
447
452 744 738
456 457 458 820
457 458
458 460
460
462 463 992
463 464 465
464 465 466
465 466
466
470 471 472
471 472 473
472 473
473 474 475
474
475
479 480
480 755
484 485 486 746
485 486 487
486
487
491 964
492
496
499
503 505
505 507
507
508
516 518
517 518
518 520
520
522 523 524
523 524 525
524 525
525 527
527 528
528 530
530 531 532
531 532 533
532 533 534
533
534
537
538
545 546 547
546 547
547
550
553 554
554 555
555 894
559 561
561
563 565
565 566 567
566 567
567
577 578
578 580
580 581 582
581 582 583
582 583
583
589 590
590 592
592
598
603 604 784
604
608 610
610 612
612 613 614
613 614 615
614 616 831
615 616
616 617 618
617 618 619
618 620
619 620
620 622
622 623
623 625 860
625
628
629
631 633
633
636 637
637 639
639
642 644
644 646
646
649
653 655 790
655 657
657 658
658
660
665 667
666 667 668
667 668
668 670
670 672
672 673 674
673 674 675
674 675
675
678
683 684 685
684 685 686
685 686 687
686 687 688
687 688
688 689 690
689 690 691
690 691
691
694 696
696
699 701
701
706 708
708
709
713
715
718 720 734
720 721
721 723
723
729
732 734
734 736
736 738
738 739
739 740 741
740 741 742
741 742 743
742 744
743 744 745
744 745 746
745 746 747
746
747
750 751
751
755
758 759 760
759 760
760
764
766 768
768 769 770
769 770 771
770 771
771
775 776 777
776 777
777 779
779 780 781
780 781 782
781 782 783
782 783 784
783 784 785
784 785
785 786
786
789 790 791
790 791
791 793
793
795
800 801
801
804
807 808 809
808 809
809
812 813 814
813 814
814 816
816 817
817
820
825 827
827
830 831 832
831 832
832 834
834 835 836
835 836
836
839 840
840
843
851 852
852
855 857
857
859 860
860
862
867 868
868
872 873 874
873 874 875
874 875
875
878 879 896
879
887 889
889
894 896
895 896
896 898
898 899
899
901 902
902
907
910 911
911
914 915
915
921
924
927 929
929 930
930
933 935
935 936
936
939
944 945 946
945 946
946
950 951
951 953
953
958 960
960
963 964 965
964 965
965 967
967
971 973
973
979 980 981
980 981
981 983
983
988
992 993
993
996 997
997
