#naive2.0.py
# GMT Fri Feb 14 14:28:04 2020
# 
0 999 2
2
11 12 13
12 13
13 15
15 17
17 19
19 21 225
21 22 23
22 23 24
23 24
24
31 32
32
35 37
37 38
38 40 115
40 41
41
46 47 48
47 48
48
51 53
53
60 62
62 64
64 766
65
69 416
71 73
73 74
74 76
76 78
78
82
85 86 87
86 87 88
87 88
88
91 92 93 328
92 93
93 95
95 97
97 98 99
98 99 100
99 100 101
100 101
101 103
103 897
108 109
109 111 593
111 113 367
112
113 115
115 117
117 118 119
118 119 120
119 120
120
124 125 126
125 127 868
126 127 128
127 129 367
128 129 130
129 130
130 132 850 241 397
132
135 137
137 289
139 140 141
140 141
141 143
143 144
144 381
149 151
151 152
152
156 157 404
157 159
159 160 567
160 162 705
162 164
164
167 168 169
168 169
169
171 172
172 173
173 175
175 176
176
180 182
182 183 184
183 184 185 624
184 185
185
188 189
189
192 193 194
193 194
194
200
207 209
209
213 214
214
217 219
219
225 227
227 229
229 230
230 232
232 234
233 234
234
237 238
238
241 242
242 244
244 245
245 247
247 248
248 250
250 251
251 253
253 255
255
260 261
261 263
263
273
276 277 278
277 278
278
283 446
287 289
289 291 615
291 293
293
297 996
299 300 301
300 301
301 303
303
307 309
309 311
311 312
312 314
314 316
316 317 318
317 318
318 319 320
319 320
320
324 325 326
325 326
326 328
328
329 331
331 332
332 334
334 336
336
339
342 560
343 537
346 347 348
347
348
351 352 353
352 353
353
356 358
358 360
360
364 366 969
366 367
367 369
369
374 376
376 377
377 379 382
379 381
381 382
382
386 388
388
393 395 989
395 397
397
400 402
402 404
404
408 410
410 412
412
415 416 417
416 417
417
420 421 422
421 422 423
422 423 614
423 424 425
424 425 426
425 426 427
426 427
427
430 432
432 433 434
433 434 435
434 435
435
439
442 444
444 445 446
445 446
446
449 740
456 457 458
457 458
458 460
460 461
461 462
462
464 465 466
465 466
466 468
468 469 470
469 470 471
470 471 472
471 472
472
475 476 477
476 477 478
477 478
478 480
480 482 755
481 482
482 484
484 485 486
485 486
486
490
493
497 498
498 500
500
504 910
513 514 515
514 515
515
519
521 523
522 523
523
526 527 528
527 528 529
528 530
529 530
530 532
532 802
535 536 537 825
536 537 538
537
538 540
540 541 542
541 542 553
542 544
544 546
546
552 553 554
553 554
554 555
555 894
559
560
563
567 569
568 569 570
569 570 571
570 571 572
571
572 574
574
580
583 584
584 586
586
589 590 591
590 591
591 593
593
595
603
614 616
615 616
616 618
618
624 626
626 628 703
627 628
628
631
636 637
637 639
639
644 645
645 647
647 648 649
648 649
649
656 657
657
660 662
662
667 668
668
673
677 679
679
682 683
683
687 688
688 689
689 691
691
695
696
702 703
703 705
705 945
710 711 866
711
715 716 717 806
716
717 719
719 720
720
723
731 733
733 734 735
734 735
735 737
737 738
738
740 741 742
741 742 743
742 744
743 744 745
744 745
745 747
747 749
749 751
751
755 757
757 758 759
758 759 760
759 760 975
760
763 765
765 766 767
766 767
767 769
769
774 776
776 777 778
777 778 779
778 779
779 781
781
785
790 791
791 792
792
796
799 800
800 802
802 803
803
804 806
806
811
815
822
825 827
827 828
828
834 836
836 838
838 839
839
848 849 850
849 850 851
850
851 852
852 854
854 856
856 858
857 858
858
862
866
868 870
870 871
871
873 874
874
880 881
881
884 885 886
885 886 891
886 888
888 890
890 891
891
894
897
903 905
905
909 910
910 912
912
915 916 917
916 917
917 919
919
923
929
934 936
936
939 940 941
940 941 942
941 942
942
945
948
952 953 954
953 954 955
954 955
955 957
957
962 964
964 965
965 967
967 969
969 970
970 972
972 974
974 975 976
975 976
976 977 978
977 978
978 980
980 981
981
986
989
995 996 997
996 997
997 999
999
