#naive2.0.py
# GMT Fri Feb 14 14:28:10 2020
# 
0 1 2
1 2
2
11 13
13 531
14
16
18
19 20
20 22
22
27 29 658
29 30
30 31 32
31 32
32 34
34 36
36 37
37
41 42
42
49 50
50 52
52
55 56 57
56 57
57 167
61 63
63
67
72 74
74 75 76
75 76
76
80
85 86
86
90 91 585
91 92 93
92 93 94
93 95
94 95 96
95 96 97 474 899
96 97
97
100 833
103 105 897
105
108
111
112
115 116 117
116 117 153
117 118
118
122 123 124
123 125
124 125 126
125
126
129 130
130 850 397 826
133 134
134 136
136 138 845
138 140 347
140 392 713
143 144
144 406
147 148
148
153
156 157
157 158
158 160
160
161
166 167
167
170
173 174
174
178 179 180
179 180
180
186 187 747
187 189
189
192 194
194
200 201 202
201 202
202 204
204 205
205
209 210 211
210 211 212
211 212
212
215
223 490
226 857
229 231
231 233
233 520
236
240 924
245 247
247 249
249 250
250 252
252 253
253 255
255
258 259 260
259 260 261
260 261
261 263
263 264
264
271 272
272
277
286
289 615
295 297 487 716
297 996
299 300 301
300 301 302
301 302 303
302 303
303 845
306
309
312 314
314 315
315
317 318 985
318 319 320
319 320
320
324
332 334
334
337 338
338
342 560
343
346 347 348
347
348
352
356
360 362
362
369 370 371
370
371
374 375 376
375 376
376 378
378 379
379
386
390 391 392
391 392
392
395 396 397
396 397
397 756
399 401
401 403
403
406 407 408
407 854
408 410
410 411
411 413
413 414 415
414 415 416
415 416 417
416 417 418
417 418 419
418 420
419 420
420
424 426
426 428
428 429 430
429 430
430 432
432 434
434 435 436
435 436
436 438
438 439 440
439 440 441
440 441 442
441 442
442
446 448
448 449 450
449 450 740
450 451
451 453
453 455
455 456
456 820
460 461
461 462 463
462 463 992
463 464 465
464 465
465 467
467
470 471
471 473
473 474
474 476
476
487 488 489
488 490
489 490 517
490 492
492 493
493 495
495
498 500
500 502
502 740
504 910
506 507
507 509
509
511
515 517
517 518
518 519 520
519 520
520
522 523
523 525
525
529 531
531
535 536
536 538
538 539 540
539 540
540 542
542 543
543 545 723
545 547
547 548 549
548 549
549 551
551 553
553
555
560
561 788
563 565
565
568 569 570
569 570
570 572
572 573 574
573 574
574
583 602
585
595
599 601 629
601 602 603
602 603
603
606 608
608 610
610
611 613
613 615
615 616
616 618
618 620 787
620
624 626
625 626
626 628 703
628 819
629
631 633
633
636 637
637 639
639 640 641
640 641
641 788
643 941
646
647 649
649 651
651
656 657 658
657 658
658
665 667
667 668
668
673 675
675 676 677
676 677 678
677 678 679
678 679
679 681
681
684
687
690
695 697
697 698 865
698
701 703
703 704
704
710 711 712
711 712 713
712 713
713
715 716 717
716 718
717 718
718 734
721 723
723 725
725 727
727
730
734 735 736
735 736 737
736 738
737 738 739
738 739
739 740
740
747
751
754 755 756
755 756 757
756 757 758
757 758
758
761 762 841
762
765 766 767
766 767 768
767 768 769
768 769 861
769 771
771 773
773
776 778
778 780
780 782
782
785 787
787 788 912
788
794 795 796
795 796
796
800 801 802
801 802 803
802 803
803
809
814 816
816
819 820
820
824 826
826
828 830
830 831
831 833
833
836
840 841
841
845 847
847
850 865
851 853
853 854
854
857 858
858
861
864
865 867
867 869
869
875 876 877
876 877 878
877 878 879
878 879
879
882
886 887
887
890
892 893
893
897 898 899
898 899 900
899 900
900
903
910 911 912
911 912 913
912
913 915
915 917
917 919
919 921
921
924 925 926
925 926 927
926 927 928
927 928 929
928 929
929
933 935
935 937
937
941
944
947 948
948
953
956
960 961
961 963
963 964 965
964 965
965 967
967
972
977
980 981
981 983
983 985
985 986 987
986 987 988
987 988 989
988 989 990
989 991
990 991 992
991 993
992 993 994
993 994 995
994 995 996
995 996 997
996 997
997
