#naive2.0.py
# GMT Fri Feb 14 14:28:03 2020
# 
1 2 3
2 3 4
3 4
4 6
6 7
7 9
9 11
11 13
13 15 531
14 15 107
15 17
17 19
19
24 26
26 27
27 29
29
32
35 37 650
36 37
37 39
39 155
47 49
49
56
59
63
66 68
68
72 73 74
73 74 75
74 75 76
75 76 77
76 77 78
77 78 79
78 79 80
79 80 81
80 81 82
81 82 83
82 83 84
83 84 998
84
87 89
89
92
97 98
98 100
100
102 103
103
104
107
108 110
110 111
111 113 367
113 114 115
114 115
115
120 121
121
125 868
126
129 130
130 131 132 850
131 132 133
132 133 134
133 134 135
134 135
135 137
137 138
138 140
140 142 973
142 144
144
149 151
151 152 344
152 153
153 155
155 472
156
158 159
159 567
161 162 163
162 163
163 165 991
165 167
167 168
168
171 172 789
172 665
175 177
177
184 185 186
185 186 187
186 187
187 189
189
192 194
194 196
196 766
198 200
200 201
201 203
203 204 796
204 567
206 207 208
207 208
208
211
215 216 217
216 217 218
217 218
218
222 224
224 226
226 971 857
228 229 230 571
229 230
230
234 235
235 237
237
240 924
251 252
252 254
254
257 259
259 261
261
265 266 267
266 267
267
270
271 273
273 274 275
274 275
275 962
281
284 286
286
293
297
301 302
302
307 308
308 310
310 311
311
315 901
317 985
319 320
320 322
322 323 324
323 324
324 326
326 328
328
332 333 334
333 334 335
334 335
335 337
337 338 339
338 339
339
343 344 345 537
344 345
345
349 351
351 352
352 354
354
357 358
358
361 362 363
362 363
363 365
365 366 367
366 367
367
372
376
380 382
382 383
383
387
391 835
393 394 395 989
394 395 396
395 396
396
401 402 403 815
402 403
403 405
405 407
407
412
415 416
416 418
418
419
424 425 426
425 426
426
431 432 886
432 433 454
433
436
440
446
452 454 738
454 455 852
455 457
457 458
458 460
460 461
461 462
462 992
466 467 468
467 468 469
468 469 470
469 470
470 472
472 473
473
476 478
478
481 483
483
486
487
490 492
492
495 496 497
496 497
497
501
504 505 910
505 506
506
510
514 516
516
521 523 782
522 523 524
523 524
524
527 528
528
531 532
532 534
534 536
536 537
537
540
544 545 546
545 546
546
551
559 561
561
565 567
567 569
569 571
571
577 578 579
578 579 580
579 580 741
580 581
581 583
583 584
584
587 588 589
588 589
589
592
605 606
606
609 611
611
614
615
621
624
629 630
630 981
631
634 635
635
638 639
639 641
641
644 645 646
645 646
646 648
648 649 650
649 650 651
650 651
651 652
652 654
654 660
655 656
656
659 660 661
660 661
661
665
680
685
690 691
691
695
696 698
698 700
700
703 704 705
704 705 706
705 706 945
706
710 711 712
711 712
712
715 716
716 718
718 720
720 721 722
721 722 723
722 723
723
726 728
728 729
729
732 733
733 735
735 736
736 738
738
741
745 746
746
752 753 754
753 755 931
754 755
755
759 760
760 762
762
766 767 768
767 768
768 770 861
770 772
772 773 774
773 774
774 776
776 777 778
777 778 779
778 779 780
779 780 781
780 781 782
781 782
782 784
784
786 787
787 789
789
796
797
803 946
804
809
812 814
814 815 816
815 816
816 817
817 819
819
824 825
825 827
827 828
828 830
830 832
832
835 836
836
839
842
846 847
847
850
851 852
852
857 858
858
861 862
862 863
863
868 869
869
874 875 876
875 876
876 878
878 879 880 896
879 880 881
880 881
881
885 886 891
886 887 888
887 888
888
891 893
893 894
894 896
896
899
901
906 907
907 909
909 910
910
913
916 917
917
921
924 925
925
928
931 932 933
932 933
933
938 940
940
943 945
945 946 947
946 947
947 949
949 951
951
955
959 960
960 962
962 964
964
966
971 973
973
976 978
978
981
985 986
986 988
988 989 990
989 991
990 991 992
991
992
995 997
997 998
998
