#naive2.0.py
# GMT Fri Feb 14 14:28:06 2020
# 
2 3 4
3 4 5
4 5 6
5 6
6 8
8
11 12
12
15 16 17
16 254 950
17 18
18 733
21
24 26
26 27
27 29
29
31
35 650
39 40 41 155
40 41
41 43
43
46 47
47 49
49
52 53
53 55
55 56
56
60
67
71 73
73 74 75
74 75 76
75 76
76 78
78
81 82
82 84
84
86
89
94 95 96
95 96 97 899
96 97
97
101 103
103 897
111 113 367
112 114 195
113 114 370
114 116
116 117
117 119
119
129 130
130 241 826
134 135 136
135 136
136
140 141 973 713
141 143
143 144
144 381
146 147 148
147 148 149
148 149
149 151
151 152 344
152 154
154 155 156
155 472
156
158 159
159 567 285
161 162
162 164
164 165
165
168 169
169
171 172 789
172 174
174 175 176
175 176
176 178
178 180
180 182
182 184
184 186
186 187 188
187 188
188 190
190 192
192
195 196 197
196 197
197
201 203
203 204
204 567
206 208
208 210
210 211 212
211 212
212 214
214 215
215 217
217 219
219 895
221 223
223
226 227 857
227 229
229
233 234 520
234
237
241 242
242 243
243 245
245 246 247
246 248
247 248
248 250
250 251
251 253
253 254
254
257 258 259
258 259 260
259 260
260 262
262
265
268 269 270
269 270
270 272
272 274
274 275
275 962
277 278 279
278 279
279 281
281 283
283 446
285
291 293
293
296 360
297
299 300
300
303 304
304 573
310 311
311 313
313 315
315 316 901
316 317 318
317 318
318 320 642
320 321 322
321 322
322
326 327 328
327 328
328 330
330
334 336
336 337
337
341
344 345
345 347
347
350 352
352
355 356
356 358
358 360
360 361
361
365 367
367 368
368 370
370 372
372 374
374 375
375
378
381 383
383 384
384 386
386 387 388
387 388 389
388 389
389 391
391
398
401 403
403 405
405
412 413 807
413
417
422 423 669
423 424
424
428 430
430 431
431
433
437 438
438 440
440 441 442
441 442 724
442
445 446
446 448
448
451
455 456 457
456 457
457
460 461
461 463
463 465
465 466
466
470 472
472 473
473 475
475
479 481
481
487
491 964
492
496
499 500
500
505 506 507
506 507
507
510 511 512
511 512 513
512 513 514
513 514
514
519 520
520 521
521 782
527 529
529 530 531
530 531
531 533
533 535 735
534 535
535 825
541
545 547
547
551
556 558
557 558 559 856
558 559 560
559 561
560 562
561 562 788
562
565 567
567
573 575
575 576
576
580 582
582 583
583 602
585
589 591
591 592 593
592 593
593
595
598 600
600 602
602 603
603 604 784
604 605 606
605 606
606
611 612
612
617 618
618 620
620 622
622 623 624
623 624
624 626
626
631 633
633
636 638
638 640
640 641 642
641 642 788
642 644
644
650 994
652
655 656 657
656 657
657
661 663
663
668 669 670
669 671
670 671
671
676 678
678 679 680
679 783
680
684
690 691
691
694
697 865
702
707 944
708
713 714
714 716
716
717 719
719
722 724
724
727 729
729 731
731 733
733 735
735 737
737 738
738
742
745 746 798
746
749 750
750 752
752 753 754
753
754
759 760 975
760
763 764 765
764 765
765
770 772
772
775 776
776 778
778 779 780
779 780
780 782
782 783 784
783 784 785
784 785
785 786
786 788
788 789
789
792
798
803 805 946
805 807
807 808 809
808 809 810
809 810 811
810 811
811 813
813
818 819
819
822
825
826
830 831
831 833
833
837
841 842
842 844
844
847 848
848
852 854
853 854
854 856
856
857
862 863
863
865
866
870 871 872
871 872
872
879 881
881 883
883 885
885
887 889
889 890
890
894
895 897
897 899
899
901
904 905 906
905 906 907
906 907
907
919
924
928 929
929
937 939
939 941
941
944 945 946
945 946 947
946 947
947 949
949 950
950
957 959
959 960 961
960 961 962
961 962 963
962 963 964
963 964
964
967
970
973 975
975
979 981
981 983
983
989 991
990 991
991
994
997
