#naive2.0.py
# GMT Fri Feb 14 14:28:06 2020
# 
1
4
9 10
10
14
17 18 19
18 526
19 225
24
32 34
34
43 44
44 46
46
51 52
52 54
54 55
55
59
63 64 65
64 766
65
67 68 69
68 69 70
69 70 416
70 72
72 74
74
77 79
79 80
80 82
82 83
83 85
85 86 87 163
86 87 88
87 88 89
88 89 90
89 90 91
90 91 197 585
91 92 93
92 93 94
93 269
94 96
96 97 98
97 98 99
98 99
99
104 105 106
105 106
106
109 110 111 593
110 111
111 113
113 114 115
114 115 855
115 117
117 118
118 120
120 121 122
121 122
122 124
124 126
126 447
129 298
132 133
133 135
135 137
137 138
138 139 140 347
139 140
140 142 713
142 143
143 145
145
148
151 344
153 154
154 156
156 157 404
157 159
159 160
160
163 165
164 165 166
165 166
166 168
168 169
169
171
173
176 178
178 179
179 181
181
185 187
187
190 191 192
191 192
192
195 197
197 199
198 199 200
199 200 201
200 201
201 203
203 204
204
207
210 211 212
211 212 213
212 213
213
216 217
217 219
219 895
224 225
225 227
227
234
240 241
241
243 244 245
244 245 304
245
250 251
251 253
253 254 255
254 255
255
258
262 264
264 265 266
265 266 267 342
266 267
267 269
269 270
270
273 274 275
274 275
275
277 278
278 280
280 344 460
287 288
288
290
292
295 297 487 404
297 298
298 299
299
303 304
304 573
306 307 308
307 308
308 310
310 312
312
321 322
322 324
324 326
326
329
332 333
333
337 338
338 340
340 341 342
341 342 343
342 344 560
343 344
344
347
350 352
352 353 354
353 354
354
357 358
358 360
360 362
362 363 364 597
363 364 365
364 365 366 969
365 366
366
372
376 378
378 379 380
379 380
380
384 385
385
393 989
397 756
403 404
404
406 407 408
407 409 854
408 409
409
413 415
415 416
416 418
418
422 614
425
428 429
429 431
431 886
434 435 436
435 436
436
440 442
442 443 444
443 444
444
447
448 450
450 451
451 619
455 457
457 458 459
458 459 460
459 460 461
460 461
461
465 466
466 468
468 469 470
469 470 471
470 471
471
474 476
476
479 481
481 482
482 949
487 488
488 490 748
490
493 494
494
497
500
505 507
507
511
514
519
523 525
525 526 527
526 527 528
527 528 529
528
529
532 802
535 536
536
540 541 542
541 542 543
542 543
543
547 548
548
551
554 555
555
558 560
560 562
562 564
564 566 871
566
569 570
570
573
577 578 579
578 579 580
579 580 742 741
580
585 587
587 588 589
588 589
589
593
595 596 597
596 597 598
597 598
598
601 602
602
605
611 612 613
612 613 614
613 614
614 616
616
619 620
620 622
622 623
623 625
625 626 627
626
627
630
631 633
633
640
643
648 650
650 651 994
651 652
652
658
662
665
666
670 671 672
671 672 673
672 673 674
673 674
674
677 678 679
678 679 680
679
680 682
682
685
688
695 697 889
697 865
699
706 708
708 710
709 710
710
713 714
714
718
726
731 732
732
735 737
737 738
738
741 742
742 744
744 745
745 747
747
748 750
750
753
756 758
758
763 764 765
764 765
765 766
766
769 770
770
775 776
776 778
778
782
788
792 793
793
795
800 802
802 803
803 805
805
808 810
810 811
811 813
813
818 820
820 821
821
827
832 833
833
836
846
851
854 855
855
858 859
859 861
861 862
862 863
863
865 867
867 869
869 870 871
870 871 872
871 872
872 873
873
876
881 882 883
882 883
883
886 887
887 889
889 891
891 892
892
895 897
897
900 902
902 903 904
903 904
904 906
906
914 916
916 918
918
923
925
933 935
935 936
936 938
938 940
940 942
942
945 947
947 949
949 950
950 952
952 953
953
969 970
970 971
971
977 979
979
983 984 985
984 985
985
989
992 993 994
993 994 995
994 995
995 997
997
