#naive2.0.py
# GMT Fri Feb 14 14:28:05 2020
# 
0 1 2
1 2 3
2 3
3 220
6
9
13 531
14
20 21
21 23
23 24 25
24 25
25 27
27 28
28 30
30
34 35
35
39 41 155
41
44 46
46
52
55 56 57
56 57
57 59 167
59 61
61 63
63 64 65
64
65
67
70 71 72
71 72 73
72 73
73 75
75 77
77 78
78
82
86 88
88 89
89 91
91 93
93 95 269
95 899
98 99
99
105
115
119 120 121
120 121
121
124
127 129
129
132 133
133
137
139 140 141
140 141 142 392 973 713
141 142 143
142 143 144
143 144 145
144 381
145 812
150 151 152
151 152 344
152 153
153 155
155 472
160
161
164 165
165 167
167
170 172
172 174
174 176
176 177
177 179
179
183 184 624 956
184
187
191 192
192
195
198
204 205
205 284
207 208
208
211
219 220 895
220 221
221
228 229 230 571
229 230 231
230 231
231
234 236
236 237 238
237 238 239
238 239 240
239 240
240
242 243
243
246 248 596
247 248
248
251 252
252
255 256
256
261 263
263 264 265
264 265 266
265 266
266
269
272 273
273 275
275 962
277 279
279 280
280 344 460
284 286
286
292 293
293 295
295 297 487
297 996
300 301 302
301 302 303
302 303
303
307
310 311
311 313
313 314 315
314 315
315 901
317 318
318 319 642
319 321
321
326 327
327 329
329
334
337
343 344 345
344 345
345 347
347
348
351 352
352
355
359 360 361
360 361 362
361 362
362 364 597
364 365
365
370
374
377
378
381 383
383 385
385 387
387 388
388
392
395 397
397
398 399
399
403
409
412 413 807
413
416 418
418 604
419
422 669
427 428
428
431
433 434
434
440 442
442
445 446
446 447
447
450 451
451 619
454 455 852
455
459 460
460
464 465
465 467
467 468
468
471 472 473
472 473
473
477 478 479
478 479
479 481
481 482
482 484
484 486 746
486
487 489
489 490 491
490
491 493 909 964
493
496 498
498
502 503 740
503 505
504 505
505 507
507 934
508 510
510 512
512 513
513 515
515
520 521
521 523
522 523 524
523 524
524 526
526 527
527 529
529 530 531
530 531
531
534 536
536 538
538 539
539 541
541 542 553
542
545 546 547
546 547
547 549
549
552 553
553
555 557 894
557 558
558
568
571
572 574
574 575
575
578 579
579 742
581
587
590 591 592
591 592 593
592 593 594
593 594
594 596
596 597 598
597 598
598
601 603
603 604
604 605
605 607
607
611 613
613 615
615
617 619
619
624
625
628 819
634
638
641 642
642
646 648
647 648
648
651 652
652
655 656 657
656 657
657 659
659 661
661
667 669
669
670
674
676
680 681 682
681 682 683
682 683
683
686
694 695
695 697 889
697 698 865
698 700
700 702
702 704
704 706
706 707 708
707 709 944
708 710
709 710
710 712 866
712 713
713
715 806
722
725
728 730
730 731
731
737 738
738
740 742
742
743
746 748
748 750
750 751
751 753
753
754
758 759
759 761
761 762 841
762 763
763
768 861
775
778 779 780
779 780 781
780 781
781
787
790 791
791 792
792
795
798
799
802 803
803 805 946
804 805 806
805 806 807
806 808
807 808
808 810
810 811 812
811 812 813
812 813 814
813 814
814 816
816 818
818 819
819 821
821
825
828
835 836 837
836 837 838
837 838
838
841 843
843
849 851
851 852
852 854
854
857 858
858
861
865
866
869 870 871
870 871 872
871 872
872 874
874 875 876
875 876
876
879
882 883
883
889
893 894 895
894
895 897
897 899
899
901 903
903 904
904
907 908 909
908 909
909 911
911
914
919 920
920
923
926
929
933 934 935
934 935 936
935 936 937
936 937 938
937 938
938 940
940 941
941
944 945 946
945 946
946
950
954 955 956
955 956
956
961 962 963
962 963 964
963 964 965
964 965
965 966 967
966 967
967
971 973
973
974
979 980 981
980 981
981 983
983 984
984
991
996 997 998
997 998
998
