#naive2.0.py
# GMT Fri Feb 14 14:28:05 2020
# 
0 2
2 4
4 5
5 7
7 8 9
8 9
9
13
14 107
17 18
18 526
20 22
22 24
24
27 28 658
28 30
30 31
31
35
36
39
43
46 47
47 49
49 50 51
50 52
51 52 53
52 53 54 516
53 54
54 56
56 57
57 59 167
59 60
60
63
68 70
70 72
72 73
73
77 78 79
78 79 80
79 80 81
80 81 82
81 82 83
82 83 84
83 84
84 838
89 90 91
90 91 585
91 92
92
95
101
105 106 107
106 107 108
107 448
108
111 367
112 195
115 116
116
118 119
119 121
121 122
122
125 127
127 367
131 133
133 135
135 136
136 138
138 139
139
142
145
150 151 152
151 152
152
159
161 162 163
162 163
163
167
173 174
174
178 179 180
179 180
180
183 184 185
184 185
185
189 190
190
193 194 195
194 195
195
199
204
208
213 214 215
214 215
215 748
221 222 223
222 223
223
226 227 971
227 229
229 230
230
233 234
234 236
236 237 238
237 238 239
238 239 240
239 240
240
242 243
243
246
247 249
249
252 253 254
253 254
254 256
256 257 846
257 259
259 260 261
260 261 262
261 262
262
265 267 342
267
273 274
274
280 281 460
281
284
290
296
302
305 307
307 309
309 310
310 312
312 313
313 315
315
318 319 320
319 320 321
320 321 322
321 322
322
326
332 333
333 335
335
338 340
340 341 342
341 342 343
342
343 345
345 346
346
349 351
351 353
353
361 362
362
365 367
367 368 369
368 369
369
373 374
374 376
376 377
377
381 383
383 384
384
387 388
388
391 392
392
397
400 401
401 403 815
403 405
405 406 407
406 407
407 854
410 412
412
416
421 422 423
422 423 614
423 424
424 426
426 428
428
432 434
434 435
435 437
437 438 439
438 439 440
439 440
440 442
442
447 449
448 449 450
449 450 740
450
455 456
456 458
458 460
460 461
461 462
462
465 466 467
466 467
467
470
473 475
475 477
477 478
478 480
480
481 483
483
486
487
492 493
493
496 497
497
501 503
503 505
504 505 910
505 507
507 509 934
509
516 918
517 838
522 524
524 526
526
533
539
542
545
548 550
550 552
552 553
553
555 894
559
562 563
563
569 571
571 573
572 573 574
573 574
574
577 579
579 742
581 583
583
585 586
586
592 594
594
598 599 600
599 600 601 629
600 601
601
606
609 610 611
610
611 613
613 614 615
614
615
617 618 619
618 620
619 620
620
625 626
626 703
629
634 635
635 637
637 638
638
646
647
652 653
653 790
656 658
658
661 663
663 664 665
664 665 666
665
666
673
676 677
677
680 681
681
685
690 692
692 694
694 696
696
703 704
704 706
706 707 708
707
708 710
710 711 712 866
711 712 713
712 713
713
716 718
718 720
719 720
720 722
722
725
729 730
730 732
732
738 739
739 740
740 742
742 744
743 744
744 746
746 748
748
760 761 762
761 762
762 764
764 765
765 767
767 768 769
768 769 770
769 770
770
775 776
776
779
782
785 786
786
789 790
790
794 796
796
797 798
798
802
808 810
810
813 815
815 816
816 817
817
824 826
826
836 837 838
837 838
838
842 843
843
846
850
853 854
854 856
856 858
858 860
860
863 864
864 866
866
869 870 871
870 871 872
871 872
872 873 874
873 874
874 876
876 878
878 879 880 896
879 880 881
880 881
881 883
883 884 885
884 885 886
885 886 891
886 887
887
890 891
891 892
892 894
894 896
896
897
900 902
902 904
904 905 906
905 906
906
910
913 915
915 916
916 918
918
919
925 926 927
926 927 928
927 928
928
931 932
932 934
934 936
936 938
938 939
939
943
951 952
952
955 957
957 958 959
958 959 960
959 960 961
960 961
961
969
971 972
972
977 978
978
982
994 995
995
