#naive2.0.py
# GMT Fri Feb 14 14:28:07 2020
# 
0
4 6
6
10 11 12
11 12 13
12 13
13 15 531
15 16 17
16 254 950
17 18 19
18 526 733
19
27 28 288
28
33
38 40 115
39 40
40
50 171
55
60 61 62
61 63
62 63
63
68
73 74 75
74 75 76
75 76
76
79
82 83
83 85 998
85 86
86 88
88 90
90 91 197
91 92
92 94
94 95 96
95 96 97 474
96 97
97 99
99 100
100
103 105
104 105
105
108 109
109 111 593
111 367
115 116 117
116 117 153
117 119
119
128 129 130
129 130
130 131 132 850 241 397 826
131 132 133
132 133 134
133 134
134 136
136
139
144 381
148
151 152
152 153 154
153 154
154
157 159
159 160 285
160 162
162
165
168
171 789
173 175
175 176
176 178
178 180
180 182
182 183
183 185 624
185 187
187 189
189 190 191
190 191 192
191 192 736
192 194
194 196
196 197 766
197 199
199
203
207
210 211
211 213
213
216 217 218
217 218
218
221
226 227 857
227 228
228
233 234
234
237 238
238 240
240 241 924
241 242
242 243
243
247
250 252
252 253 254
253 254 255
254 255 256
255 256 257
256 257
257
263
267 268 269
268 269 270
269 270
270 272
272
277
284 285
285
288 289
289 290 615
290
293 295
295 297 716 404
296 360
297 996
301
304
305
308 309
309 311
311 312 313
312 313 314
313 314
314 316
316 317 318
317 318 985
318 319 642
319 321
321 322 323
322 323
323 325
325
329
332 333
333 335 445
335 337
337 338
338
341 343
343 345 537
345
348 350
350 687
353 354 355
354 355
355
359 360
360
364 365 969
365 367
367 368 369
368 369 370
369 370
370
373 374 375
374 375 376
375 376 377
376 377 378
377 379 382
378 379
379 381
381 382 383
382 383
383
386
390 391
391
397
398 399
399 401
401
404
407 409
409 411
411
414 416
416 417 418
417 418 419
418 604
419 421
421
424 425
425
428
431 432
432 434
434
438
441 443
443 444 445 646
444 445
445
448 450
450
453
456
459 460 461
460 461
461
464
469 470
470 472
472 473
473 474
474 476
476 477 478
477 478 479
478 479
479
482 949
485 486
486 488 877
488 490 748
490 492
491 493
492 493 494
493 494
494
497 498 499
498 499 500
499 500 501
500 501 502
501 502
502 740
505 507
507 509 934
508 509 510
509 510
510 511 512
511 512
512
515
518 519
519 829
523 524 525
524 525 526
525 526 527
526 527
527 529
529 531
531
534 535
535 537 825
537 539
539 540 541
540 541
541
547 548
548 550
550 552
552 554
554 555
555
558
561 562
562 563 564
563 564
564 566 871
566
572
575
581 582
582
590
593
595 596
596
600 601
601 603
603 604 784
604 605 606
605 606
606
609
615 616
616
619
622 624
624
625
628 630
630 981
631 633
633 635
635 636 637
636 637 638
637 638
638
642
646
647
650
653 655
655 657
657
672 673 674
673 674 675
674 675
675 676
676
679 681 783
680 681 682
681 682
682
685 687
687
689 691
691
694 695
695 697 889
697 951
701 703
703 704
704
707 709
709 710
710 866
713
715 716
716 718
718 720
719 720
720 722
722
730
733
736
737 739
739 740 741
740 741
741
744 746
746 748
747
748
757 758 759
758 759
759 975
762 764
764
766 767 768
767 768 769
768 769
769 771
771 772 773
772 773
773 775
775 777
777 778 779
778 779 780
779 780 781
780 781
781 783
783 784 785
784 785
785 787
787 789
789 791
791 793
793 794
794
804 805
805
809 810 811
810 811
811
814
817 818
818
822 823
823 825
825
826
829 830 831
830 831 832
831 832
832 834
834
837
842
849 850
850
852
856
857
866
868 870
870 871
871
873
876 877
877 879
879 880 881
880 881
881
884
887 889
889 890 891
890 891
891 892
892
896
902 903 904
903 904
904
913 915
915 917
917
923 924
924 926
926 928
928 930
930
934 935 936
935 936 937
936 937 938
937 938 939
938 939
939 941
941
943 945
945 946 947
946 947
947 949
949 950 951
950 951
951 953
953 955
955
959 961
961 963
963
966 967
967 969
969 970
970
974 975 976
975 976
976
979 981
981 982
982 984
984 985 986
985 986
986 988
988 990
990 992
992 993
993
996 997 998
997 998
998
