#naive2.0.py
# GMT Fri Feb 14 14:28:03 2020
# 
2 3 4
3 4
4 6
6 7
7
10
15 16
16 254
19 20
20
23 24 25
24 25
25
28 29
29
31 32 58
32 34
34 36
36
39 41 155
41 43
43 44 45
44 45
45
48 50 922
50
51 53
53
56 57 58
57 167
58
61 63 528
62 63 64
63 64
64 766 375
70
76 77
77
80 82
82 83 84
83 84 998
84
87 89
89 90
90
96
99
104
107 448
108 110
110 111 112
111 113 367
112 114
113 114 115
114 115 116 855
115 116
116 153
120 121
121 386
124 125
125 127
127 129 367
129
131 132 133
132 133 134
133 134 135
134 135 136
135 136 137
136 137
137 289
139
143 144
144
146 147
147
152 153 154
153 154 155
154 155 156
155 472
156
158
163 165 991
165 167
167
173 174
174 176
176 177
177 179
179 180 181
180 181
181 215
183 624 956
187 189
189 191
191 736
194
199 200
200
204
206 207
207 209
209
212 213
213 215
215 217
217 219
219 895
222 223 224
223 224 490
224
227 228 229
228 229
229
232
233 235 520
235 237 856
237
241
243
247
250 251 252
251 252 253
252 253 254
253 254
254
257
262
266 268 890
268
271 272 273
272 273
273 275
275 276
276 277
277 279
279 280
280
284 286
286 287
287 289
289 290 615
290
294
306 307
307
310 312
312 313
313 315
315
317 318
318 320
320
323 324 325
324 325
325
328
329 331
331 332 333
332 333
333 335
335 337
337
340 341
341
345 346 347
346 347
347
350 351
351
354 355
355
359 361
361 362
362 597
365 367
367 369
369 371
371 373
373 375
375
378 379 380
379 380
380
386
391 392 835
392 394
394
397
399
402
405 407
407 409 854
408 409
409 411
411 412
412 807
414
418
426
430 432
432 433 434 454
433 434
434
438 439
439
443 444
444 446
446 447 448
447
448
451 453
453 454 455
454 455
455 456 457
456 457
457
461 462 463
462 463
463 464 465
464 465
465
470 472
472
474
475 477
477 479
479
488 490
489 490 517
490
493 494
494
498
502 740
508
515 516 517
516 518 918
517 518
518 519 520
519 520
520 521
521 782
528
529
534 535
535 537 825
537
540
543 544 723
544
547
552 553
553
557 856
560 562
562 563
563
568
575
580 581 582
581 582 583
582 583 584
583 584
584 586
586 587 588
587 588
588
591 593
593 594
594
597
599
603 784
605 606
606
609
612
615
618 787
624
625 627
627 628
628 630
630
631
636 637 638
637 638
638 640
640 641
641
643 645
645 647 708
647
650 651
651 653
653
656
659 661
661 662 663
662 663 664
663 664 665
664 665
665 667
667 669
669 671
671 673
673 675
675 676 677
676 677 678
677 678
678
681 682
682
685 686
686 688
688 689 690
689 690 691
690 691
691
694
698 700
700 701
701 703
703 704
704
707
708 710
710 711 712
711 712
712 714
714
720 722
722 723 724
723 725
724 791
725 726 727
726 727 728
727 728
728 730
730
735 736 737
736
737 739
739 740 741
740 741 742
741 742 743
742
743
750 752
752 754
754 755
755
758 759
759 761
761 841
766 767
767
772
777 778
778 780
780 782
782 784
784 785
785 787
787
791
794 795
795 797
797 799
799 800 801
800 801
801 803
803 805
804 805 806
805 806 807
806
807
810 811 812
811 812
812 814
814 815 816
815 816
816
821 823
823 824 825
824 825 826
825 827
826 827
827 828
828
832 833 834
833 834 835
834 835 836
835 836 837
836 837
837 839
839 841
841
846
848 850
850
853 854 855
854 855 856
855
856
859 861
861 862
862 863 864
863 864
864
870
873 874 875
874 875
875
880 881 882
881 882 883
882 883 884
883 884 885
884 885
885
890
893 894 895
894
895
899 900
900
903 904 905
904 905
905 907
907
910
913 914
914 916
916 917 918
917 918
918 920
920 921 922
921 922 923
922 923
923 924
924
927 928 929
928 929
929 931
931 933
933 934
934
937 938
938 940
940
948
952 953
953
956 958
958 959 960
959 960 961
960 961
961
966 967 968
967 968
968 970
970
976 977
977
980
983 984
984 986
986
991
995
998
