#naive2.0.py
# GMT Fri Feb 14 14:28:09 2020
# 
0 1 2
1 2
2 4
4 6
6 8
8 9 10
9 10 11
10 11 12
11 12 13
12 13 14
13 15
14 15 107
15 17
17 18
18
20 22
22 24 784
24 25 26
25 26 27
26 27
27 29 288
29
35 37 650
37 39
39 41 155
41 42
42 491
44 45
45
48 49 50 922
49 50 51
50 171
51
55 56
56
61 63 660
63 65
65
68 70
70
77 78
78 80
80 82
82
88 90
90 91 197
91 92 93 328
92 93
93 95
95 96 97
96 97
97 99
99
103 897
107 109
109 110
110
113 115 370
115
118 119
119
123 125 817
125
126 128
128 129 130
129 130
130 132 850
132
140 392 973
143
148 150
150
154 155 156
155 472
156 404
158
161 162
162
165 166 167
166 167
167
170 171
171
180 182
182 183
183 624 956
188
194 195 196
195 196 197
196 197 766
197
198 200
200
204 205
205 284
210 211
211
218 220
220 221
221 222 223
222 223
223 225 490
225 227
227
231 233
233 235 520
235 237
237
240 924
242
247 248 249
248 249 250
249 250 251
250 251
251
256 258
258
263 264
264 266
266 268
268 270
270 686
273 275
275 276 962
276 278
278 279
279
282 283 284
283 284 446
284
288
294 295 296
295 297 404
296
297 996
299
303 304 845
304
307
310 311 312
311 312 313
312 313
313 315
315 316
316 317 318
317 318 985
318
323 325
325 326 327
326 327 328
327 328
328
333 335
335 337
337
340 342
342
346
349
353 354
354
365 367
367 368
368 370
370
371 373
373 374 375
374 375 376
375 376
376
379 381
381
385 387
387
392 394
393 394 989
394 396
396
404 405
405
408 410
410 411 412
411 412 413
412 413
413
416
421
434
437 438 439
438 439
439
442
446
450
453 455
455 456
456 458
458 459 460
459 460
460
463
469 470
470 472
472
477 478 479
478 479
479
482 484
483 484 485
484 485 746
485
490
491 964
496 498
498 499
499
503
504 910
506 507 508
507 509 934
508 509 510
509 510
510
514 516
516 918
517 838
519 520 829
520
522
529
532 534 802
534 535
535 825
538 539
539 541
541 553
544 546
546 548
548 549 550
549 550 551
550 551 552
551 552 553
552 553
553
555 557 894
557
562 563
563 565
565 566
566 568
568 569
569 571
571
572 574
574
577 579
579 580
580 581
581 583
583 584
584
588 589
589 591
591 592
592 594
594 595 596
595 596
596
599 600 601
600 601
601
606
611 613
613 614 615
614
615
618 620
620
623 624 625 860
624 626
625 626
626 628 703
628 819
634 635
635 637
637 638 639
638 639 640
639 640
640
643 644 941
644
647
650
652 654
654 660
655 656 657
656 657
657
660 662
662
667 668 669
668 669
669 671
671 673
673 675
675 677
677
684 685 686
685 686 687
686 687 688
687 688
688
693
698
702 703
703
707
708 710
710 711 712
711 712
712
718 720
720 721
721 723
723 725
725 726
726
729 731
731
736 738
738
746
749 750
750 752
752 754
754
757
760 761
761
763 765
765 766
766
770
779 780 781
780 781 782
781 782 783
782 783 784
783 784 785 978
784 785
785 786
786 788
788
791
794 795
795 797
797
800 802
802 803
803 946
810 811 812
811 812
812
816 817
817 819
819
825
829 830
830 832
832 833
833 835
835 837
837 838 839
838 839
839
845
850
852 854
854
857 858
858 860
860
862 864
864 975
872 873
873
884
887
891
894 896
895 896 897
896
897
902
905 907
907
910 912
912
915
918
922
924 925
925
928 930
930 931
931
934 935
935
938 939 940
939 940 941
940 941 942
941 942
942 943
943
946 948
948 950
950 951 952
951 952
952 954
954 956
956
957
960 962
962 963 964
963 964
964
966 967
967
971 973
973 975
975 976
976 977 978
977 978 979
978
979 981
981
984 985 986
985 986 987
986 987
987 989
989 991
991 993
993
996 997 998
997 998
998
