#naive2.0.py
# GMT Fri Feb 14 14:28:10 2020
# 
0 1 999
1 3 999
3 220
11 12
12 14
14
19
25 26
26 28
28 29 30
29 30
30 31
31
36 37 38
37 38
38 115
42
44
52
59
63 64
64
67 68 69
68 69 70
69 70
70
73 74 75
74 75
75
78
82 83 84
83 84 998
84
88 89 90
89 90
90 197
93 95 269
94 95 96
95 96
96
99
103
104 106
106 108
108 109
109 111
111
115 116 117
116 117 153
117 119
119 120
120 122
122 123 124
123 817
124
129 130 298
130 131 132 241 826
131 132 133
132 133
133 135
135 136 137
136 137 845
137
140 141 142 713
141 142
142 144
144 381
145 146 812
146 147 148
147 148
148 150
150 151 152
151 152
152 153
153 155
155 157
156 157 404
157 159
159
162 164
164 165
165
169 517
172 173
173
177 178 179
178 179
179
182 183 184
183 184 624
184 186
186
189
192 193 194
193 194
194 196
196 197
197
198
202
205
206 207 208
207 208
208
211 213
213 215
215 216 217
216 217
217 219
219 220 895
220
230
234 236
236 237 238
237 238
238 240
240 241
241 242
242 243
243 245
245 247
247 248
248
252 253
253 255
255 256
256 258
258 260
260 261 262
261 262 263
262 263 264
263 264
264
268 269
269 271
271
274
277
282 283
283
292 293 294
293 294 295
294 295 296
295 487 404
296 298
298
301 302 303
302 303 304
303 304 845
304 573
305 306
306
309 310
310 312
312
315 316 901
316
322 324
324 325 326
325 326
326 328
328 330
330 540
332
340
345 347
347
350 351
351
355 357
357 359
359 361
361 362 363
362 363
363 365
365 366
366 368
368 370
370
371
376
381
384
388 389
389 391
391
393
398
403 404
404
409 410 411
410 411 412
411 412
412 807
415
419 420
420
423 424 425
424 425
425
439 440
440 442
442 443 444
443 444 445
444 445
445
452
456 457 458
457 458 459
458 459
459 461
461
466
470
473 475
475 476
476
479
482 949
485 486 487
486
487 489
489 517
493 494
494 496
496 497 498
497 498 499
498 499
499
505 506
506 508
508 509
509
512 514
514
517
521
525 526 527
526 527
527
533 535
534 535 536
535 536 537 825
536 537 538
537
538 540
540 541
541 543
543 544
544 546
546 547
547 549
549 550 551
550 551
551
554 555 556
555 556 557
556
557 856
560
561 788
564 566
566
569
573 574
574 576
576 577
577
580 582
582 583 584
583 584 602
584
587 588
588 590
590
595
602 603
603 604 784
604
607 609
609
613 614
614
623 624 860
624 626
626 628
627 628
628 630 819
630 632
632
636 637
637 639
639 641
641 788
644 645
645 647
647
650 651
651 653
653 790
658 659
659 660
660 662
662 664
664
667 668
668 670
670 672
672 673 674
673 674 675
674 675
675
679 681 783
680 681
681 683
683 863
686 688
688 689 690
689 690 691
690 691
691 693
693 694 695
694 695
695 697
697 865
702 704
704 705
705 945
707 709 944
709 710 711
710 711 712 866
711 712 713
712 713
713
715
718 734
721 722
722 724
724
728
731 732 733
732 733 734
733 734
734
739 740 741
740 741 742
741 742 743
742
743 745
745
751 752
752
756 757
757
761 841
768 769 770
769 770
770
773 775
775 777
777 779
779 780 781
780 781
781 783
783 784 978
784
787 788 912
788 790
790
794
801 803
803 805 946
804 805
805 807
807 808 809
808 809 810
809 810
810 812
812 813 814
813 814 815
814 815 816
815 816
816 817 818
817 818 819
818 819
819
822
825 827
826 827
827
833 834
834
837
840 841
841 843
843 845
845
849 851
851
856
860
863
865 867
866 867
867 869
869 870
870
875 876
876
881 882
882
885 886
886
893 895
895
900 901
901
904 906
906
910 911 912
911 912
912 914
914 916
916 917 918
917 918
918 920
920
926 928
928
931 932
932 934
934
938 940
940 942
942 943 944
943 944 945
944 945 946
945 946 947
946 947
947 949
949
953
957
960 961 962
961 962 963
962 963 964
963 964 965
964 965
965
971 972
972 974
974
978
982
985 986 987
986 987
987
992 993
993
996 997 998
997 998 999
998 999
999
