#naive2.0.py
# GMT Fri Feb 14 14:28:09 2020
# 
1 3
3
12 14
14
18
21 23
23 24 25
24 25 26
25 26
26
29 30
30
33
36
39 40
40
43 44 45
44 45
45
49 50 51
50 171
51 53
53
58
62 63 64
63 64
64 766
66 67 68
67 68 69
68 69 70
69 70
70 71
71 73
73
76 78
78
81 82
82
85 87
87 88
88 90
90 585
92
99
102 987
105 106
106
110 111
111 367
115
119
122 123 124
123
124
130 132 850
132
135 136
136 138 845
138 139 347
139
144 381
145 146
146 148
148 149
149
152 153 154
153 154
154
158 160
160 705
165 166 167
166 167 168
167 168
168
171 172 789
172 173 665
173 175
175 177
177 178
178 180
180
185 186 187
186 187 188
187 188
188
192 193
193
200 201 202
201 202 203
202 203 204
203 204 796
204
206 208
208
213
216 217 218
217 218 219
218 219
219 895
223
227 228 229
228 229 230
229 230 231
230 231
231 233 764
233 234 520
234 236
236 238
238 239
239
242 244
244 245 304
245
249 250 251
250 251
251 253
253 255
255
263 264
264
267 268 269
268 269 270
269 270
270 686
276 277 278
277 278 279
278 279 280
279 280 281
280 281
281 282 283 674
282 283 290
283
287 288 289
288 289
289 290
290
295 404
296
300
303 304 845
304
305
308 309
309 311
311 313
313 314
314 316
316 317 318
317 318
318 642
323
327
330 331 540
331
335
339
343 537
346 347 348
347 349
348 349
349 351
351 352
352
357 358 359
358 359
359 361
361 362
362
365 366 367
366 367 368
367 368 369
368 369 370
369 370
370
376 377 378
377 379
378 379
379 381
381
385 386
386 388
388 389
389
393 394 395
394 395
395
400 402
402 404
404 405
405
408 409 410
409 410
410
413 415
415
418 420
419 420
420
423 425
425 426
426
429 431
431 432
432
435 436
436
449 450 740
450
457 459
459 461
461 462 463
462 463
463
469 470
470 472
472 473
473 475
475 476
476
480 755
481 483
483 484
484 746
488
494
498
505 506
506
513 514 515
514 515
515
518 520
520 521
521 523 782
522 523
523 525
525
529
533 535 735
534 535
535 537 825
537 539
539 540
540
543 723
547 548
548 550
550 551 552
551 552 553
552 553
553
556 558
558 559 560
559
560 562
562 563
563 565
565
568 569
569
572
575 576
576
579 742
581 582 583
582 583
583
585 586 587
586 587 588
587 588
588 590
590 591
591 593
593 594
594
603
605 607
607 608
608
612 613
613
617 618 619
618 620
619 620
620
625 626
626 703
632
635 636
636
639 641
641 642
642 644
643 644 645 941
644 645 646
645 646 708
646 648
648
652
656 657
657
661
665 667
666 667
667 669
669 671
670 671
671
674
678
681 683
683 684
684 686
686
689
692
695 889
696
701 702 703
702 703 704
703 704 705
704 705 706
705 706
706 707 708
707 944
708 710
710 712 866
712
715 717
717
721 722 723
722 723
723 725
725 726
726
730 732
732 734
734 735
735
738 739
739 740
740 742
742
746
749 750 751
750 751
751 753
753 755 931
755 757
757
764 765
765 766
766 768
768 769 861
769
773 774
774 776
776 777
777 779
779 780 781
780 781 782
781 782
782
786
789 790
790
794 796
796
799 800
800 802
802
807
814 816
816
819
825 827
827 828 829
828 829 830
829 830
830
834 835
835
840
844 845
845 847
847 849
849 850 851
850
851 853
853
857 858
858
861
864 866 975
866
869 871
871
874
877 878
878
887 889
889 890
890
892
895
899
909 911
911
918
919
924
929 931
931 932 933
932 933
933 935
935 936
936
941 942
942 944
944
950 951
951
956 958
958 959
959 961
961
964 965
965 967
967 969
969 970
970 971
971
975
979 981
981 982 983
982 983
983
987 988
988
995
