#naive2.0.py
# GMT Fri Feb 14 14:28:04 2020
# 
0 999 2
2 3
3 5
5 6
6 8
8 10
10
13 15 531
15 17
17
20
23
27 29 288
29 364
31 58
42 43 491
43
46
52 54
54 56
56 58
58 60
60 62
62 63
63 65
65
67 68
68 70
70 71
71 73
73 74
74 76
76
87 88
88
94 95 96
95 96 97 474 899
96 97 98
97 98 99
98 99
99
102 103
103
106
109
116 153
119 120 121
120 121 122
121 122
122 123
123 817
126
129 298
133 135
135 136 137
136 137
137
139 140
140 392
145 146 812
146 148
148 150
150
153 154
154 156
156
159 160 567 285
160
164 166
166 167 168
167 168
168 170
170 172
172 173
173
177 178
178 180
180 181
181
183 185 624
185 187
187 188
188 190
190
194 196
196
201
205
207 209
209 210
210
214
218
224 225 226
225 227
226 227
227
230 231 232
231 232 233
232
233 235
235 237
237
240
242 244
244 245 246 304
245 246
246 248 596
248 250
250 251 252
251 252
252 254
254 256
256 258
258 260
260 261
261
266 267 890
267
273 274 275
274 275
275
277
281 282 283 674
282 283 290
283 446
285 287
287 288
288
290
292 294
294
298 299
299
302 303 304
303 304
304
310 312
312
315 316 901
316
320 321 322
321 322 323
322 323 324
323 324
324
327 328 329
328 330
329 330
330
334 336
336 337
337
340
343 345 537
345 346
346 348
348 350
350 351
351
360 361
361 363
363 364
364 366 969
366
373 375
375 377
377 379 382
378 379
379 381
381 382
382
385
390 392
392 394
394 395 396
395 396 397
396 397
397 756
400 401 402
401 402 815
402
406
409 411
411 413
413 414
414
417 418
418
421 422 423
422 423 614
423 424
424 426
426 427 428
427 428 429
428 429 430
429 430 431
430 431
431 886
433
437 438 439
438 439
439 441
441 724
444 446
446 448
448 449 450
449 450
450
454
458 459 460
459 460 461
460 461
461 462
462
465 466
466 468
468
471 473
473 474 475
474
475 477
477 478 479
478 479
479
482 484 949
484 486 746
486 877
487 489
489 491
491 493 909
493 494
494
506 507
507
511 512 513
512 513 514
513 514
514
518
522 523
523
526 527 528
527 528
528
531
537
538
541 542
542
545
550 551
551
557
562 564
564 566 871
565 566 567
566 567
567 569
569 570 571
570 571 572
571
572 574
574 576
576 578
578 579
579
585 586 587
586 587 588
587 588
588
595 596
596
600 601
601
605
608
611 612
612 614
614 831
618
624
625
630
631 633
633 634
634 636
636
641
643 941
647 648
648 650
650 651 994
651
655 656 657
656 657
657
660
663 664
664
670 671
671 673
673 674
674
676
684
689 691
691
694 696
696
706 708
708
709
714 715
715 806
718 734
719 721
721
724
725
728 729 730
729 730 731
730 731 732
731 732 733
732 733 734
733 734
734 736
736 738
738
743
746 748
747 749
748 750
749 750
750
753 755
754 755 756
755 756 757
756 757 758
757 758 759
758 759
759 761
761 841
765 767
767
770 772
772 773 774
773 774 775
774 775
775 777
777 778
778
781 783
783 784
784
789
792
795
799 800
800 802
802
804 805 806
805 806
806
812 813
813 815
815
817 819
819 820
820
823 824
824 826
826
828 829
829 831
831
834 836
836
840 841
841
847 848
848 850
850
853 854 855
854 855
855
861
869 871
871
873 874 875
874 875 876
875 876 877
876 877 878
877 878
878 896
883 885
885 886
886 887 888
887 888
888 890
890
892
896
899
901
904 905
905
909 911
911 913
913
920 922
922
925 927
927 928
928 930
930 932
932
936 938
938 939
939 941
941
943 944
944
947 949
949
952 953
953
957 959
959 960
960
963 965
965 967
967 969
969 970
970 972
972 974
974 976
976 977
977 979
979 980
980
983
991
994 996
996 997 998
997 998 999
998 999
999
