#naive2.0.py
# GMT Fri Feb 14 14:28:10 2020
# 
0 999
9 11
11 13
13 15 531
15
18
19 20 21 225
20 21
21
27 29 288
29
31 32
32
36 37
37 39
39 41
41
48
51 52
52
55
59 61
61 63 528
63 64
64 375
68 69 70
69 70
70 71
71 73
73 75
75 76 77
76 77 78
77 78
78
81
86 87
87 503
91 92
92
95 96 97 474
96 97
97
100 833
102 987
108
113 115 370
115
119 120
120
123 125 817
124 125
125 127
127 367
130 132
132 133 134
133 134
134
137 138 289
138 139
139
143
146 147
147 149
149 150
150
153
157
161
164 166
166 167 168
167 168 169
168 169
169
171 172 789
172 173 665
173
176 177 178
177 178
178 180
180 182
182
186 187 188
187 188 189
188 189 190
189 190
190
193 194 195
194 195 196
195 196
196
199 200 201
200 201
201 203
203
206 207
207 209
209 211
211 213
213 214
214
217 218
218
223 224 225
224 225 226
225 227
226 227 971 857
227 228 229
228 229 571
229 231
231 233
233 234 520
234 236
236
240 924
244 245 304
245 247
247 248 249
248 249 250
249 250
250 252
252 254
254
257 259
259
262 263
263 265
265 267 342
267 268
268
272 274
274
277
280 281
281 282
282
286 288
288 289
289 291
291 293
293 294
294
302 304
304 573
307
310
313
316 317
317 985
322 324
324 325 326
325 326 327
326 327
327 329
329 330
330
333 335
335 337
337 339
339
342 560
343
348 349
349
353 355
355 356
356
363
367 369
369 370
370 372
372 374
374 375 376
375 376 377
376 377
377 379
379
383
387 388 389
388 389 390
389 390
390
393 394 395 989
394 395
395
403 404 405
404 405
405 406 407
406 407
407 409
409 411
411 413
413 415
415
419 421
421
426 428
428
431 432
432 433 434 454
433 434 435
434 435
435 437
437 438 439
438 439
439 441
441 442 443
442 443
443 646
447
451 453 619
453 454
454 852
457
463 465
465 466
466
470 471 472
471 472 473
472 473
473 474 475
474
475
478 480
480
484
487 489
489 491
491 493
493 494
494 496
496
501 502 503
502 503
503 505
505 506
506 508
508 510
510 511 512
511 512
512
515
518 520
520 521
521 523
523
528 530
530 531 532
531 532
532 534 802
534
538 539
539
542 543 544
543 544
544
547 549
549
554 555 556
555 556
556 558
558 559 560
559
560
565 567
567
568 570
570 571 572
571 573
572 573
573 575
575 576
576 578
578 580
580
584 585
585
591
594 595 596
595 596
596 598
598
601 603
603
614 831
619 620
620
624 626
626 703
627
630 632
632
635 636
636
639 640 641
640 641
641
643 941
646
647 649
649 650 651
650 651 994
651
656
663 664 665
664 665
665
670 671
671
675
679 783
680
684 685 686
685 686 687
686 687
687
689 691
691
694
698
702 703
703
706 707
707 709
709 710 711
710 711
711 713
713 714
714 715 716
715 716
716
720
727 728 729
728 729
729
732 734
734 736
736 738
738
744
749 750
750
757 759
759 975
762
768 770
770
773 774 775
774 775 776
775 776
776
779 780 781
780 781
781 783
783 978
787 789
789 791
791 792
792
795
798
800 801 802
801 802 803
802 803
803
804
807 808 809
808 809
809 811
811 812
812 814
814 815 816
815 816
816 817 818
817 818
818
821 823
823 824
824
827
830 831
831 833
833 835
835 836
836
839 841
841 842
842
846 847
847
852
855 857
857
862
867
870 871
871
874
877
880
887 888 889
888 889 890
889 890
890
892 893
893 895
895 896
896
903
910
913
917
920
924 925
925
928
933 934
934
937 939
939 941
941
947 948 949
948 949
949
955 956 957
956
957 959
959 960
960
966 968
968
971 972
972
975
978
983 984 985
984 985
985 987
987 988 989
988 989 990
989
990 992
992 994
994
997 998 999
998 999
999
