#naive2.0.py
# GMT Fri Feb 14 14:28:04 2020
# 
0 1 2
1 2
2
7 8
8
11
14 107
16 950
17 18 19
18
19 225
27 29 288 658
29 364
36 37
37
40 42
42 43 491
43 44
44 46
46 47 48
47 48 205
48 50
50 52
51 52 53
52 53
53
61
64 766 375
66 68
68 70
70 72
72 73
73 75
75 77
77 79
79
82 83
83 998
86 87 88
87 88 89 503
88 89 90
89 90 91
90 91 197
91 93
93 95
95 96 899
96
101 102
102
106 107
107 109
109 111 593
111 113 367
113 115 370
115 116
116
118
121 122 386
122 124
124
129
133
136 137 845
137
139 140
140 142 392 973
142
145
148 149 150
149 150
150
155 472
156 404
161 163
163
164
167
170
179 181
181 215 607
182 183
183 185 624
185 186
186 188
188
191 192 193
192 193 194
193 194 195
194 195
195 197
197 199
199 200
200
203 205
205 559
206 208
208 209
209
212 213
213 215
215 216 748
216 218
218 219 220
219 220 895
220
223 225 490
225 227
227
231 232 764
232
236
240 241
241
243 244
244
252
263 264 265
264 265 266
265 266 342
266 268 890
268 270
270 272
272 273
273
281 282
282
286 288
288
291 292
292
296
297
301
306 307
307 309
309 311
311 312
312 314
314
318 319 642
319 321
321 323
323
329 331
331
334 335
335 337
337 338 339
338 339 340
339 340 341
340 341 342
341 342 343
342 344
343 344
344
351
355 357
357 358
358
361 362 363
362 363 364
363 364
364
367 369
369 370
370
373 375
375 377
377 382
381 382 383
382 383
383
386
389 390
390 392
392 394
394 396
396 397 398
397
398 399
399 401
401
404 405
405 406 407
406 407
407 409
409 410
410
419
423 424
424 426
426
431 432 886
432
436
440 441
441 443
443 646
450 451
451 453
453
457 458 459
458 459
459 461
461 462 463
462 463
463 465
465 467
467 468 469
468 469
469
472
475 477
477 478 479
478 479
479 481
481 482 483
482
483
486 488
487 488 489
488 490 748
489 490 491
490
491 493 964
493 494
494
497 498 499
498 499 500
499 500
500 502
502 503
503 505
505 506
506 508
508
513
520
527
531 532 533
532 533 802
533 535 735
535
538
542 543 544
543 544 723
544
548
555
558 559
559
567
570 571 572
571
572 574
574 575 576
575 576 577
576 577 578 923
577 578
578
581 582 583
582 583
583 602
589 591
591 592 593
592 593
593
595
602 603
603 784
605 606 607
606 607
607
610
613
616 617
617
621 622
622 624
624 626
626 628 703
627 628
628 819
634 635
635
638 640
640 642
642
646
647
651 652 653
652 653 654
653 654
654
656 658
658
663 665
665 667
666 667
667 669
669
670 672
672 673
673
676
681 683
683 684 863
684
688 690
690 692
692 693
693 695
695 889
698
703 704
704 706
706 707
707 709 944
709
714 715 716
715 716 806
716 718
718 720 734
720 721
721 723
723
726 727
727
734 735
735
741 742 743
742 744
743 744 745
744 745 746
745 746 798
746 748
748 750
749 750
750
754 755
755 757
757 758 759
758 759
759 761 975
761
763 764
764
766 767 768
767 768
768 770 861
770 772
772
776
779 780 781
780 781 782
781 782 783
782 783 784
783 784 978
784
787 788
788
794
798
799 800
800 802
802
806
807 809
809
813
816 818
818 819
819 821
821 823
823
829 830
830
835 836
836 838
838 839
839
842
845
846
849 850
850
852
855
856
859 861
861 862
862 863 864
863 864
864 975
867 868
868
871
874 875 876
875 876
876
881
884 886
886 887
887 889
889 890
890
895 897
897 898 899
898 899
899
901 902 903
902 903
903
907
910
913 914 915
914 915 916
915 916
916
920 921
921 923
923
928 929
929
932 933
933
937
940 941
941
944
950
953 954
954
957 958 959
958 959 960
959 960 961
960 961
961 963
963 964
964
968
971 973
973 975
975 976
976 978
978 980
979 980 981
980 981
981
986 988
988 990
990
993 994 995
994 995
995
998
