#naive2.0.py
# GMT Fri Feb 14 14:28:08 2020
# 
1 999
4 5 6
5 6 7
6 7 8
7 8
8
14
16 950
21 23
23 24 25
24 25 26
25 26
26
30
34 36
36 37
37 39
39 40 155
40
44 45 46
45 46 47
46 47
47
51
58 59
59
69 70
70 72
72 73 74
73 74
74
77
82 83
83 85 998
85 86 87
86 87
87
94 96
96 98
98 556
105
108 110
110
114 115 116
115 116
116 153
118 119 120
119 120 121
120 121 122
121 122 386
122 124
124 125 126
125
126 128
128 129 130
129 130 298
130 131 850 397
131
136 138
138 139 140
139 140 141
140 141 142
141 142
142
145 812
148 150
150 152
152 153 154
153 154 155
154 155 156
155 472
156 404
164 165 166
165 166
166
170 171
171 789
176 177
177
183 184 185 624 956
184 185 186
185 186 187
186 187 188
187 188
188 190
190 191 192
191 192 193 736
192 193
193
196 197
197
198 200
200 202
202 204
204 567
206
209 210
210
218 219 220
219 220
220 221
221 222 223
222 223
223 225
225
229 230
230 232
232
233 520
237
243 244
244 246
246 248 596
247 248 249
248 249 250
249 250
250
253
257
261
269 271
271 272
272
275 962
279 280
280
282 290
289 290
290
295 297 716 404
296 298 360
297 298 996
298
301 302
302
307 308
308 310 798
310
317
321
325 326 327
326 327
327
332 333
333
336
339 340 341
340 341
341
345
350 352 687
352
356 357 358
357 358
358 360
360
365 366 367
366 367
367 369
369 370 371
370 372
371 372 373
372 599
373 375
375 376
376
379
384 386
386 388
388 389 390
389 390 391
390 391
391 835
394 395
395 397
397 756
399 401
401 402 815
402 404
404 405
405 406 407
406 407 408
407 409
408 409
409
412 413 807
413 414 415
414 415
415
418 420
419 420
420
427 428 429
428 429
429 431
431
434 435
435 437
437 439
439 441
441 724
448 450
450
453 455
455 457
457 458
458
463
469
472 473
473 475
475
478 480
480 482 755
481 482 483
482 484
483 484 485
484 485 746
485
489
492 494
494 495
495 497
497 498 499
498 499
499
502
505 506 507
506 507 508
507
508
512
515
519 520
520 521
521 523
522 523
523
526 527
527 529
529 531
531 533
533 535
534 535
535
539 540
540 542
542 544
544 546
546 547 548
547 548
548 550
550 552
552 553
553
556 558
557 558 856
558
562 563 564
563 564 565
564 948 654
565 567
567 569
568 569 570
569 570 571
570 571
571
575 577
577 578
578
581 582
582
585 586 587
586 587 588
587 588 589
588 589
589 591
591
596 597
597
599 629
603
607 608
608 610
610 612
612 614
614
618 620 787
620
624 626
626 628
627 628 629
628 630 819
629 630
630 981
634 636
636
639 640 641
640 641
641 788
649 651
651 652
652 654
654
657 658
658
662 663
663
667
670 671
671
675 676 677
676 677 678
677 678 679
678 679
679
682 683 684
683 684 863
684 686
686 687
687
691 693
693 694
694 696
696
705 706
706 707
707 944
710 866
714 716
716
717 719
719 721
721 722 723
722 723 724
723 725
724
725
728 729 730
729 730 731
730 731 732
731 732 733
732 733 734
733 734
734 736
736
737
741 743
743 744 745
744 745 746
745 746 798
746
755 756
756
760
763 765
765
768 769 770 861
769 770
770
774
781
787 788 789 912
788 789
789
792
795
798
800
805 806 807
806
807 809
809 810
810 812
812 813
813 815
815
817 819
819
822 823
823
828
833 835
835 836 837
836 837 838
837 838
838
840 842
842 843
843
846
850 865
852
856 858
858 859
859 861
861
863
865
866
870
873 874 875
874 875 876
875 876 877
876 877 878
877 878
878 896
881
884
890 891
891
894 896
896
900 902
902 904
904
912
919 921
921
924
927 928
928
931 932
932
937 938
938 940
940 941 942
941 942
942 943 944
943 944
944 946
946 948
948 950
950 952
952
956
957
962 963
963 965
965 966
966 968
968 970
970 972
972
975 976
976
979 981
981
986
990 991
991
995 996
996 998
998 999
999
