#naive2.0.py
# GMT Fri Feb 14 14:28:05 2020
# 
3 5 220
5
9 10
10 12
12 14
14 15
15 17
17 18
18 526
21 22 23
22 23 24
23 24 25
24 25
25
30 32
32 33
33 35
35 37
36 37
37
40 42
42 43 491
43 44
44
47 48 49
48 49 50
49 50 51
50 171
51
63 64
64 375
66
69 70
70 71 72
71 72
72
75
78
89
94
98
101 102 103
102 103 987
103 105 897
105
114 116 855
116
121 122
122 123 124
123
124
127 129 367
129 298
131 132 133
132 133
133 135
135
138 139 140 347
139 140 141
140 141 142
141 142 143
142 143
143
148 149
149
152 154
154
157
160 705
164
168 169
169 517
171 172 789
172
176 177
177
180
189 191
191
195 196 197
196 197
197
202 203 204
203 204
204 567
206 207 208
207 208 209
208 209 210
209 210 211
210 211
211 213
213
216 217
217
220
222 224
224 225
225
228
231 233
233 235
235 237 602
237 239
239 241
241
244 246
246 596
247
250 251
251
254
258
262 263
263
267 268
268 270
270 272 686
272
279
282
285 286 287
286 287 288
287 288
288
292 293 294
293 294
294 296
296 298 360
297 298 996
298 299 300
299 300 301
300 301 302
301 302
302
305 306
306
310
318 320 642
320 321
321
324 325 326
325 326 327
326 327 328
327 328
328 330
330 540
333 334 335 445
334 335 336
335 336
336
344 346
346 347 348
347 349
348 349
349 351
351 352
352
355 357
357 359
359 360
360
367 368 369
368 369
369
374 375 376
375 376 377
376 377 378
377 382
378 380
380 381 382
381 382 383
382 383 384
383 384
384
390 391
391
393
396 397 398
397
398 400
400 401
401 403
403
406 408
408 410
410 412
412 413
413 414
414
418
419 421
421
424
427
430 431
431
433 434
434
438 440
440 441 442
441 442 724
442 444
444 445
445
450 451
451 453
453 454 455
454 455 852
455 456 457
456 457 458 820
457 458 459
458 459
459 461
461 462 463
462 463 992
463 465
465 466
466 468
468 469 470
469 470 471
470 471 472
471 472 473
472 473
473 474 475
474
475 477
477 479
479 480
480
483
491 493 909
493 494
494
497 498 499
498 499
499
504 910
507 934
510 511
511 513
513 515
515 516 517
516 918
517 838
521 782
524 525 526
525 526 527
526 527
527
530 531
531
536 537
537 539
539 540
540
543 544
544 546
546
549 551
551
557 558 559
558 559 560
559
560 562
562 564
564 566
566 567
567 569
569 570
570
573 574 575
574 575
575
579 580
580
583 584 602
584
587 589
589 590
590 592
592 593 594
593 594
594 596
596 597 598
597 598
598 599 600
599 600 601 629
600 601 602
601 602 603
602 603
603
609 611
611 612
612 614
614 616
616
620 621
621 623
623 624
624 626
626 703
627 629
629
631 632 633
632 633 634
633 634
634 636
636 637
637
642 644
644 646
646
657
660 661
661 663
663 664
664
667 669
669 671
670 671 672
671 672 673
672 673
673 675
675
678 679
679 783
684 686
686 687 688
687 688
688
691 693
693 695
695
698
703 705
705 945
707 944
710 866
714 716
716
717 719
719 721
721
724 791
729
734
737 739
739
743 744 745
744 745 746
745 746 798
746 748
748
751 752 753
752 753
753 931
758 760
760 761
761
767
771 772 773
772 773
773
777 779
779 781
781 782 783
782 783
783 785
785
789 791
791
797 798
798
800 801 802
801 802
802
805
809
812 813
813
818 820
820 821
821
824 826
826 827
827 828
828 830
830 832
832
837 838 839
838 839
839 840
840 842
842 844
844 846
846 847
847 848
848
852
853 855
855 857
857
861 862
862 863 864
863 864
864 866 975
865
866
869
872
880 881
881 883
883
887
891 892 893
892 893 894
893 894 895
894
895 897
897 898
898 900
900 901
901
908 909 910
909 910
910
914
918 920
919 920
920
927 928 929
928 929
929 931
931 933
933 934
934 936
936 938
938 939
939 941
941
944 945
945
949 951
951
955 956 957
956
957
961 963
963
966 967
967
970 971 972
971 972
972 974
974 975
975
977 979
979 981
981 983
983 985
985 987
987 988
988 990
990 991 992
991 993
992 993
993 995
995 996
996 998
998 999
999
