#naive2.0.py
# GMT Fri Feb 14 14:28:09 2020
# 
0 999 2
2
6
11
20 21
21 23
23 24
24
28 29 30
29 30 364
30
33
37 38
38
42 491
44 46
46 47 48
47 48 49 205
48 49
49
54
57 59 167
59
64
67 68 69
68 69
69 416
76 78
78 79 80
79 80 81
80 81 82
81 82
82 84
84 838
94
97
104 105 106
105 106
106
110 111
111 113
113 370
122 124
124 126
126 127 447
127 129
129 130 298
130 131 132 850
131 132 133
132 133
133
136 138 845
138 139 347
139
144 381
148 150
150 151
151
154 156
156
158 159 160
159 160 567
160 705
163 165
165 167
167 168 169
168 169 170
169 170 517
170
173 174
174 176
176 177
177
180 181
181 607
184 185
185 187
187 189
189 190
190 192
192 194
194
201
204 205 567
205 284 559
208 209
209 211
211 213
213
216
219 220
220 221
221 223
223 225
225
226
228
235 856 602
236
239
242
247
252 254
254
259 261
261
265 267
267
270 686
271 273
273 275
275 962
279
284 286
286 287
287 289
289 290
290
292 293 294
293 294 295
294 295 296
295
296 298 360
298 299 300
299 300
300
307 308
308 798
312 313
313
316
322
325 327
327 329
329 330 331
330 331 540
331 333
333 335
335 336 337
336 337
337 339
339
343
347 349
349 351
351
354
357
360 361
361
364 969
369 370
370
373
376 377 378
377 379
378 379
379 381
381
384 385
385 387
387 388
388 390
390 391 392
391 392
392
395
398
403 405
405
412
416 418
418 604
423
429
434
438 440
440 442
442 443 444
443 444
444
447
451 619
452 744 738
457
461 463
463
466 468
468 470
470 471 472
471 472
472
474
478 479 480
479 480
480
485
488 748
491
494 495
495 497
497 498
498
503
504 910
506 507
507
515 517
517 838
519 520
520
522 524
524 526
526 527 528
527 528 529
528
529
533 535
534 535 536
535 536
536
539 540 541
540 541
541 553
544
548 549 550
549 550
550
553
555 557 894
557 558 559 856
558 559
559 561
561 562 788
562
565 567
567
573
585 586
586
589 590
590
594 595 596
595 596 597
596 597 598
597 598
598 599 600
599 600 601
600 601 602
601 602 603
602 603
603 604
604 605 606
605 606 607
606 607
607 609
609
614
617 619
619 620 621
620 621
621 623
623 624 860
624 626
626 628
628 819
634 636
636
642
645 647
647
651
655
660 662
662
666 668
668 670
670 671
671
675
679 681 783
680 681
681
685 686
686 688
688 690
690
694 695
695 697
697 865 951
699 700 701
700 701 702
701 702
702 704
704 705 706
705 706
706
713 714
714 715
715
718 734
723
726 728
728
733 734
734
737 738 739
738 739
739 740 741
740 741 742
741 742
742 744
744 745 746
745 746 798
746 748
748
751
760
765 767
767 768
768
771 772
772
776 777
777
783 785
785 786
786 788
788 790
790
794 795
795
798
801
808 809 810
809 810
810 812
812
817 818 819
818 819 820
819 820 821
820 821
821
827
836 838
838
840 842
842 843
843 845
845 847
847
850 865
851 852 853
852
853
856 858
858 859 860
859 860
860
865 867
866 867
867 869
869 870
870 872
872 873 874
873 874
874
877
880 881 882
881 882 883
882 883
883 885
885 886
886 887 888
887 888
888
894
900 901 902
901 902
902 904
904 906
906 907
907
910 911 912
911 912
912 914
914 916
916 917 918
917 918 919
918
919 921
921 923
923 924
924 925 926
925 926
926 928
928 929 930
929 930 931
930 931 932
931 932 933
932 933
933
936 938
938 939 940
939 940 941
940 941 942
941 942
942 943 944
943 944
944
947
951 953
953
956
960 961 962
961 962
962
966 967
967 969
969
972 973 974
973
974 976
976
980 981
981 983
983 984
984 986
986
990 992
992 994
994 995
995 997
997 998 999
998 999
999
