#naive2.0.py
# GMT Fri Feb 14 14:28:09 2020
# 
1 3
3 4
4
7 8 9
8 9
9 11
11 13
13 531
16 254
18 526 733
21
24 26
26 28
28 30
30
34
37 39
39 41 155
41
45 46
46 48
48 50 922
50 52 171
51 52
52 54
54 56
56
59
64
65
69
71 73
73 75
75
78
82
85
88
94 95 96
95 96 97 474
96 97
97 99
99 100 101
100 101
101 102
102
108 109
109
113 115 370
115 116
116
118 119
119
123 817
129 130 298
130 131 397
131 133
133 134
134 136
136
146 147 148
147 148 149
148 149
149 151
151 152 344
152
155
161
166 167 168
167 168 169
168 169
169 517
171 172 789
172 174
174
177 179
179
182 183
183 185
185 187
187 188
188
192 193
193
199 201
201 203
203 205 796
205
207 209
209 210 211
210 211 212
211 212 213
212 213 214
213 214 215
214 215 216
215 216 217 748
216 217
217 219
219 895
222 223 224
223 224 490
224 226
226
232 951
233 235
235 856
236
244 246
246
247 249
249 251
251 252 253
252 253 254
253 254 255
254 255
255 257
257 258 259
258 259
259
262 263
263
269
272 273
273
276 278
278
281 283
283 446
289 291
291 293
293 294
294
297 298 996
298 299 300
299 300 301
300 301
301
305 307
307
312 313
313
321
330 540
333 445
336 337
337
340
343 344 537
344 346
346 347 348
347
348
352 353
353 355
355 357
357 358
358 360
360
363
366 367 368
367 368
368 370
370
371 373
373 374
374
381 383
383 385
385 386
386
395 396 397
396 397
397 756
401 815
404
407 409
409 410 411
410 411 412
411 412
412 807
414
417 418 419
418 604
419
423 424 425
424 425
425 427
427 428
428
433
436 437 438
437 438 439
438 439
439 441
441 724
444 445 446
445 446
446
451 619
452 738
456 820
459 461
461
465 467
467 468 469
468 469 470
469 470
470
473 474 475
474
475
479 480 481
480 482 755
481 482
482 949
485
490
491 493 964
493 494
494
497 499
499
502 740
504
507 934
508 510
510 512
512 513
513
517 518 838
518 519
519
521 523 782
522 523 524
523 524
524 526
526
530 531
531 533
533 535
535 537 825
537
540 541 542
541 542 553
542 544
544 545
545 547
547 548
548
553 554
554 556
556
557 856
560
563 564
564 654
567
570 571 572
571 573
572 573 574
573 574 575
574 575
575 577
577 578 579
578 579 580
579 580
580 581 582
581 582 583
582 583
583
587
597
600
604 606
606 607
607
610 612 888
611 612
612
616 618
618
619 621
621 622
622
625
629
631
634 635
635
638 640
640
648 649
649
653 654 655 790
654 660
655 656
656 658
658
660 662
662 663 664
663 664
664 666
666 667 668
667 668
668
671
675 677
677 678
678 680
680 682
682
686 687
687
689 691
691 693
693 694 695
694 695 696
695
696
703
710 866
713
721 722
722 724
724
728 729 730
729 730 731
730 731
731 733
733 734
734 736
736 738
738
740
743 745
745 746
746 748
748 750
750
753 755 931
755 756 757
756 757
757 759
759
762 763
763
767 768 769
768 769
769 771
771 772 773
772 773
773
776 777
777
782 783
783 785 978
785
789 790
790
792
796
800 801 802
801 802 803
802 803
803 946
807
810
815 816
816 817
817
820 821
821 822
822
825
828 830
830 831 832
831 832
832 834
834 836
836 837 838
837 838 839
838 839
839 840
840 842
842 844
844 846
846 847
847 848
848
853
856
860
862
865
866
869
872 873
873 875
875 876
876 878
878 896
881
887 888
888 890
890
895 896 897
896 898
897 898
898
901 902
902
906 907
907
911 912
912
916 918
918
919
922
924
931 933
933 934 935
934 935
935
938 940
940 941
941
943
946 947
947 949
949 951
951 953
953 954 955
954 955
955
958 960
960
963 964 965
964 965
965 966
966 968
968
974 976
976 978
978
979
983
989 991
991 993
993 994
994 996
996
