#naive2.0.py
# GMT Fri Feb 14 14:28:02 2020
# 
4
10 11
11
14 107
18 526
19 20
20
30 32
32
37 38
38 40
40 42
42 43
43
48 922
51
58 59
59 61
61 63
63
67
70 71 72
71 72 73
72 73
73 75
75 76
76
79 81
81 82 83
82 83
83 85 998
85 87
87
90 585
93 95 269
94 95 96
95 96 97 474 899
96 97
97
101 102 103
102 103
103 105 897
105 106 107
106 107
107 109 448
109 110
110
113 114
114 855
117 118
118
121 386
123
130 131 132 241 397 826
131 132 133
132 133 134
133 134 135
134 135
135 137
137 289
140 142 973 713
142 143 144
143 144
144 406 381
146 147 148
147 148
148 150
150 151
151
153
158
162
165 167
167 168 169
168 169 170
169 170 517
170 171 172
171 172 789
172 173
173
177 178 179
178 179 180
179 180
180 182
182 183
183 624 956
187 189
189 191
191 192 193 736
192 193 194
193 194 195
194 195
195
201 203
203 204
204 567
209 210
210 212
212
217
221 222 223
222 223 224
223 224
224 226
226
229
232 234 951
233 234
234 236
236 237
237 239
239 241
241 242
242 243 244
243 244 245
244 245 246 304
245 246
246 248 596
248 249 250
249 250 251
250 251 252
251 252 253
252 253 254
253 254 255
254 255 256
255 256
256 258 846
258 259
259 261
261
266 267 890
267 269
269 271
271
278
283
286
289
296
299 301
301 302 303
302 303 304
303 304 845
304
307 308 309
308 309 310
309 310 311
310 311 312
311 312
312 314
314 315 316
315 316 901
316 318
318 319 320
319 320
320
323 324
324 326
326
329
334 336
336
339 340
340 342
342 560
345
351
355 356
356 358
358
361 362
362 597
365 366
366 368
368 369
369
372 374 599
373 374 375
374 375
375
378 379
379 381
381 382 383
382 383 384
383 384
384 386
386 388
388 389 390
389 390
390
393 394 395 989
394 395 396
395 396 397
396 397
397
403 404
404
406 408
408 409
409 411
411 412 413
412 413
413
417 418
418 604
421 422 423
422 423 614
423
427
431 432
432 433
433 509
439 440 441
440 441 442
441 442 443
442 443
443 445
445
447
448
451 453
452 738
453
457 458 459
458 459
459
463 465
465 466
466
469
472 473
473 474 475
474
475
482
483 485
485
488
495 496
496
500 501
501
504 505 910
505
509
514 515 516
515 516 517
516 918
517
523
526
529 530 531
530 531 532
531 532 533
532 533 534 802
533 735
534 536
536 537
537
542 543
543 723
546 547 548
547 548
548
551 552
552 554
554 555
555 557
557 558 856
558 560
560
561 788
564 566 948
566 567 568
567 569
568 569 570
569 570 571
570 571
571
574 575 576
575 576 577
576 577 578 923
577 578
578 580
580
585 587
587 588 589
588 589
589
596 597
597
599 601 629
601 602 603
602 603
603 604
604 605
605 607
607 608 609
608 609
609
614
624 626
625 626
626
629 630
630 632
632 633
633
638 640
640
645 708
648 649
649
652
656
662 663
663
668 670
670 671 672
671 672 673
672 673 674
673 674 675
674 675
675 677
677
681 682 683
682 683
683 863
686
689 690
690 692
692 693 694
693 694 695
694 695 696
695
696
702 704
704
708 710
709 710 711
710 711 866
711 713
713 714
714
718 720
720
723
726 727 728
727 728 729
728 729
729 731
731 732
732
735 736
736 738
738
741 742
742
745 746 747
746
747
751 752 753
752 753 754
753
754
757
760 762
762 763
763
769 770
770
773 774 775
774 775
775
778 780
780 781 782
781 782
782
786 788
788 789
789
792
795 797
797
801 802 803
802 803
803
808 810
810 812
812
815
818
822 823
823 825
825
826
829 830
830
836 837
837
841 843
843 844 845
844 845 846
845
846
848 849
849
852 854
854 855 856
855
856 858
858 859 860
859 860
860
862 863
863
865
866
868
876
882 883 884
883 884
884
890
892 893
893 895
895 896 897
896 898
897 898 899
898 899
899
901 902
902
905 906 907
906 907
907
910 912
912 914
914 915
915
918
919 921
921 922 923
922 923
923
926
929 930
930
933 935
935 936
936
939 940 941
940 941 942
941 942
942
948 950
950 951
951
954 955 956
955 956 957
956 958
957 958
958
961 963
963 964 965
964 965
965 967
967
973
974 976
976 977
977
980
984 986
986 988
988 989 990
989
990 992
992 993 994
993 994
994 996
996 997 998
997 998
998
