#naive2.0.py
# GMT Fri Feb 14 14:28:02 2020
# 
0 1
1
5 6
6
12
15
18 526 733
23 24 25
24 25
25 27
27 658
30 31 32
31 32 58
32 33 34
33 34 35
34 35
35 37 650
37
41 42
42 491
51 52
52
57
58
61 660 528
62 64
64
67 68 69
68 69 70
69 70
70 72
72
75
78 79
79 81
81 83
83
86 88
88 89
89
92 93 94
93 269
94
97
104 105
105
111
114 115
115 117
117
121 122 386
122
126 447
129 130
130 131 132 850 397
131 132 133
132 133 134
133 134
134
137 138
138
141 142 143
142 143
143 145
145 812
147 149
149 151
151
154 155 156
155 472
156
158 159
159 285
162
166 168
168 170
170
176 177 178
177 178
178
183 624
189
192 193
193 195
195
198 200
200
203 204 796
204
208 210
210
214 215 216
215 216 217
216 217
217 219
219 895
228 230 571
230 232
232 234 951
233 234
234 236
236
239 240
240 924
242 243
243 245
245
249
265 266 342
266
269 270
270
274 275 276
275 276 962
276
279 281
281 282 283 674
282 283
283 446
285 287
287
294 295
295
302
305 306 307
306 307
307
312 314
314 315
315 901
320 322
322 323
323 325
325
330 331
331 333
333 334 335 445
334 335 336
335 336 337
336 337
337 339
339 340
340 342
342 560
345 346
346
352
355
358 359 360
359 360 361
360 361
361 363
363 364 365
364 365 969
365
369
374 376
376 377 378
377
378
385 386 387
386 387 388
387 388 389
388 389 390
389 390 391
390 391 392
391 392 835
392 394
393 394 989
394 396
396 397
397 756
399 400
400
407 409
408 409
409
412 413 807
413 414
414
419 421
421 422 423
422 423
423
426 428
428 429 430
429 430
430
433 435
435
439 441
441 724
444 445 446
445 446
446 447 448
447
448 450
450
454 455
455 457
457
460 461
461 462 463
462 463 992
463 464 465
464 465 466
465 466 467
466 467
467
470 472
472
474 476
476 477 478
477 478
478
485
489 491 517
491 493 909 964
493 494
494
503
507
508
511
514
517 838
519
522 523 524
523 524 525
524 525 526
525 526
526 528
528
531 532 533
532 533 802
533 735
536 537
537 539
539 541
541 542
542
545
551
554 556
556
557
560
563 564
564 566
566 568
568 570
570 571 572
571 573
572 573 574
573 574
574 576
576 577
577
584 585
585
590
593
596
600 601
601 603
603 604 784
604 605
605
609 610
610 888
613 615
615
619 620 621
620 621 622
621 622
622 624
624
627 628 629
628 819
629
636
639 640
640 642
642 644
643 644
644
650
653 655 790
655 657
657 658
658
660 661
661 663
663 664 665
664 665
665 667
667
671 672
672 674
674
679 681 783
680 681
681
684
690 691 692
691 692
692
696
699 700 701
700 701 702
701 702 703
702 703 704
703 704 705
704 705
705
710 712 866
712
715 806
719
724 791
729
732 733 734
733 734 735
734 735
735
738
740
743 745
745 746 747
746
747 749
749 751
751 752 753
752 753 754
753 931
754 756
756 757
757
761 762
762 763 764
763 764 765
764 765
765
768 861
771 773
773 774
774
778 779 780
779 780
780
783 784 785
784 785
785 786 787
786 787 788
787 788 789
788 789 790
789 790 791
790 791
791
794 795 796
795 796
796
799
802 803
803 946
804 806
806
807
812
816 817 818
817 818 819
818 819 820
819 820 821
820 821
821 822
822 824
824 825
825
828
831
834 835 836
835 836 837
836 837 838
837 838 839
838 839
839
842 844
844 845
845 847
847 848 849
848 849 850
849 850 851
850 865
851
860 861
861
863 864
864 866
865
866
869
872 873
873
877 878 879
878 879
879
882
886 888
888
892 894
894
895 897
897 898 899
898 899 900
899 900
900 901
901
904 905
905
908 909
909
913 915
915
919 920 921
920 921 922
921 922
922
924 926
926 927
927
930 931
931
937 939
939 940
940 942
942 943 944
943 944
944 946
946 947
947
950 951
951
955 957
957
961 962
962 964
964
966 967 968
967 968 969
968 969 970
969 970
970 971 972
971 972 973
972 973 974
973
974
980 982
982
987 989
989
992 993
993
997
