#naive2.0.py
# GMT Fri Feb 14 14:28:05 2020
# 
0 2
2 4
4 5
5 7
7 8
8
12 13
13
16 254 950
18 526
19 225
27 28 658
28
31
33 34 35
34 35
35 650
38
39 41
41
45 47
47 48 49
48 49 50 922
49 50
50
54
60 61 62
61 63 660 528
62 63 64
63 64 65
64 766
65 66
66 67 68
67 68
68
71
74 75 76
75 76
76 78
78 80
80
83 998
88 89
89
92
95 96 97 474
96 97 98
97 98
98
103 105 897
104 105 106
105 106 107
106 107 108
107 109 448
108 109
109
117 119
119 121
121 386
123
124
128 129
129
131
138 140 347
140 142 392 713
142
147 148 149
148 149
149 151
151 152
152 153
153
156
160
161
165
168
172
177 178
178
181
182
190 191
191 193
193
204
209
216
219 895
221 222 223
222 223
223 225
225
226
234
237 238
238
242
245
250
253 254 255
254 255
255 257
257
260 262
262 263
263
270 686
283
286
289 290
290
292 294
294 295 296
295 716
296 360
300 302
302 303
303 845
306
309 311
311
314
323
326 327 328
327 328 329
328
329 331
331 332
332
339 340
340
346 347 348
347 349
348 349
349
356 357
357 359
359 360
360 362
362 363 364 597
363 364 365
364 365 366 969
365 366
366
374 376
376
379 380 381
380 381
381
385 386 387
386 387 388
387 388 389
388 389
389
392
393 395 989
395 396
396
399 401
401 402 403
402 403
403
407 409 854
408 409
409
412 413
413 415
415 416
416
421 422
422 669
425
430
434 435 436
435 436 437
436 437
437
442 444
444 445
445
448 450
450 451
451 453 619
453 454
454 793
457 459
459 460
460
463 465
465 466
466
471 472
472
474 476
475 476 477
476 477 478
477 478 479
478 479
479 481
481
485
488 748
489 491
491 493 909
492 493 494
493 494
494
498 500
500 501 502
501 502
502 740
506 508
508 509
509
512 514
514 516
516 918
520 521
521
524 526
526 528
528
529
533 535
534 535
535 825
538
541 542 543
542 543
543 545 723
545 547
547 548 549
548 549 550
549 550
550
554 555
555
562 564
564
568 570
570 572
572 573
573 575
575 576
576 578 923
578 580
580
584 585
585 587
587 589
589 591
591
597 598
598
602
611
617 619
619 621
621
626
627 629
629 630
630
631
639 640 641
640 641
641
643
646
647
650 651
651
656 657 658
657 658 659
658 659
659 660 661
660 661
661 663
663
666
669
670 672
672 673 674
673 674 675
674 675
675 677
677 678 679
678 679 680
679 681 783
680 681 682
681 682
682
686 687 688
687 688
688 689
689 691
691 692
692
695 697 889
696 697 698
697 698 865 951
698
701
706
711 712 713
712 713
713
715 716
716
723
726
729 730
730 732
732
737 739
739 740
740 742
742 744
744 745
745
748 750
750 751 752
751 752
752 754
754
757 759
759 760
760
765 766 767
766 767
767
771 772 773
772 773
773 775
775
778 779 780
779 780 781
780 781
781 783
783 784 978
784
786 787
787 912
793
797 799
799 801
801
813
816
819 820
820
823 825
825
826
828 829 830
829 830
830 832
832 833
833
837 838 839
838 839
839
842
845 847
846 847
847 849
849
854 855 856
855
856 858
858 860
860 861
861 862
862 863
863
865
866
868 870
870 872
872
875 876 877
876 877 878
877 878 879
878 879 896
879
885 891
887 889
889 891
891
895 896 897
896 898
897 898
898 900
900 902
902
908 909 910
909 910
910 912
912
916 917 918
917 918 919
918 920
919 920
920 922
922 923
923 924
924 925
925 927
927 928 929
928 929
929 931
931 932 933
932 933 934
933 934 935
934 935 936
935 936
936 938
938 939 940
939 940
940 942
942 943
943
949 950 951
950 951 952
951 952
952
955 956
956
959 960 961
960 961
961 963
963
967 969
969 970
970 972
972 974
974 976
976 978
978
984 986
986 987
987 989
989 991
991
997 998
998
