#naive2.0.py
# GMT Fri Feb 14 14:28:08 2020
# 
0 1 2
1 2
2
5 7
7 8 9
8 9
9 11
11 13
13 531
19 20 21
20 21
21
26
30
33
36 37
37
40 42
42 43
43 44
44
48 49 922
49 51
51 53
53
57 167
66
70 71 72
71 72
72
75 76
76
83
88
91 92
92
97 99
99 100
100
102
104 105 106
105 106
106 108
108
113 114 370
114 855
118 120
120
129 298
131 133
133 134
134 136
136 845
140 713
143
148 149
149 151
151
153
159 160 285
160 705
167 168 169
168 169
169 517
172
175
179 180
180
183 184 185 624 956
184 185 186
185 186
186
190 192
192 193
193
198
209 211
211
215 748
218 220
220
223 490
227
232 951
235 237
236 237 238
237 238 239
238 239
239
242 243
243
247
251
261 262
262
268 269
269 271
271
277 278 279
278 279
279
284 285
285
290 291
291 292 293
292 293 294
293 294
294 296
296 298
298
304
305 307
307 308 309
308 309 310
309 310
310
313 314 315
314 315 316
315 316
316 317
317
319 320
320 322
322 324
324 325 326
325 326 327
326 327
327
331
336
340
343 345
345
348 350
350 352
352
355 356
356 358
358
363 364 365
364 365 366 969
365 366 367
366 367
367 369
369 370 371
370 372
371 372
372 374 599
374
379
382
385 386
386
391 835
393 394
394
398 399 400
399 400
400
403 404
404
406 407 408
407 854
408
414 415
415 417
417 418 419
418 604
419
424
427
430 431
431 886
433 435 509
435 436 437
436 437 438
437 438 439
438 439
439
449 450 740
450 451 452
451 619
452 454 744
454 455
455 457
457
462 463
463
467 469
469 470 471
470 471 472
471 472
472
474
475 477
477 478 479
478 479
479
484
487
490
493
496 498
498 499 500
499 500 501
500 501 502
501 502 503
502 503 740
503
504 910
509 510
510 511 512
511 512 513
512 513
513
517
519 829
522 523 524
523 524
524
527 529
529 531
531 532 533
532 533 534
533 735
534
538 540
540 541 542
541 542 543
542 543
543
546
552 554
554 556
556
557
563
569
574 575 576
575 576
576
580 581 582
581 582
582
585
588 590
590 592
592 593 594
593 594
594
598 599 600
599 600 601 629
600 601
601
604 606
606
611
616
619 620 621
620 621 622
621 622
622 624
624 626
626 628
627 628 629
628 630
629 630
630 632 981
631 632 633
632 633
633
637 638
638 640
640 641
641 788
649 650 651
650 651
651
654 660
656 657 658
657 658 659
658 659
659 660
660
663 664
664
667
672 674
674 675
675 676 677
676 677
677
681
689
694 695 696
695 697
696 697
697 865 951
699
705 706 945
706 708
708
711 713
713
715 717 806
717
725 727
727
731 733
733 734 735
734 735
735 737
737
740
744 745
745
748 750
750
753 931
761 762
762
765
768 770 861
770 772
772 773
773 775
775 776 777
776 777
777
780
784 785
785 786
786 788
788 789 790
789 790 791
790 791
791 792
792 794
794
797
800
803 946
804 806
806 808
808 809 810
809 810 811
810 811 812
811 812
812 814
814
818
821
827 828 829
828 829
829
835 836 837
836 837
837
842 843 844
843 844 845
844 845 846
845
846
848
851
854 855
855
858 859
859 861
861
864 866
865
866
869 871
871 872
872 873 874
873 874
874 876
876 878
878 879 880 896
879 880
880
883 884
884 886
886 888
888 890
890 891
891
894 896
896 898
897 898 899
898 899
899
902
905
908 909 910
909 910 911
910 911 912
911 912 913
912
913
916 917 918
917 918 919
918 920
919 920 921
920 921 922
921 922
922
924 925
925
929 931
931
937 938 939
938 939
939
942 943
943 945
945 946
946 948
948 949 950
949 950 951
950 951
951
955 956 957
956 958
957 958 959
958 959 960
959 960 961
960 961 962
961 962 963
962 963 964
963 964
964
968 969
969
972 974
974
979 981
981
986 988
988
