#naive2.0.py
# GMT Fri Feb 14 14:28:10 2020
# 
0 2
2 4
4
7
14
17
22 23 784
23
28
31
34 36
36 37
37 39
39 41
41
45 46
46
49 50 51
50
51 53
53 55
55 56 57
56 57
57 59
59 60
60 62
62
66 68
68 70
70
76 77
77
81 82 83
82 83 84
83 84 998
84
87 88
88
96 98
98 100
100 101
101 102 103
102 103 987
103
104
108 109
109 111 593
111 113
112 114 195
113 114
114 116
116 117
117
120 121
121 386
124 126
126 128
128 129
129
134 135
135
140 141 142
141 142
142
151 152
152
157 159
159 160
160 162
162 163
163 991
166 168
168 170
170
173 175
175
178
182 183
183 185 624 956
185
190 191
191 193
193 194 195
194 195 196
195 196 197
196 197
197
198
201
204 205
205
206 207
207
211 213
213
216
226
228 229 230 571
229 230 231
230 231
231 233 764
233
238
241
256 257 258
257 258 259
258 259
259 261
261 263
263 265
265 266 267
266 267 890
267 269
269 270
270 272 686
272 274
274 275 276
275 276
276
280 460
282 290
286
289 290 615
290
293 294
294
300
303
307 308
308 310
310
313 315
315 901
317 318 985
318 319 320 642
319 320
320 322
322 323
323 325
325 326
326
329 330
330
332 334
334 336
336 337 338
337 338 339
338 339 340
339 340
340
343 537
346
355 356
356
360 362
362 364
364 969
372 374 599
374 375 376
375 376 377
376 377 378
377 382
378 380
380 382
382 384
384 385 386
385 386 387
386 387
387
394 396
396
399 401
401 402 403 815
402 403 404
403 404
404
407
410 412
412 413
413 415
415 416
416
419 420
420 422
422 669
426
429 430
430
434
439
443 445
445
448 450
450 452
452 454 744 738
453 454 455
454 455 852
455 456 457
456 457
457 459
459 460
460
463 464
464
472
475 476 477
476 477
477
480
481
484
488 490 748
490
494 495 496
495 496 497
496 497
497 499
499 500
500 502
502
504 910
506 507
507 509
509 510
510
513 514
514
517 518
518 519
519 829
521 782
522 524
524
527 528
528
531 533
533 535 735
534 535 536
535 536 537 825
536 537 538
537
538
543 544 545 723
544 545 546
545 546 547
546 547
547 549
549 551
551 552 553
552 553 554
553 554
554
560
564 566 948 654 871
565 566
566
571
572 574
574
578
584 585
585
588 589 590
589 590
590 592
592 593 594
593 594
594 595
595
599 600 601
600 601
601 603
603 604 784
604 606
606 607 608
607 608 609
608 609
609 611
611 612 613
612 613
613 615
615
617 618 619
618 620 787
619 620
620
623 624 625 860
624 626
625 626 627
626 703
627
631
635 637
637
641 642
642 644
644
647 648 649
648 649 650
649 650
650
654
655 656
656
661
666 668
668 669 670
669 671
670 671
671 673
673
682
686 688
688
691
694
697 698 951
698 699
699
703
707 709
709 711
711
714 715 716
715 716 717
716
717 719
719 721
721 723
723 725
725 727
727
733 734 735
734 735
735
738 739
739
744
747
748
753
754 756
756
764 765
765
768 769 861
769
772 774
774 775 776
775 776 777
776 777 778
777 778
778
782 783 784
783 784 785
784 785
785 786 787
786 787
787 912
792
796 823
799
803 946
808 810
810 811 812
811 812
812 814
814 815
815
817
822 823 824
823 824 825
824 825 826
825
826
829 830
830
834 835 836
835 836
836
840 842
842
850
852
856 858
858 860
860 861
861 862
862
867 869
869 871
871
873 874
874 876
876 877 878
877 878
878 880 896
880
883 885
885 891
887
890 891
891 893
893
896
901 902
902
906 907
907
910 911 912
911 912
912 914
914
917 918
918
921 922 923
922 923
923
925 926
926 928
928
936 937 938
937 938 939
938 939 940
939 940
940 942
942
945 946 947
946 947 948
947 948
948
951 952
952 954
954 955 956
955 956
956
963 965
965 966 967
966 967 968
967 968 969
968 969
969
972 974
974
979
983 984 985
984 985 986
985 986 987
986 987 988
987 988 989
988 989 990
989 991
990 991 992
991
992
996 998
998
