#naive2.0.py
# GMT Fri Feb 14 14:28:06 2020
# 
0 1
1
8
12 13
13 531
17 19
19 20 21 225
20 21 22
21 22
22 784
26 28
28 29 30
29 30 364
30 31 32
31 32
32
35 37 650
37 38 39
38
39 41 155
41
45
48 49 922
49
52 516
57 167
61 63 660
63 64
64 766
66 67
67
70
73 74 75
74 75
75
83 84
84
88 89 90
89 90 91
90 91 585
91 92 93
92 93
93 95 269
95 96
96
99
107 448
108 110
110 112
112 195
117 118
118 120
120 122
122
129
134 135 136
135 136 137
136 137
137
140 392 713
143 144
144 381
147 148
148
151
153 154 155
154 155 156
155
156
158 159 160
159 160 567 285
160
161
164 165
165 167
167
170
175
180 181 182
181 215
182 183 184
183 184 956
184 186
186 187 188 747
187 188
188
191 192
192
195 196
196 766
202 204
204 205 567
205 284
207 208
208
211 213
213 215
215 217
217 218 219
218 219
219
221 222 223
222 223
223 225
225
228 571
238 239
239 241
241 242
242 244
244 304
247
250 252
252 253
253 255
255 257
257 258 259
258 259 260
259 260
260 262
262
265 267
267 269
269 270 271
270 272 686
271 272 273
272 273
273
276 277 278
277 278
278 280
280
284 285
285
290
294
303 304
304
305 306
306
309
316 318
318 319 642
319
324 326
326 327
327
330 331
331 333
333
340 341
341
347
348 350
350 351
351
355 356 357
356 357 358
357 358 359
358 359 360
359 360 361
360 361
361
364
367 369
369
372 374 599
374
379 381
381 382 383
382 383
383
386 387 388
387 388 389
388 389 390
389 390
390 392
392 394
394 395 396
395 396 397
396 397 398
397
398 400
400 401
401
407 409
409
413 415
415 417
417
420
423 425
425 426
426
429 430
430 432
432 433
433 435
435 436 437
436 437
437 439
439
444 446
446 447 448
447 449
448 449 450
449 450
450 451
451
456
462 992
466 468
468 470
470
473 475
475 476 477
476 477
477
480 482 755
482 484
483 484 485
484 485 486
485 486
486
492 493
493
496 497 498
497 498 499
498 499 500
499 500
500
503 505
504 505
505 506
506
510 512
512 513
513 515
515 516
516 518
518 519
519 829
523 524 525
524 525 526
525 526 527
526 527
527 529
529 530 531
530 531 532
531 532 533
532 533 534 802
533
534
537
546 547
547 549
549 550
550
553
556
557 856
560
564 948
567 569
568 569
569 571
571
572
578 580
580 582
582 583
583
585
588 589 590
589 590 591
590 591 592
591 592
592
598 599
599 601
601
604 605 606
605 606
606
609 611
611
617 618
618 620
620
627 628
628 819
631 632 633
632 633
633
636
641 642
642 644
644
647 648
648 650
650 651 994
651 652 653
652 653
653 655
655 657
657
660
667
673 674
674
681 682 683
682 683 684
683 684 685
684 685 686
685 686
686
689 690 691
690 691 692
691 692
692
699 700 701
700 701
701 703
703
706 708
708 710
710 711
711 713
713
716 718
717 718
718 720
720
723 725
724
725
729
733
738 739
739 741
741 742 743
742 744
743 744
744
747
750
755 757
757
760 762
762 764
764 765
765 766 767
766 767 768
767 768 769
768 769 770
769 770
770 772
772 774
774 776
776 777 778
777 778 779
778 779 780
779 780 781
780 781 782
781 782 783
782 783 784
783 784 978
784
792 794
794 796
796 823
797 799
799
802
806
807 809
809 811
811 813
813
817 819
819 821
821 823
823 824
824 826
826
829 831
831 832
832
835 836
836
840 842
842 843
843
846 847
847 848 849
848 849 850
849 850 851
850 865
851
855
856 858
858 860
860
862
865
869
874 875 876
875 876
876
884
887 889
889 891
891 892 893
892 893 894
893 894
894 896
896
897
900 901 902
901 902
902 904
904
908 909
909 911
911 912 913
912
913
916 917
917 919
919 920 921
920 921 922
921 922 923
922 923
923 924
924 925 926
925 926
926 928
928 929
929
932
935 936
936
940
946 948
948
954 956
956
957
961 963
963
966 967
967
971 972
972 974
974 976
976 978
978
981
986 987 988
987 988
988 990
990 992
992 993 994
993 994
994
997
