#naive2.0.py
# GMT Fri Feb 14 14:28:07 2020
# 
4 6
6 8
8 9
9 11
11
14 15
15 16
16
18 526 733
19
25 26
26
31 32 58
32 33 34
33 34
34
38 40 115
40 41 42
41 42 43
42 43
43 44
44
48 50
50 52 171
52 53 516
53 55
55 56 57
56 57 58
57 167
58
61 660
62 64
64 766 375
67 68 69
68 69 70
69 70
70 71 72
71 72 73
72 73 74
73 74
74
80 81 82
81 82
82 84
84 838
86 88
88 90
90
92
95 97 474
97 99
99 100
100
102
104 106
106 108
108 109
109 111 593
111
115
119 120 121
120 121 122
121 122
122 124
124
127
130 131 850 241 397
131 133
133 134 135
134 135 136
135 136
136 845
139 140 141
140 141 973
141
145
147
151 344
153 154 155
154 155 156
155 157 472
156 157 404
157 158
158
162 164
164 166
166 167
167 169
169 517
171
174 175
175 177
177 179
179 181
181
187 188
188 190
190
193
199 201
201 203
203 204 205 796
204 205
205 284
206 208
208 210
210 211
211
220
222 223 224
223 224 490
224
230
233 234 235 520
234 235 236
235 237 602
236 237 238
237 238
238 240
240 241
241 242
242 243
243 245
245
252
257 258
258
261
265 266 267
266 267
267
271 272
272
276 277
277 279
279 280 281
280 281 344
281
284 286
286 288
288
290 291
291 292
292 294
294 295
295 297 404
297 996
302 303 304
303 304 845
304
306
311
317 318
318 319
319 321
321
326 328
328
329
333 334 445
334
337
341
344 345 346
345 346 347
346 347 348
347 349
348 349 350
349 350 351
350 351
351 353
353 354 355
354 355 356
355 356 357
356 357
357
362 363 364 597
363 364
364
368
375 376 377
376 377 378
377 379
378 379 380
379 380 381
380 381
381 383
383
387 389
389 391
391 835
395 397
397
398 399
399 401
401 403 815
403 404 405
404 405
405 406 407
406 407 408
407 409 854
408 409
409
413
421 422 423
422 423
423 424
424
428
431 432 886
432 433
433 509
436
439 440 441
440 441 442
441 442 724
442
445
449 450 740
450 452
452 744 738
464 466
466
469 471
471 472 473
472 473
473 474 475
474 476
475 476 477
476 477
477
480 482
482
483 485
485
490 492
492
495
499
503
507 509
509 510
510 511 512
511 512 513
512 513
513
516 518
517 518 838
518 520
520
523 524
524 526
526 527
527
530
533 535 735
535 536 825
536 538
538 540
540
546 547 548
547 548
548
554 556
556
557
563 564 565
564 948 654
565
570 571
571
574 575
575 577
577
580 581 582
581 582 583
582 583 584
583 584 602
584 586
586 588
588
593
595 597
597
600 602
602 603
603
608 610
610
615
617 618 619
618 787
619
622 623
623 860
627
636 638
638 639
639
646 648
648 649 650
649 650
650
654 660
655 656
656
659 660 661
660 661 662
661 662 663
662 663 664
663 664 665
664 665
665
668
673 675
675 676 677
676 677
677 679
679 783
680
683
686 688
688
694
697 865
701 703
703 705
705 706
706
709 710 711
710 711
711
714 715
715
718 720
719 720
720
723
724
727 728 729
728 729
729 731
731 733
733 735
735 736 737
736 738
737 738
738
740
744 746
746
747
752 753
753 931
757 758
758 760
760 761
761
766 767
767
771 772
772
776 777
777
780 781
781 783
783 785 978
785 787
787 788
788 790
790
792 794
794 796
796 823
798
800 801 802
801 802 803
802 803
803
808 809 810
809 810
810
814 815
815
819
822 823 824
823 824 825
824 825
825 827
827 828
828 830
830 832
832 834
834 835
835
838 839
839
842 843 844
843 844 845
844 845
845 847
847 848 849
848 849 850
849 850 851
850 865
851 852
852 854
854
858 859 860
859 860 861
860 861
861 862
862
865 867
867 869
869
872
883 885
885 886
886
893 894
894
897
903 904 905
904 905
905
908
911
915 917
917 919
919 920
920
928 929 930
929 930 931
930 931 932
931 932
932
935 937
937
941 942
942
947 948
948
953 955
955 956 957
956
957
963
966
970
973 975
975
977 978 979
978 980
979 980
980
991
995 996
996
