#naive2.0.py
# GMT Fri Feb 14 14:28:06 2020
# 
1 3 999
3 4 5
4 5 6
5 6 7
6 7 8
7 8 9
8 9
9 11
11 13
13
17 19
19 21
21
24
32 33
33
36
39 41
41 42
42 491
45 46
46 48
48 922
51 52 53
52 53 54 516
53 54 55
54 55 56
55 56
56
61 63 660
62 63
63
66 68
68 69
69
72 74
74
78 79 80
79 80
80 82
82
87
90 91 585
91 92 328
92
95 96 474
96
100
103
104 106
106 108
108 110
110 112
112 195
115
118
121 122 386
122 123
123 817
127 129 367
129 130
130 132 850 826
132 133 134
133 134 135
134 135
135 137
137 289
140 141 142 973
141 142 143
142 143 144
143 144
144 381
146 148
148 150
150
154
157 159
159 160 567
160 162
162 163
163 165 991
165 166
166
175 176 177
176 177
177 179
179 180 181
180 181
181 215
184
191 193
193 195
195
200 201
201 203
203 204 205
204 205 567
205 284
210 212
212 213
213 215
215 216 217
216 217
217 219
219
223 490
226 227
227
231 764
236
246 248
247 248 249
248 249
249
252
255 257
257 259
259 261
261 262
262
265 342
268
272 274
274 275
275 962
277 278 279
278 279 280
279 280
280 460
284
288 289
289 290
290
293
296 360
297 996
301 303
303 304 845
304 573
309 311
311 312
312
316
319
323 324
324
328 330
330 540
332 333
333 335
335 336
336
340 341 342
341 342 343
342 560
343
352 353 354
353 354 355
354 355 356
355 356 357
356 357 358
357 358
358 360
360 361
361 363
363 364
364 366 969
366 367 368
367 368 369
368 369 370
369 370
370
381 383
383
386
391 835
395
398 399
399
402 404
404
407 409 854
409 411
411 413
413 414 415
414 415
415 417
417
422 669
428 429 430
429 430
430 432
432 434
434 435
435 437
437 438 439
438 439
439
442 444
444 446
446 447
447
450 451 452
451
452
456 457 820
457
460 461
461
470
474
477 478
478 480
480 482
482 484 949
484 486 746
486 488 877
487 488
488 490
490 492
491
492 494
494 495 496
495 496
496 498
498 500
500 501 502
501 502
502
504 505
505
509 510
510 511
511 513
513 514 515
514 515 516
515 516 517
516 518
517 518
518 520
520 521
521
522 524
524 525
525 527
527
532
538 539 540
539 540
540
543 544
544
547 548 549
548 549 550
549 550 551
550 551
551 553
553 554
554 556
556
557 856
560 562
561 562 788
562 563 564
563 564
564
567
570 571
571 573
573 575
575 577
577 579
579 742 741
585 587
587 588
588
591
594
602
604 605 606
605 606
606
609 610 611
610 888
611 613
613
618 787
622 623 624
623 624 625
624 626
625 626
626 703
629 630
630 981
633 634 635
634 635
635 637
637
640 641 642
641 642 788
642 644
643 644
644
649 650 651
650 651 994
651 653
653
660 661
661
664 665 666
665
666
669 671
671
677 678
678
683 863
686 688
688
691
694 695
695
701 702 703
702 703 704
703 704
704 706
706
712 714
714 715
715 717 806
717 719
719
727 729
729 731
731 733
733
737 739
739 741
741 742 743
742
743 745
745 746 747 798
746
747
750
753
757
762 764
764 765
765 766
766 768
768 770
770 772
772 774
774 775
775 777
777 779
779 780 781
780 781
781
784 785
785 786 787
786 787 788
787 788 789 912
788 789
789
794 795
795 797
797 798 799
798
799 800
800
803 805 946
805 806
806
809
815 816
816 817 818
817 818
818 820
820 821
821 822
822
825
826
830
835
840 841 842
841 842
842
845
848 849 850
849 850
850
854 856
856 858
858
862 863
863
866 867
867
872 873
873
876 877 878
877 878
878
881 882
882
886 888
888 890
890
894
900 901
901
904 905
905 907
907
912 914
913 914
914 916
916 917
917 919
919
922 923
923 924
924 926
926
932 933
933 935
935
942 943
943
946 947
947 949
949 951
951 952 953
952 953 954
953 954
954
958 959 960
959 960
960 962
962 963
963
966 967
967 969
969
973
979 980 981
980 981 982
981 982
982
986 987 988
987 988 989
988 989
989 991
991
994 995 996
995 996 997
996 997
997 999
999
