#naive2.0.py
# GMT Fri Feb 14 14:28:09 2020
# 
3
7 8 9
8 9 10
9 10 11
10 11
11 13
13 531
17
20 21
21 23
23 24 25
24 25
25
29 30 364
30
33
36
39 155
50
51 53
53 54
54
58 59 60
59 60
60 62
62 63
63 65
65
68
71 73
73 74
74
83 84 85
84 85
85 86 87 163
86 87
87
90
93 95 269
94 95 96
95 96 97
96 97 98
97 98
98
101 102
102
104
107 109
109 111
111 367
116 117
117 119
119 121
121
123 817
127 367
128 130
130 131 241 397 826
131
135 136 137
136 137 845
137 289
139
142
146
149
154 155
155 157 472
157 159
159 160 567 285
160 705
163
164
167
172
177 178
178
183 184
184 186
186 187
187
190
195 196
196 766
198 199 200
199 200 201
200 201
201
205 284
210 212
212 214
214
219
222 223 224
223 224 225 490
224 225
225 227
227 229
229 230
230
233 235 520
235 237
236 237
237 239
239 240 241
240 241 924
241
245
250 251 252
251 252
252 254
254 256
256 257 258
257 258 259
258 259 260
259 260 261
260 261 262
261 262
262
265 342
269 270 271
270
271
274 276
276
284 285
285 287
287 289
289 615
295 716
299
302
306 307 308
307 308 309
308 309 798
309 311
311 312
312 314
314
317
321
326 328
328 330
329 330 331
330 331 540
331 333
333 334 445
334
342
343
348 350
350 351 352 687
351 352 353
352 353
353
362 364 597
364 969
367 368
368 370
370 372
371 372
372 599
375 377
377 379
378 379 380
379 380 381
380 381
381
387 388
388 390
390 391 392
391 392
392 394
394
397
399
403
408 409
409 411
411 413
413
417 418 419
418
419
423
426 428
428 429 430
429 430 431
430 431 432
431 432 886
432
437 439
439 441
441 442 443
442 443
443 445
445 446
446
449 450
450 451 452
451 453 619
452 744
453
458 459
459
462 463
463 465
465 467
467 468
468 470
470 471 472
471 472
472
475 476
476
479 480
480 482
482 484 949
484 485 486
485 486
486 488 877
488 490 748
490 492
491 909 964
492
497 498 499
498 499 500
499 500 501
500 501 502
501 502
502
508
511
515
518 519 520
519 520 829
520
525 527
527 529
529 531
531 532 533
532 533
533 535 735
535
538 540
540
543 544 545 723
544 545 546
545 546
546 548
548 549
549
554 555
555 557 894
557
566 567
567
571
576 577 578 923
577 578
578
586 588
588
592 594
594 595
595 597
597
599 629
603 784
612 614
614 616 831
615 616
616
619 620 621
620 621 622
621 622 623
622 623
623 860
626 628 703
627 628 629
628 630
629 630
630
637 639
639
643 941
647 648
648
652 653
653
656 657
657 659
659 660
660 662
662 663 664
663 664
664
671 672 673
672 673
673
676 677
677 679
679
680
683
687 688
688 690
690
693 694 695
694 695 696
695 697
696 697
697 865
699
703 705
705 945
708
711 712
712
716
720 721 722
721 722 723
722 723
723 725
725 726 727
726 727 728
727 728 729
728 729 730
729 730
730
733 734 735
734 735
735 737
737
742 744
743 744
744
748 750
750 751 752
751 752 753
752 753 754
753
754
758 760
760 761 762
761 762 841
762
766 767
767 769
769 770 771
770 771 772
771 772 773
772 773
773
776 778
778
784
786
792 793 794
793 794
794 795
795
798
799 800 801
800 801
801 803
803 805
804 805 806
805 806
806
810 812
812 814
814
817 818
818
821 822
822
826 827
827 828 829
828 829
829 831
831 832
832
837 839
839 840 841
840 841
841 843
843 845
845
849 851
851
854
858 859 860
859 860
860
862 864
864
865
875 876 877
876 877
877 879
879 880 881
880 881
881 883
883 884 885
884 885 886
885 886 891
886 888
888
891 892 893
892 893 894
893 894
894 896
896
902 903
903
906 908
908 909
909
913
917
920
923 924
924 925
925 927
927 928 929
928 929
929
932
935 936
936 938
938
941 942
942
945 947
947 948 949
948 949 950
949 950
950 952
952
955
959
963 964
964
967 968 969
968 969
969
972 973 974
973
974
980 982
982 984
984
994 995
995 997
997 999
999
