#naive2.0.py
# GMT Fri Feb 14 14:28:05 2020
# 
3
8 9
9 11
11 12
12
15
19 225
23
28 30
30 32
32
39 155
42
45 47
47 205
51
55
60 62
62 64
64 375
70 71
71
74
77
81
85 86 87 163
86 87 88
87 88
88 90
90 585
93 95
95 97 899
97 98 99
98 99 100 556
99 100
100 833
104 106
106 107
107 109
109 110 111
110 111 112
111
112 195
115 116
116 153
118 119
119
122 124
124
128 129 130
129 130 298
130 131 241 397
131 133
133 134
134
138 139
139
147 148
148 150
150 151
151 344
153 155
155 157 472
157 158 159
158 159
159 567 285
161 162 163
162 163 164
163 165 991
164 165
165
168 169 170
169 170
170 171 172
171 172 789
172 174
174 175 176
175 176 177
176 177
177 179
179 180
180
183 184 624 956
184 186
186 188
188 189 190
189 190
190 192
192 194
194 195
195
198 199
199
205 284
210
213 215
215 217
217 218 219
218 219
219 895
223 225 490
225 227
226 227 971
227
230 232
232 951
233 235 520
235 856 602
240 241
241
243
247 248
248 250
250 251
251 253
253 254
254
257 258
258
261 262
262 264
264 265
265 342
268
272 273 274
273 274 275
274 275 276
275 276 962
276
279
284 285 286
285 286
286
290 291
291 292 293
292 293
293 295
295 487
298 299 300
299 300
300
304
305 306
306 308
308 309 310 798
309 310
310
314 315
315 901
318 320 642
320
323 324 325
324 325 326
325 326 327
326 327
327
333 445
336 337
337
340 341 342
341 342
342 344 560
344
349
352 354
354
357 358
358
363 364 365
364 365 969
365
368
371 372 373
372
373 375
375 376
376
380 382
382 384
384
387
390 392
392
395 396 397
396 397
397
400 401
401 403 815
403
407
408
414 416
416 417
417
420 421 422
421 422
422 669
429
432 434
434
439 440
440
444 445
445
449
453 455
455 456
456 458
458 459
459 461
461 463
463
466 467
467 469
469 470 471
470 471 472
471 472 473
472 473
473
476
479
482 484 949
484 486
486 877
487
490
493 494 495
494 495 496
495 496
496
499 501
501 502
502
504 505 910
505 506
506
514 516
516
519 520 829
520 521
521 523 782
522 523
523 525
525
528
529
532 533 534 802
533
534
537 539
539 541
541 543 553
543 545 723
545
550
553 554
554 555 556
555 556 557 894
556
557 856
560
563 564 565
564 566
565 566 567
566 567 568
567
568
576 577 578
577 578
578 580
580 581 582
581 582 583
582 583 584
583 584 602
584 585
585 587
587 589
589
592
596 597
597
600 601 602
601 602
602
604 605 606
605 606 607
606 607 608
607 608
608 610
610
611
617
620
624
627 628
628 630 819
630 632 981
632
642 644
644
647 649
649 650 651
650 651
651
655
658 659
659 660 661
660 661
661 663
663
668 669
669
672
675 676 677
676 677 678
677 678 679
678 679
679 783
683 684 863
684
688 689 690
689 690 691
690 691
691 693
693 695
695 697
697 698 951
698 700
700 701
701 703
703 704
704 706
706 708
708 710
709 710
710
713 714
714 715
715 806
718 720 734
720
723 725
725 727
727 729
729
732 733 734
733 734
734
737 738
738
741 742 743
742 744
743 744
744
749
754 755
755
759 760
760
764
767 768
768
772 773
773
776 778
778 779
779 781
781 782 783
782 783 784
783 784
784
788 789
789
794 796
796 823
798
802 803
803 805
804 805 806
805 806 807
806
807
811
814 815
815
819 821
821 823
823
828 829
829
833 834
834
838
845 847
846 847
847
851
856 858
858 859
859
862 863 864
863 864
864
868
872
876 877
877
881
885
890
892 894
894 896
895 896 897
896 898
897 898 899
898 899 900
899 900
900 901
901 903
903 904
904 906
906 907 908
907 908 909
908 909 910
909 910 911
910 911
911 913
913 915
915 917
917 919
919
930
933
938 940
940 941
941
947 949
949 950 951
950 951
951 953
953
956
957 959
959
962 964
964 965
965 966 967
966 967 968
967 968 969
968 969 970
969 970
970 971 972
971 972 973
972 973
973
979 981
981 982 983
982 983 984
983 984
984 986
986 987
987
990 991
991
997 999
999
