#naive2.0.py
# GMT Fri Feb 14 14:28:04 2020
# 
2 3
3 220
6 7 8
7 8 9
8 9
9
12 14
14
18 526
20 21 22
21 22
22 784
25 26 27
26 27
27 29 288 658
29 364
32
35 650
38
42 43 491
43
51 53
53 55
55
59 61
61
64
65 66
66 67 68
67 68
68 70
70
74
87 88
88
91 328
96
99
104 105 106
105 106
106 108
108
111 113
113 114 370
114
117 118
118 120
120 121
121
127 129
128 129 130
129 130 298
130 131 132 850 241
131 132
132
135 136
136
139 140 141
140 141 142 973
141 142
142 144
144 381
147 148 149
148 149
149
165 167
167 168 169
168 169 170
169 170
170 171 172
171 172
172
175
180 181 182
181 215
182 183 184
183 184 185 624 956
184 185 186
185 186
186 747
191 193
193
196 197
197
198
202
205 284
207
211 212
212
215 216
216 218
218 220
220
222 224
224 226
226 227 971 857
227
230 232
232 234 951
234 236
236
239 240 241
240 241 924
241
244 246 304
246
250 251 252
251 252 253
252 253 254
253 254
254
257 258 259
258 259
259 261
261
268 269
269
274 275
275 962
278
281 282
282 284 290
284 285
285
288
290
292
296 298
298 299
299
304
305
308 309
309
314 316
316 317
317
319 321
321 322
322
325 326 327
326 327 328
327 328
328
332
338 339 340
339 340
340 342
342 344
343 344 537
344
347 349
348 349 350
349 350
350 352 687
352
356 357
357 359
359
363 364
364
369 370
370
374 376
376 377
377
380 381
381
385
388
394 396
396
399 401
401 815
404
408
414
419
422 423 614
423 424
424 426
426
429 431
431 432 886
432 433
433 509
436
439 441
441 442 443 724
442 443 444
443 444 646
444 446
446 447 448
447 449
448 449
449
452 744
455 456
456 458 820
458 459
459 461
461 462
462
464 466
466 467
467
476 477
477
481
484 485 486
485 486 487
486
487 489
489 490 491
490 492
491 964
492
500
509
515
520
522
526 527
527
530
533 535
535 537
537
538 540
540 541
541
544
547 548 549
548 549 550
549 550 551
550 551
551
557
561
563 565
565
568 569
569 571
571
574 575 576
575 576
576 578
578 579
579 742
587 588
588
595 597
597 598
598 599
599 601 629
601 603
603 604 784
604 605
605
608 610
610 612
612 614
614 616
615 616
616 617
617
623 624 860
624
628 819
629
638 639
639
646
647 649
649 650 651
650 651
651 653
653 654 790
654
656 658
658 659
659
662
667
671 672
672
676 677
677 679
679
682 684
684 686
686 687 688
687 688
688
693 695
695 697 889
697 865 951
699 700
700 702
702 703
703 705
705 706
706
709
716
717
722 723 724
723 725
724
725
728 729 730
729 730
730 732
732
737
742 744
743 744 745
744 745
745 747
747 749
749 751
751 752 753
752 753
753 755 931
755 756
756
761 762 841
762 763
763
767 768 769
768 769 770 861
769 770
770 772
772 773
773 775
775 776
776
779
782 784
784
786
790
792 793 794
793 794
794 795
795
801 803
803 946
808 810
810 811
811
815
819 820
820
822 823
823
828 830
830
835 836 837
836 837 838
837 838
838
840 841
841
847 848
848 850
850 865
851 852 853
852 854
853 854
854
857 858
858 860
860 861
861
865
866
869 871
871 872
872 874
874
878 879
879
882 884
884 886
886 887
887 889
889 890
890
893 894 895
894
895
899 900
900 902
902
906 907
907
913 914 915
914 915
915 917
917 919
919 921
921 922
922
924 925 926
925 926 927
926 927
927
930 931 932
931 932
932
935 936 937
936 937 938
937 938
938
946 948
948
951 952
952 954
954 956
956 958
957 958
958 960
960 961 962
961 962 963
962 963 964
963 964 965
964 965
965 966 967
966 967 968
967 968
968 970
970 971 972
971 972 973
972 973
973
978 980
980 982
982
987 988 989
988 989 990
989 991
990 991
991 993
993 995
995 997
997 998 999
998 999
999
