#naive2.0.py
# GMT Fri Feb 14 14:28:09 2020
# 
1 2 999
2
11 13
13
14 107
16
21 23
23
26
29 30
30 31 32
31 32 58
32 33 34
33 34
34
38 115
43 44
44 46
46 48
48 49 50 922
49 50 51
50 171
51
54 56
56 57 58
57
58
64
68 70
70 72
72 73
73
76 77
77
80 82
82 83
83 85
85 87 163
87 89 503
89
92
95 96 97
96 97 98
97 98 99
98 99 100 556
99 100
100
102 103 987
103 105 897
104 105 106
105 106 107
106 107 108
107
108
111
112 114 195
114 115 116 855
115 116
116 153
121 386
124 125
125 868
129 130
130 850 397
134 135
135 137
137
142
145 146
146 147
147
151
153
156 157 404
157
161 163
163 165
164 165 166
165 166
166
169 170 517
170 171
171 789
173 175
175 177
177
181 607
182 183
183 624
193 194 195
194 195
195
198 199
199
205 284
206
209
219
221 222
222 224
224 225 226
225 227
226 227 971
227
231 232 764
232 234
234
237 239
239
243 244 245
244 245
245
249 250
250
255
260 261 262
261 262 263
262 263 264
263 264 265
264 265
265 342
268 270
270
274
279 281
281 282 283
282 283 284
283 284
284
287
292 294
294 296
296 360
297
299 301
301 302
302
305 306
306
309 311
311
315 901
318 319
319 321
321 323
323 324 325
324 325
325 327
327
330 540
335 336 337
336 337 338
337 338
338 340
340 341 342
341 342
342 560
348 349
349
352 354
354 355
355 357
357 358
358 360
360 362
362 363
363 365
365
368
372
377 379
378 379
379
386 388
388 389 390
389 390 391
390 391 392
391 392 835
392
393 395 989
395 397
397
398 399
399
402 403 404
403 404
404
407
408
411 412 413
412 413 807
413
420 421
421
424 426
426 428
428 429
429
433 434
434
438
441
447 449
449 450 740
450
455 457
457
464
467 469
469
479 481
481 482 483
482 949
483
486 488
487 488 489
488 490 748
489 490 491 517
490
491 493 964
493 495
495 496 497
496 497 498
497 498 499
498 499
499
503
507
510 511 512
511 512
512 514
514 516
516 918
517
520
523
528 530
530
533
538 540
540
545 546
546 548
548 550
550
553
555 556 894
556
560
563
566 567 568
567
568
571 573
573 575
575
579
584
587
590 591 592
591 592 593
592 593 594
593 594
594 596
596
601
604
607
616 617
617
620 621
621 623
623 624 860
624 626
626 628 703
628 630 819
629 630
630
635 636 637
636 637 638
637 638 639
638 639
639
645 647
647 648
648 650
650
653
656 658
658
662 663
663 665
665
668 669 670
669 671
670 671
671
675 676
676 678
678 679 680
679
680
683 684 863
684
687 688
688 690
690 691
691 693
693 694 695
694 695
695
698 699 700
699 700
700
703 704
704 706
706 707
707 944
711
716
719 720 721
720 721
721
731 732
732 734
734 736
736
740
743
748
752 753 754
753 755
754 755
755
759 761
761
763 764
764
768 769 861
769
779
784 785
785 786 787
786 787
787 789
789
792 793 794
793 794
794
799 800
800 802
802
807 808 809
808 809 810
809 810
810
814 815
815
818 819
819
829
834 835
835
840
844 845 846
845 847
846 847
847
850 865
851 852
852
855
856 858
858 859 860
859 860 861
860 861
861
863
865
868 870
870 871 872
871 872
872 874
874 876
876 878
878 879 880
879 880
880
883 885
885 886 891
886 887
887
890 891
891 893
893 894
894
897
900 901
901 903
903
906
910
913 914
914 916
916 917 918
917 918 919
918
919
922
925
928 929 930
929 930
930
937 938 939
938 939
939
943 944 945
944 945 946
945 946
946 948
948 949
949
952 954
954
959
964 965
965 967
967
971
974
977
984 985 986
985 986 987
986 987 988
987 988 989
988 989
989
992 993
993 995
995
999
