#naive2.0.py
# GMT Fri Feb 14 14:28:03 2020
# 
0 1 999
1 3 999
3 220
6 7
7
10 11
11
14 107
17 19
19 225
22 24 784
24 25 26
25 26 27
26 27
27 29
29
33 34 35
34 35
35 37 650
37
42 43
43
47 48 49
48 49 922
49
52 54 516
54
59 60 61
60 61
61 63 528
63 65
65
67
72
76
79
83
87 89 503
89 90
90 197 585
92 94
94 95
95 97
97 98 99
98 99 100
99 100
100
102 103
103 897
107 448
110 111 112
111 113 367
112 114 195
113 114 370
114 855
117
121
124 125
125
128 129 130
129 130 298
130 132 850 826
132 134
134
137 289
139 140
140 973 713
143 144
144 381
146 147 148
147 148
148
151 344
153 154
154 156
156 404
158 159 160
159 160 285
160 162
162 163 164
163 165 991
164 165 166
165 166
166
171 172 789
172 173 174
173 174
174
178 179
179 181
181 215 607
182 184
184 186
186 187
187 189
189 190 191
190 191
191 193
193 195
195 196 197
196 197 766
197
202 203
203
206
209 210
210 212
212 214
214 215 216
215 216 748
216
219 220 895
220
223 224 225
224 225 226
225
226
228
231 232 233
232 951
233
238
243 245
245 246 247
246
247
251 252
252
256 258 846
258 259
259 261
261 263
263 265
265 266 342
266 268
268 269 270
269 270
270
274
278
281 282 283 674
282 283
283 446
285 286 287
286 287
287 289
289
294 296
296 298 360
298 300
300
305 307
307 308
308
311 313
313 315
315 901
317 318
318 319
319 321
321 322 323
322 323 324
323 324 325
324 325 326
325 326
326
329
336 337
337 339
339 341
341 342
342 344 560
344 345
345 347
347 349
349 351
351 353
353 354 355
354 355 356
355 356
356
360
365 366 367
366 367 368
367 368 369
368 369 370
369 370 371
370
371 373
373 375
375 376
376
380 381
381
384
388 390
390 391
391
398 399
399 401
401
404
407 409
408 409 410
409 410 411
410 411
411
415 416
416 418
418 420
420 422
422 423 669
423
427
432 434 454
434
437 438
438
442
446 448
448 449 450
449 450
450 451
451 453
453 454 455
454 455 852
455 456 457
456 457 458 820
457 458 459
458 459
459 461
461
464 465
465
468
473 475
475 477
477
481 482 483
482 949
483 485
485
488 748
489
493 495
495 496 497
496 497
497
500
503 505
504 505
505 506 507
506 507
507 509
509
513 514
514 516
516 518 918
518 519
519
523 524 525
524 525
525
528
532 533
533 535
535 536 537
536 537
537
541 542 543 553
542 543 544
543 544 723
544
547 549
549
553
560 562
561 562 788
562
565
572 574
574
577
580 582
582
585
588 589 590
589 590 591
590 591
591
595
599 600 601
600 601 602
601 602
602
607 608 609
608 609 610
609 610
610 612
612 613
613
623 624 625 860
624
625 627
627 628
628 819
631
634 635
635 637
637 638
638 640
640
645 646 708
646
649 650
650
652 654
654
656
659
662
668 669
669
672 673 674
673 674
674
677 678 679
678 679 680
679 681
680 681 682
681 682
682 684
684
688 689 690
689 690
690
696 697 698
697 698 951
698 699
699
702 703 704
703 704
704
707
708
713
715 716 717
716
717 719
719
723
726 728
728 729
729 731
731 733
733 734
734
737
748
749 751
751 752 753
752 753 754
753
754
759 760 761 975
760 761 762
761 762
762 763
763
766
774
777
780 782
782 784
784 785
785
788 789 790
789 790 791
790 791
791
794
797
800
804
808
811 812 813
812 813 814
813 814
814 816
816
819 820 821
820 821
821 822 823
822 823 824
823 824
824 826
826
831
834 836
836
842 844
844 846
846 847
847
850
852
853 855
855
856 858
858 860
860 861
861 862
862 864
864 866 975
866
873 874
874 876
876 878
878 880
880 882
882 884
884 885 886
885 886 891
886 887
887
891 892
892 894
894
895 897
897
901 902
902
905 906
906
915 917
917 918
918 920
920 922
922
932
935
938 939 940
939 940
940
946 947
947 949
949 950 951
950 951 952
951 952
952
955 956
956 958
958
969 970
970 972
972 973
973 975
975 976
976 977
977
981 982 983
982 983 984
983 984
984
991
997 999
999
