#naive2.0.py
# GMT Fri Feb 14 14:28:05 2020
# 
2
6 8
8
14
16 950
19 20
20 22
22
27 29 658
29 364
32 33 34
33 34
34
38
44
49 50
50 52
52
58 59 60
59 60
60
64
66 68
68
72
75 77
77 79
79 81
81 82
82
85 87 163
87 89
89 91
91 93
93 269
94
97
101
104 106
106
110 112
112
113 370
120 121 122
121 122 386
122
126 128
128 130
130 132 850 241
132 133 134
133 134
134
139 140
140 142 713
142
147
151
155 157
157 158
158
163 991
166 167
167
170
174 175
175
179 181
181 215
182 183
183 956
188
192 193
193
196
198 199
199
203 204 205
204 205 567
205
207 209
209
212 213 214
213 214 215
214 215 216
215 216 748
216
219 220 895
220
222 223
223 490
226 971
228 229 230 571
229 230
230
239 240 241
240 241
241 242
242 243 244
243 244
244 304
248 250
250
253 255
255 256
256 846
259
266 267 268
267 268 269
268 269 270
269 270 271
270 686
271 273
273 274 275
274 275 276
275 276
276
279
283
286
289
292 293
293
297 996
301
304 573
305 306 307
306 307
307 309
309 310 311
310 311
311
315 901
317 318 985
318 319 642
319
324 326
326
329 330
330
332 333 334
333 334
334 336
336 337 338
337 338
338
341
345 346 347
346 347
347
352 353
353
357 358
358
361 363
363 364
364 366
366
369 370
370
374 376
376
380 381
381
384 386
386 387 388
387 388
388 390
390 391
391 835
393 395
395
398 399
399
402 403 404
403 404
404
406
409 410
410
414 415
415
418 420 604
419 420 421
420 421
421 423
423
426 427
427 429
429 430
430
434 436
436 438
438
441 442 443 724
442 443 444
443 444
444
448
452 738
453 455
455
458 460
460 461
461 463
463 464 465
464 465 466
465 466 467
466 467
467 469
469 470 471
470 471
471 473
473 475
475
480
484 485 486
485 486 487
486
487 489
489 490 491 517
490
491 493
493
500
504 910
506 508
508 509
509
511 512
512 514
514
517 518
518
521 523
522 523 524
523 524
524
528
534 535 536
535 536 537 825
536 537
537 539
539
542 544
544 546
546
550 551 552
551 552 553
552 553
553
555 556 557
556 558
557 558 856
558
563 564 565
564
565 567
567
568
571 573
573 574 575
574 575
575
581 583
583 602
585 586
586 588
588 590
590
595 596
596
599 629
602
604 606
606 608
608
611 612
612 614
614 616
616
622
625 626 627
626
627 629
629 630
630
631 633
633 635
635 637
637 639
639 641
641 642
642 644
643 644
644
649
653 790
658
664 665
665 667
667
670 671
671
674
678
685 686
686
690 691
691
694 696
696 697 698
697 698 865 951
698
705
707 709
708 710
709 710
710 712 866
712 713
713
717
720 721 722
721 722
722 724
724
726 727
727
731 732
732
737 738
738
745 798
748 750
750
756
759 760 761 975
760 761 762
761 762 841
762 763
763 765
765
769
772
775
780 781
781 783
783 785
785 787
787 789 912
789 790
790
794
798
809 811
811
814 815
815
818
821
824 825
825
829 830
830
835 836
836
840 841 842
841 842 843
842 843
843
846
848 850
850 865
853 855
855
856
860 861
861 862
862 864
864 866 975
865 867
866 867
867
873
876
881 882 883
882 883
883 885
885 891
891 893
893 895
895 896
896 898
898
901 903
903
906 908
908 910
910 912
912
913 915
915 916
916 918
918
919
922
926 927 928
927 928 929
928 929
929 931
931 933
933
939 940
940
946 947
947
950 951
951
954 955 956
955 956
956
960 961
961
966 968
968
971
975 976
976 977
977
980 982
982 983
983 985
985 986 987
986 987
987
990 991
991
996 997
997
