#naive2.0.py
# GMT Fri Feb 14 14:28:04 2020
# 
1 3
3 5 220
5
11 12 13
12 13
13 15 531
15
19 225
22 23 24
23 24 25
24 25
25 27
27
32
35 37
36 37 38
37 38 39
38 40
39 40 41
40 41
41 43
43 45
45
48 922
51 52 53
52 53 54
53 54
54 56
56 57
57 167
60
64
65
67 68 69
68 69 70
69 70
70 71
71 73
73
79 80 81
80 81
81
84 85
85 86
86
89 90 91
90 91 585
91 92
92
99 100
100
105
108 110
110 111 112
111
112 114
114 855
117 118
118 120
120 121 122
121 122 386
122 124
124 125
125
128
132 133
133
136 137 845
137
139
143 144
144 406
146 148
148 149 150
149 150 151
150 151
151 344
153 154
154
157 158 159
158 159 160
159 160
160 162
162
165 167
167 169
169 517
172 173 665
173 175
175 176 177
176 177 178
177 178
178 180
180 182
182
185
188 189
189
196
198 199 200
199 200 201
200 201
201 203
203
206
209
214 215 216
215 216 217 748
216 217 218
217 218
218 220
220
223 224 225 490
224 225
225 227
227 228
228 230
230 231 232
231 232
232 234 951
234 235
235
238 239 240
239 240 241
240 241
241
243
246
247
250 251 252
251 252 253
252 253
253
256
259 260
260 262
262 264
264 265
265
269 270
270 272
272 273
273
276
279 280 281
280 281 344 460
281
284 286
286
293 294
294
301 302
302
305 307
307 308
308 310
310
314 316
316
321 322 323
322 323
323
326
330 331 540
331 332
332
336 337
337 339
339 340 341
340 341
341 343
343 344
344 346
346
349 350
350 352 687
352
356 357
357
364 365
365
370
377
386 387
387 389
389
392
396 397 398
397
398
401 402 403
402 403 404
403 404
404
406 407
407 409
409 410
410 412
412
415 417
417 418
418 420
420 421
421
424 426
426 427
427 429
429 431
431
433
436 437 438
437 438
438
441 443 724
443 445
445
448
451 453
453
456 457 458
457 458
458 460
460 461
461 463
463
466 467
467
471 472
472
474 476
476 478
478
482
485 486 487
486 488 877
487 488
488 490 748
490 492
492
495 496
496 498
498 500
500 501
501
504
506
515 517
517 518
518 519
519 829
521 523
523
527 529
529 531
531 532 533
532 533 802
533
538 540
540 541
541 553
544
547 549
549 550
550
553 554
554 556
556
560
563 565
565 566
566 568
568 569 570
569 570
570 572
572
582 583
583
585 586 587
586 587 588
587 588 589
588 589
589 591
591
594
598 599
599 629
603
605 606 607
606 607
607
610
611
616 618
618 620
620 621
621 623
623 624 625
624 626
625 626
626 628 703
628
629
637 639
639
642
643 941
648 649
649
657 659
659 661
661
664 665
665 667
667 669
669 671
670 671
671
675
678 680
680
685 687
687 688
688 689
689
692
696 697 698
697 698 951
698 699
699 701
701 702 703
702 703
703
707 944
710 711 712
711 712 713
712 713
713
715 716
716 718
718 720
720
723 725
724 791
725
728 729
729 731
731 733
733
737
740
747
748 750
750 751
751
754
761 762 841
762
769 771
771 772 773
772 773
773 775
775 776 777
776 777
777 779
779
788 789 790
789 790 791
790 791
791 793
793 794
794 795
795
799
802
813
817
821 822
822 824
824
828 829 830
829 830 831
830 831 832
831 832
832
835 836 837
836 837
837 839
839 841
841 843
843 844 845
844 845
845
852
853 855
855
861 862
862 863
863
870 871
871
873 875
875 876 877
876 877
877
880
883 884
884
887 889
889
893 895
895 896 897
896 898
897 898 899
898 899
899
902 904
904
908
911
914
918 920
920 922
922 923
923
925
932 933
933
936
941 942
942 944
944
947 948
948
951 953
953
957 958 959
958 959
959
966 968
968 970
970 971
971
976 977
977
980
989
990 992
992 993
993
998
