#naive2.0.py
# GMT Fri Feb 14 14:28:07 2020
# 
0
6 7 8
7 8 9
8 9 10
9 10
10
14 15 107
15 16 17
16
17 19
19 21 225
21
24 25 26
25 26
26
32 33 34
33 34
34
37 39
39 155
42 43 491
43 44
44
47
50 52
52 516
56 57 58
57 59
58 59
59
62 64
64
66
69 416
72 73
73
76 77 78
77 78
78 80
80 82
82 83 84
83 84
84 838
86 87
87 89
89 90
90 197 585
92
96 97
97 99
99 101
101
104 105
105 107
107
113 115 370
115
124
127 367
128
131 133
133 134 135
134 135 136
135 136 137
136 137 845
137
140 141 142 973 713
141 142 143
142 143
143 145
145
147 149
149
153 154 155
154 155 156
155 472
156
158 159
159 285
161
164 166
166 168
168
173 174 175
174 175
175 177
177 178
178
183
186 187 747
187 189
189 191
191 192
192 194
194 196
196 197
197
201 202 203
202 203
203
207 208
208 210
210 211 212
211 212
212 214
214
217 218
218
222
225 227
226 227 857
227
230
234 236
236
239 241
241
243 244 245
244 245 246
245 246 247
246 596
247 249
249 250
250
253 255
255 257
257 258
258
264 265
265 267 342
267
274 275
275 962
278 280
280
282
285
288
292
295 297 487 716
297
301 302 303
302 303
303 845
306
311 312
312
315 316 901
316
321 322 323
322 323
323 325
325 326 327
326 327
327 329
329 330
330
337 338
338
342
343 345 537
345 346 347
346 347 348
347
348
351 352 353
352 353 354
353 354 355
354 355
355 357
357
362 363 364
363 364 365
364 365 969
365 367
367 369
369 370
370 372
372
373
377 379
379
383
387 388
388
397 756
399
405 407
407 854
408 410
410 412
412
416
422 614
424 425
425
429 430
430
433 434
434 436
436 437 438
437 438 439
438 439
439
442 443
443
449 450
450
453 454 455
454 455
455 457
457 458 459
458 459
459 461
461 463
463 464
464 466
466 467
467
471 472
472
474
477
481 482
482
487 489
489 491 517
491 493 909
492 493
493 495
495 497
497 498
498
505 506 507
506 507 508
507
508 510
510 512
512 513
513 515
515 516 517
516 518
517 518 838
518 519
519 829
527 529
529
532 533 534
533 535
534 535 536
535 536 537 825
536 537
537 539
539
543 545 723
545 547
547 548
548
555 556 894
556
559
562 563
563 565
565 566
566
571
572 574
574 576
576 578 923
578
581 582
582
585 587
587
590 591 592
591 592 593
592 593
593
595 596
596 598
598
601
605 606
606
611 612 613
612 613 614
613 614
614 616 831
616 617 618
617 618 619
618
619 621
621 622
622
630
631 633
633 634 635
634 635 636
635 636 637
636 637 638
637 638
638 640
640 641
641
643 644 645 941
644 645
645 708
648 649
649
652
655 657
657 658
658
661
664 665 666
665
666 668
668 670
670 672
672 674
674 675
675 676
676
679 783
684
687 688
688 689
689 691
691 692
692 694
694 696
696 697
697 951
700
703 704 705
704 705 706
705 706 945
706 707 708
707 944
708 710
710
713
715 716 806
716
720
723 725
724
725 727
727
737
743
746
747
751 752
752 754
754 755 756
755 756
756 758
758 759 760
759 760 975
760
763 764 765
764 765
765
768 770
770 771
771
775 776
776 778
778 779
779 781
781 783
783 784
784
786
792
795 797
797 798
798
800
803 805
805 806
806
813
817 818
818
821
825
828 829 830
829 830 831
830 831 832
831 832
832
836 838
838 839
839 840 841
840 841 842
841 842
842
845 847
846 847
847 848 849
848 849 850
849 850
850
854
857 858
858 859 860
859 860
860
864 975
868 869 870
869 870 871
870 871
871
873
877 878
878 880 896
880
883 884 885
884 885 886
885 886
886
889
893 894
894 896
896
897
901 903
903 905
905 907
907 908 909
908 909 910
909 910 911
910 911 912
911 912
912 914
914 915 916
915 916
916
923
930 931 932
931 932 933
932 933
933
936
941
943 944 945
944 945
945
951
954 955
955 957
957 958 959
958 959 960
959 960
960 962
962 963
963
966
969 970
970
973 975
975
977 979
979 980
980 982
982
985 986
986
990 991 992
991 993
992 993
993 995
995 997
997
