#naive2.0.py
# GMT Fri Feb 14 14:28:05 2020
# 
2 4
4
8 9 10
9 10
10
14 15 107
15
18
21
25
30 32
32 33
33
37
46
49
54
62 63
63
68 69
69
74 75
75
78 79 80
79 80
80 82
82
85 163
88 89
89 91
91 92
92
98 556
103 105 897
104 105
105 107
107
108 110
110 112
112 114
114 855
117
125
128 130
130 131 850 241 397
131 133
133
136 137 138
137 138 289
138 347
143 145
145
147 148
148
152 154
154 156
156
160 162
162 163 164
163
164 166
166 168
168
171
173
176 178
178
182 184
184
190 191 192
191 192
192 194
194
198 200
200 202
202 203 204
203 204 796
204 567
206 207
207 209
209 211
211 212
212
215 216
216
219 220
220 221
221 222
222 224
224
227
231 232 233 764
232 234 951
233 234
234
237 238
238 240
240 241 924
241
245 247
247 249
249
252
255 257
257
263 264
264 266
266 267 268 890
267 268 269
268 269
269
274 276
276 277 278
277 278 279
278 279 280
279 280 281
280 281 344
281 674
284 285
285 287
287 289
289 291
291
299 301
301 302 303
302 303
303
307
312 314
314 316
316 318
318 320
320 322
322
325
330 331 540
331 332 333
332 333 334
333 334 335
334 335
335
339 341
341 342 343
342 344
343 344 345 537
344 345 346
345 346 347
346 347
347 349
349
354 355
355 357
357
361 362 363
362 363
363 365
365 366 367
366 367 368
367 368 369
368 369
369
374 376
376
379 380
380
383 384 385
384 385
385 387
387
391 392
392
393
396 397
397
400 401 402
401 402
402
406 408
408 409 410
409 410
410
417 418
418
421
426
432 434
434
438 440
440 441 442
441 442 724
442
446 447
447
450 451
451 453 619
453
456
462 992
470 472
472 473
473 474 475
474
475
479 480
480 482
482 484
483 484
484 486 746
486 488
487 488
488 490
490
491
497 499
499
502 503 740
503 505
505
515
521 523 782
523 524
524
527
530
535 537
537 539
539 540
540 542
542
552
555 556 894
556
562 563 564
563 564
564 566 654
566 567 568
567 569
568 569 570
569 570
570 572
572 573
573
578 579
579 741
581 582
582 584
584 586
586 587
587
590
593 594
594 596
596
600
608 609 610
609 610 611
610 888
611 613
613
617 619
619 620 621
620 621 622
621 622
622
627
631 632
632 634
634
640
643 644 941
644 646
646
650
652 654
654
657 658
658
661 662 663
662 663
663 665
665
666
669 671
671 672 673
672 673 674
673 674
674
679 681
681 682 683
682 683 684
683 684 685 863
684 685 686
685 686
686
692 694
694 696
696 698
698
702 703 704
703 704
704 706
706
709 710
710 866
714 715
715 717
717 719
719
722 724
724
725 726
726
729 730
730
735
738
740 741
741
746
747
751 753
753 931
757 758 759
758 759
759 761 975
761 762 841
762 763 764
763 764 765
764 765
765
771
779 781
781 782
782 784
784 785
785 786
786 788
788 790
790
792 794
794 796
796 823
797 798
798
801 802 803
802 803
803 805 946
804 805
805
816 817
817 819
819 821
821 822 823
822 823 824
823 824
824
827
830
838 839
839 840 841
840 841 842
841 842 843
842 843
843
846 847
847 849
849 850
850 865
855
862 863
863
865 867
866 867
867 869
869
874 876
876
879
885
887 888 889
888 889 890
889 890
890
894 896
896
897 899
899 900
900
903 904 905
904 905
905
908 910
910 911 912
911 912
912 914
914 916
916 917
917
920
923 924
924 925 926
925 926 927
926 927 928
927 928 929
928 929 930
929 930 931
930 931
931 933
933 934 935
934 935 936
935 936
936 938
938 939 940
939 940 941
940 941 942
941 942
942 943
943
946
950 951 952
951 952 953
952 953
953
958
961
965 966
966
969 970
970 971
971 973
973 975
974 975 976
975 976
976 978
978 980
979 980 981
980 981 982
981 982
982 984
984 985 986
985 986
986
992 993
993
996 997
997 999
999
