#naive2.0.py
# GMT Fri Feb 14 14:28:05 2020
# 
5 7
7 8
8 10
10 11
11
14 15
15 16 17
16
17
20
24 25
25 27
27 28
28 30
30 32
32 33 34
33 34 35
34 35 36
35 37
36 37 38
37 38
38 40
40 42
42 491
45 47
47
50 52
52 54 516
54 55
55 57
57 167
58 60
60 61
61 660
65 809
67 68
68 70
70 71
71 73
73
76 77 78
77 78
78 80
80 81 82
81 82
82 84
84 85 838
85 87
87 89
89
92 94
94 95 96
95 96 97
96 97
97
101
104
112 114
114 116
116
118 119 120
119 120 121
120 121
121
124
127 129
129 298
131 132
132 134
134 135
135
139 140
140 142 392 973
142
145 146
146 147
147 149
149 150
150
154 155 156
155 472
156
160
164 166
166 167 168
167 168 169
168 169
169
172 173
173 175
175 176 177
176 177
177
183 184 185
184 185 186
185 186 187
186 187
187 189
189 190 191
190 191
191
198 199
199
206 208
208
211
214
223 224
224 226
226 857
230 231
231
234 235 236
235 237 602
236 237
237 239
239 240
240 924
244
248 250
250 251 252
251 252 253
252 253
253 255
255 256
256
259 260
260 262
262 263
263 265
265 266 342
266
271 273
273 274
274
277 278
278
284
297 298
298
301 303
303
310 312
312 313
313 315
315
317 985
321 322 323
322 323 324
323 324
324 326
326 327 328
327 328
328
333 335 445
335 337
337 339
339 340 341
340 341 342
341 342
342
345 347
347
348 350
350 351
351 353
353
356 357 358
357 358
358 360
360 362
362 364
364
369 370 371
370 372
371 372
372 374
374 376
376 378
378 380
380 381 382
381 382 383
382 383 384
383 384
384
387 388 389
388 389 390
389 390
390 392
392 394
394 395 396
395 396 397
396 397
397
399 400
400
403 405
405 406 407
406 407
407 409
409 410 411
410 411 412
411 412 413
412 413
413
417 418 419
418
419 421
421 422 423
422 423 669 614
423
426
429
432
436 437
437 439
439 440
440
444 445
445
449 450 740
450 452
452 744 738
455 456 457
456 457 458
457 458 459
458 459
459
463 464 465
464 465
465 467
467 468
468 470
470 471 472
471 472 473
472 473
473
476 477
477
482 484
484 486
486
489 491
491 493 964
492 493
493
500
505
511 513
513 514 515
514 515 516
515 516
516 518
518 519 520
519 520 829
520
523
529
533 735
534 536
536 537
537
540 542
542
547
551 552
552 554
554 556
556 558
558 559
559 561
561 562 788
562 564
564 871
565 567
567
568
574
577 579
579 580 742 741
580 582
582 583 584
583 584 602
584 585
585 587
587 588 589
588 589
589 591
591 593
593 594
594 595 596
595 596
596
600 602
602
605
609
614 616
616
622 623
623 625
625 627
627 628 629
628
629
635 636
636 638
638 639 640
639 640
640 642
642 644
644 646
646 648
647 648
648
651 652 653
652 653
653 655
655 656 657
656 657
657 659
659 660
660
669 671
671 672
672
677
680 681 682
681 682 683
682 683 684
683 684 863
684 686
686 688
688 689 690
689 690 691
690 691 692
691 692
692
695
699
702
706
710 712
712
715 717 806
717
722 723 724
723
724
726 727 728
727 728
728 730
730 732
732
735 737
737 738
738
740 741 742
741 742 743
742 744
743 744 745
744 745
745
750 751
751 753
753 931
754
758 760
760 761
761
765 766 767
766 767
767
771 773
773 774 775
774 775 776
775 776 777
776 777 778
777 778 779
778 779 780
779 780
780
785 787
787 788 789
788 789
789
792 794
794 796
796 823
797
804 806
806
809
813 815
815
821 823
823 824 825
824 825 826
825 827
826 827
827 829
829
833
838 839
839
843
847 848
848
857
859 861
861
863 864
864
867 868 869
868 869 870
869 870 871
870 871 872
871 872
872 873 874
873 874
874
882 883
883 885
885 886 891
886 887
887
891 892
892
898 900
900
903 904 905
904 905
905
911
914 915 916
915 916
916
922 923
923 924
924
928 930
930 931 932
931 932 933
932 933
933 935
935 937
937 938 939
938 939
939 941
941
944 946
946
953
958
962 964
964
966 967
967
972 973
973
985 987
987 989
989 991
991 993
993
998 999
999
