#naive2.0.py
# GMT Fri Feb 14 14:28:03 2020
# 
0 1 999
1 999
4 6
6 8
8 9
9 11
11 13
13
16 254
17 18 19
18 526
19 20 225
20
28 30
30 31
31
35 650
36
39
43
49 50 51
50
51
55 56 57
56 57
57 59
59 60 61
60 61 62
61
62
65
67
75 76 77
76 77 78
77 78
78 80
80 81 82
81 82 83
82 83
83 85 998
85 86
86 88
88 89
89
92 93
93
97
100 833
102 103
103
104
107
108 110
110 111
111
114 116 855
116
118
122 123
123 125 817
125 868
126
129 298
132 133
133
136
139 140
140 973 713
147 148 149
148 149 150
149 150
150
154 156
156 157 404
157 158 159
158 159
159
162 164
164 165 166
165 166
166
169 517
175
178
185
188 190
190 191
191 736
195
198 199
199
203
206
209 210
210 212
212
217 218
218 220
220
225 227
227
231 233 764
233 234
234 236
236 237 238
237 238
238 240
240
242 243 244
243 244
244 246
246 596
250 251 252
251 252 253
252 253 254
253 254
254 256
256 258
258 259 260
259 260
260
264 265 266
265 266 267 342
266 267 890
267
270
271
275 962
278 279
279 281
281 283 674
283 284
284
287 288 289
288 289
289 615
295 297 487 404
296 298
297 298
298 299
299
303
310 311
311 313
313 315
315
322 323
323
329
332 333
333 445
337 338 339
338 339
339
342 344
344 345 346
345 346
346 348
348
352 354
354 356
356
361 362
362 364
364 365
365
369
374 376
376 378
378 379 380
379 380
380 382
382 384
384 386
386
393 394 989
394 396
396
400 402
402 403 404
403 404 405
404 405
405 406 407
406 407
407 409
409
412
414 416
416
419 420 421
420 421
421
424 425 426
425 426 427
426 427 428
427 428 429
428 429
429 431
431
435 436 437
436 437
437
440 442
442 443
443 445
445
449 740
451 453 619
453 455
455 456 457
456 457
457
462 463
463 464 465
464 465
465 467
467 469
469 470
470 472
472 473
473 474 475
474
475 477
477 478
478
482 949
483
487
490
494 495 496
495 496
496
500 502
502 740
505
510
516 518 918
517 518 838
518
525 526 527
526 527
527
534
538
543 544
544 546
546 548
548 549 550
549 550 551
550 551 552
551 552 553
552 553 554
553 554
554 555 556
555 556
556 558
558
561 562
562 564
564 566 948 654 871
565 566
566
571 573
573 574
574
577 578 579
578 579 580
579 580
580
583 602
585 587
587 588
588 590
590
595 596
596 598
598 599 600
599 600
600 602
602
605 606 607
606 607
607
610 612 888
612
615 616
616 618
618
619
625 626 627
626 628
627 628
628 630 819
630 632 981
631 632
632 634
634
643 644
644
650 651
651
654
663 664 665
664 665 666
665
666
670
673 674
674
677 678 679
678 679
679 783
683 684 863
684
687
692 693
693 695
695 697
697 698 951
698 699
699
702
705
708
713 714
714
718 720
720 722
722 724
724 791
725 727
727 728
728 730
730 732
732
736 738
737 738
738
740
743 744
744
748
751
754 756
756
759 760 761
760 761
761
764 765
765
769 770
770 772
772
777 778 779
778 779
779
782 783
783 978
786
791 792
792 794
794
800
805 806
806 808
808
811 812 813
812 813 814
813 814
814 816
816 817
817 819
819
825
830 832
832 833 834
833 834
834 836
836 837 838
837 838 839
838 839
839
843 844
844
849 851
851
855 857
857
860
863 864
864 866
866
868
871 872
872
876
879 881
881 882 883
882 883
883
887 888
888 890
890 891
891 892 893
892 893
893 895
895 896
896
899 900
900 902
902 904
904 905
905
908
912
915 916 917
916 917 918
917 918 919
918
919 921
921 923
923
925 927
927 928
928
931
936
942 944
944
947 948 949
948 949
949 951
951 953
953 954 955
954 955 956
955 956
956 958
958 960
960 962
962
966 968
968
971 972 973
972 973
973
976 978
978
981 982
982
985 986
986
989
990
993
997 998 999
998 999
999
