#naive2.0.py
# GMT Fri Feb 14 14:28:06 2020
# 
1 3
3 5
5
9 10 11
10 11 12
11 12
12
15
20 22
22 23 24
23 24 25
24 25
25
28 29 30
29 30 364
30
33
36 37 38
37 38
38
44 45 46
45 46 47
46 47 48
47 48 205
48 50 922
50 52
51 52 53
52 53 516
53
56 58
58 60
60
64 375
66
69 416
72
77 79
79 81
81
86 87 88
87 88 89
88 89
89 91
91
94
99 100 101
100 101
101 103
103 105
104 105 106
105 106
106
109 111 593
111 113
113 370
118
121 122 386
122
126 128
128
132 133 134
133 134 135
134 135
135
138
141 143
143 144 145
144 406
145 146 812
146 147
147
151 344
160 162 705
162 163 164
163 165
164 165
165
172 173 665
173
176 177
177 179
179 180
180 182
182 184
184
187 188 189
188 189 190
189 190
190
193 194
194
197 199
199 200
200 202
202
205 284
206 207 208
207 208
208
211 212 213
212 213
213 215
215 216
216
219 895
223 225
225 227
226 227
227 228
228
231 232
232 234
234
239 241
241 242
242 243 244
243 244
244
247 248
248 250
250
253 254
254 256
256 846
260
268 269
269 271
271 272 273
272 273
273
276 277
277 279
279
284 285 286
285 286 287
286 287 288
287 288
288
290
292
295 716
296
299 301
301 302 303
302 303
303 845
305 306 307
306 307
307 309
309 311
311
314 315 316
315 316
316 318
318 319 320 642
319 320
320
323 325
325 327
327
333 334 335 445
334 335
335
341 343
343 344 537
344
348 349
349
352 353
353
356 358
358
361 362
362 364
364 366
366 368
368 370
370 372
372
375 376
376 378
378 379 380
379 380
380
385 386 387
386 387
387
391
393 394
394
397 756
398 399
399 401
401 403
403 405
405 406
406
409 411
411 412
412
414 416
416 417
417 419
419 420 421
420 421
421
424 426
426 427 428
427 428 429
428 429
429
437
440 441
441
444 445
445
449
451
454 852
460
464 465 466
465 466
466
470
475 477
477 478
478 480
480 482 755
481 482
482
485 486
486
489 491 517
491 493 909 964
493 494
494
497 498 499
498 499 500
499 500
500 502
502
504
506 508
508 509 510
509 510
510
514 515 516
515 516 517
516 518
517 518
518 519 520
519 520
520 521
521
524 526
526 527
527 529
529 530 531
530 531
531
536 537
537
542 543 544
543 544 545 723
544 545 546
545 546
546
549
555 557 894
557 558
558 560
560
561 788
563 564 565
564 948 871
565
568 569 570
569 570
570 572
572 573
573 575
575 576
576 578 923
578
581 582 583
582 583 584
583 584 602
584 585
585 587
587
593 594
594
598
602
604
607 608
608 610
610
614 616
616
620 621
621 623
623 624
624
627 628
628
631
635 637
637 638 639
638 639 640
639 640
640 642
642 644
643 644 645 941
644 645 646
645 646
646
650
655 656 657
656 657 658
657 658
658
660 661 662
661 662
662 664
664 665 666
665 667
666 667
667 669
669
670
674 675
675 676
676
681
684 686
686
689 690
690
694
700 701 702
701 702
702
705
712
715 716
716
720 721 722
721 722 723
722 723
723
729 731
731 732
732
735 737
737 739
739
745 747 798
747
754 755 756
755 756 757
756 757
757 759
759 760 761
760 761
761
765
768 769 861
769
777 778 779
778 779
779 781
781
786 787 788
787 788
788
791 792
792 794
794 795 796
795 796
796
798
799 801
801 802 803
802 803
803 805 946
805
811 812 813
812 813 814
813 814
814
817 818
818 820
820 821
821
825
828
834 836
836
839
842 843
843 845
845 847
846 847
847
851 852
852 854
854 855
855
858
861
864 866
866
871 872
872
878 879 896
879
885
887 889
889 890
890
894 896
895 896
896
899 900
900
903
906
909
920 921 922
921 922 923
922 923
923 924
924
928 930
930 931
931
938 939
939 941
941
946 947 948
947 948
948
953 954 955
954 955
955
959 961
961
964 965
965 967
967 968
968
974 976
976
981
984 985 986
985 986
986 988
988
992
995 996 997
996 997
997
