#naive2.0.py
# GMT Fri Feb 14 14:28:06 2020
# 
1 3
3 4
4 6
6
9 10 11
10 11
11
16 254
18 526 733
19
23 25
25 27
27 288
30
34 35
35 37
37 38 39
38 40
39 40 155
40 42
42
45 46
46
51
56 57
57 59 167
59
63 64 65
64 766 375
65 66 809
66 67
67
70 71
71
74 75
75 77
77 79
79 81
81
89
92 93
93
98 99 100
99 100
100
102
106
109 111
111 113 367
112 114
113 114 370
114 116
116 117 153
117
122
126 127
127 129 367
129 298
135 137
137
139 140
140 142 973 713
142 143 144
143 144 145
144
145
147
153 155
155
156
158 159
159 567 285
161 163
163 165
164 165
165 167
167 168
168
171 172
172 173 174
173 174
174
183 184 185 624
184 185
185
188 189 190
189 190
190
197 199
198 199
199 201
201 202 203
202 203
203 205
205 284
210 211 212
211 212 213
212 213
213 215
215 216
216
219 895
223 490
227 228
228 230
230
233 234 520
234
238
248 249
249
253 254 255
254 255
255 257
257 258 259
258 259
259 261
261
264 266
266
272
276
282 283 284 290
283 284
284 285
285 287
287 288
288
290 291
291 293
293 295
295 297 716
296 298 360
297 298
298 299
299
302
305 307
307 309
309 310 311
310 311 312
311 312
312 314
314
319 321
321 323
323 324
324
330
333 334 445
334 336
336 338
338 340
340 342
342
343
346
355
360 361
361 363
363 365
365 366 367
366 367 368
367 368
368 370
370
373 375
375 377
377 379
378 379 380
379 380
380
383 384
384 386
386 387 388
387 388
388
391
396
399
409 410
410
414
417 418 419
418 420
419 420
420
423 425
425 426 427
426 427
427
436 438
438 440
440 441 442
441 442 443
442 443 444
443 444 445 646
444 445
445
449
451 453 619
452 738
453 455
455
458
461
466 467
467
470 471
471
474 476
476
481 483
483
486
489 490
490
496 497 498
497 498
498
501 502
502
504 505
505 507
507
508
511 513
513
516 518 918
518 519 520
519 520
520
522 523
523 525
525 526 527
526 527 528
527 528
528 530
530
533 535
535
541 543 553
543
546
552 553
553
555
558
562
566 567
567
570 572
572 573 574
573 574
574 576
576 578 923
578 579
579 741
581
585 586 587
586 587 588
587 588
588
591 592
592 594
594
599 601
601 603
603
605 606
606
609 610
610 888
613 614 615
614 616 831
615 616
616 618
618 620
619 620
620 622
622 624
624 626
626
627
630 981
631 633
633 634 635
634 635 636
635 636 637
636 637
637
644 646
646
647 649
649
653 655 790
655 656
656
660 662
662 663 664
663 664
664 666
666 667 668
667 668
668
671 672
672
675 676
676
681 683
683 684 863
684 686
686 688
688 689
689
693 694
694 696
696 698
698 699
699
704 705
705
710 866
713
715 716 717 806
716 718
717 718
718 720
720 721
721
726 728
728
733
738
741 743
743 745
745 798
751 753
753
762
765 766 767
766 767 768
767 768 769
768 769
769 771
771 772 773
772 773
773 775
775 777
777 779
779 781
781 782
782
785 786
786
790
792 794
794
797 798
798
801 802 803
802 803
803 946
806 808
808 809 810
809 810
810
817 818
818 820
820
827
830 831 832
831 832
832
836
844 846
846
849
854
858 859
859
862 863 864
863 864
864 866
866
868
872 873 874
873 874 875
874 875
875
878
881 882 883
882 883 884
883 884
884
887 888
888
892
895 897
897
903 905
905 907
907 908
908
912 914
914 915
915 917
917 918 919
918
919 921
921 922 923
922 923
923 924
924 925
925
928 930
930
933
936
946 948
948 949
949 951
951 952 953
952 953 954
953 954 955
954 955
955
959 960 961
960 961
961
964
966
969
972 973 974
973
974
977 979
979 980 981
980 981 982
981 982 983
982 983 984
983 984
984 986
986
989
992 993
993
997 998
998
