#naive2.0.py
# GMT Fri Feb 14 14:28:03 2020
# 
1 2 999
2 4
4 5 6
5 6 7
6 7 8
7 8 9
8 9
9
12 14
14 107
16 254 950
19 225
23 24
24 26
26 28
28 30
30
35 650
39
42 43 491
43 45
45 46
46
49 50
50 52
52 53 54 516
53 54
54
57
58 60
60 61 62
61
62 64
64
65 809
67
70 72
72 74
74 75
75
78
84 85
85
88 89
89
93 95
95 96 474
96 98
98 556
102 103 987
103 105
105 107
107 109
109 110 111 593
110 111 112
111 113
112 114
113 114
114 116 855
116 153
120 121 122
121 122 386
122 123
123
127
135 136 137
136 137 138 845
137 138 289
138 140 347
140 142 392
142 143
143 145
145 146 812
146 147 148
147 148
148
153 154
154 156
156 157
157 158
158
161 162
162
166
170 172
172 173 665
173 175
175 176
176
180 181
181
183 185 624 956
185
190 192
192
197
201 203
203 204 205
204 205
205 284 559
206 208
208 210
210 211
211
218 220
220 221
221 222
222 224
224 225
225 227
227 228 229
228 229
229
233 235
235 602
238
241
243 244
244
248
252 253 254
253 254 255
254 255 256
255 256
256 846
259 261
261 262 263
262 263 264
263 264
264 266
266 267
267
270 686
271
274 275 276
275 276 962
276 278
278 279
279
284 286
286
289
292
295 716
296 298 360
298 300
300 301 302
301 302 303
302 303
303 845
307 308 309
308 309 310 798
309 310
310
315 316
316 318
318 320
320 321 322
321 322
322
325 327
327 328 329
328
329 331
331
338 340
340 341 342
341 342 343
342 344
343 344 537
344 346
346 347 348
347
348
352 353
353
356
359 360 361
360 361
361 363
363 364 365
364 365
365
368
373 374
374
380 382
382 383 384
383 384
384 386
386
392
398 399
399
402 403
403 405
405 407
407 409 854
408 409 410
409 410 411
410 411 412
411 412 413
412 413 807
413 414
414 416
416
420 422
422 669
424
430 432
432 433
433 435
435 437
437 439
439 440
440
443 646
446
449 450
450 451
451 453
453 455
455 457
457 459
459 460 461
460 461
461 462
462
464
468 469 470
469 470 471
470 471
471 473
473 474
474
478 479
479
482 949
483 485
485 486
486 877
489 491 517
491 909
494 496
496 497
497
500 502
502
504 910
507
510
515 516 517
516 918
517
523 524 525
524 525 526
525 526
526
529
533
534 536
536 537 538
537
538
542 544
544 545
545
548 549
549 551
551 552
552
556
559
563 565
565
568 570
570 572
572 573 574
573 574
574
577 579
579 741
582
588
591 593
593
597 598
598 599 600
599 600
600 602
602
604 606
606 608
608
611 612 613
612 613
613
616
620 621
621 623
623 624 860
624 626
626 703
627
630 981
633 634 635
634 635
635
638 639
639 641
641
643 941
646 648
647 648 649
648 649 650
649 650 651
650 651 994
651 652 653
652 653 654
653 654 790
654
657 659
659 661
661
665
666
669
673 675
675 676
676
679 783
684 685 686
685 686 687
686 687
687
689
695 889
698 699
699
703 705
705 706 945
706 708
708
712
715 716 717 806
716 718
717 718
718 720
720 721
721 723
723 725
724 791
725 727
727 728 729
728 729
729
733
738
741
746
749
754 755
755
759
762
768 770
770 772
772 773 774
773 774 775
774 775 776
775 776 777
776 777 778
777 778 779
778 779 780
779 780
780
783 784
784
786 787
787 789 912
789 790 791
790 791
791 792
792
797 798 799
798
799
802
805 806 807
806
807 809
809 810 811
810 811 812
811 812
812 814
814 815 816
815 816
816 818
818 819
819 821
821 822 823
822 823
823 825
825 827
827 828 829
828 829 830
829 830
830
833
837 839
839 840
840 842
842 843 844
843 844 845
844 845 846
845 847
846 847
847
854 855
855
860
864 866
866 867
867 869
869
872 873
873
877
881 883
883 885
885 886 891
886
889 891
891
894
895
902 903
903
906 908
908 909 910
909 910
910 912
912 914
913 914
914
917 918 919
918
919 921
921
928 929
929
932
936
940 941 942
941 942
942
945 946
946
949 950
950
954 956
956
961 962
962
968 970
970 971
971
979 980 981
980 981 982
981 982 983
982 983
983 985
985 986 987
986 987
987 989
989
993 994
994 996
996 997
997 999
999
