#naive2.0.py
# GMT Fri Feb 14 14:28:10 2020
# 
0
3 5 220
5 7
7 8
8 10
10
13
16 950
18 733
19 20 21 225
20 21
21 23
23
28 30
30 31 32
31 32
32 33 34
33 34
34
37 39
39
45 47
47 49
49 50
50 171
54 55 56
55 56
56
60 61 62
61 528
62
66 67 68
67 68
68 70
70 71 72
71 72 73
72 73 74
73 74
74 76
76 77
77 79
79 80
80
83 84 85
84 85 838
85 86 163
86
100 101
101 102 103
102 103 987
103 897
104
109 111 593
111
116 153
118 119 120
119 120
120 122
122 123
123 125 817
125 127 868
126 127
127
133 134 135
134 135 136
135 136
136 138 845
138 139 140
139 140 141
140 141 142
141 142
142
145 146
146 148
148
152 153
153
157 158
158 160
160
163 165
165 167
167
171 789
175 177
177 178
178
182 183
183 185 956
185
189 190 191
190 191 192
191 192 193 736
192 193
193 195
195 196 197
196 197
197
200 201
201
204
209
212 213 214
213 214 215
214 215
215
218 219 220
219 220
220 221
221
225 227
226 227
227
230
234 235 236
235 237 602
236 237
237
241
243
247 248
248
256 258
258 260
260 261
261 263
263
268 269 270
269 270
270 272 686
272
275 962
278 280
280 281
281 282 283 674
282 283
283
285 287
287
293 294 295
294 295
295 716
298 299
299 301
301
305
308
311 312
312 314
314
319 320 321
320 321
321 323
323 324
324 326
326
329 330 331
330 331
331
335 336 337
336 337
337 339
339 341
341
348
351 353
353
356
359 360 361
360 361
361
364
370 372
371 372 373
372 374
373 374
374 376
376 377 378
377 379 382
378 379
379 381
381 382
382
385 386
386
389 390
390
396 397 398
397 756
398 399
399 401
401
405
409 410
410 412
412
414 416
416
420 421
421
424 426
426 427 428
427 428
428 430
430 431
431
436 437
437
441 443 724
443
449 740
451 453
453 454
454
456 457
457
463 464 465
464 465
465 467
467 468
468 470
470 472
472 473
473
478
482
483 485
485 486
486 488
488 490
489 490 491
490
491
495 496 497
496 497
497
501 502
502 740
504 910
507
508 510
510 511 512
511 512 513
512 513
513
518 519 520
519 520
520 521
521 523 782
523 524
524
528
534 535
535
541 542 543 553
542 543
543 545 723
545 546
546 548
548
553
555 556
556
565
570 571 572
571 573
572 573
573
576 577
577
583 602
585
588
592 593
593
595 596
596 598
598 600
600 602
602 603
603 604 784
604 605 606
605 606
606
609 611
611
615 616
616
620 621
621
625
628 630
630 981
633
636 637 638
637 638 639
638 639
639
643 644 645
644 645
645 647
647 649
649
652 653
653 655 790
655 657
657 659
659 661
661 662 663
662 663 664
663 664 665
664 665
665 667
667
670 671
671
674
684 685 686
685 686 687
686 687
687
693 694 695
694 695
695
699 700
700
703
706
710 711 712
711 712
712
715 716
716
721 723
723
724
730 731
731 733
733 734 735
734 735 736
735 736
736 738
738
740 742
742
743
746
747
754 756
756 757 758
757 758
758 760
760 761
761 841
763 764 765
764 765
765
769 770
770 772
772
776 778
778 780
780 781 782
781 782 783
782 783 784
783 784 785 978
784 785
785 786 787
786 787 788
787 788 789
788 789 790
789 790
790
792
799 801
801
808 810
810
816 817 818
817 818
818
823
826 827
827 828
828 830
830
834 835
835
838
841 842 843
842 843
843 845
845 847
847
855
860
863
868 869 870
869 870
870
874 875 876
875 876
876 878
878 896
881 882
882 884
884
887 888
888 890
890 891
891
896 898
897 898 899
898 899
899
903 905
905 906 907
906 907
907
910 911
911
914 916
916 917
917 919
919 921
921
924
928 930
930 931
931
935 936
936
939 940
940
946 947
947
950 952
952 953 954
953 954 955
954 955 956
955 956
956
962 963
963 965
965 967
967
978 980
979 980 981
980 981 982
981 982
982
986 987 988
987 988 989
988 989 990
989
990
994
