#naive2.0.py
# GMT Fri Feb 14 14:28:03 2020
# 
0 1 999
1 3 999
3 220
7 9
9 10 11
10 11 12
11 12
12 14
14 15
15 16 17
16 950
17 18
18
22
25
29 30
30 32
32 33
33
36 37 38
37 38 39
38 115
39 41
41
45 47
47 48
48 922
55
58
63
70 71 72
71 72
72 74
74
78 80
80 82
82 83 84
83 84
84
86 88
88 89
89
96 98
98 99 556
99
102
105 106
106 108
108
111 113
112 114 195
113 114 115 370
114 115 116 855
115 116 117
116 117
117 118 119
118 119
119
122 123 124
123
124
127
131
142 144
144 406 381
145
147 148 149
148 149
149
156 404
158 159 160
159 160 567
160 705
163
164 166
166
169 170 517
170 172
172 173 665
173 175
175
180 181
181 607
183
186 188
188
193 195
195
198 199
199
203 204 796
204 567
208 209
209
213
217 219
219 220
220 221
221 222 223
222 223
223 225
225
228
231 764
234
239 240 241
240 241
241
243 244 245
244 245 246
245 246
246 248
248 249 250
249 250
250
253 255
255 256 257
256 257 258 846
257 258
258 260
260 261
261
268 269 270
269 270 271
270
271
274 276
276 277 278
277 278
278
281 283
283
286 288
288
290
294 296
296
297
300 301
301
307
311 313
313 315
315 316
316
319 321
321
334 335 336
335 336
336 338
338
344
349 350
350
354 356
356 358
358
365 366
366 368
368 369 370
369 370
370 372
372 374
374 376
376
380 381 382
381 382 383
382 383 384
383 384
384
388 390
390
393 394
394
398 400
400
404 405
405 406
406 408
408
411 413
413 414 415
414 415 416
415 416 417
416 417
417
420 421
421 423
423 424
424 426
426
429 430 431
430 431
431
435
438
443
447
448 450
450 451 452
451 619
452 454
454
457 459
459 460
460
462 463
463
467 469
469 470
470 472
472 473
473 474
474
477 479
479 480
480
484 486 746
486 488 877
487 488 489
488 748
489 491 517
491 909
494
497
500 501 502
501 502
502
504
510 511 512
511 512 513
512 513
513
517 518
518 520
520 521
521 782
531 532
532 534
534 535 536
535 536 825
536 538
538
542 543
543 723
546 547 548
547 548 549
548 549 550
549 550
550 552
552
555 556 557 894
556 558
557 558 559
558 559 560
559 561
560
561 788
563 564
564 654
567
568
572
577
583
587 589
589 591
591 592
592 594
594 595
595 597
597 598
598 600
600
603 604
604
607 608
608 610
610 888
611 613
613
618
619
630 632 981
632 634
634 635
635
638 640
640
643 644 645
644 645
645 647 708
647 648 649
648 649 650
649 650 651
650 651 994
651
654
655
663 664 665
664 665 666
665 667
666 667 668
667 668
668
673 675
675 677
677 679
679 681 783
681 682 683
682 683 684
683 684
684
690 692
692 693
693 695
695 889
696 698
698 699
699
703 705
705
708 710
709 710 711
710 711 712
711 712 713
712 713 714
713 714
714 715
715 806
718
721 722 723
722 723 724
723
724 791
726 727 728
727 728
728 730
730
735 736 737
736
737
741 742 743
742
743 745
745 746
746 748
748
749
753
756 758
758
762 764
764 765
765 766 767
766 767 768
767 768 769
768 769 770
769 770
770 772
772 773
773 775
775 776 777
776 777
777 779
779 781
781 782 783
782 783
783
788 789
789 791
791 792
792
795 796
796 823
800 801
801 803
803 805 946
805 806 807
806 808
807 808
808
813 814 815
814 815 816
815 816
816 818
818 819 820
819 820
820
822 823
823 825
825 827
827 828
828
831 832 833
832 833
833
836
845 847
846 847
847 849
849 851
851
854 855
855
858 860
860
868 869
869
873 874 875
874 875 876
875 876 877
876 877 878
877 878 879
878 879 880
879 880
880
887 888 889
888 889
889 891
891 892 893
892 893 894
893 894
894
903 904 905
904 905 906
905 906
906
909
912 914
913 914
914
918
922 923
923
927 929
929
935 936
936
940
946
950 951 952
951 952 953
952 953 954
953 954
954
957 959
959
967
971 973
973 975
974 975
975
981
984
990
993 994 995
994 995
995 997
997 999
999
