#naive2.0.py
# GMT Fri Feb 14 14:28:09 2020
# 
0 1 2
1 2 3
2 3 4
3 4 5
4 5
5
12
16 254
19 21 225
21 22 23
22 23
23
27 29
29 30 364
30 31 32
31 32
32 34
34
38
41 42 43
42 43
43 44
44
47 48 205
48
51 53
53 54
54 56
56
60 61 62
61 63 660 528
62 63 64
63 64
64
66 67
67 69
69
71
75 76
76
79
85
89 91
91 93 328
93
94
97 98
98 100
100 101 833
101 102
102
109 110 111 593
110 111
111 113
113 114
114 116
116 153
121
123
126 127 128
127 129
128 129
129 298
131 133
133 134
134 136
136 137 845
137 289
142
146 147
147 149
149 150 151
150 151
151 344
153
158 159
159 567 285
161
165 166 167
166 167 168
167 168
168
172
175 177
177 178
178 180
180 182
182
188 189 190
189 190 191
190 191
191 736
199 200
200
205 284
208
211
214 216
216 217
217
222 223 224
223 224 225 490
224 225 226
225 227
226 227
227
238 239 240
239 240
240
242 244
244 304
247 249
249
253 254
254
264 266
266
273 274
274 276
276 277
277 279
279 280
280 344
284 285 286
285 286 287
286 287
287 289
289 290 615
290
292 293
293 295
295 716
298 299
299 301
301 303
303 304 845
304
305 306 307
306 307 308
307 308 309
308 309 310
309 310 311
310 311 312
311 312
312 314
314 315 316
315 316
316 318
318 319 642
319
323 324
324
328 330
329 330 331
330 331 540
331 332 333
332 333
333 445
337 338 339
338 339 340
339 340
340 342
342 344 560
343 344 537
344
347
348
352 353
353 355
355 357
357 358
358
364 969
369
374
379 380
380 382
382 384
384
390 392
392 394
394 395
395
401 815
408 409 410
409 410 411
410 411
411 413
413 415
415
418 420 604
420 421 422
421 422 423
422 423
423 424
424
430
436 437 438
437 438 439
438 439 440
439 440
440
445
451
454 852 793
458
464 466
466 468
468 469 470
469 470 471
470 471 472
471 472
472
475 476
476
482 484
483 484
484
490 492
492 493
493 495
495 496
496 498
498 499 500
499 500 501
500 501 502
501 502
502
506 507
507 509
509 510
510 511 512
511 512 513
512 513 514
513 514 515
514 515
515
521
524 525
525 527
527 528 529
528 530
529 530 531
530 531 532
531 532
532 534 802
534 535 536
535 536 537
536 537
537
540 542
542
546 547 548
547 548 549
548 549
549
552
560 562
562
566 567 568
567 569
568 569 570
569 570 571
570 571
571
575 576 577
576 577 923
577 579
579 741
582 584
584 586
586 587 588
587 588
588
591 593
593 594
594 596
596
599 600 629
600
603 604
604 605
605 607
607 608
608
615
617 618
618
623
626 628
627 628 629
628 630 819
629 630
630 632
631 632
632 634
634 636
636
641 642
642
643 645 941
645 646 708
646 648
648 649
649 651
651 653
653 655
655 657
657
660 661
661
664 666
666 668
668
671
681 683
683 863
689
697 698 865
698
701 702
702
705 706
706 708
708
709
713 714
714 716
716
717 719
719 720 721
720 721
721 723
723 725
724 791
725 726
726
731 733
733 734
734 736
736 738
737 738 739
738 739
739 741
741
748
749
754 755
755
758 760
760 761
761
764
768
773 775
775
778
786
791 793
793
795 796 797
796
797
800 802
802
804
807 808 809
808 809 810
809 810
810
813 815
815 816
816 818
818 819 820
819 820
820
832 833
833
837 839
839
842 844
844 845
845
850 865
852
853
856 858
858 859
859
862 863 864
863 864
864 866
865
866
869 870
870
877
881 882 883
882 883
883
886
889
892
898 899 900
899 900
900
904 905
905 907
907 908
908
911
915 917
917 918 919
918
919
923
925 926
926 928
928 929
929 931
931
937 939
939 940 941
940 941 942
941 942
942
946 947 948
947 948
948
952 953 954
953 954
954 956
956 958
957 958 959
958 959
959 961
961 963
963
966 967
967 969
969 970
970 972
972
980
983
989 991
990 991 992
991
992
995 996
996
