#naive2.0.py
# GMT Fri Feb 14 14:28:03 2020
# 
0 1
1
4 6
6 8
8 10
10 11
11 13
13 531
14
16 950
19 21 225
21 22 23
22 23 24
23 24
24
29 30
30 31
31
35
36 38
38 40 115
39 40 41
40 41
41 43
43 44
44
48 50 922
50 171
51 53
53 55
55 56 57
56 57
57 167
60 61
61 63 528
63 65
65 66
66 67
67 69
69
71 73
73 74
74 76
76 77 78
77 78
78 80
80 82
82 83
83 998
86 87
87
92 93
93 269
98 556
101 102
102
108 109
109 593
115 117
117 118
118
122 123 124
123 125
124 125 126
125
126 128 447
128 130
130 131 132 397
131 132 133
132 133
133
136 845
140 141 142 392 973
141 142 143
142 143 144
143 144
144
146
150 151 152
151 152
152
156 157
157 159
159
161 162 163
162 163 164
163 991
164 166
166 167
167
170 171
171
174 176
176 177
177
180 181
181 215
188 189
189
194
197 199
198 199 200
199 200
200
203 205 796
205 559
209 211
211
215
220 221
221 222
222 224
224 225 226
225
226 971
228 229
229
232 234 951
234 235
235 237 856 602
237
243 245
245 246
246
249 250 251
250 251 252
251 252
252
255 257
257
267 268 269
268 269
269 271
271 273
273 274 275
274 275
275 962
278 280
280 281
281 282 283
282 283
283 446
286
292 293 294
293 294
294 296
296 298 360
297 298
298 299 300
299 300
300 302
302 304
304
307
312
315
318
321
325
333 335
335
338
341 343
343 345
345 346
346
349 350 351
350 351
351 353
353
356 358
358 360
360 362
362 597
366 367
367
375
378
382 383 384
383 384 385
384 385 386
385 386 387
386 387
387 389
389
392
393 395 989
395 396 397
396 397
397 756
399 400
400 402
402 403
403
411
418
419 421
421
424 426
426
430 431 432
431 432 886
432
435 436 437
436 437 438
437 438
438
442
446 447 448
447
448
452 744 738
455 457
457
461 462
462
464 466
466 468
468 469
469
472
482 949
483 485
485 486 487
486 488
487 488 489
488
489 517
492
499
502 740
505 506
506
510 512
512 514
514
517
520 521
521
526 528
528 530
530 531 532
531 532 533
532 533 802
533
536
539 541
541 543 553
543
548 549
549 551
551 553
553 554
554 555 556
555 556 894
556 558
558 559
559
562 564
564 948 871
565
568 570
570
574
581 582 583
582 583
583 602
590
593
595 597
597
601 602
602
605 606
606
609 610
610
615 616
616 617
617
621 623
623 624 860
624
628 819
629
631 632
632 634
634
638 640
640
645 646 647
646
647
652 653
653 790
656 657 658
657 658
658
662 663
663
667 668 669
668 669 670
669 671
670 671 672
671 672 673
672 673
673
677
680
684 686
686 688
688
693
699
702 703
703
706
712
716
717
722
725
728
731
738 739
739 740 741
740 741 742
741 742
742 744
744 745 746
745 746
746
750 752
752
755 756
756 758
758
762 764
764
766 767
767
770
773 775
775 776
776 778
778 779 780
779 780
780
783 785
785 786 787
786 787
787
790
793 794
794 796
796
799 800
800 802
802 803
803
804 806
806
811 812 813
812 813 814
813 814
814 816
816 818
818 819 820
819 820 821
820 821
821
824
827
830 832
832 833 834
833 834 835
834 835
835 837
837 839
839
843 845
845
846
848 849
849 851
851
856
859 860
860
864 866 975
865 867
866 867
867 869
869 871
871
873 875
875 876
876
879 880 881
880 881
881 883
883
886 887
887 889
889 890 891
890 891
891 892 893
892 893 894
893 894 895
894
895 897
897 899
899
902 904
904 906
906 908
908 909
909
917
920 921 922
921 922
922
926 927
927 929
929 931
931 932
932
937 939
939 940 941
940 941 942
941 942
942 943 944
943 944 945
944 945
945 947
947 948 949
948 949 950
949 950 951
950 951 952
951 952
952
959 960
960 962
962 964
964
970 971 972
971 972 973
972 973
973 975
975
981 982 983
982 983 984
983 984
984 986
986 988
988 989
989 991
991 993
993 995
995 997
997 998
998
