#naive2.0.py
# GMT Fri Feb 14 14:28:07 2020
# 
0 999 2
2 4
4
8 9
9 11
11
14 107
19 20
20 22
22 23
23
26
33 34 35
34 35 36
35 37 650
36 37 38
37 38
38
44 46
46 47
47
51
57 167
58 60
60
66
71 73
73 74 75
74 75
75
78 80
80
87 88
88 90
90 585
92 93
93
96 97
97
107 448
108
111 113
112
113
116
118
122 124
124 126
126
135
139 141
141
144 406
146 147 148
147 148
148 150
150 152
152 154
154 156
156
158
161 162 163
162 163
163 991
166 167
167
172 173
173 175
175 176
176
179
184 185
185
188 190
190 191
191 193
193 194
194 196
196 766
201 203
203 796
206 208
208 210
210 211
211 213
213
216 217
217
220 221
221 223
223
228 571
233
237 238
238
241
243 244 245
244 245 246 304
245 246
246 596
249
254
257 258 259
258 259
259
263 264
264
267
270 686
275
277 278
278 280
280
282
285 287
287 289
289 291
291
298
301
304
305 306 307
306 307 308
307 308
308
311
315 316
316 317
317
319 321
321
325 326 327
326 327
327 329
329
332 333
333
336
339 341
341 342
342
346
349 351
351 353
353 354
354
358 360
360 362
362 363
363 365
365 366
366
369
378 380
380
384 385
385
393
398
401 403 815
403 405
405 406 407
406 407 408
407
408
411 413
413 415
415 417
417
420 421
421 423
423 425
425 427
427 428 429
428 429 430
429 430
430
433 509
439 440
440
443
446 448
448 450
450 451
451
454
459
463
466 467 468
467 468
468
472 473
473 474
474 476
476 478
478 479 480
479 480
480 755
486 877
487
493 495
495
498 499
499
504 505 910
505 506
506 508
508 509 510
509 510
510 511
511 513
513 514 515
514 515
515
519 829
521
522
525 526
526
532
535 537
537 539
539 540
540 542
542 544
544
550
562 564
564 871
568
571
577 578
578
582 583
583 602
585 587
587
591 593
593
596 598
598 600
600 601 602
601 602 603
602 603
603
606 608
608
616 617
617
620
623
629
631
635 637
637
641
644 645
645 708
648 650
650
652
657 659
659 660 661
660 661
661 663
663 664
664
667 669
669
670
673 675
675 676 677
676 677
677
680 682
682 684
684 686
686 687
687
689
692 693
693 695
695
696
699
702 703
703
706 708
708 710
709 710 711
710 711 712 866
711 712 713
712 713 714
713 714
714
718 734
719 721
721 723
723 725
724
725 726
726
730 731 732
731 732 733
732 733 734
733 734
734
738
740 742
742
743 745
745 746 747
746 748
747
748
752 753 754
753 755
754 755 756
755 756 757
756 757 758
757 758 759
758 759 760
759 760 761
760 761 762
761 762
762
766 767 768
767 768
768 770
770
774
779
783
789
795 796
796
799 800 801
800 801
801
809 811
811
815
820
828 829
829
832 833
833
836 837 838
837 838 839
838 839
839
842 844
844 845 846
845 847
846 847
847
850
856 858
858
862 863
863
866 867
867
870 871 872
871 872
872 873
873 875
875 876 877
876 877 878
877 878
878 896
882 883
883 885
885
887 888
888 890
890
893 894 895
894 896
895 896
896 898
898 900
900 902
902 903
903
907 908 909
908 909 910
909 910
910 912
912 914
914 916
916 917 918
917 918 919
918 920
919 920
920
923 924
924 926
926
930 932
932 933 934
933 934 935
934 935 936
935 936 937
936 937 938
937 938 939
938 939
939
943 944
944 946
946
949 950
950
956
959 960
960
965 966
966 968
968
971 972 973
972 973
973
977
982
986 987
987
991
992
997 998 999
998 999
999
