#naive2.0.py
# GMT Fri Feb 14 14:28:08 2020
# 
2
6 7
7
14 15 107
15
19
23 24 25
24 25
25 27
27 29
29 30 364
30
33 34 35
34 35
35 37 650
37 38 39
38 115
39 41 155
41 42 43
42 43 491
43 45
45 46
46 48
48 922
52 53
53 55
55
59 61
61 528
66 67 68
67 68 69
68 69 70
69 70
70 72
72 73
73
78
81 82
82 84
84 838
87 89 503
89 91
91 328
96
100
105 107
107
110 112
112 114 195
113 114 115 370
114 115
115 117
117
120
124
129 130
130 131 850 241
131 133
133
140 392 973
144 406
146 147 148
147 148
148
151 152 344
152 153
153 155
155 157 472
157
160
161
164 165
165
169
172 173 174
173 174
174
178 179 180
179 180
180
183 956
188 189
189 191
191 192
192 194
194 195
195
203 204
204 567
206 207 208
207 208 209
208 209
209
215 216 217 748
216 217
217 219
219 220 895
220
222 223 224
223 224
224
227
230
233 520
236 237 238
237 238 239
238 239
239 241
241
243 244
244
247
255
258
261 263
263 264
264 266
266 890
274 275
275
277 278
278
283 284
284 285
285 287
287 289
289 290
290
295 404
299 301
301
305 306 307
306 307
307
310 311 312
311 312 313
312 313 314
313 314
314
317 985
324
328
331 333
333 445
336 337
337
340 341 342
341 342 343
342 344 560
343 344 345 537
344 345
345
348 350
350 351 687
351 353
353
360 362
362 363 364 597
363 364
364 366
366 367
367
370 372
371 372
372 374 599
374 375 376
375 376
376 378
378 380
380
388
391 392 835
392
396 398
398 399 400
399 400 401
400 401
401
404
406 407
407
411 413
413 414
414
417 419
419
424 425 426
425 426 427
426 427 428
427 428
428
433 435 509
435 437
437 438 439
438 439
439
445
450 451
451 453
453
456 458
458 459
459
464 465
465 467
467
472 473
473 474 475
474
475 477
477 479
479
482 484
483 484
484 486 746
486 488
488 748
489 491
491 493
493 494 495
494 495
495
498
501 503
503 505
505 506
506
509
511 512 513
512 513
513
519 520
520
522 523 524
523 524
524
528
529 531
531 533
533
534 536
536 537 538
537 539
538 539
539 541
541 543
543 544 723
544 546
546
549 550
550
556 558
558 560
560 562
562 563 564
563 564 565
564 566 654
565 566 567
566 567
567
570
573 574 575
574 575
575
579 741
582 584
584 585 586
585 586 587
586 587 588
587 588 589
588 589 590
589 590
590
594
597 598
598 599
599 601 629
601 602 603
602 603
603 604
604 605 606
605 606 607
606 607
607 609
609 610
610 612
612
618 787
621 622 623
622 623
623 625
625
628
629
631 632
632 634
634
640 641
641
643 941
650 994
653 654 790
654
656 657
657
661 663
663
666
669
670 672
672 674
674
676 677
677 679
679 681 783
680 681 682
681 682
682 684
684 685 686
685 686 687
686 687 688
687 688
688
691 692
692 694
694 696
696 698
698 700
700 701
701 703
703 704
704 706
706 708
708 710
710 711 866
711
714 715
715
718
721 722 723
722 723
723
727 729
729 730
730
733
737 739
739 741
741
745 746 798
746 748
748 750
749 750
750 752
752 754
754
758 760
760 761
761
763
771 772 773
772 773
773
776 777 778
777 778
778
783 978
787 912
790
793
795 797
797 798 799
798
799 800
800
804
807 808 809
808 809
809 811
811 812 813
812 813
813
823
827
832
835 837
837 838
838
840
843 845
845
850
851 852
852
866 867
867 869
869 870
870 872
872 873
873 875
875
880
883
886
890 891
891
894
895 897
897 898 899
898 899
899
903
907
910 912
912
915 916
916 918
918 920
920 922
922 923
923
925 926
926
929
932
935
941 942
942 944
944 945
945
951 952 953
952 953
953 955
955 956 957
956
957 959
959 961
961 963
963 965
965
968 970
970
973 975
975 976
976 978
978
981
984 985
985
988 990
990 992
992 994
994 995
995
999
