#naive2.0.py
# GMT Fri Feb 14 14:28:03 2020
# 
0 1 999
1 999
5 6 7
6 7
7 9
9 11
11
14
16 254
17
20 21
21
26 27
27
33 34 35
34 35
35 37 650
37
41 42
42
46 47 48
47 48 205
48
51
55 56
56
59 61
61
62
66
71 73
73 74
74 76
76 78
78 79 80
79 80 81
80 81
81
87 89
89 91
91 92 93
92 93 94
93 95
94 95 96
95 96 474
96
99
102 103
103
106 108
108 110
110
116
118 119 120
119 120 121
120 121 122
121 122 386
122
126 127
127 129
129 298
132
136 137 845
137
142 143 144
143 144 145
144 406 381
145 146
146 147
147
150
155 472
156
160
164 165
165
169 517
171 172 789
172 174
174
179 180 181
180 181
181
184 185
185 187
187
192 194
194 195 196
195 196 197
196 197 766
197
202
205 284
210 211 212
211 212 213
212 213 214
213 214
214
220
222 224
224 226
226
229 231
231 233 764
233 234 235
234 235
235 856 602
239 240 241
240 241
241 242
242 243
243
246 248 596
248
251 252 253
252 253 254
253 254 255
254 255 256
255 256 257
256 257 846
257 259
259 261
261 263
263 265
265 342
274 275 276
275 276 962
276 278
278 279
279
284 286
286
293 294 295
294 295 296
295 297 716
296 298
297 298 996
298 299
299
303 304 845
304
306 308
308 309 310
309 310
310
314
317
322
326
329 331
331 332 333
332 333
333 445
337
342 344
344 345 346
345 346 347
346 347
347 349
349 350
350 687
354
359
363 365
365 366
366
370
373 375
375 376
376 378
378
381 383
383 384 385
384 385 386
385 386
386
389 390 391
390 391 392
391 392
392 394
394 395
395
399
402
406
409 411
411
415
419
422 423 669
423 425
425
428 429
429 431
431
433 434 509
434
444 445
445
448 449
449
451 453 619
453
456 820
459 461
461
464 465
465 467
467 469
469 470
470 472
472
474
475
482
486 488 877
488
494
501
504 910
506 508
508 509
509
511 512
512
517
519
521
522
525
530 532
532
535
540
546 548
548 549 550
549 550
550 552
552 553 554
553 554
554 555 556
555 556
556
561 562
562 563
563
567
574
577 578 579
578 579 580
579 580 742
580 581 582
581 582 583
582 583 584
583 584 602
584 585
585 587
587 588 589
588 589
589
594 596
596
600 602
602
605
613 615
615 616
616 617
617 619
619 620 621
620 621
621 623
623
627
630
636 638
638 639
639 641
641
646
650 651
651 652
652
656
662 664
664 666
666
669 671
671
674
677
680 681 682
681 682
682 684
684 686
686 687 688
687 688
688 689
689
693 695
695 697
697 951
699
706
709 711
711 713
713
716 718
718
722 723 724
723 725
724
725 727
727
732
736
742
745 747
747 749
749 750 751
750 751 752
751 752 753
752 753 754
753 931
754
757 758 759
758 759 760
759 760
760 762
762 763 764
763 764
764
766 767
767
771 772
772 774
774 775 776
775 776
776
780 781
781 783
783 784 978
784
789
799 800
800
804
807 808 809
808 809
809
816 817
817 819
819 820
820
822 823
823
831
834
840 841 842
841 842
842
845 847
846 847
847
853 854
854 856
856
862 863
863
866 867
867
870 872
872 873 874
873 874 875
874 875
875 877
877 879
879 880 881
880 881
881
884 885
885
888 890
890
893
896
902 903 904
903 904
904 906
906
910 911
911
916 918
918 920
920
925 926 927
926 927 928
927 928 929
928 929 930
929 930 931
930 931
931
934
937 938
938 940
940 941 942
941 942
942 944
944 946
946 948
948
951
959 961
961 962 963
962 963 964
963 964
964
966 968
968 969 970
969 970
970 972
972 974
974 976
976 978
978 980
979 980
980 982
982 983 984
983 984
984
989
990 992
992
995 996
996 998
998 999
999
