#naive2.0.py
# GMT Fri Feb 14 14:28:08 2020
# 
0 2
2 3
3 5
5 7
7
13
14
16 950
23
28
31 58
35
36 38
38 40
40 41
41
48 49 50 922
49 50 51
50
51
55 57
57 167
58
61 63 660 528
62 63
63
69 416
73 74
74 76
76 77 78
77 78 79
78 79
79
82
88 89 90
89 90
90
92 94
94 95 96
95 96 97 899
96 97 98
97 98
98 100
100
108 109
109 111
111 113
113 370
117 118 119
118 119 120
119 120 121
120 121 122
121 122
122 124
124 125
125
130 131
131
135 137
137 138 289
138 140 347
140 141 142 392 973
141 142 143
142 143 144
143 144
144 406
151
154 155
155 157
157
160
161 163
163 165
164 165 166
165 166 167
166 167
167
173
177
180
183 184
184
187 189
189 191
191 193 736
193 194
194
207 208 209
208 209 210
209 210 211
210 211
211
215 216 217 748
216 217
217
222 223 224
223 224 225
224 225 226
225
226 971 857
228 229 571
229
232 234 951
234 235
235 237
237 239
239 240
240
242 243
243
247 248 249
248 249
249 251
251 253
253
256 258
258
261 262
262 264
264
267
274
280 281
281
284 285
285 287
287 289
289 291 615
291
294 296
296 360
297
302 303 304
303 304
304
309
312 313 314
313 314
314 316
316 317
317
319 320
320 322
322 323 324
323 324 325
324 325 326
325 326
326
333 334
334
337 339
339 340 341
340 341 342
341 342
342 560
346 347 348
347 349
348 349 350
349 350 351
350 351
351 353
353 354
354
357
360 361 362
361 362
362 597
365 366
366 368
368 370
370
377 379
378 379
379
385
388
392
395
398 400
400 402
402 403
403 405
405 406
406 408
408 409
409 411
411 413
413
416 417
417
425 427
427 428
428
431 432 886
432
435 436
436
443 646
446 447
447 449
449 450 740
450 451 452
451 619
452 744 738
455 456
456 820
464 465
465 467
467
471
476 478
478 480
480 755
483 485
485
492
497 498
498
503 505
505 506
506 508
508 510
510 512
512 514
514
517 838
519 520 829
520
523 525
525 526 527
526 527 528
527 528 529
528 530
529 530
530 532
532 802
537
538
547 548
548 550
550 552
552
555 557
557
560 562
562 563 564
563 564
564 566 948 654
566
570 571
571
574 575
575 577
577
582 584
584
587
590 592
592
596 597
597
600
606
610
611
614
615
617 618 619
618 787
619 621
621 623
623 860
626 703
634 635
635
638 639
639 641
641 642
642
643 645 941
645 646 708
646
653 654
654 660
658 659
659 660 661
660 661
661
667 668
668
671 673
673
679 681
681 683
683
686 688
688
691 693
693
696 698
698
701 703
703
706 707 708
707 709
708 710
709 710
710 712 866
712
715 806
718 734
719 721
721 722 723
722 723
723 725
725
729 730
730 732
732 734
734 735 736
735 736
736 738
738 739
739 740 741
740 741
741 743
743 744
744
748 750
749 750 751
750 751
751 753
753 755
755
758
761
764
767
770
773 775
775 777
777 778 779
778 779
779
784
786 787
787 912
791 793
793 794
794 796
796
797 798
798
800 802
802 803
803 805 946
804 805 806
805 806 807
806
807
810 812
812 813 814
813 814
814 816
816 817 818
817 818
818 820
820 821
821
824 825
825
829 830
830 832
832
837 838 839
838 839
839
842
849 851
851 852 853
852
853 855
855 857
857 858
858 860
860
865 867
866 867
867
870 872
872
876
881 882 883
882 883
883
886
891
899
902 903
903
906
911 912
912
917
920 922
922
925 926
926
929 930
930 932
932 933 934
933 934
934 936
936 937 938
937 938
938
941 942
942 943
943 945
945 946
946 948
948 949 950
949 950 951
950 951 952
951 952
952
955 957
957
961
964
967
970 971 972
971 972 973
972 973 974
973
974
977 978 979
978
979 981
981 982
982 984
984
989
992 993 994
993 994
994
998
