#naive2.0.py
# GMT Fri Feb 14 14:28:05 2020
# 
6 8
8 10
10 12
12 14
14 15
15 17
17 18
18 526
21 22 23
22 23 784
23
26 27 28
27 28 29
28 29 30
29 30
30
35
36
39 40 41
40 41 42
41 42
42 491
46 47
47 49
49
53 54
54
58 59 60
59 60 61
60 61 62
61
62 64
64 766
69 416
71 72
72
75
78 79 80
79 80 81
80 81 82
81 82
82
85 86
86
89 90
90 197 585
93 95
95 97 899
97
101 102
102 987
105
108 110
110 112
112 114 195
113 114
114 855
119 120
120 122
122
125 127 868
127 129
129
133 135
135
140 141 392
141
144
149 150 151
150 151
151
156 157 404
157 159
159 160
160 705
165 166
166
172 173 174
173 174
174 176
176 178
178 179 180
179 180 181
180 181 182
181
182 183
183 185 956
185 186
186 747
191 193 736
193 195
195 196 197
196 197 766
197
201 202
202 204
204
209 211
211 213
213 214
214 216
216 218
218 219 220
219 220 895
220
222 224
224 225 226
225 227
226 227 857
227
230 231 232
231 232
232
239 241
241 242
242
246 248
247 248
248
253 254 255
254 255 256
255 256
256 846
261
264
267 268
268
271 272 273
272 273
273
276 277
277 279
279 280
280 460
282 283 284
283 284 446
284 286
286
292 293
293
296 360
300 301
301
305
310 312
312
315
318 319 642
319 321
321 322
322 324
324 325
325 327
327 328 329
328
329
333
337 338
338
341 342
342
346 348
348 349 350
349 350 351
350 351 352
351 352
352
356 357
357
360
363 365
365 366
366
369 371
371
374 376
376 377 378
377 379 382
378 379 380
379 380
380 382
382 383 384
383 384
384
388 389
389
392 394
393 394 989
394 396
396 397
397 756
399 400 401
400 401
401 403
403 404 405
404 405
405
408 409
409 411
411
414 416
416 418
418 420 604
420 421 422
421 422 423
422 423
423 425
425
431 886
433 435 509
435
438
441 724
446
449 450 740
450 451 452
451 453
452 454
453 454 455
454 455 793
455 456
456 458 820
458 460
460 461
461 462 463
462 463
463 464 465
464 465 466
465 466
466
470 471
471
475 477
477 479
479 480 481
480 482 755
481 482 483
482 484 949
483 484 485
484 485 486
485 486
486
489 491 517
491
495 497
497 499
499 500 501
500 501
501
508 509
509
511
514 516
516 518
517 518 838
518
521 782
526
529 530
530
533 535 735
534 535 536
535 536 825
536
542 544
544
552 553
553
557 558 856
558
562 564
564 948
571 573
573 574
574
577
581
585 586
586
591 592
592 594
594
598 599
599
602
604 605 606
605 606
606 608
608 609 610
609 610 611
610 612 888
611 612
612
617
623 625 860
625 626
626
631 632
632 634
634 635
635 637
637
641 642 788
642
645 708
652 653
653 655
655 656
656
659
664
667
676
679
680
688 690
690 692
692
696 697 698
697 698 865
698 699
699 701
701 702
702
705 945
707 944
708 710
710 712
712 714
714 716
716 718
717 718 719
718 734
719
724 791
729
732 734
734 735 736
735 736 737
736
737
740 741
741 743
743
747 749
749
754 755 756
755 756
756 758
758
761 841
763 765
765 766 767
766 767
767 769
769 771
771 773
773 774
774
782 784
784 785
785
788
791 792 793
792 793 794
793 794
794
797 798
798
800
805 807
807
810 811 812
811 812 813
812 813
813
816
820 821
821
825 827
827 828
828
831 833
833 834
834
838 839
839 840 841
840 841 842
841 842
842 844
844 846
846 847
847 849
849 850 851
850 865
851 853
853 855
855 857
856
857
860 861
861
865
868
872 874
874
878 880
880 881
881
886 887 888
887 888
888
891 893
893 895
895 897
897 898 899
898 899
899
903 905
905 906
906
914 916
916
919
922 923
923 924
924 926
926
929
932 933
933
936
939 940
940
943 944 945
944 945
945 947
947 948 949
948 949 950
949 950
950
954 956
956 958
958 959
959 961
961
966 967 968
967 968
968
972
975
977
980 981 982
981 982
982 984
984 985
985 987
987 988 989
988 989
989
993 995
995 996
996 998
998
