#naive2.0.py
# GMT Fri Feb 14 14:28:07 2020
# 
0 999
3
10 11
11 13
13 15 531
15
19
22 23 24
23 24
24
29 30
30 31 32
31 32
32
35
36 38
38
44 45 46
45 46
46
49
59
63 65
65
68
73 74
74
77 79
79 80
80 82
82
88 89 90
89 90
90
92 94
94 95
95 97 474
97 98
98 100
100 101
101
104 105 106
105 106 107
106 107
107 109 448
109 111
111 367
114 116
116
119 121
121 122
122 123
123 125
125
126 128
128 130
130 131 241
131 133
133 134 135
134 135
135 137
137
139 141
141 142
142
147
150
155 157 472
157
165 166 167
166 167
167
170
174 175
175
179
184
187 188 189
188 189
189 191
191 192 736
192
196
198 199
199 201
201
205 284
208 209
209 211
211 213
213
217
221 223
223 224 490
224 226
226
228 229 571
229
233 234 235
234 235
235 856
241
243 244 245
244 245 304
245
248 249 250
249 250
250 252
252 254
254 255 256
255 256
256
259 261
261
264
268
271 273
273 275
275 962
281
284 286
286 288
288
292
295 487 716
298 300
300 302
302 304
304
305 306 307
306 307 308
307 308 309
308 309
309 311
311 313
313 315
315 901
317
321 322
322
325 327
327 329
329
333 335 445
335 336 337
336 337 338
337 338
338 340
340
345
349 351
351 352
352
356 358
358 359
359
362 363
363
366 367 368
367 368 369
368 369 370
369 370
370
375
379 381
381 382
382
388
392 394
394 395
395
398 399
399
402 403
403
406 408
408 409 410
409 410
410 412
412 413
413 414
414
417 418 419
418
419
422 669
426 427 428
427 428
428
431 432 886
432 433
433
437 439
439 441
441 442 443
442 443
443 445 646
445
448
452
453 455
455
459 460
460
463 464
464
467 468 469
468 469
469 471
471 472 473
472 473
473 474
474 476
476 478
478 479 480
479 480
480
484 485 486 746
485 486 487
486 877
487
490 492
491 493 909
492 493 494
493 494 495
494 495 496
495 496 497
496 497
497 499
499
503
506 507 508
507
508
511 512 513
512 513
513 515
515 516
516 918
519 829
521 782
524 525
525
531 532 533
532 533
533 535
535 536
536
542 543
543 545 723
545 546
546 548
548
554 555
555
565 566
566
571
572 574
574
577
584 586
586 588
588 589
589
595
598
603
607 608 609
608 609 610
609 610 611
610
611 613
613
618 620 787
620 622
622 623 624
623 624
624
627 628 629
628 630
629 630
630
633 635
635 636 637
636 637
637
642
643 645
645 646 708
646
649 651
651
656
659 660
660 662
662 663
663
668 669 670
669 671
670 671
671 673
673 675
675
678 679 680
679
680
686 687 688
687 688
688 689
689
692
697 951
699 700 701
700 701
701 703
703
707
708
711 712 713
712 713 714
713 714
714 716
716 718
718
723
733
736
737 739
739 741
741
745 746 747
746
747 749
749 750 751
750 751
751
754 756
756 757 758
757 758
758
762 764
764
767 769
769
775 776 777
776 777 778
777 778 779
778 779
779
782
785 787
787
790 791
791 792
792
795 796 797
796 823
797
800
808
813 814 815
814 815
815
818 820
820 821
821 822 823
822 823 824
823 824
824
828 829
829 831
831
837 839
839 841
841
844
847 848 849
848 849
849
856
861
863
866
872 873 874
873 874
874
877
882 883 884
883 884 885
884 885 886
885 886 891
886 887
887 889
889 890 891
890 891
891 892 893
892 893
893
897
900 901 902
901 902 903
902 903
903
908 909 910
909 910
910
914
918
921
924 925 926
925 926 927
926 927
927
931 932
932
935 937
937
945 947
947 948
948
951 952
952 954
954
957 958
958 960
960 962
962 963
963
967
970 972
972 973
973
977 978 979
978
979
983
987 989
989 991
991 993
993 995
995 996 997
996 997
997 999
999
