#naive2.0.py
# GMT Fri Feb 14 14:28:10 2020
# 
1 2 3 999
2 3 4
3 4 5 220
4 5 6
5 6 7
6 7
7 9
9 10 11
10 11 12
11 12
12
15
18
20 21
21 23
23 24
24
27 28
28 30
30 32
32 33 34
33 34 35
34 35
35
41 42
42 491
46 47
47 49
49 51
51 52
52
55
58 59 60
59 60 61
60 61
61 63 528
63 64
64 766
66
69 70 416
70 72
72 73
73
80
83 998
87 88
88
92 93 94
93
94 96
96 97
97
101 102
102 987
106 107 108
107 109
108 109
109 593
112 114
113 114
114 116
116 117 153
117 118
118
121 122 386
122 124
124 125
125 868
128
133 134 135
134 135 136
135 136
136
140 142
142 143 144
143 144
144 406
148 149 150
149 150
150 152
152 153 154
153 154 155
154 155 156
155 472
156
158
161 163
163
166 167 168
167 168
168
171 789
173
180 182
182 183 184
183 184 185 624 956
184 185
185
189 191
191 192 736
192 194
194 196
196 197 766
197 199
198 199 200
199 200 201
200 201
201
208 210
210 211 212
211 212
212
216 217 218
217 218
218 220
220
224 225 226
225 227
226 227 971 857
227
234
237
241 242
242
247 248 249
248 249
249
252
255 256 257
256 257
257
263 265
265 342
268
272 274
274 275 276
275 276 962
276 277
277
281 282
282 290
285 286
286
290 291
291 293
293 294
294 296
296 298 360
297 298
298 300
300
303 304
304
305 306 307
306 307
307 309
309 310 311
310 311 312
311 312
312
315 901
317 318 985
318 642
327
334 335 336
335 336 337
336 337 338
337 338 339
338 339
339 341
341 342
342
348 349
349
355
359 360
360
366
369
373 374
374
382
386
389 391
391 835
393 395
395 396 397
396 397 398
397 756
398 399
399
403 405
405 406 407
406 407
407 854
410 412
412 413
413 414 415
414 415 416
415 416 417
416 417
417
420 421
421 423
423 424
424
429 430
430 432
432
435 437
437 439
439 440
440
451
452 744
456 458
458
461 462
462
464 465 466
465 466 467
466 467 468
467 468
468
472
475
483
486 877
489 491 517
491 909
494 495 496
495 496 497
496 497
497
500 502
502
504
507
510 512
512 513 514
513 514 515
514 515
515 517
517
519 520
520 521
521 523
522 523
523
528
532 802
539
542 543
543
547 548 549
548 549 550
549 550
550
553 554
554 555
555 557 894
557 559
559
562 564
564 566 948 654 871
565 566
566
569 570 571
570 571
571
575
580 581 582
581 582
582
585 586 587
586 587
587
590
593
596
600 601
601
610 612
611 612
612
615
618 620 787
620
624
628 630
629 630
630 632
631 632
632 634
634 635
635
642 644
644 645
645 708
651 652
652 654
654
659 661
661 662 663
662 663
663 665
665
666 668
668
676
683 685 863
685
689 691
691 692 693
692 693 694
693 694 695
694 695
695 889
700
707 709 944
708
709
720 721
721
726
731 732
732 734
734 736
736
737
741 742
742 744
744 745
745 798
748
753
756 757 758
757 758 759
758 759 760
759 760
760 762
762 763 764
763 764
764
766
770
774 775
775
779 780 781
780 781
781 783
783 784 785
784 785
785 786 787
786 787 788
787 788 789
788 789 790
789 790
790
793
796
798
799 800
800 802
802
804 805 806
805 806
806
810 812
812 813
813
816 817 818
817 818
818
822
825 827
826 827
827
830
833 835
835
841
844
848 849
849
852 854
853 854
854
857
859 861
861
863 864
864 866
866 867
867 868 869
868 869
869 871
871
873 874
874 876
876 877
877
880 881 882
881 882
882
889 890
890
894
895 897
897
901 902 903
902 903 904
903 904
904 906
906 908
908 909
909 911
911
914
917 919
919 920
920
924 926
926
930
937 938
938 940
940
943 944
944 946
946 948
948
951 952 953
952 953
953
956
957 959
959 960
960 962
962
965 967
967 968
968 970
970 971
971
977
980
983 985
985 987
987
990
994
998 999
999
