#naive2.0.py
# GMT Fri Feb 14 14:28:02 2020
# 
2 3
3
6
9
12 13
13 531
17
20 21 22
21 22 23
22 23 24
23 24 25
24 25
25
29 30 364
30 31 32
31 32
32 33
33
36 38
38 115
39 41
41 43
43 44 45
44 45
45 47
47 48 49
48 49
49 51
51 52
52
56 57
57
63 64 65
64 375
65 809
72 74
74
79 80
80 82
82 84
84
88 89
89
92 93 94
93 95 269
94 95
95 899
102 987
104 105
105 107
107 448
108
111 113
113 115 370
115 116 117
116 117 153
117 118
118 120
120 121
121 386
123 125
125 127
126 127
127
130 132 826
132
135 137
137
140 141 392 973 713
141
144 381
145 146
146 148
148
152 153 154
153 154
154
159
161 162 163
162 163 164
163 165 991
164 165
165
169 170 517
170 171
171
174
177 178 179
178 179
179 181
181 215 607
183 184 185 624
184 185 186
185 186 187
186 187 747
187 189
189
193 194
194
203 204 796
204
211 213
213 214 215
214 215 216
215 216 748
216 218
218 219
219
221 222 223
222 223
223 225 490
225
228 230
230 231 232
231 232 233
232
233
237
247
250 251
251 253
253 255
255 256
256 258
258 260
260
267 269
269
278 279
279 281
281 282
282 290
290 291
291
300
309 310
310
314 316
316 317
317 985
319 321
321 323
323 325
325 327
327 328
328
333
336 338
338
342 560
345 346
346 348
348 349 350
349 350
350
357 359
359 360 361
360 361 362
361 362
362 364 597
364 365 366 969
365 366
366
370 372
372 374 599
374 375
375
378 379
379 381
381 382 383
382 383
383 385
385 386 387
386 387 388
387 388 389
388 389 390
389 390
390 392
392 394
393 394 395
394 395
395
401 403
403 405
405 407
407
408 410
410
415
418 604
421 422 423
422 423 669 614
423 424 425
424 425
425 427
427 428
428 430
430 431
431
439 441
441
446 448
448 450
450 452
452 738
453
458
461
464 466
466 467
467
471
475 477
477
481
485 486 487
486 488
487 488 489
488 490 748
489 490 491 517
490
491 964
495 496
496 498
498
504 910
508 509
509
511 512
512
515 517
517
519
521
527 528 529
528 530
529 530 531
530 531
531 533
533
536 537 538
537
538
541 542
542 544
544
547 548 549
548 549 550
549 550 551
550 551
551
554
557 558 559 856
558 559 560
559 561
560 562
561 562 788
562 563
563 565
565
574 575 576
575 576
576
579
589 590
590
595 597
597
599
604 605 606
605 606 607
606 607
607
610 888
611
614 831
620 621
621
624
625
630 632
632 634
634
638
641 788
643
647 648
648 650
650
654 660
656
659 660 661
660 661
661
666 667
667 669
669 671
670 671 672
671 672
672
676
679 783
682 683
683 863
686 688
688 689
689 691
691
694 696
696 698
698 699
699 701
701 703
703
706
711 712 713
712 713 714
713 714
714 715 716
715 716
716
719
723 725
725 727
727 728
728
731 733
733
736 738
737 738
738
746 748
747 749
748 750
749 750
750
755 756
756 758
758 759 760
759 760 761
760 761 762
761 762
762
767 768 769
768 769
769
773 774
774 776
776 778
778 780
780
783 785 978
785 786
786 788
788
794 795 796
795 796
796 823
799 801
801 802 803
802 803
803
809 811
811
818 820
820
823 824 825
824 825 826
825 827
826 827
827
831 832
832 834
834
842 844
844 845
845
848 849
849 851
851
855
856 858
858 860
860
862 863
863
867 869
869 871
871 872
872
875
880 882
882 883
883
888
891 892 893
892 893
893
896
899 900
900 902
902 904
904 906
906 907
907
910 911
911 913
913 914 915
914 915 916
915 916 917
916 917
917 919
919 920
920
925
928 929
929 931
931 932 933
932 933
933
939
943 944
944
947 948
948 950
950 952
952
957
961 962
962 964
964 965
965
969 970
970
973
977 978 979
978 980
979 980
980
984 985
985 987
987
991 993
992 993
993 995
995 996 997
996 997
997 999
999
