#naive2.0.py
# GMT Fri Feb 14 14:28:08 2020
# 
6 7
7 9
9 10
10
14 107
18 733
19 20
20 22
22 24 784
24 26
26
31 32
32 34
34 36
36 37 38
37 38
38 40 115
40 41 42
41 42
42 491
46 47 48
47 48 49 205
48 49 922
49 51
51 52
52 54
54 55
55
60 61 62
61 660 528
62 64
64 766
65 809
70 71
71
74 75 76
75 76 77
76 77
77 79
79 81
81 83
83 84 85
84 85 838
85 87
87 88 503
88
91 93
93 95
95 97 474
97 99
99 100 101
100 101 833
101 102
102 987
105 106 107
106 107
107 109 448
109 111 593
111 113
113 115 370
115 116
116
120 122
122 123
123 817
126 128 447
128 129
129
131 132 133
132 133
133
136 137 845
137
145 812
148 149
149
155
158
161 162
162 164
164 165 166
165 166 167
166 167 168
167 168
168 170
170 171
171 789
173 174 175
174 175 176
175 176
176 178
178
181 215
183 185
185 187
187
191
196 766
199
203 205
205 559
206 208
208
213 215
215 217 748
217 219
219 220
220
224
231 232 233
232 951
233 235 520
235 856 602
239
243 244
244 304
247
253 255
255 256 257
256 257 258 846
257 258
258 260
260
263
266 890
270
271
275 276 962
276 277 278
277 278
278 280
280 281 460
281 282 283 674
282 283
283 446
286 287
287
292 293 294
293 294
294 296
296 360
297 996
300
303 304 845
304
309 311
311 313
313 314
314
321 323
323
332 333 334
333 334 335 445
334 335 336
335 336
336
341 342
342 560
346 347
347
350 351 352 687
351 352 353
352 353
353 355
355 356 357
356 357
357
360
368 370
370
371 373
373
377 379
378 379 380
379 380
380
391 392
392
393 989
396 397
397
399 400
400
403 404
404
408 409
409 411
411 413
413 414
414
418 604
421 422
422
424
428 430
430 432
432 434 454
434 435
435
438 440
440
444 445 446
445 446
446 447 448
447 449
448 449
449
451 453
452 454 738
453 454
454
457 459
459 460
460
462
464
467 468 469
468 469
469
473 474 475
474 476
475 476
476 478
478 480
480
483
488 490 748
489 490 491
490 492
491 493 909 964
492 493
493 495
495 496 497
496 497
497 499
499 500
500
503
504 910
506
509
511 512 513
512 513 514
513 514
514
519 520
520 521
521
522
528 530
530
533 535
535 536
536
541 542 543 553
542 543 544
543 544 723
544 546
546 548
548 549 550
549 550
550
553
557 558 559 856
558 559 560
559
560 562
562
565 566
566
569 570 571
570 571
571
575
578 579 580
579 580
580 581 582
581 582
582
585 586
586 588
588
593 594
594
597
601 602
602
604 605
605
608 609 610
609 610 611
610 612 888
611 612 613
612 613
613
617 618
618 620 787
620 621
621
626 703
633 634
634
637 639
639 640
640 642
642
643 645 941
645 646 647 708
646
647
650
654 660
656 657 658
657 658 659
658 659
659 660
660
663 664 665
664 665 666
665 667
666 667
667
673 674
674
677 678 679
678 679
679
687 688
688 690
690 692
692 693 694
693 694
694
698 699
699 701
701 702 703
702 703 704
703 704
704 706
706 707 708
707 944
708 710
710 711
711 713
713 714
714 715
715 717
717 718 719
718
719 721
721 723
723 725
724 791
725 726
726 728
728 729 730
729 730
730
733
738
743
747
748 750
750 751 752
751 752
752 754
754
759 760 975
760
766 767
767
774
778 780
780 781
781
784
786 787 788
787 788 789 912
788 789 790
789 790 791
790 791
791
799
802
807 809
809
812 813 814
813 814
814
817 819
819 820
820
823 824
824
828 830
830
833
837 838 839
838 839
839 840
840
844 845 846
845
846
850 865
854 855 856
855
856 858
858 860
860 861
861 862
862 863 864
863 864
864 975
865
869 870 871
870 871
871
875
882 884
884
888 890
890
892
897 898
898
902 903
903 905
905 906 907
906 907
907 909
909 910 911
910 911 912
911 912
912 914
914
917
920 921 922
921 922
922
924
935 936 937
936 937
937 939
939 941
941
943 944 945
944 945
945 947
947 948
948
951 952 953
952 953
953 955
955 957
957 958 959
958 959
959
962 963 964
963 964
964
966 967
967
970 972
972 973
973 975
975 976
976
980 982
982 983
983 985
985 987
987 988 989
988 989 990
989
990
993
996 997
997 999
999
