#naive2.0.py
# GMT Fri Feb 14 14:28:09 2020
# 
0
6 8
8 10
10 11
11
17 18 19
18
19 20
20 22
22
25
28 29 30
29 30 364
30 32
32 33
33
36 37
37 39
39 40 41 155
40 41
41
45 47
47 48 49 205
48 49
49
53 54 55
54 55
55
58 60
60 62
62
69
71
76
79 81
81 82
82 84
84
87 503
92
95 97 474 899
97
100 101 833
101 102 103
102 103 987
103 105
104 105 106
105 106 107
106 107
107 448
111 367
112
116 117
117
122
125 868
131
134 136
136 137 138
137 138
138 347
141 142
142 144
144 406
145 146
146 147
147 149
149 150
150
155
156
158 160
160
161
166
170 172
172 173 174
173 174
174
178 179 180
179 180
180
184
187 188
188 190
190 191
191 193
193 194
194
197
198 200
200
205 284 559
206 208
208
211
214 215 216
215 216 748
216 218
218
221 222 223
222 223
223
230 232
232 234
234 235
235 602
238 239
239 241
241 242
242 243
243 245
245 247
247 249
249 250 251
250 251 252
251 252 253
252 253
253
260 261 262
261 262
262
265
268 270
270 272 686
271 272 273
272 273 274
273 274
274
278
281 283 674
283 284
284 285
285
288
299 300
300 302
302 303 304
303 304
304 573
305 307
307 308
308 310
310 311 312
311 312 313
312 313 314
313 314
314
317 985
319 320
320
324 326
326
329 331
331
334 335
335 337
337 338 339
338 339
339 341
341
346 347
347
353 354
354 356
356 357 358
357 358 359
358 359 360
359 360 361
360 361
361
364 366
366 367 368
367 368
368
371 372 373
372 374
373 374 375
374 375 376
375 376
376 378
378
383 384 385
384 385
385 387
387 389
389 391
391
393 394 989
394
399
406
409 410
410
414
417 418
418 420 604
420
426 427
427
431
433 434
434
440 441 442
441 442 443
442 443 444
443 444 445
444 445
445
448
452 454 738
454 455 793
455 456
456 820
459 461
461 462 463
462 463
463 464 465
464 465
465 467
467 468 469
468 469 470
469 470
470
473 474 475
474
475
478 479 480
479 480
480
483
486
489
493 494 495
494 495
495
498
503
504 910
506 507 508
507
508 510
510 512
512
515 516
516 518 918
518 519
519
522
525
536 538
538 539
539
542 543 544
543 544 545
544 545 546
545 546
546
549 550
550 552
552 553 554
553 554
554
557 559
559 561
561 788
563 564 565
564 948 871
565
569 570 571
570 571
571 573
573 574 575
574 575 576
575 576
576 578
578 579
579
582 584
584 586
586 588
588 589 590
589 590
590
593 594
594
597 598
598 600
600 601 602
601 602
602
604 605 606
605 606
606
610
615
617 618 619
618 787
619 621
621 623
623 624 625 860
624 626
625 626
626 628
628 630
629 630
630 632 981
631 632 633
632 633 634
633 634
634 636
636 638
638 639
639
642
647 648
648
653 790
657 659
659 660 661
660 661
661 663
663
670 671 672
671 672
672 674
674
677 678 679
678 679
679 681
681 683
683 684 685 863
684 685 686
685 686 687
686 687
687
693 695
695 697
697 698
698 699
699
702 704
704 706
706
709
713
717
720 722
722
730 731 732
731 732
732
735
738 739
739 740
740
748
749 751
751 753
753 931
754
761
766 767 768
767 768
768
772 774
774 776
776
779 780 781
780 781
781
785 786 787
786 787 788
787 788 912
788 790
790 791
791 793
793
795 796
796 823
802
807
814
820
822 823
823
826 827
827
833 834
834 836
836 837
837
840
853
858 860
860
862 863 864
863 864
864
868 869
869 871
871 872
872 873
873
879 881
881
891 893
893
896
899
907 909
909 910
910 912
912
916 917 918
917 918 919
918 920
919 920
920
924 925 926
925 926 927
926 927 928
927 928
928 930
930 931
931 933
933
937
940
944 945 946
945 946
946 948
948
952 953
953
957
960 961 962
961 962 963
962 963 964
963 964
964
966 967
967
976
981 983
983 984 985
984 985
985 987
987 989
989 991
990 991
991 993
993
997
