#naive2.0.py
# GMT Fri Feb 14 14:28:04 2020
# 
6 8
8
12
16
18
20 22
22 23 24 784
23 24 25
24 25 26
25 26
26 28
28 30
30
36
39 41
41
45 46 47
46 47
47
50 52
52 53
53 55
55
58 59 60
59 60
60 62
62
65 66
66 68
68 70
70 71 72
71 72
72 74
74
77 78
78
83
86
89 91
91 92 328
92
95 899
103 105
105 106 107
106 107 108
107
108
111 113 367
113 114 115 370
114 115 116 855
115 116 117
116 117 153
117 118
118 120
120
123 125
125 868
129
131 133
133 134
134 136
136 137 845
137
139 140
140 713
143
146 147
147 149
149
152 153 154
153 154
154 156
156
159 567 285
164 165 166
165 166
166
173
177 178
178
181 215
183 184 624 956
184 186
186 187 188
187 188 189
188 189
189 191
191 192 193
192 193
193
197 199
199 201
201 202 203
202 203
203 796
207 209
209
213 215
215 216 748
216 218
218
221 223
223 224 225
224 225 226
225
226
230 232
232 234 951
234 236
236 237
237 239
239 241
241 242
242 244
244 245 246 304
245 246 247
246 596
247 249
249 250 251
250 251 252
251 252 253
252 253
253 255
255 256 257
256 257 846
257 259
259
264 265 266
265 266 267
266 267
267
270 686
271
275
277 278 279
278 279 280
279 280
280 344
284 285 286
285 286 287
286 287
287
293
297 996
300 302
302 303 304
303 304 845
304 573
307
310
314 316
316 317
317
320 321
321 323
323 325
325 326
326 328
328 330
329 330
330
333 334 335
334 335
335 337
337 339
339 341
341
344 345
345 347
347
348 350
350 352
352 353
353
356 357 358
357 358 359
358 359 360
359 360 361
360 361
361
366 367
367 369
369 370 371
370
371
376
382 383
383 385
385 387
387 389
389
393 394 989
394 396
396
399 400
400 402
402
405 406
406
409 410
410 412
412
414 416
416 417 418
417 418 419
418 420 604
419 420 421
420 421
421 423
423 425
425 426 427
426 427
427
432 454
435
440 441
441
447
450
453 454
454 793
457 458 459
458 459
459 461
461 462 463
462 463
463 465
465 466
466 468
468
471 472 473
472 473
473 475
475 476 477
476 477
477
487 488 489
488 748
489
494 495 496
495 496 497
496 497
497
500
503
508
511
515
521 523 782
523
530 531 532
531 532 533
532 533
533
536 537
537
545 547
547 548
548
553 554
554 555 556
555 556 894
556
560
561
566 567 568
567
568
573 574
574 576
576 577
577
582
585 586
586
589
594 596
596 597
597
599 600 601
600 601 602
601 602
602
604 606
606 608
608 609
609
612 613 614
613 614
614
618 620
619 620
620
624
628 630
630 632
632 633 634
633 634 635
634 635
635 637
637 638
638 640
640 641
641
643 644
644 646
646 648
648 649
649
652 653
653 790
659 660
660 662
662 663
663
666 667
667
672 673 674
673 674
674
677
684 685 686
685 686
686
693 694 695
694 695 696
695
696
700 702
702 703
703 705
705 945
708 710
710 866
713 714
714
717 718
718 734
721
725
728 729
729 731
731
734
739 740
740 742
742
745 746
746 748
748
756 757
757
760
763 765
765 766
766
769 771
771 772
772 774
774
782 784
784 785
785 786
786
789 790 791
790 791
791 793
793 794
794 796
796
797
803 946
804 806
806
811 812
812 814
814 815
815
820 821
821 822
822
829
832 833
833
839
843 844 845
844 845 846
845
846
853 855
855
858 859
859 861
861
865 867
866 867
867 868
868 870
870
875
878
881 882 883
882 883 884
883 884
884
888
891 892
892 894
894
898 899
899
901 902
902 904
904 906
906 908
908 909
909
919 921
921
924 925 926
925 926
926
930 931 932
931 932
932
938 939 940
939 940
940 942
942
945 946 947
946 947
947
951 953
953 954 955
954 955 956
955 956 957
956
957 959
959 961
961
964 965
965 966
966
969 970
970
975 976
976 977 978
977 978 979
978 980
979 980
980
986
989 991
991
996
