#naive2.0.py
# GMT Fri Feb 14 14:28:11 2020
# 
4 5 6
5 6 7
6 7 8
7 8
8 10
10 12
12 14
14
16
20 22
22 23
23 25
25
29 364
31
33 35
35 37 650
37 38
38
42
47
50 52
52 54
54 55 56
55 56
56
65 66
66 67
67 69
69 70
70 71
71
74 76
76 77 78
77 78
78
83 85
85 87
87 88 89 503
88 89 90
89 90 91
90 91
91 328
98 99 556
99
104 106
106
109 110 593
110 112
112 114 195
114 116 855
116
118
121 386
124 125 126
125 127
126 127 128
127 129
128 129
129 298
132 134
134 135
135
138 139
139 141
141 142
142 144
144 406 381
146 147
147
152
160 162 705
162
165 166 167
166 167 168
167 168
168
172
176 177
177
180 182
182 183
183
186 187 747
187
190 192
192
195
200 201
201
204 567
206 207 208
207 208
208
213 214 215
214 215
215
218 220
220
224 226
226 971
228 230 571
230 231
231 233
233 234
234
237
240
242 244
244 245
245
248 249
249
252
255
259 260
260
266 268
268
271
275 276 962
276 278
278 279 280
279 280
280 460
283
285 287
287 288
288
290 291
291 292 293
292 293
293 295
295 716
296 298
298 299 300
299 300
300
303 845
306 307 308
307 308 309
308 309 310 798
309 310 311
310 311 312
311 312
312 314
314 315 316
315 316 901
316 318
318 319 320 642
319 320 321
320 321 322
321 322 323
322 323 324
323 324
324 326
326 327 328
327 328
328
332 334
334 335 336
335 336
336 338
338 339
339 341
341 343
343 345
345
351
355 356
356
359
362 363 364
363 364
364 366 969
366 368
368 370
370
374 375
375 377
377 379 382
378 379 380
379 380 381
380 381 382
381 382
382
386 387 388
387 388 389
388 389
389 391
391
399 401
401
406 407
407 854
410
415 417
417 418 419
418 420
419 420
420 422
422 669 614
424
427
430 432
432
436 437
437
441 724
449 450 740
450 451 452
451 453
452 744 738
453
457 459
459 460
460
464 465
465 467
467 468
468 470
470
475
479 480
480 482
482
485
490 492
492 493
493 495
495 496 497
496 497
497
503 505
505 506 507
506 507 508
507 509
508 509
509
513 514
514
519
525
528 530
530 531
531
534 535
535
538 539
539 541
541 543 553
543 723
547 549
549
553 554
554 556
556
557 559
559
564 654 871
567
571
572 574
574
578 580
580 581
581 583
583 584 602
584
588 590
590 591 592
591 592 593
592 593
593
595 596
596 598
598 599
599
602
605 606 607
606 607
607 609
609 610
610 612
612 613 614
613 614
614
621
626 628
628 819
631 633
633
640 641 642
641 642 788
642 644
643 644 645 941
644 645
645 708
650 994
654
659
664 666
666
669
670
673
677 679
679 783
680 682
682
687 688
688
692 693
693
696 697 698
697 698 865 951
698 699 700
699 700
700
705
707 709 944
708 710
709 710 711
710 711 866
711 713
713
716
721 722 723
722 723 724
723 725
724 791
725
728 729
729 731
731 732 733
732 733
733 735
735
738 739
739 740 741
740 741
741
744 745 746
745 746 747 798
746
747 749
749 750 751
750 751 752
751 752
752 754
754 756
756
759 760
760 762
762
767 768
768 861
777 778
778 780
780 781
781 783
783
786 788
788 789
789 791
791 792
792
795
798
801 802 803
802 803
803 805
805
811 813
813
816 817 818
817 818 819
818 819 820
819 820 821
820 821
821 822
822
826
837
840 841
841
844 845 846
845 847
846 847
847
852 854
853 854 855
854 855
855
860 861
861
865
866
869 870 871
870 871
871
873
878
883 884 885
884 885 886
885 886 891
886
889 891
891 893
893 894
894
897 899
899
901
905 906
906 908
908 909 910
909 910
910
914 915 916
915 916
916 918
918
919
923
928 930
930 931 932
931 932 933
932 933
933
941 942
942 944
944
951 952 953
952 953
953
957 959
959
962
969
971 973
973
979
982
985 986
986
989 991
990 991 992
991 993
992 993 994
993 994
994
