#naive2.0.py
# GMT Fri Feb 14 14:28:07 2020
# 
1 2 999
2 4
4 6
6 7
7 9
9 10 11
10 11 12
11 12 13
12 13 14
13 15
14 15
15
21 23
23 24
24 26
26
29 30 364
30
33
36
40
43 45
45 46
46 48
48
52
58
63 64 65
64
65 809
67
71 73
73 74
74 76
76 77 78
77 78
78 80
80
85 86 87
86 87
87 89 503
89 90
90 197 585
95 97
97 99
99 100 101
100 101 833
101
105
108 110
110 111 112
111 113 367
112 195
113
116 117 153
117 118
118 120
120 122
122 123 124
123 125 817
124 125 126
125 127
126 127 128 447
127 367
128
133 134
134
137
141 143
143 145
145 812
147
150 151
151 344
153 155
155
156 404
159 160
160 162 705
162 164
164 166
166 167
167 169
169
172 665
175
183 184 185 624
184 185 186
185 186 187
186 187 747
187 189
189
193 194 195
194 195 196
195 196 197
196 197
197
198 200
200 201 202
201 202 203
202 203
203 205 796
205 559
206 208
208
211 212
212
215 216 748
216
221 222 223
222 223 224
223 224 225 490
224 225
225
229
233 520
236
241 242
242 243 244
243 244
244
249 250
250
254 255
255 257
257 258 259
258 259 260
259 260
260 262
262
265 266 342
266 268
268 269
269
273
280 344 460
282 290
286 287
287
290
294 295 296
295 487 716 404
296 360
300 301
301
305 306 307
306 307
307
314 316
316 318
318 319 320
319 320 321
320 321 322
321 322 323
322 323
323 325
325 327
327
334
337 338
338 340
340 341 342
341 342
342 344
344 346
346
351 352 353
352 353
353 355
355 356 357
356 357 358
357 358
358 360
360
364
367 368 369
368 369
369 371
371
378 379 380
379 380
380
387 389
389 390
390 392
392 394
393 394
394
398 399 400
399 400
400 402
402 404
404
408 409 410
409 410
410
418
421 423
423
427 428
428
439 440
440 442
442 443
443 445
445 446
446 447 448
447
448 450
450 451 452
451 453
452 454 744 738
453 454
454 793
456 458
458 459 460
459 460
460
464 465
465
470
473
476 478
478 479
479
482 949
483 485
485 487
487 489
489 490 491
490
491 493 964
493 494 495
494 495
495 497
497 498 499
498 499 500
499 500
500 502
502 503
503
509 510
510 512
512 513
513
518 519 520
519 520 829
520
522
526 527
527
532 534
534
538
541
544
549
552
555 556
556
559 561
561 788
563 564
564
568 570
570 572
572
577 578 579
578 579
579 742 741
581 583
583 584 602
584 585 586
585 586 587
586 587
587 589
589
593 594
594 596
596 597 598
597 598
598 599
599
602
605 606 607
606 607 608
607 608 609
608 609
609
613
617
622 623 624
623 624
624
630 981
633
637 639
639 640 641
640 641
641 788
643 645 941
645
648 649 650
649 650
650 994
653 655 790
655 656
656
663 665
665
668 669
669 671
671 672 673
672 673
673
676
679 681 783
681
686
689 690
690 692
692 693 694
693 694 695
694 695 696
695 697 889
696 697 698
697 698
698
703 704 705
704 705
705 945
709 711
711
714 715 716
715 716 806
716 718
718
721
724 791
726
729 731
731 733
733 735
735 736
736 738
738 739
739 741
741 742
742 744
744 746
746 748
747 749
748 750
749 750
750
753 931
754
757 758 759
758 759 760
759 760
760
769 771
771 772 773
772 773
773
780 782
782 783 784
783 784
784
788 790
790 791
791 793
793
795 796 797
796 823
797
800 801
801
804 806
806
807 809
809 810 811
810 811 812
811 812
812
816 817
817
821 823
823 824
824 826
826 827
827 828 829
828 829
829
832 833
833 835
835
839 840 841
840 841
841
844 845
845 847
847 849
849 851
851
855
858 859
859 861
861 862
862 863 864
863 864
864 866
866
869 870
870 872
872 873
873
876
880 881 882
881 882 883
882 883
883 885
885 886 891
886 888
888 889
889 891
891 892
892
895 896
896
912
913 915
915 916
916
924 926
926
931
936 937
937
941 942
942 944
944 945
945 947
947 949
949
952 953
953 955
955
958
964 965
965 966
966 968
968 970
970
976 977
977 979
979 981
981 982 983
982 983 984
983 984
984
987 988
988 990
990
993 994 995
994 995 996
995 996
996
999
