#naive2.0.py
# GMT Fri Feb 14 14:28:11 2020
# 
0 1 999 2
1 2 3 999
2 3
3 220
9 10
10
13 15
14 15 107
15
18 526
19 20 21 225
20 21 22
21 22
22 784
27 29 288 658
29 30
30 31
31
33 35
35
36 38
38 40 115
40 42
42
46 48
48 922
52 516
64
70
76 78
78 79 80
79 80 81
80 81 82
81 82
82 84
84 85 838
85 86
86
90 91 585
91
94 95
95 899
99 101
101 102
102
105 106 107
106 107
107
110
115 117
117
120 122
122 123
123 125 817
125 127
126 127 447
127
130 131 850 826
131 133
133
136 845
146 147
147
153 154 155
154 155
155 157
157 159
159 160 567 285
160 162
162
168
171 172
172 173
173
176 177
177 179
179 181
181 607
182
188 190
190 191
191 736
195
204 205 567
205 559
207 208 209
208 209
209
213 214
214 216
216
219 220
220
222
225
228 230
230 232
232 951
238
243
251 252
252
255 256
256
261 262 263
262 263
263 265
265 266
266
269 271
271 273
273 274
274
277 279
279 280 281
280 281
281 282 674
282 290
285
288
290 291
291 292 293
292 293 294
293 294
294 296
296 298 360
298
301
308 309 310 798
309 310
310
314 315 316
315 316
316 317
317 985
319
322 323 324
323 324
324 326
326 327
327 329
329 330
330 540
332 333 334
333 334
334
338
343 537
346 347
347 349
349 350
350
355
360
366
369 371
371 373
373
376
379
388
393 395
395 396
396 398
398 399
399 401
401 815
404
406
409 410
410 412
412 807
419 420 421
420 421
421
427 429
429 430 431
430 431
431
433 435 509
435
440 441
441 443
443 646
446 447
447
450 452
452 454 738
453 454
454 793
458
462 992
464 465
465 467
467 468
468 470
470
473
477 478
478 480
480
484
488 748
489 517
492 493
493
496
499 500 501
500 501
501 503
503 505
504 505
505 507
507 509 934
508 509
509
511 512
512
515 516 517
516
517 838
519 520
520 521
521 782
526 527 528
527 528 529
528
529
533
534
537
540
546
550 551 552
551 552 553
552 553
553
556
557 559 856
559 561
560
561 788
564 566 948
565 566 567
566 567
567
574 575 576
575 576
576 578 923
578 579 580
579 580 741
580 581
581
585 586 587
586 587 588
587 588
588
592 594
594 595
595
600 601
601 603
603 784
607 609
609 610
610
615
618 620
620 621
621 623
623 625 860
625 627
627 628
628
631 632
632
635
639
642 644
643 644
644 646
646 648
647 648 649
648 649
649
652 653
653 790
658
661
664 666
666 667
667 669
669
673 674 675
674 675
675 676
676
683 684 863
684
688 689
689
692 693
693 695
695
700 702
702 703 704
703 704
704
708 710
710 712 866
712
717
725 726
726 728
728 730
730 731 732
731 732
732
736 738
738
741
748
752 754
754
757
762 763
763 765
765
768 770 861
770 771 772
771 772 773
772 773
773 775
775 777
777 779
779 780
780 782
782 783 784
783 784 785 978
784 785
785
788 790
790
792 793
793
795 796 797
796
797 798 799
798
799 800
800 802
802
806 808
807 808 809
808 809
809
812 813 814
813 814 815
814 815
815
817 818
818 820
820 821
821 822
822
825
826
834
838 839
839
842 844
844 845
845 847
847 849
849 850
850
853 854
854 856
856
857
860 861
861
863
866
869
872
876 878
878 880 896
880 881
881 883
883
887
891 893
893 894
894 896
896 898
897 898 899
898 899 900
899 900
900 902
902 903
903 905
905
908 909
909
913 915
915 917
917 919
919 920
920 922
922 923
923
927 928
928
933 934
934 936
936 937 938
937 938
938 940
940 942
942 944
944
947 948
948
951
954
958 959
959
962
965 967
967 969
969
973 975
974 975 976
975 976
976 977 978
977 978 979
978 980
979 980 981
980 981
981 983
983 985
985 986
986
990 992
992 993 994
993 994 995
994 995 996
995 996
996
999
