#naive2.0.py
# GMT Fri Feb 14 14:28:06 2020
# 
0 999
3 4 220
4
7 8
8 10
10
13 15
14 15 107
15
18 526
19 225
24 25 26
25 26
26 28
28
32 34
34
37 39
39
43
47 205
50
53 54 55
54 55
55 57
57
60
63
68 69
69
71 73
73 74
74
79
82
85 87
87 89
89 90
90
94
97
101 103
103
104
107 109 448
108 109 110
109 110 593
110
114
119 120
120
123 817
124
129
131 132
132
135 136 137
136 137 845
137
145 812
148 149
149
152 154
154 156
156 157 404
157 158 159
158 159
159
166 168
168 169
169
172
175
178
182
186 747
189 191
191 192
192 194
194 196
196 766
198 199
199 201
201 202
202 204
204 205
205 284
209 210 211
210 211 212
211 212 213
212 213
213 215
215 216 217
216 217 218
217 218 219
218 219 220
219 220 895
220 221
221 223
223 224 225
224 225
225
229
233 520
238 239
239 241
241 242
242 243 244
243 244
244 304
248 249
249
252 254
254 256
256
260 261 262
261 262 263
262 263
263
266 267 268
267 268
268
271 272
272
275
277 278
278
282 283 284
283 284
284 286
286 287 288
287 288
288
291 292
292 294
294
299
304 573
306 308
308
312 314
314 315 316
315 316
316 317 318
317 318
318 642
324 325
325 327
327 328
328
333 334
334 336
336
339 340 341
340 341 342
341 342
342 560
345 346 347
346 347
347
356 357
357 359
359 360
360 362
362 364
364 365
365
371 372 373
372 599
373
378
382 383
383
388 390
390
393 394 989
394
397
398
401 402 403
402 403 404
403 404
404
406
410 412
412 413
413 414 415
414 415
415
418 604
419
423 424 425
424 425
425
429
434 435
435 437
437 439
439
444
447 449
448 449 450
449 450 740
450
458 460
460 461
461
466
469 470 471
470 471
471
474 476
476 478
478
483 484 485
484 485 746
485
488
489
494 495
495
498 499
499 501
501 502
502 740
505
508
511 512 513
512 513
513 515
515
518 520
520
522 523
523
526 527
527
530 532
532 533 534
533
534
538 539 540
539 540 541
540 541
541 543 553
543 545 723
545 546 547
546 547
547 549
549 550
550
553
558 560
560
561
565
569 570
570
573 575
575 577
577 578 579
578 579
579
583 584 602
584
587 589
589
593
595
598 599 600
599 600 601
600 601 602
601 602 603
602 603
603 604 784
604 606
606
609
614
615
617 618 619
618 620
619 620 621
620 621 622
621 622
622
625
628 819
631
634 635 636
635 636
636 638
638 640
640 641 642
641 642
642 644
644
650 994
653 655 790
655 656
656 658
658
661
664 666
666
677 678 679
678 679
679 681 783
681 682 683
682 683 684
683 684 685
684 685
685 687
687 688
688
692
695 889
701 703
703
710 711 712 866
711 712 713
712 713
713
715 717
717 718 719
718 720
719 720
720
723 725
725
728 729 730
729 730
730
740
746
747 749
749 751
751
754
757
761 841
765 766 767
766 767 768
767 768
768 861
771 772
772
776
779
783 784 785
784 785
785
790
800 801
801 803
803 805
805
808 810
810 812
812 813 814
813 814
814
817 818 819
818 819
819
824
827
830 832
832
835 836
836 838
838 839
839 841
841
845
848 849 850
849 850
850 865
853 854
854 856
856
860 861
861
865 867
866 867
867
870 871
871
873 874
874 876
876 878
878 880
880 881 882
881 882
882 884
884 885 886
885 886 891
886 887
887 889
889 891
891
894
895
899
902
906 908
908
911
915 917
917 919
919 921
921 922 923
922 923
923 924
924
929 930 931
930 931
931
935
939 941
941 942
942 944
944
947 948 949
948 949 950
949 950
950 952
952 954
954 955
955 957
957
961
964 965
965
971 972
972
976 977
977
981 982 983
982 983
983
986 987
987 989
989
992 994
994 996
996 998
998 999
999
