#naive2.0.py
# GMT Fri Feb 14 14:28:09 2020
# 
3 5 220
5 6 7
6 7
7 9
9 10
10
14
17
20 21 22
21 22
22 784
25
31
33
36
40 42
42
46 47 48
47 48 205
48
52
55 56 57
56 57
57 59
59
62 63 64
63 64
64 766
66 67 68
67 68
68
71 72
72
77 79
79 81
81
90 197
95 474 899
99 101
101 102
102
105
108 110
110
120
127
131 132 133
132 133 134
133 134
134
137 138
138 139 140
139 140 141
140 141 973
141
148
151
154 155
155 157
157 159
159 160
160 705
168
174 175
175 177
177 179
179 181
181 607
182 183 184
183 184 185 624 956
184 185 186
185 186
186 188
188 189 190
189 190
190 192
192 193 194
193 194
194 196
196 197 766
197 199
199 201
201 203
203 205
205
210 211 212
211 212 213
212 213 214
213 214
214 216
216 217 218
217 218
218 220
220 221
221 222 223
222 223
223 225
225 227
226 227 971
227 228 229
228 229
229 231
231
234 235 236
235 856 602
236
242 243
243 245
245 247
247
250 251
251
255 256
256 258
258 260
260 261
261
265 342
268 269 270
269 270 271
270 686
271 273
273 275
275 962
279 280
280
282
287
291 292
292 294
294
300 301 302
301 302 303
302 303 304
303 304
304
308 309 798
309
313 315
315 316
316
323
327
330 331 540
331 333
333 334 335 445
334 335
335 337
337 338 339
338 339 340
339 340
340 342
342 560
345
351 352
352
355 356 357
356 357
357
361 362
362
368 369
369
373 374
374 376
376 378
378
383 384
384
388
395 396 397
396 397 398
397 756
398 399
399
402 404
404
407
408
411 412
412 807
414 415
415
418 604
422 669 614
425 426
426 428
428 430
430 431 432
431 432
432 433
433
439 440
440
445
448 450
450 452
452
453 455
455 456 457
456 457 458 820
457 458 459
458 459
459 461
461 462
462
464 465 466
465 466 467
466 467 468
467 468
468 470
470 471
471
474 476
475 476 477
476 477
477 479
479 481
481
485
488
489 517
492 493
493 495
495
498
501 502
502
505
508
511 512
512
517 518
518 519
519 829
523 524
524
532 533 534
533 535 735
534 535
535 537 825
537 539
539 540
540 542
542 543 544
543 544
544
547 548
548
551
554
558 560
560 562
562 563 564
563 564
564 566
566 568
568 569 570
569 570
570 572
572
576
580
584
588 590
590 591
591 593
593 594
594 596
596
599 600 601
600 601 602
601 602 603
602 603
603 604 784
604
607 608
608
611 613
613 614
614 616
616
621
624
625
631 633
633
636 638
638 639
639 641
641
643 644 645
644 645 646
645 646 708
646
649 650 651
650 651 994
651
656 657
657 659
659
663 665
665
666
669
672
680
683 685 863
685 686 687
686 687 688
687 688
688 689
689
701
704 705 706
705 706
706 707 708
707
708 710
710 866
716
717 719
719 720 721
720 721
721
725 726 727
726 727 728
727 728
728
734 735 736
735 736
736
741 742
742
746
749 751
751
756 757
757
760 761
761 841
763
766 767 768
767 768
768 770
770 772
772 774
774 776
776 777
777
780 781
781 783
783 784 978
784
789 790 791
790 791
791 792
792
795
798
799 800
800
803 946
806 808
807 808
808 810
810 812
812 813 814
813 814
814
818 820
820
823 824 825
824 825
825 827
827 829
829
835
840 841
841
849 850
850 865
852
853 855
855
856 858
858
862 863 864
863 864
864 866 975
865
866
869 870
870 872
872 873
873
876
879 881
881 883
883 885
885
887 888
888
892
895 896 897
896
897 899
899
902 903 904
903 904
904 906
906
909
914 916
916
921
929 931
931 932 933
932 933 934
933 934
934
937 939
939
943
946 947
947 949
949 950 951
950 951
951 953
953
956
959 961
961 962 963
962 963 964
963 964
964
966
969 970
970 971 972
971 972 973
972 973
973 975
975 976
976 977 978
977 978
978
983 984
984 986
986
989
994 995 996
995 996 997
996 997 998
997 998
998
