#naive2.0.py
# GMT Fri Feb 14 14:28:09 2020
# 
0 1
1
7 9
9 10 11
10 11 12
11 12 13
12 13
13 15
15 17
17 19
19 21
21 22 23
22 23
23
26 28
28
31
33 35
35
39 40
40 42
42 43 491
43 44
44
49 50
50
53 54
54
57 59
59
62 63
63 65
65 66 809
66 68
68 69
69
73
76
82 83
83 998
87 88 89
88 89
89
93 269
94
101
104 105 106
105 106
106 108
108 110
110 111
111 113
113 114 115 370
114 115
115
119 120 121
120 121
121
123
124 126
126 128 447
128 130
130 132 850
132 133
133
136
142 144
144 381
145 812
147
150
154
157 158 159
158 159 160
159 160
160 705
161
164 166
166
169
172 174
174 176
176 177
177 179
179
186 187
187
191 192
192 194
194 195 196
195 196
196 766
198
203 205 796
205 284
206 207 208
207 208
208 210
210 211 212
211 212 213
212 213
213
217 219
219 895
221 222 223
222 223
223 490
226 227 971
227 229
229 230 231
230 231
231 233
233
238 239 240
239 240
240
243 244 245
244 245 246
245 246
246 248
248
251 253
253 254 255
254 255 256
255 256
256 258
258 260
260 261
261
265 267 342
267 269
269 270 271
270 686
271 273
273 275
275 276
276 277
277 279
279 280 281
280 281
281 282 283 674
282 283 284
283 284 446
284
287 288 289
288 289
289 291 615
291
295 716
303
309
314 316
316 317 318
317 318 985
318 319 320
319 320
320 322
322
326
329
332 333 334
333 334 445
334 336
336 337 338
337 338 339
338 339
339
342
345
348 349
349
352 353
353
357 358
358 360
360 361
361
364 365 366 969
365 366
366 368
368 370
370
371
374 376
376 377 378
377 379 382
378 379 380
379 380 381
380 381 382
381 382 383
382 383 384
383 384
384
390 392
392
398 399
399
402 403
403 405
405
408 410
410
413 414
414
417
421 422 423
422 423
423 425
425 426 427
426 427 428
427 428
428
431 432
432 454
437 438 439
438 439 440
439 440 441
440 441
441 443
443 445
445 446
446 447 448
447
448 450
450 452
452 454 738
453 454 455
454 455 793
455
458 459
459
465 466
466
470
475 477
477 478 479
478 479
479 481
481
486
490
491 964
494
498
504
518 519
519 829
522 523
523 525
525 527
527 528 529
528
529
535
538 539
539
542 544
544
547
553
555 557 894
557 856
562 564
564 948 654
565
569 570
570
573 574 575
574 575
575
578 580
580
587 588 589
588 589
589 591
591 592
592 594
594 595
595
599 601
601 603
603
608 609 610
609 610
610
613 615
615
618 620
620 621 622
621 622 623
622 623
623 625
625 626
626 703
632 633 634
633 634 635
634 635 636
635 636
636 638
638 639
639 641
641
643 644
644
649
653 654
654
657 659
659
662
666 667 668
667 668
668
671 672
672 674
674
677
682 683 684
683 684
684 686
686
689
693
696 698
698 700
700
703 705
705 706 945
706 707
707 709 944
709
714 715 716
715 716 717
716
717 719
719 720 721
720 721
721 723
723 725
725 726
726 728
728
732 733 734
733 734 735
734 735
735
738 739
739 741
741 742
742
745 746 798
746 748
748
753 755
754 755
755 757
757 759
759
762 763
763
766 767 768
767 768
768 861
771
782 783
783 978
793
796
798
800 801 802
801 802
802
807 808 809
808 809
809 811
811 812
812 814
814 815 816
815 816
816
819
822
827 829
829 830 831
830 831 832
831 832
832
835
838 839
839 841
841 842 843
842 843
843
850
854 856
856
861 862
862
866
869
873
876
879
883 884 885
884 885
885 891
887
890 891
891 892
892 894
894 896
895 896
896
900 901 902
901 902
902
912
915
921 923
923
925 926
926
933
936 937
937 939
939 940
940
943 944 945
944 945
945
948 950
950 952
952 954
954 956
956 958
957 958 959
958 959
959
963 964 965
964 965
965
968 969
969
971 973
973
974 976
976 977 978
977 978 979
978
979 981
981 982 983
982 983 984
983 984 985
984 985
985
988 989 990
989
990 992
992
997 998
998
