#naive2.0.py
# GMT Fri Feb 14 14:28:03 2020
# 
1 2 3
2 3 4
3 4 220
4 6
6 7
7
10 11 12
11 12 13
12 13 14
13
14
19 20
20
23 25
25
28
32 33
33 35
35
40
43
47 48
48
56 57
57 59
59 60
60
67 68
68
72 73
73 75
75 76 77
76 77 78
77 78 79
78 79
79
83 84 85
84 85 838
85 86 163
86 88
88 89
89
95 899
99 101
101 102
102
108 109
109 111 593
111 367
112 114
114 855
117
122 124
124
127 129 367
129 298
134 135
135
140 141 142 392
141 142
142
152 153 154
153 154 155
154 155
155 157
157 158 159
158 159 160
159 160
160 162
162 163
163 165
165 166
166 168
168
172
179
184
189 190 191
190 191 192
191 192
192
197
198 200
200 201 202
201 202
202
206
211 213
213
217 218
218 220
220
222 223 224
223 224
224
227 228 229
228 229 230 571
229 230
230 232
232 234 951
234
239
242 244
244 246 304
246 248
247 248 249
248 249 250
249 250
250
254
257
260
263 265
265 342
269
273 274 275
274 275 276
275 276
276
280
284
288 289
289 290
290
292 293 294
293 294
294
297 298 996
298 299
299
304 573
308 310
310 312
312
316 317 318
317 318 985
318 319
319
326 327 328
327 328 329
328 330
329 330
330 540
333 334 445
334
342
343
346 347 348
347 349
348 349
349
353 354
354
357
360 361
361 363
363 364
364
367 368
368
373
377 382
382 384
384 385
385 387
387
391 392
392 394
394
403 404
404
408 409
409 411
411 413
413
416
419 420
420 422
422 423 614
423
426 427
427 429
429 430 431
430 431
431 886
435 436 437
436 437 438
437 438
438 440
440 442
442
445 446
446 448
448 449
449
454
458
461 463
463 464
464 466
466
469 471
471 473
473
476
481 482
482 949
485 486 487
486 877
487
491 964
492
496
499 501
501
504
506 507 508
507 509 934
508 509 510
509 510
510 512
512 513 514
513 514 515
514 515
515
520 521
521
522 524
524
528
532 802
535 825
540
543 544 723
544 546
546 548
548 549
549
553 554
554 555
555 894
559
564 566 948
566
571 573
572 573
573
576 577 923
577 579
579 741
581 583
583 584
584
587
591 592 593
592 593
593
597
600 601
601
604
607 608 609
608 609
609
612 614
614
619
622 623
623 860
626 703
627 629
629
631 633
633 635
635
638
643 644 941
644 646
646 648
648
652 653
653 655
655
660
663 664
664 666
666
673 674
674
676 678
678
681 682 683
682 683 684
683 684
684 686
686
690
693
696 698
698 699
699
703
706 708
708 710
710 712 866
712 714
714 715 716
715 716 806
716
720
723 725
725 726 727
726 727 728
727 728
728
735
738 739
739 741
741 743
743
748
749
753 755 931
754 755
755
762 763
763 765
765
771 772
772
779 780
780
783 784 978
784
786
789
792 794
794 795 796
795 796
796 823
799 800
800 802
802
804 805 806
805 806
806 808
808
811 813
813 815
815
823 825
825 827
827
832 833
833
836 837 838
837 838
838
845 847
846 847
847 848
848 850
850
853 855
855
856
860 861
861
866 867
867
870
873 875
875 876 877
876 877
877 879
879 880 881
880 881 882
881 882
882
885 886
886 887
887 889
889
892 893 894
893 894
894 896
896 898
898 899
899
902
906 907 908
907 908
908
914 915
915
918 920
920 921
921 923
923
925 927
927 928
928 930
930 931
931
934
937
941 942
942 944
944 945 946
945 946 947
946 947 948
947 948 949
948 949
949 951
951 952 953
952 953
953 955
955 956
956
960
963 964
964
968 970
970 972
972
977 978
978
981 983
983 984 985
984 985 986
985 986
986 988
988
994 995 996
995 996
996
