#naive2.0.py
# GMT Fri Feb 14 14:28:06 2020
# 
0 1 999
1 999
5 6
6 8
8 9
9
12 13 14
13 15
14 15
15 16
16 254
27 658
32 34
34
37 39
39
44 45 46
45 46 47
46 47
47 49
49 50 51
50 171
51
54 55
55
58 59
59
63
67
70 71
71 73
73 75
75 77
77
80 81
81
88 90
90 91 197
91 92 93
92 93 94
93 95 269
94 95 96
95 96 474
96
100 101 833
101 102
102
106
109 593
112
116
118 120
120 122
122
125
128 129 130
129 130
130 131 241 826
131
134 135 136
135 136
136
139 140 141
140 141 142 392
141 142
142 144
144
145
147
150 152
152
157 158
158 160
160
166 168
168
171 172 789
172 174 665
174
179 180
180
183 184
184 186
186
190
193 194
194
197
200 201
201
204 567
207
210 211 212
211 212 213
212 213
213
223 490
227 228
228 230 571
230
233 234 235 520
234 235 236
235 237 856 602
236 237
237
241 242
242
248
253 254
254
259 261
261
265 266 267 342
266 267 268
267 268 269
268 269
269
272 273
273 275
275 276 962
276
280 281 344 460
281 283
283
285
289 290 291
290 291
291
299 300
300
306 308
308 309 310 798
309 310 311
310 311
311
314 315 316
315 316
316
319 320 321
320 321 322
321 322 323
322 323
323
327
334
339 341
341 342 343
342 344 560
343 344
344
347 349
349 350 351
350 351 687
351 353
353 355
355
360
363 365
365 367
367 368 369
368 369 370
369 370
370 372
372 374 599
373 374
374
377 379
378 379 380
379 380
380
384
387
390 392
392 394
394
398 400
400 402
402
407 854
408
413 414 415
414 415
415
418
419
422 423 669 614
423 424
424
429
436 438
438 439 440
439 440 441
440 441 442
441 442 724
442 444
444 445
445
450 452
452 454 744
453 454
454
460 461
461 462
462 992
464
468 469 470
469 470
470 472
472 473
473 474
474
477 479
479 480 481
480
481 483
483
488 490
489 490
490
493 494
494
498 500
500 501 502
501 502
502 740
505 506
506 508
508 509
509
511 512
512
519 520
520 521
521 782
526 527
527 529
529 530
530 532
532 534 802
534 535
535
539 540
540 542
542
546 548
548 549 550
549 550
550 552
552
555 557
557 856
560 562
562 563
563
567 569
569 571
571 573
573 574 575
574 575
575
578 580
580 582
582
588
591 592 593
592 593
593
597 598
598 599
599 601 629
601 602
602
605 606
606
613 614
614
618 787
621 622
622
626 628 703
628
629
631
637 638 639
638 639
639
642 644
644 645
645 708
651
654
658 659
659 661
661
664 665 666
665
666
669
673
677 678
678
681 682
682 684
684 685 686
685 686 687
686 687 688
687 688
688 689 690
689 690
690 692
692
699
703
706 708
708 710
709 710
710
714 715 716
715 716 806
716 718
718 720
719 720 721
720 721 722
721 722
722 724
724 791
727
732
735 736 737
736
737
740 741 742
741 742
742 744
744 746
746
749
753
758 760
760 762
762 763 764
763 764 765
764 765
765
768
772 774
774 775 776
775 776
776
779 780
780 782
782 784
784 785
785 786 787
786 787 788
787 788 789 912
788 789 790
789 790 791
790 791
791
798
800 802
802 803
803 805
805 806 807
806
807 809
809 810
810
818
821 823
823 824
824 826
826
828
833 834
834
837
840 842
842 843
843
846 847
847 848
848
854 855 856
855 857
856 858
857 858
858 859 860
859 860
860
863 864
864
865
870 871
871
873
876 877 878
877 878 879
878 879 880
879 880 881
880 881
881
884 886
886 887
887
891 893
893 895
895
902 904
904 906
906 907 908
907 908
908
912
919
922 923
923
926
929
932 933
933
937 939
939 940 941
940 941
941
943 944
944
947
953 954
954
958
961 962 963
962 963 964
963 964 965
964 965
965 967
967 968
968
971
977
982
991 993
992 993
993
997 998 999
998 999
999
