#naive2.0.py
# GMT Fri Feb 14 14:28:10 2020
# 
0
6
16
17 19
19 20 21 225
20 21
21
24
33 34 35
34 35
35 650
39 40
40
43
47 48
48 50
50 52
52 54 516
54 56
56 57 58
57
58 60
60
64 375
68 69 70
69 70
70 71 72
71 72
72 74
74 75 76
75 76 77
76 77
77
80 81 82
81 82 83
82 83
83 998
87 503
93 95
94 95
95 97
97
100
103
106 107
107
112 114
114 116
116 117
117 118
118
121 122
122 123 124
123 125
124 125
125
129
131 132
132
135
138 140 347
140 141 392
141 143
143 144
144 381
146
151 344
157 158 159
158 159
159 285
161 162 163
162 163 164
163 165
164 165
165
169 170
170
176 177
177
180 181 182
181 215 607
182 183 184
183 184 185 624 956
184 185
185 187
187 188 189
188 189
189
192
196
198 199
199 201
201
210 211
211
215 748
218 220
220 221
221 222 223
222 223
223 225 490
225 227
226 227 971
227 228
228
233 235
235
239 240
240
242
247 248
248 250
250 252
252 253
253
256 258 846
258 259
259 261
261 263
263 265
265 267 342
267
271 273
273 274
274
279 281
281 282 674
282 290
285 286
286
289 290 291 615
290 291
291 292 293
292 293
293
297 996
299 300 301
300 301
301 303
303 304 845
304
305 307
307 308
308 310 798
310 311
311
314 316
316
319 321
321 323
323
326
330
332 334
334 335 336
335 336
336
341 342
342 344
344 345
345 347
347
354 355 356
355 356
356
359 360 361
360 361
361 363
363 365
365 366 367
366 367
367 369
369 370 371
370
371
375 377
377 382
378
381 382 383
382 383
383 385
385 387
387 389
389 391
391 392
392
399 400 401
400 401
401 403
403 404
404
409
412 413 807
413 415
415 417
417 418 419
418
419
424 425 426
425 426
426 428
428
432 433
433 435 509
435 436
436
441 442 443 724
442 443
443 445
445 446
446
449
451
456 458 820
458 459 460
459 460
460
463 464
464 466
466 468
468 469 470
469 470
470 472
472
475 476 477
476 477 478
477 478 479
478 479 480
479 480
480 482
482
486
490 492
491 493 909
492 493 494
493 494
494 496
496 497 498
497 498 499
498 499
499
502 503
503 505
504 505
505
509
512 514
514 516
516 918
519
522 523 524
523 524 525
524 525 526
525 526 527
526 527 528
527 528
528
531 533
533 535
535 537
537
538
543 723
548 549
549
556
557 559
559 561
561 562
562
568
572
576 578
578 580
580
584 585
585
588 589
589
593
595 596
596
607 608 609
608 609 610
609 610 611
610
611
614 616
615 616
616
620 621
621
624
629 630
630
631
634
637
640 641 642
641 642
642 644
644
648 650
650
652 654
654
655
659
664
668 669
669
674
678 679
679 783
690 691
691 693
693
696 698
698
701 702 703
702 703 704
703 704 705
704 705 706
705 706
706 707 708
707 944
708
711
714 715
715 806
719 720
720 722
722 723 724
723 725
724
725 727
727
737 738
738
741 742
742 744
744 746
746 748
747
748
752 754
754
761
764
768 769 770 861
769 770 771
770 771
771 773
773 774
774
780
783 785
785 786
786
789 790
790
793 794
794
797 798
798
800
806 808
807 808 809
808 809
809
812
816
819 820
820
836 838
838
845
846
850 865
852
853
861
863
865 867
866 867
867 869
869 870 871
870 871 872
871 872
872 873
873
879
886 887
887 889
889 891
891
894
895
898
901 902
902
908 909
909
912 914
913 914 915
914 915 916
915 916
916 918
918 920
919 920 921
920 921
921
925
930
934 936
936 937 938
937 938
938
941
944 946
946
956
959 961
961 963
963 965
965 966
966
969 970
970 971
971
976
979
983 985
985 986
986 988
988 989 990
989
990 992
992
995 996
996 998
998
