#naive2.0.py
# GMT Fri Feb 14 14:28:10 2020
# 
1 2
2 4
4 5 6
5 6 7
6 7 8
7 8
8 10
10 12
12 13 14
13 15 531
14 15 107
15 16
16 950
20
27
39 40 41
40 41 42
41 42
42
44 46
46 47 48
47 48 49 205
48 49 50
49 50
50
54 55
55
59 60 61
60 61 62
61 63 660 528
62 63 64
63 64
64 375
66
72 73 74
73 74 75
74 75 76
75 76
76
84 85 838
85
89 90
90 197 585
92 93 94
93 269
94
99 100
100
102
104
107 109
108 109 110
109 110 593
110
114 115 855
115
119
123
124
127 129 367
128 129
129 298
132
135 136
136
139 140
140 142 392 713
142 143 144
143 144 145
144 406
145 146
146
149 151
151 152
152 153 154
153 154
154
159 160
160 162
161 162
162
165 166
166 168
168 170
170
173
178
182
187 189
189 191
191 193 736
193 195
195 197
197 199
198 199
199 201
201 202
202
205 284 559
207 209
209
212 213
213
216 217
217 219
219 220 895
220 221
221 222
222
227 228 229
228 229 571
229 231
231 232
232
235 237 856 602
237
241
243 245
245
249
253
257 258 259
258 259
259
262 264
264 265 266
265 266
266 268
268 269
269 271
271 272
272
276 277 278
277 278 279
278 279 280
279 280 281
280 281 460
281 282 674
282 284
284
287
291 292
292
298 299
299
303 304
304
305 306
306 308
308 310 798
310 312
312 314
314 316
316 317 318
317 318
318
321 322 323
322 323 324
323 324
324
328
331
336 337
337
343 345
345 346 347
346 347 348
347
348 350
350
354
357 358 359
358 359
359 361
361
364 969
367
373 374 375
374 375
375 377
377 379 382
379
382
386
391 392
392 394
393 394 989
394 396
396 397
397 756
399 400 401
400 401
401 815
404 405
405 406 407
406 407
407 409
409 410 411
410 411 412
411 412
412 807
418
421 423
423 425
425 426
426
429 430
430
436 437
437
440
445
452 454 738
454 455 793
455 457
457 458 459
458 459 460
459 460
460
463
474 476
476 478
478 479 480
479 480 481
480 482 755
481 482
482
486
487 489
489
495 497
497
500 501
501 503
503 505
505 506
506
510
513
518
521
524
527 528
528 530
530 531 532
531 532
532 802
535 825
538
541 542 543
542 543
543 723
548 550
550
555 557 894
557 559 856
559
560 562
562 564
564
568
571
572
576
580 581 582
581 582 583
582 583
583 602
585 586 587
586 587
587
590
593 594
594 595
595 597
597
602
605 606 607
606 607
607
610 888
613 614
614 616
616 618
618
623 624
624
627 628 629
628
629
631 633
633 634 635
634 635 636
635 636 637
636 637 638
637 638 639
638 639 640
639 640 641
640 641
641 788
644 645
645
648 649
649 651
651 653
653 790
657
660 662
662 663
663
666
669
670
673 674
674
677
681 682
682
685 686
686
691 693
693
697 698 865
698
706 707
707 709
709 711
711 712 713
712 713 714
713 714
714 716
716
720 721
721 723
723
727
732 733
733 735
735 736
736 738
738
741 742 743
742
743 745
745 746 747 798
746 748
747
748 750
750 751
751 753
753 755 931
754 755 756
755 756 757
756 757
757
760
767 768
768
771 772 773
772 773 774
773 774
774
779
784 785
785
788 790
790 791
791 792 793
792 793
793
798
802 803
803
804
807
811
815
825 827
827 828 829
828 829 830
829 830
830
834 836
836 837 838
837 838 839
838 839
839
846 847
847
850 865
851
855
856 858
858 859
859
862 864
864 975
865
868
874
878 879 880 896
879 880
880
885 886 891
886 888
888 889
889 891
891
894 896
895 896
896 898
898
902 904
904 905
905 907
907 908
908 910
910 911 912
911 912
912
915 916
916
919 920 921
920 921
921
926 927 928
927 928
928 930
930 931
931
935 936
936 938
938 939 940
939 940 941
940 941 942
941 942
942 943
943 945
945
950 952
952
956 958
958 960
960 961
961 963
963
968 969
969
975
977 979
979 980
980
983
986
989
992
995 996
996
