#naive2.0.py
# GMT Fri Feb 14 14:28:06 2020
# 
0 2
2 3
3
8 9 10
9 10
10
18
20 21 22
21 22
22
30 31 32
31 32
32 33
33
36 37
37
41
44 46
46 47 48
47 48 49
48 49 50 922
49 50
50 52
52 54 516
54 56
56 57
57
61 528
62 64
64 766 375
69 416
75 76
76
80 82
82 84
84
89 90
90
92
95 97 899
97 98 99
98 99 100
99 100
100
102 103 987
103
104
110
114 115 116
115 116
116 153
120 121
121 386
123 817
124 126
126
131
135 136
136
139 140 141
140 141 973
141
144
146
152 153 154
153 154 155
154 155
155 157 472
157 158
158
161
164 165
165
173 174 175
174 175
175
178
182 183
183 185
185
196 766
201 202
202
211 212
212 214
214 215 216
215 216
216 218
218
223 225
225
229 231
231 232
232 951
236 238
238 239
239
242
245 246
246
249 250
250 252
252
255 256 257
256 257 846
257 259
259 261
261 263
263 265
265
268 269
269
274
279 280
280 344 460
284 285 286
285 286
286
289
294 296
296 298
297 298
298 299 300
299 300 301
300 301 302
301 302 303
302 303
303
305 306 307
306 307
307
311 312
312 314
314 315
315
318 319 320
319 320
320
323
326 327 328
327 328
328 330
330 540
333 334
334 336
336 337
337 339
339 340 341
340 341
341 343
343 344 345 537
344 345 346
345 346 347
346 347 348
347
348
353 354
354
357
361
365 366 367
366 367
367
371 372
372
375
385 386
386
391
393 395 989
395
398 400
400 401
401 403 815
403 404 405
404 405
405
410
414 415 416
415 416
416
419 420 421
420 421
421 423
423
427
431 432
432 434 454
434 435 436
435 436 437
436 437 438
437 438 439
438 439 440
439 440 441
440 441
441 724
444
448 449
449 740
452 454 738
453 454 455
454 455 852 793
455 457
457 458 459
458 459 460
459 460
460
462 463
463 464 465
464 465
465
470 471 472
471 472 473
472 473
473 475
475 476
476 478
478 480
480 755
484 485
485
488
489 491
491
494
503 505
505
513 514
514 516
516
520
522 523
523
527 528 529
528 530
529 530 531
530 531 532
531 532
532
535 536 537 825
536 537 538
537
538 540
540 541 542
541 542 543
542 543
543 545
545
548 549
549 551
551
557
561 562
562 563
563
566 567
567 569
569 570 571
570 571
571
575
581 583
583 584
584 586
586 587 588
587 588
588
595 597
597
600
603
607 608
608
611 612
612
616 617 618
617 618
618
622
626 628 703
627 628
628
634 635
635
639 640 641
640 641
641
643 644 645 941
644 645 646
645 646 708
646
649 651
651
655 656
656 658
658
663
666 667 668
667 668 669
668 669
669
672 673
673
677 678 679
678 679
679 681
681
687 688
688 690
690 692
692
696
699
702 703 704
703 704 705
704 705
705
707 944
708 710
710 712
712 714
714 715 716
715 716 806
716
719
724
732
736 738
737 738 739
738 739
739 740 741
740 741
741
747
751 752 753
752 753
753 755 931
755 756 757
756 757
757
760 762
762
765 766
766
769 771
771
775 776
776
781
786
793 794
794 795
795 797
797 799
799
803 946
806
811
814 815
815
817 818
818
824 825
825 827
827 828 829
828 829
829
832
836
842 844
844 846
846
848 849
849
852
857
859 861
861
863 864
864
867 869
869 870 871
870 871
871
874 875
875
878
881 882 883
882 883 884
883 884
884
889 890
890
892 893
893
898 899
899
908 910
910 911 912
911 912 913
912 914
913 914 915
914 915 916
915 916
916
922 923
923
925 926 927
926 927
927
931 933
933
937 938
938
941
944 946
946 947 948
947 948
948 950
950 951
951 953
953 955
955
958 959
959
963
966 967 968
967 968
968 970
970 971 972
971 972 973
972 973 974
973
974
977 978 979
978
979
982 983 984
983 984
984 986
986 987
987 989
989 991
990 991
991 993
993 994 995
994 995
995 997
997 998
998
