#naive2.0.py
# GMT Fri Feb 14 14:28:11 2020
# 
2 3 4
3 4 220
4 6
6 8
8 9 10
9 10 11
10 11 12
11 12
12 14
14 15 107
15
18 733
19 225
22 23 24 784
23 24
24 26
26 28
28
31 32
32 33
33 35
35
36
41
47 48
48 50
50
51
55 56
56
62 64
64 375
66 67 68
67 68
68
79 80 81
80 81
81 83
83 85 998
85 163
88
95 899
101 103
103
104 106
106 107 108
107 109 448
108 109 110
109 110
110
113 114
114
119 120
120
126 127 128
127
128 130
130 131 132 850 241
131 132
132
139 140 141
140 141 392
141
147 148 149
148 149 150
149 150
150 152
152
156 404
158 159
159 567
161 162 163
162 163 164
163 165
164 165
165 167
167
172
175 176 177
176 177
177 179
179
182
185 186 187
186 187
187 189
189 190 191
190 191
191 193
193
199 201
201 202
202
207
211 212
212
217
220
222 223
223 225
225
226 971 857
228
231 233 764
233 234 235
234 235 236
235 237
236 237 238
237 238
238
241
244 245 246
245 246 247
246 248
247 248
248 250
250 251 252
251 252
252
255 257
257 259
259 261
261 262 263
262 263
263 265
265
272 273
273 275
275
279
283 446
286 288
288
291 292
292
295 297 404
297
299
306
313 314 315
314 315 316
315 316
316
320 321
321
324 326
326 327 328
327 328
328
331
335 337
337 338
338
347
351
354 356
356
359 361
361 362 363
362 363
363 365
365
368 369
369
373 375
375 376
376
380 382
382 384
384 385 386
385 386
386 388
388
392 394
393 394 989
394 396
396 398
398
401 402 403 815
402 403 404
403 404 405
404 405
405 407
407
408 410
410
413 415
415
421
431 886
433 434 435
434 435
435
440
443 445
445 446
446 448
448 450
450 452
452 744 738
455 456 457
456 457
457
461 462 463
462 463
463
466
469
472 473
473 475
475 477
477
480 482 755
482 949
486
489
494
497
500 502
502 740
504
507 934
508
514
521 523 782
523 524 525
524 525
525 527
527 529
529 531
531 533
533 735
539
545 546
546 548
548 549 550
549 550
550
553
558
565 567
567
568
573
577 579
579 580 742
580 581
581 583
583
586
590 591
591
594 595
595
598
603 784
605 606
606 608
608 609 610
609 610 611
610 888
611
614
618
623 624
624 626
626 628 703
628
634
640 641
641 788
644
647 648 649
648 649
649 651
651
656
659 661
661 663
663 664
664
673 675
675 677
677 678
678 680
680 681
681
684 686
686 687 688
687 688
688 689
689
692 693 694
693 694
694
697 865
703
707 709 944
709
714 715
715
720 721
721 723
723
728 730
730
733 735
735
738 739
739 740
740 742
742 744
744
748
751
754 755
755
759 760 761
760 761
761
763 764
764
768 861
771 772
772
775
781 782 783
782 783 784
783 784 785 978
784 785
785
788 789
789
792
795 796 797
796 823
797 798
798
800 802
802
807 808 809
808 809
809 811
811
815
818
823 824 825
824 825
825
829 830
830
833
837 838 839
838 839
839 840
840 842
842 844
844 846
846
850 865
852
853
857 858
858 859
859 861
861
863 864
864
865
868 869 870
869 870 871
870 871 872
871 872
872 874
874 875
875
880 881 882
881 882 883
882 883
883 885
885 886 891
886 888
888
891
894 896
896
899 900
900 902
902
907 908 909
908 909
909
913
918
921 923
923
925 927
927
930
934 936
936
940 942
942 943 944
943 944
944
949
953 955
955 956
956
959
964 965
965
968
971
974
978 980
979 980 981
980 981 982
981 982 983
982 983 984
983 984 985
984 985 986
985 986 987
986 987
987 989
989
990
993 995
995
998 999
999
