#naive2.0.py
# GMT Fri Feb 14 14:28:03 2020
# 
0
4 6
6 7
7
10
13 15 531
14 15
15 17
17 19
19
24 25
25
29 30 364
30 31 32
31 32
32
36 37 38
37 38 39
38 40
39 40 41
40 41
41
46 47 48
47 48 49
48 49 922
49 51
51
57 167
60 62
62 63
63
68 70
70 71 72
71 72 73
72 73 74
73 74
74
79 80 81
80 81
81 83
83
87 88 89
88 89
89
92 93
93
96 97
97 99
99 100
100 833
103 897
104 106
106
109 593
114 855
117 118 119
118 119 120
119 120 121
120 121
121 386
126 127 128 447
127 129
128 129
129
137
139
145 146 812
146 147 148
147 148
148 150
150 152
152 154
154
157
162 163 164
163
164
167 169
169
171 789
175 176 177
176 177
177 179
179 181
181 215
182
185 186
186 747
191 193 736
193 194 195
194 195 196
195 196 197
196 197
197
201
204
206 208
208 209 210
209 210 211
210 211 212
211 212
212 214
214 215 216
215 216 217
216 217 218
217 218 219
218 219
219
226 227 971 857
227
231
234 236
236
239 240
240
242
245 246
246 248
248 249
249
256 257 258 846
257 258
258 260
260 262
262 264
264 265
265 267
267 268
268
271 272
272
275 276 962
276
279 281
281 283 674
283
285
292 293
293
299 300 301
300 301 302
301 302 303
302 303 304
303 304
304
305 306 307
306 307 308
307 308
308 310 798
310 311
311 313
313 314 315
314 315 316
315 316 901
316 317 318
317 318 985
318 320 642
320
323 324 325
324 325 326
325 326 327
326 327 328
327 328 329
328 330
329 330 331
330 331
331
334 335
335
339 341
341
345 346 347
346 347
347
350 351 352 687
351 352 353
352 353 354
353 354 355
354 355 356
355 356
356
359 361
361 363
363 364 365
364 365 366 969
365 366
366 368
368 370
370 372
371 372 373
372 374
373 374
374
378
381 382 383
382 383
383
386 387 388
387 388
388
392 394
393 394 395
394 395
395
398 399
399
404 405
405 406
406
410
414
417 418
418 604
421 422 423
422 423 614
423
428
434 435
435 437
437 439
439
447 449
449
451 619
452
456 457 458 820
457 458 459
458 459
459 461
461 463
463 464
464
468 470
470
473 474 475
474
475 477
477 478
478 480
480
481
484 486 746
486 488
487 488 489
488 490
489 490
490 492
492 493
493 495
495 496
496
499 500
500 502
502
506 508
508 510
510 511 512
511 512 513
512 513
513
516 518 918
518 520
520
526 528
528 530
530 531
531
538
541
548
551
554 556
556 558
558 560
560
563 565
565
570 571 572
571
572
575 576 577
576 577 923
577 579
579
582 584
584 585
585 587
587
590 591
591 593
593
595
598
602 603
603 604
604 605 606
605 606
606
612 614
614 616 831
615 616
616
619 620
620 622
622 624
624 626
625 626 627
626 628 703
627 628
628
631 633
633 635
635 636 637
636 637 638
637 638
638 640
640 642
642
643 645
645 646 647 708
646
647
650 651 994
651
655
658 659
659 660
660
663
672 673 674
673 674
674
676 677 678
677 678
678 680
680 681 682
681 682 683
682 683
683
687
690 691
691
696 697
697 865 951
699
703 705
705 945
707 944
708
718 734
721 723
723
724 791
728
733 734 735
734 735 736
735 736 737
736
737
743 745
745 746 747 798
746
747
751 752
752
756 758
758 759 760
759 760 975
760
765 767
767 768
768
773
776 777
777
781 783
783
787 789
789 790 791
790 791
791 792 793
792 793
793
795 797
797 798 799
798
799 801
801 803
803 805
804 805 806
805 806 807
806 808
807 808
808 810
810 812
812 813
813
816 817
817
820
823 825
825 827
826 827
827 828
828 830
830 831 832
831 832 833
832 833 834
833 834
834
837 838
838
840
843 844
844 846
846
848 849 850
849 850 851
850 865
851 853
853 854 855
854 855
855 857
857 858
858 859
859
862
865
871
873
876
880
886 888
888
892
896 898
897 898
898
901
906
913 914
914 916
916 918
918 920
919 920 921
920 921 922
921 922 923
922 923
923
925 927
927 929
929 931
931
935 937
937
940
944 945
945
948 949
949 951
951 952
952 954
954 955 956
955 956 957
956
957 959
959
962 963
963
969
971 973
973 975
974 975 976
975 976
976 977
977 979
979 980
980 982
982 983 984
983 984 985
984 985
985
988
992 994
994 995 996
995 996 997
996 997
997
