#naive2.0.py
# GMT Fri Feb 14 14:28:09 2020
# 
0 999 2
2 3
3 5 220
5
8
11 12 13
12 13 14
13 15
14 15
15 16
16
19 20
20 22
22 23 24
23 24
24 26
26 27
27 29 658
29 30 364
30 31
31
34 36
36 37 38
37 38 39
38 40
39 40
40
44 46
46 47
47
50 52
52 53 54
53 54 55
54 55 56
55 56 57
56 57
57 167
61 660 528
62
65 66
66
69 70
70 71
71 73
73 74
74 76
76
81 83
83 85 998
85
89 91
91 93 328
93 95
95 96 474 899
96
100 101
101 102
102
104 106
106 108
108 110
110
120 121
121
127 129
129 298
134 135
135 137
137
141 143
143 144
144 406
149 151
151 344
153
156
159 160 567
160 162
162 164
164 165
165 167
167
177 178
178
183
186 747
193 194
194 196
196 197
197
202 203 204
203 204
204 567
207 209
209
212 213
213 215
215
218 219 220
219 220 895
220
223 490
227 228
228
231 232 233
232 951
233 235
235
239 240 241
240 241
241
245
250 251
251
257
260 261
261 263
263 264 265
264 265
265
270
273 274
274 276
276 277
277
283
286 287
287
293 294 295
294 295 296
295 487
296 298 360
298
304 573
307 308
308
311 312
312
315 316
316 317
317
320
327 328 329
328 330
329 330
330 540
333 334 445
334
337 338 339
338 339
339
344
347
348 350
350 352
352
355
358 360
360 361
361
364 365
365
368 369
369 371
371 372 373
372 374
373 374 375
374 375 376
375 376 377
376 377 378
377 382
378 380
380 382
382
385
388 390
390 392
392
396 397 398
397
398
401 403 815
403
406 408
408 409
409
412 413 807
413 414
414
418 420
419 420
420
429 431
431
436 438
438 440
440 442
442 443 444
443 444 445
444 445
445
447
448 450
450
453 455
455
460
462
465 466
466
469 470
470
473 474
474
478 479
479
482
486
487 489
489 490 491 517
490
491 493
493 495
495 497
497 498 499
498 499
499
503 505
505
515 517
517 518
518
522 523 524
523 524 525
524 525 526
525 526
526 528
528
529
534 535
535 825
539 540
540 542
542 543 544
543 544 545
544 545
545 547
547
551 552 553
552 553 554
553 554
554 555
555 557
557 558
558 560
560
563 565
565 567
567
573 574 575
574 575 576
575 576
576 578 923
578 579
579
581 583
583 584
584 585
585
588 589
589
593
596 598
598
601
606 608
608
612
615 616
616 618
618 620 787
619 620
620 622
622
625 626 627
626
627
630
634
637 639
639 640
640 642
642
649 651
651 653
653
656 658
658 659
659 660 661
660 661
661 663
663 664
664
667
670 671 672
671 672
672 674
674
676 678
678 680
680 681
681
694
697 698 951
698
701 702
702
708
711 713
713
715
719
724
727 729
729 731
731 732 733
732 733 734
733 734 735
734 735
735
740
744 746
746
747
754 755
755
760 761
761
767 769
769 770 771
770 771
771
775 776 777
776 777 778
777 778
778
781
785 787
787 788 912
788
795 797
797 799
799
803 805 946
805 807
807 808
808
811
815
817 818
818 820
820 821
821 822 823
822 823 824
823 824 825
824 825
825
834 836
836 837
837
844
848 849
849 851
851
858 860
860
862 864
864
868 869 870
869 870
870 872
872 873 874
873 874
874 876
876
880 881 882
881 882 883
882 883
883 885
885 891
887 889
889 891
891
895
898 899 900
899 900
900 902
902
908
911 912
912 914
914 915 916
915 916 917
916 917
917
920 922
922 923
923
929 931
931 932
932
935 936 937
936 937
937
942
946 947
947
951
955
960 961
961
967
973
974 976
976 977
977 979
979 980
980
983
990
993
997 998 999
998 999
999
