#naive2.0.py
# GMT Fri Feb 14 14:28:09 2020
# 
0 1 999 2
1 2 999
2
10
15
18
19 20 21
20 21
21
24 26
26 27 28
27 28 658
28
34 35 36
35 650
36 38
38
39
43 45
45 46 47
46 47 48
47 48 205
48 922
51 52
52 516
56 57 58
57
58 60
60 61
61 660 528
67 68
68
71 72
72 74
74 75 76
75 76 77
76 77 78
77 78
78
81 83
83 84
84
86 88
88 90
90 197
92
96
99
102 987
105
108 110
110
116 117 153
117
121 122 386
122 124
124
130 850 241
133
136 138 845
138 347
141
145 146 812
146 147
147
152 153
153
156 157
157 158 159
158 159 160
159 160 567 285
160 705
165 166
166
170 171 172
171 172 789
172 173 665
173
176 177
177 179
179 181
181
183 185
185
188 189
189
197
200 202
202 203 204
203 204 205
204 205 567
205
209 211
211 212
212 214
214
218
222
226 227 971 857
227
231
237
240 241 924
241 242
242 243 244
243 244 245
244 245 246
245 246 247
246 596
247 249
249 251
251 252
252 254
254 255
255
260 261 262
261 262 263
262 263 264
263 264
264
267
275 276
276 278
278
281 282 283 674
282 283 290
283
285 287
287
290 291
291 292 293
292 293
293
296
297
299 301
301
306 307
307
310 312
312 313
313
320 321 322
321 322
322
326 328
328 330
330
334 336
336 337 338
337 338
338
341
344 345
345 347
347
348
351 352
352
355 356 357
356 357
357 359
359
362 363
363
368 369
369 371
371 373
373 374
374 376
376
379 380
380 382
382 383 384
383 384 385
384 385 386
385 386 387
386 387
387
392 394
394
398 399 400
399 400
400 402
402
408
412 413 807
413 414 415
414 415 416
415 416
416
419 420
420
424 425 426
425 426 427
426 427
427 429
429 431
431 886
433
436 437 438
437 438
438
441 724
444 445
445
447 449
448 449
449 740
451 453
453 455
455 456 457
456 457 458
457 458 459
458 459
459
462 463
463 464 465
464 465
465
468 469 470
469 470
470 472
472 473
473 475
475 476
476 478
478 479
479
483 484
484 486 746
486
491
492 494
494 496
496
500
506 507
507 934
510
513
516
517
524 525
525 527
527 528 529
528
529
534 536
536
543 544 545
544 545
545
548 549
549 551
551 552 553
552 553
553
555 894
561 562 788
562 563
563 565
565 567
567 569
569
572
576 577 578 923
577 578
578
583 584
584 586
586
590
593 594
594 595 596
595 596
596 598
598 600
600
604 606
606
609 611
611 613
613 614 615
614 831
615
625 626 627
626 628
627 628 629
628
629
631 632
632
640 641 642
641 642 788
642
645 647 708
647 649
649 650
650 994
655
658
660 661
661
665
666
670 671
671 673
673 674
674
676 678
678 679 680
679
680
686
689
692
696
702
705 706 945
706 707 708
707 709 944
708
709 711
711
716 718
718 720 734
719 720 721
720 721
721
724
731
734 735 736
735 736 737
736 738
737 738
738
740 741
741
745 746 747
746
747
751
754 755
755
759 760 761 975
760 761 762
761 762
762
766 767 768
767 768
768 770 861
770
773
777
784
786 788
788 789 790
789 790
790
792 794
794
801
807 808 809
808 809 810
809 810
810 812
812 814
814
818
821
825
831 833
833
839
842 843
843 845
845
846
848 849 850
849 850
850
853 854 855
854 855
855 857
857 858
858
861
864 866 975
866 867
867 868 869
868 869 870
869 870 871
870 871 872
871 872
872 873 874
873 874
874 876
876 878
878
881
884 885 886
885 886 891
886 888
888 890
890 891
891 892 893
892 893 894
893 894
894
898 899
899
902 903
903
907
912
913
919 921
921 922 923
922 923
923 924
924
927
931 932
932 934
934 936
936 938
938 939
939 941
941
943 944 945
944 945 946
945 946
946
950 952
952 953 954
953 954 955
954 955
955
958 960
960 961
961
966 968
968 969 970
969 970
970 971
971 973
973 975
974 975
975
978
979
983 984 985
984 985 986
985 986 987
986 987 988
987 988 989
988 989
989 991
991 993
993 994 995
994 995
995 997
997 999
999
