#naive2.0.py
# GMT Fri Feb 14 14:28:10 2020
# 
2 3 4
3 4 5
4 5
5
10 11 12
11 12
12 14
14 15 107
15
19 20 21 225
20 21
21 23
23 24
24
27 28 658
28 30
30
34 36
36
39
50 171
51 53
53
57 167
60
64
65 66
66 67 68
67 68 69
68 69 70
69 70 416
70
76 78
78 79 80
79 80
80 82
82
85
88
91
99
102
105 106 107
106 107
107 109 448
109 110 111
110 111
111
116 117 153
117 119
119 120 121
120 121 122
121 122
122
127 129
129 130 298
130 241 397
135 136
136
139 140
140
143 144 145
144 381
145 812
147 148
148
152 153
153
157 158 159
158 159
159 567 285
164 166
166 167
167
171 172 789
172 173 665
173
176 177
177 179
179
182
185 187
187 188
188
193
196
198 199
199
202 203 204
203 204
204 567
207
210
215 217 748
217
221
224 225
225
228 229
229
232 234 951
234 236
236
239 240 241
240 241 924
241 242
242 243
243 245
245
248 249
249
253
256 257
257 259
259
263 264
264
268 269 270
269 270
270
276
281 283
283 446
285 286 287
286 287
287
290
292 294
294
297 298 996
298 299
299 301
301
304 573
306
309 310
310
314 316
316 318
318 319 642
319
322 323
323 325
325 326
326
331
339 340 341
340 341
341
348 349 350
349 350
350 352 687
352 353
353 355
355
359 360 361
360 361
361
365
371 372 373
372 374 599
373 374
374 376
376 378
378 379 380
379 380 381
380 381
381 383
383 384
384
387 389
389
397
400 401
401
411 412 413
412 413
413 414
414 416
416 418
418 420
419 420 421
420 421
421
425
431 432
432
435
438
441 443
443
446 447 448
447 449
448 449
449
451 453 619
453 455
455 457
457
461 462
462
466 467 468
467 468 469
468 469 470
469 470 471
470 471
471 473
473
477
481 482
482 484
484 485 486
485 486
486 488
488 748
489
493 495
495 496
496 498
498
501 503
503 505
505 507
507 509 934
509
511 512
512
515
518 519 520
519 520
520 521
521 523
522 523
523 525
525 526 527
526 527 528
527 528 529
528
529
532
536 537 538
537 539
538 539
539 541
541 543
543
547
551 552
552 554
554 555 556
555 556
556 558
558 560
560
565 567
567
570 572
572 573
573 575
575 577
577 578
578
582
588
591
596 598
598 599
599
602 603
603 784
605
609
613 614
614 616
616 617
617 619
619 620 621
620 621 622
621 622 623
622 623
623
627
631 632 633
632 633
633
636
639 641
641 642 788
642
648
651
654
655 656
656 658
658
664 665 666
665
666
671 673
673 675
675 676
676 678
678 680
680 681 682
681 682 683
682 683 684
683 684 863
684
687 688
688 690
690
693 694 695
694 695 696
695 697 889
696 697 698
697 698 865 951
698
701 702
702 704
704 705
705 945
707
715 716
716
719 720
720
726 727
727 729
729 730 731
730 731 732
731 732
732
738 739
739 741
741 742 743
742
743 745
745
748 750
750
755 757
757 758
758 760
760 761
761 841
767
770
773
776 778
778 780
780 781
781 783
783 784 978
784
788 789
789
794
801
804
810 812
812 813
813
816 818
818 819 820
819 820
820
824 825
825 827
827 828
828 830
830 832
832 834
834 835 836
835 836
836 838
838
841 842
842 844
844
847 848
848
852 854
854 856
856
859 861
861 862
862 863 864
863 864
864 866 975
865 867
866 867
867
870 872
872 874
874
878 896
881 883
883
887 889
889 890
890
892
895 896 897
896
897 899
899
906 908
908 910
910 912
912 914
913 914
914
918
924 925
925
928 929
929
934 935
935
938 940
940 941
941
945 947
947 948
948 950
950 951
951 953
953 954 955
954 955
955 957
957
962
965 967
967 969
969
972
975
977 978 979
978
979
983 984
984
988 989
989
994 996
996 997
997
