#naive2.0.py
# GMT Fri Feb 14 14:28:07 2020
# 
2
9 11
11 12 13
12 13 14
13
14
18 526
19 20
20
23
26
32 34
34
37 38 39
38 115
39 155
44 45 46
45 46
46
50 52
52 516
56 57 58
57 59
58 59 60
59 60 61
60 61 62
61 660
62 64
64
67 68 69
68 69
69
71
74 75
75
78
83 998
86 87 88
87 88 89 503
88 89 90
89 90
90 585
94 95 96
95 96 474
96
99 100
100
102 103 987
103 105 897
105 106
106
109 110 111
110 111 112
111
112 195
115 117
117 118 119
118 119
119
122
128 130
130 397 826
135
138 139 140
139 140
140 142 392 973
142
147 148
148 150
150 151 152
151 152 344
152 153
153 155
155 472
159 160 567
160 162 705
162
168
175
178 179
179
183
190 191
191
195 196
196
198 200
200 202
202 203 204
203 204 796
204 567
207 208
208
216 218
218 219 220
219 220
220
222 223
223 490
226 227 971
227 228
228
232
238 239 240
239 240
240 924
242 243
243 245
245 247
247 248
248 250
250
253 254 255
254 255 256
255 256 257
256 257
257
262 264
264 265
265 342
269 270 271
270
271
276 277
277
280 281 344 460
281
284
289 615
292 294
294 295
295 297 404
297 996
299
303
305
312 313
313
320 322
322 323 324
323 324 325
324 325 326
325 326 327
326 327 328
327 328
328 330
330
332
335
341 342 343
342 344
343 344 345
344 345
345
348 349
349 351
351 353
353 354 355
354 355 356
355 356 357
356 357
357
360
369 370
370 372
372
373
376 378
378 379 380
379 380 381
380 381
381 383
383 384 385
384 385 386
385 386
386 388
388 390
390 391 392
391 392 835
392
395 397
397
398
401 402 815
402 404
404
406
409
413
417 419
419
423 425
425 426 427
426 427 428
427 428
428 430
430 431
431
435 436
436 438
438 439
439
445 446
446
449 740
452
455
460 461
461 462 463
462 463
463 464
464 466
466 467 468
467 468
468 470
470 472
472
474 476
475 476
476
479
482 484 949
483 484
484 486 746
486
489 490
490
494 496
496
499 501
501 503
503
504
506 508
508
513
516
521 523
523 524
524 526
526
529 530
530
534 535 536
535 536
536 538
538 539
539
542 544
544
548 549
549
552 553 554
553 554
554
558
562 563 564
563 564
564 566 654 871
566 567 568
567 569
568 569
569
573 574 575
574 575 576
575 576 577
576 577 578 923
577 578
578 580
580
584 585
585
590 592
592
595 597
597 598
598
601
606 607 608
607 608
608
612 613
613 615
615 616
616 617
617 619
619 620
620
623
627 629
629 630
630 981
634 635 636
635 636
636
640
643 645
645 646 708
646 648
648
651
654 660
656 657 658
657 658
658
660
664 665
665 667
667 669
669
673
676 678
678 679
679 681 783
681
685
688 689 690
689 690 691
690 691 692
691 692
692
697 865
700 701 702
701 702
702 704
704 705
705 945
708
709 711
711
717 718 719
718 720
719 720 721
720 721 722
721 722
722 724
724
728 729 730
729 730
730 732
732
739 740 741
740 741
741
745 746 798
746 748
748
749 751
751
755 757
757
761
765
768 769
769 771
771
776 777
777 779
779 780 781
780 781
781 783
783 784
784
786
792
795 796 797
796
797 798
798
800 802
802
804 805
805
808
811 813
813 815
815 816
816
819 820 821
820 821
821 822
822 824
824 826
826
828
832 834
834 835
835 837
837 838
838
843
847 849
849
852
862 864
864 866 975
865 867
866 867
867 868 869
868 869
869 871
871
874 876
876 878
878 896
881 883
883
887 888 889
888 889
889
896
897
900 901
901 903
903 904 905
904 905 906
905 906
906
914 916
916 917
917
920 922
922 923
923 924
924
927 929
929 930 931
930 931
931
935 936
936
940 942
942
945 946
946
949
953 955
955 957
957
960 962
962
969
971 973
973 975
974 975 976
975 976
976 977
977 979
979 981
981 983
983
987
990 991
991 993
993
996 998
998 999
999
