#naive2.0.py
# GMT Fri Feb 14 14:28:07 2020
# 
3 5 220
5
8 9
9 11
11 12
12 14
14
16
17
20 22
22 23 24
23 24
24 26
26
29 364
37
42
44
47 205
52 53 54
53 54 55
54 55 56
55 56 57
56 57
57
63
68
72 73 74
73 74
74
77 78
78 80
80
83 85
85 86 163
86
90 91 585
91 92
92 94
94 95 96
95 96 899
96 98
98 556
101 103
103 105 897
104 105
105
109 111
111
116 117
117 119
119
122
126 127 447
127 129
129
131
136 137 138 845
137 138 289
138 139
139
142
146 147 148
147 148
148 150
150 151
151
154 156
156 404
159 285
162 163
163
169
171 789
175 177
177
181 215 607
183
190 192
192
195
198 199 200
199 200 201
200 201 202
201 202
202
205
206 208
208 210
210
214 215 216
215 216 217 748
216 217
217
220 221
221 222 223
222 223
223 225
225 227
227 229
229
240
243 245
245
249 251
251
258 259
259 261
261 263
263
271
276
281
285 286
286
289 291 615
291 292 293
292 293
293
296 360
297 996
301 302 303
302 303 304
303 304 845
304
306 308
308 309 310 798
309 310
310
313 314 315
314 315
315
317 318
318 320
320 321
321 323
323 325
325 326 327
326 327
327 329
329 330
330 540
334 336
336 338
338 339 340
339 340 341
340 341
341 343
343
351
354 356
356
359 360
360
364 969
368
371
375 377
377 379 382
379 381
381 382 383
382 383 384
383 384 385
384 385
385 387
387 389
389
393
396 398
398
401 402 403 815
402 403 404
403 404 405
404 405
405 407
407
408
412 413
413
424
427 428
428 430
430
434
439 440 441
440 441
441 443
443 444 445
444 445 446
445 446
446 447
447 449
449 450 740
450 452
452 738
453
458 459
459
463
466 468
468 470
470 471 472
471 472 473
472 473
473 475
475 477
477
481 482
482
486 488 877
487 488
488 748
492
495 496
496
499
504
506 507
507
511 513
513 514 515
514 515
515
518 519
519
522 524
524 525 526
525 526
526
530 531
531 533
533 535
534 535
535
540 541
541
544
551
555 556
556
565
568 569 570
569 570
570
580
584 585
585
594 595
595
598 599
599 629
603 604
604
607 608 609
608 609 610
609 610
610 612
612 614
614 831
615
620 622
622
625
629
631 632 633
632 633 634
633 634 635
634 635 636
635 636
636 638
638 640
640 641
641
644
647
650 994
652 654
654 660
656
660 661
661
664
668
671 673
673
679 783
683 863
686 688
688
692 693 694
693 694
694 696
696
699 701
701 703
703
706 708
708
709 711
711
715 806
720 722
722 723
723
726
730
733 734
734 736
736 738
737 738
738
740 742
742
743 745
745 746 747 798
746 748
747
748
756 758
758
762 763 764
763 764
764
769 771
771
774 775
775 777
777 779
779 780 781
780 781
781 783
783 785
785 786
786
789 790
790
793
795 796
796
798
799
802
806 808
808 809 810
809 810
810
815
817
820 821
821
826 827
827 828
828
831 832
832
835
838 839
839
842 843 844
843 844 845
844 845
845 847
847
850
851 852
852
858 859
859 861
861
863 864
864
868 869
869 871
871 872
872 873 874
873 874 875
874 875 876
875 876 877
876 877
877
880 881
881 883
883 884
884 886
886 887
887 889
889 890 891
890 891
891 893
893 895
895 896 897
896 898
897 898 899
898 899
899
904 905
905
909 911
911 913
913 914 915
914 915
915
918 920
919 920 921
920 921 922
921 922
922
925 926
926 928
928 929 930
929 930
930
935 937
937
940
944 946
946 947
947
951 952
952 954
954 955
955
959
963 964 965
964 965
965 966
966
969
971 972 973
972 973
973
979
982 983 984
983 984
984
987
990 992
992 994
994 996
996
