#naive2.0.py
# GMT Fri Feb 14 14:28:05 2020
# 
1 3 999
3 220
8 9
9 11
11 12
12 14
14
18
19 21 225
21 22
22 24
24 25
25 27
27 28 658
28 30
30 31
31
34 36
36
39 40
40 42
42
47 49 205
49 50 51
50 171
51
56 57
57 59
59
64 375
66 68
68
72
75
80 81 82
81 82
82
85 86
86 88
88 89
89
92 93
93
98 100 556
100 833
102 103
103 105 897
105
108 109
109 593
115
119
124 126
126 128 447
128
131 132
132 134
134 135
135
138
142 144
144 406
147 148 149
148 149 150
149 150
150 152
152 154
154 156
156 404
160
164 165
165
169 170
170 171 172
171 172 789
172 173
173
176 177
177 179
179 181
181
182
185
191 193
193
197
198
202 203 204
203 204 205
204 205 567
205 284 559
207 208 209
208 209 210
209 210 211
210 211
211 213
213
217
220
222
225 227
227 228 229
228 229
229
233
236 237
237
240
245 246
246 596
250 251 252
251 252
252
255 256 257
256 257 258
257 258 259
258 259 260
259 260
260 262
262 263 264
263 264
264 266
266 267
267
272
275 962
278 279 280
279 280
280 344
282 284 290
284 285 286
285 286
286
290
294 296
296 298 360
298 300
300 302
302 303
303 845
306 307 308
307 308
308 798
316 317
317 985
324 325 326
325 326 327
326 327 328
327 328
328
331 333
333 445
336 337 338
337 338 339
338 339 340
339 340 341
340 341 342
341 342 343
342 344 560
343 344
344
352 353 354
353 354
354
358 360
360 361
361
365 366
366
370
371
374 375 376
375 376
376 378
378 379
379
385
388 389 390
389 390 391
390 391
391
396 397
397
399 401
401 402
402 404
404 405
405 406
406
410 412
412 807
419 421
421
424 425 426
425 426
426
429 430
430 432
432 454
435 436 437
436 437
437
443 444 445
444 445
445
447
448
452 454 738
453 454
454 852
456 458 820
458 459
459 461
461 463
463 464 465
464 465 466
465 466 467
466 467 468
467 468 469
468 469 470
469 470 471
470 471 472
471 472
472
474
475 477
477
480 482 755
481 482 483
482
483
486 488
488 748
489
492 493 494
493 494
494
504
506 508
508 510
510
519
523 524 525
524 525
525
528
529
535
539 540 541
540 541
541
544 546
546
549 551
551 552
552 554
554 555 556
555 556
556
559 561
560 562
561 562
562 564
564 654
565 567
567
573 574
574
577 578 579
578 579
579 742
584 585
585 587
587
590
593 594
594 595 596
595 596 597
596 597
597
601 602
602
606
609 610
610 612
612
617
621 622 623
622 623
623
626 628
628 630
630 632
631 632
632
635 636
636
643
648
653 654
654 660
658
660 662
662 664
664 666
666 668
668 669 670
669
670 672
672
679
680 682
682
691 692 693
692 693 694
693 694 695
694 695 696
695 697 889
696 697
697
701
707 709
709 711
711 713
713
715 716 806
716 718
718 720
720
728 730
730
735 737
737 738
738
740 742
742
743
748
752 753
753 755 931
755 757
757 758 759
758 759
759 975
764 765
765
768 861
778 780
780
786 787
787 789 912
789
792
795 797
797 798 799
798
799 800
800
803 805 946
804 805 806
805 806 807
806 808
807 808
808 810
810 812
812 813 814
813 814
814 816
816 817
817
820 821
821 823
823 824
824 826
826
833
836
839
843 845
845
848 849 850
849 850 851
850
851 852
852
855
859 861
861 862
862 864
864 866 975
866 867
867
872
876 878
878 879 896
879
882
885 891
887 889
889 891
891 892 893
892 893
893
896
897
900 901
901 903
903 904 905
904 905
905 907
907 908
908
911 912 913
912 914
913 914 915
914 915 916
915 916 917
916 917 918
917 918
918 920
920 922
922 923
923
927 929
929 931
931 933
933 935
935 937
937 938
938 940
940
943
946
950
956
960 962
962 964
964
967
970 971
971 973
973 975
975
977 979
979 980
980
985 986
986 988
988 989 990
989
990 992
992 993
993 995
995 997
997 998 999
998 999
999
