#naive2.0.py
# GMT Fri Feb 14 14:28:04 2020
# 
3 5
5 6
6 8
8
12 13
13
17
20 22
22 23 24 784
23 24 25
24 25
25
28 29
29
31 32
32 34
34
38 115
42
45 46 47
46 47 48
47 48 49 205
48 49
49 51
51 52 53
52 53 54 516
53 54 55
54 55 56
55 56
56
63 65
65 809
67 68 69
68 69
69 416
71 72 73
72 73
73 75
75 77
77 78
78
81 83
83
92 94
94
98 100
100 833
106
109 111
111 113
112 114 195
113 114 115 370
114 115 116 855
115 116 117
116 117
117 119
119
122
126 128 447
128 129 130
129 130
130 826
134 135
135
138
141 142
142
152
156 157
157
161 162 163
162 163
163 165
165
169 170 517
170 171
171
173
176
182 183
183 185 956
185 187
187 188
188
193 195
195 196 197
196 197
197
198
202 204
204 205 567
205 284 559
207 209
209 211
211 213
213 215
215 217 748
217 219
219 895
221 222 223
222 223 224
223 224
224 226
226 971 857
229 230 231
230 231 232
231 232 233 764
232 234 951
233 234 235
234 235 236
235 602
236
240
245
249 250 251
250 251
251
255
261 262 263
262 263
263 265
265
271
274 275
275 962
277
284 286
286 287
287
290
299 300
300
303 304
304 573
305
311
314 315
315 901
317 985
319 320 321
320 321
321 323
323 324
324
328
331
336 338
338 339 340
339 340 341
340 341
341
344 345
345
348 350
350
354 356
356 357
357 359
359 360
360
363
366
369 370
370 372
372 374
374 375 376
375 376
376
381
384 385
385 387
387 389
389 391
391 835
395
398 400
400
403
411 413
413 414
414 416
416
421 422 423
422 423 669 614
423 424
424 426
426 427
427 429
429
432 454
438 439
439
445
447 449
449 740
454 852 793
456
461 462 463
462 463 992
463 465
465
469
473
476 477 478
477 478
478
483
486 877
489 517
492 493
493
496 497
497
501 503
503
507
508 510
510 511
511
516 918
517 838
519 829
521 523 782
523 524
524 526
526
532 533
533
536 537 538
537 539
538 539 540
539 540
540 542
542 544
544 546
546
550 551 552
551 552
552 554
554
557 559
559 561
560 562
561 562
562 563
563
566 567
567
571 573
573 575
575 576
576 923
582
586 587
587
595 596
596 598
598
602
604 606
606 608
608
612 613 614
613 614
614
617 618 619
618
619 621
621
626 628 703
627 628
628 819
632 633 634
633 634 635
634 635
635
639
642
643 645 941
645 646 647
646
647
650 651
651 653
653 655
655
659 660 661
660 661
661
669 671
671
674
676 678
678
682 683 684
683 684 685
684 685
685
691
694
698 699 700
699 700 701
700 701
701 703
703 705
705 945
707
711 713
713
716
720 721
721 723
723
726 727 728
727 728 729
728 729
729 731
731 732 733
732 733 734
733 734
734 736
736
737 739
739 740 741
740 741 742
741 742 743
742 744
743 744 745
744 745 746
745 746 747 798
746 748
747
748 750
750 752
752 753
753 755
755
759
762 763 764
763 764 765
764 765
765
768 770
770 772
772 773
773
777 779
779 781
781 782
782 784
784 785
785 786
786
793
797 798 799
798
799 801
801
806
809 811
811
814 815 816
815 816
816 818
818 819
819 821
821 822
822 824
824 826
826
829 830
830
833 834 835
834 835
835
838 839
839 840
840 842
842 843
843
849
852 854
854 855
855 857
857
859
864 866
866
871 872
872 873 874
873 874
874
877 879
879 880 881
880 881 882
881 882 883
882 883
883
887
893 894 895
894 896
895 896 897
896
897 899
899 900
900 901
901
904
907 908
908
911 912
912
918
919 921
921 923
923
926
930 932
932 933
933 935
935 937
937 938 939
938 939
939 941
941
945 947
947 948
948
951
954 955 956
955 956 957
956
957
961 962
962 964
964 965
965
969
971 972 973
972 973
973
977
980
983 984 985
984 985
985
990 992
992 993
993 995
995 997
997 999
999
