#naive2.0.py
# GMT Fri Feb 14 14:28:03 2020
# 
1
8 9 10
9 10 11
10 11
11
14 107
17
27 288
30 31
31
33 35
35
40 42
42 43 491
43 44
44
48 49
49
53 54 55
54 55
55
63 64 65
64 375
65 66 809
66 67 68
67 68
68 70
70 71
71 73
73 74
74 76
76 77
77 79
79 80
80 82
82 84
84 85
85 86 163
86 88
88 90
90 91
91 93
93
94
98 99
99 101
101 103
103 105
105 107
107 448
112 195
113 115
115
118
123 125
125 868
126 128 447
128 129 130
129 130 298
130 850 241 397
136 137
137 289
140 141 973 713
141
144 406
145
147
155
158
163 991
164
167
170 172
172 174 665
174 176
176 177
177 179
179 180 181
180 181
181 215
183 184 185
184 185
185
189
192 193
193 195
195
198
201 202 203
202 203 204
203 204 796
204
206 207 208
207 208 209
208 209 210
209 210
210 212
212 213
213 215
215
222 223
223
227
231 232 764
232 951
235 856 602
239 241
241 242
242
246 248
248 249 250
249 250
250
255 257
257 259
259
262
265 266 267 342
266 267
267
271
274 276
276 277
277
280 281
281 674
286 288
288 289
289 290 615
290
293
297 298 996
298 300
300 301
301
304 573
307 308 309
308 309
309 311
311
314
317 318
318
321
325 327
327 329
329 331
331 332
332
335 337
337 338 339
338 339 340
339 340 341
340 341 342
341 342 343
342 560
343
346
350 351
351 353
353 354
354
357 359
359 360 361
360 361
361
364 365 366
365 366 367
366 367
367
372
375
379
382 383 384
383 384 385
384 385
385
389
394 396
396 397
397 756
399 400
400
403 404 405
404 405
405 406
406 408
408
411 412
412 807
415
419
422 423 669
423
426 427
427 429
429
433 509
437 438 439
438 439 440
439 440
440 442
442
445
447
448
454 455
455
459 461
461 463
463
469
473 475
475
479
486 488
487 488 489
488
489 491
491 909
492 494
494
499 500 501
500 501
501 503
503
509 510
510 512
512 513
513
516 918
522 523 524
523 524
524 526
526 528
528
532
536 538
538
541 553
548 550
550 551
551 553
553 554
554
558 559 560
559
560 562
562 563 564
563 564 565
564
565
568 570
570 572
572 573
573
576
580 582
582 583 584
583 584 602
584 586
586 587 588
587 588 589
588 589
589 591
591
594
597 598
598
601 602
602
606
615 616
616 617
617
620 621
621
625 626
626 628 703
628 630 819
629 630
630 981
631 633
633
636 637 638
637 638 639
638 639
639
643 644 645 941
644 645 646
645 646 647 708
646
647 649
649 651
651 652
652
657
661 662 663
662 663
663 665
665
666
669 671
671 672
672 674
674 675
675
679
680
685 686
686
690 691
691
695 697
697 865 951
699 701
701 702 703
702 703 704
703 704
704
707 944
708 710
710 712
712 713 714
713 714
714
722
725 726
726
729
734 735 736
735 736 737
736
737
740
744 745 746
745 746
746
753
756
763 764 765
764 765
765
768 769 770 861
769 770 771
770 771
771 773
773 774
774
777 778 779
778 779 780
779 780
780 782
782 784
784 785
785 786
786
790 791
791
794 795 796
795 796
796
803 946
806
807 809
809
815 816
816
819 821
821
824
828 829 830
829 830
830
834
837
840 841
841
848 850
850 865
851
856 858
858 859
859 861
861
865 867
867 868 869
868 869 870
869 870
870
873 874
874 876
876 878
878 880
880 882
882
885
888
892 893 894
893 894
894
899
901 902
902 904
904 905
905 907
907 909
909
912 914
913 914
914 916
916 918
918
921
929
932
937 938 939
938 939 940
939 940 941
940 941
941
943 944
944 946
946 947
947 949
949 951
951 952
952
957 958
958 960
960 961
961
965 966 967
966 967
967
971 973
973
974 976
976 978
978
981 982 983
982 983
983
986
991 993
992 993 994
993 994
994 996
996 997 998
997 998
998
