#naive2.0.py
# GMT Fri Feb 14 14:28:05 2020
# 
2 3 4
3 4 220
4 6
6 7
7
12 13 14
13 531
14 107
16
17 18 19
18
19 20 21 225
20 21 22
21 22 23
22 23 24 784
23 24
24
30 31
31 58
33
38 40
40 42
42 491
44 45
45 47
47 48
48 50 922
50 171
54 56
56 57 58
57 167
58 60
60 62
62 63
63
66 67
67
70 72
72
76 77
77
84 838
86 87
87 89 503
89 91
91 93
93 95
94 95 96
95 96
96
101
104 106
106 107
107 109 448
109 110 111 593
110 111
111 113 367
113 370
117 119
119 120 121
120 121
121 386
125
126 128
128 129 130
129 130 298
130
136
140 141
141
147 149
149
155 472
156
158 160
160 705
161 163
163 991
167 168 169
168 169
169 517
171 789
174 176
176 178
178
181 215
184 186
186 747
197
198
202
206
211
214 215 216
215 216 748
216 218
218 220
220
222 224
224 225 226
225
226 971
233
236 237 238
237 238
238
242
246 248
247 248
248 250
250
255 257
257 258 259
258 259
259 261
261
265 267 342
267
270 272
272
279 281
281 283 674
283 284
284
289 290 615
290
292
298 300
300 301
301 303
303 304
304
307
311 312 313
312 313 314
313 314 315
314 315 316
315 316 901
316 317 318
317 318
318 320
320 321
321 323
323
326
332 334
334
337 338
338 340
340 342
342 560
343 345
345 346 347
346 347 348
347
348
352 353
353
357 358
358
361 362 363
362 363 597
363
367 368
368 370
370
374 375
375 377
377
380 381
381
384 386
386
389 390 391
390 391
391
393 989
398
402 403
403 405
405 406
406
409
412 807
414
418 420 604
420
424 426
426
429
432 433 454
433 435
435 437
437 439
439
442 444
444 445
445
448 449 450
449 450
450 451 452
451
452 454
454 852
456 458
458 460
460 461
461 463
463 464
464
468 469
469
472 473
473 475
475 477
477 479
479
485 486
486
491 493
493
496 497 498
497 498
498
503 505
505 506
506
512 513 514
513 514
514
517 838
519
522
527
530 531
531
535
538 539 540
539 540 541
540 541
541 553
544
548
553 554
554
557 856
560
561
563
567 569
568 569
569 571
571
574 575
575 577
577 578 579
578 579 580
579 580 741
580
585 587
587 588 589
588 589 590
589 590
590 592
592 593 594
593 594
594 595
595 597
597 598
598 599
599 601
601
604 605 606
605 606
606 608
608 609
609
612 613 614
613 614 615
614 616
615 616
616
628 630
630 632 981
632
635 636 637
636 637
637 639
639 640 641
640 641
641
643 644 645
644 645
645
649 650 651
650 651 994
651 652
652
659 660
660 662
662
665
666
674
677 678
678
681 683
683 684 685 863
684 685
685
694 695 696
695 889
696
699
702
705 706
706 707
707 944
711 712
712 714
714 715 716
715 716
716 718
718 734
724
725 726 727
726 727
727
730 731 732
731 732
732 734
734 736
736
741
746 748
747 749
748 750
749 750 751
750 751
751 753
753 755 931
754 755 756
755 756 757
756 757
757
761 762
762 763 764
763 764
764
766
772 774
774 776
776
779
782 784
784 785
785 787
787 789 912
789 790
790
792 794
794 795
795 797
797
801 802
802
804 805
805 807
807 808
808 810
810
814 816
816
823
832 833
833
836 837 838
837 838
838
840
844
848 849
849
852
853
856
859 861
861
863 864
864 866
866
870 871
871
874
878 879 896
879
882 883
883 885
885
887 889
889
892 894
894 896
896 898
897 898
898
901 902 903
902 903 904
903 904 905
904 905 906
905 906
906 908
908 910
910 912
912
915 916 917
916 917 918
917 918
918 920
920 921 922
921 922 923
922 923
923 924
924 926
926 927
927
931 932 933
932 933 934
933 934 935
934 935
935
938 939
939
944 946
946
949
952
955
961 963
963 965
965
971 972
972
978 980
979 980 981
980 981
981
984 986
986
989 991
990 991 992
991
992 994
994 995
995
999
