#naive2.0.py
# GMT Fri Feb 14 14:28:08 2020
# 
1
5
8
11 12
12 14
14 107
23 24
24
28 30
30 32
32 34
34
39 40 41
40 41 42
41 42
42 491
46
49 50
50
53 55
55 56
56 58
58 59 60
59 60 61
60 61 62
61 528
62 64
64
66 67
67 69
69
71
76 77
77 79
79 80 81
80 81
81
86
94
97 98 99
98 99
99 101
101
106 107
107 109
109 110 593
110 112
112 195
115 116
116
138 347
141 143
143
148 150
150 151
151 344
154
160
163 165 991
164 165 166
165 166 167
166 167 168
167 168 169
168 169
169
174 176
176 177 178
177 178
178 180
180 181 182
181 215
182 184
184 186
186 187 747
187
190 192
192
195 196 197
196 197
197 199
198 199 200
199 200
200
203 205
205 559
207
215 748
218 219 220
219 220
220
222 224
224 226
226 857
228 230 571
230 231 232
231 232
232 234
234 235
235 602
238 240
240 924
242 243
243 245
245 246
246 596
250 252
252
255 256
256 846
261
265 267 342
267
271 273
273 274 275
274 275 276
275 276 962
276 277
277
282 283
283 446
285
288
292 293
293
297 298 996
298 300
300 302
302 304
304
307 309
309
313 314
314 316
316 318
318 319 320
319 320
320
323
326 327
327
333 334 445
334
341 342
342 344 560
344 345 346
345 346 347
346 347 348
347
348 350
350 351 352 687
351 352
352 354
354 355 356
355 356
356
359 361
361
364 365
365
368
371 372
372 599
378 380
380
384 385 386
385 386
386
389
394 395
395
400 401
401 403
403
406 407
407
410 411 412
411 412
412 807
418
419
423 424 425
424 425 426
425 426 427
426 427
427
431
442
445 446
446 447
447
450 452
452 454 738
454 455
455
458 459 460
459 460
460
467
470
473 475
475 476
476
479
482 484 949
484 485 486 746
485 486 487
486 488 877
487 488
488 490 748
490
491 909
495
500
503
508 509
509
513 514
514 516
516 518
518
523
526 528
528 530
530 531
531 533
533 735
536 537 538
537 539
538 539
539 541
541 543
543 544
544
548 550
550
554 555
555 557 894
557 559
559
560 562
562 563 564
563 564 565
564
565
568 569 570
569 570 571
570 571 572
571
572 574
574
578
581 582 583
582 583 584
583 584 602
584 585 586
585 586 587
586 587 588
587 588 589
588 589
589
593 594
594 595 596
595 596
596
599 629
602
606
610 888
611 613
613
618
619 621
621 623
623 860
628 819
629
631 633
633 634 635
634 635
635
638
641 788
643
648 650
650
653
658 659
659
662 664
664
668 670
670 671
671
676 678
678
681
684
687 688
688
694 695
695 889
698 699
699
702
708 710
709 710
710 712
712 713
713
719 721
721 722
722 724
724
725
728 729
729
734 735
735
738
741 742
742
746 748
747
748
752 754
754 756
756 758
758 759 760
759 760 761 975
760 761 762
761 762
762
765 767
767 768 769
768 769
769 771
771
775 777
777 778
778 780
780 781
781
784
788
794 795
795
803 946
807 808
808 810
810
813 814
814 816
816 817
817 819
819 820
820
823
829 830
830
838 839
839
842
846
850
853
857 858
858 859 860
859 860
860
864 975
868 869
869
872 874
874 875
875 877
877
880
883 885
885
887 888 889
888 889 890
889 890
890
894
897
900 902
902
907 909
909
915
919 921
921 922 923
922 923
923 924
924 926
926 927
927
931 932
932
935 937
937 939
939
942 943
943 945
945 946
946
949
952 953 954
953 954
954 956
956 958
958 960
960 962
962
965 966
966
970
973 975
974 975
975
982
985 986 987
986 987 988
987 988
988 990
990 991
991
996 998
998
