#naive2.0.py
# GMT Fri Feb 14 14:28:04 2020
# 
2 4
4 6
6 8
8 9 10
9 10
10 12
12 13 14
13 15
14 15 107
15 16 17
16 950
17 18
18
20 22
22 24 784
24 25
25 27
27 288 658
30
34 36
36 37 38
37 38
38 115
44
48 49
49
54 56
56 58
58 59
59
65
67 69
69 416
71
74 76
76
82 83
83 85
85 86
86
93 269
94 96
96 97 98
97 98 99
98 99 556
99 101
101
104
107 448
112
113 115
115 117
117 118
118
121 386
123 125 817
125 868
126 447
131 133
133 134
134 136
136 137 138 845
137 138
138 139 140 347
139 140 141
140 141 142 392 713
141 142 143
142 143 144
143 144 145
144 406 381
145
147 148 149
148 149
149
152 154
154
157
164
167 168 169
168 169
169 517
176 177 178
177 178
178
181 215
183 185 956
185 187
187 188 189
188 189 190
189 190 191
190 191 192
191 192 193
192 193
193
196 766
200 201 202
201 202 203
202 203 204
203 204 796
204 567
206 207
207 209
209 210 211
210 211
211 213
213 214 215
214 215
215 217
217
221 222 223
222 223 224
223 224
224 226
226 227 857
227
230 231 232
231 232 233 764
232 234 951
233 234 235
234 235 236
235 237 856 602
236 237 238
237 238 239
238 239 240
239 240 241
240 241
241 242
242 243 244
243 244 245
244 245
245
248 250
250 251
251 253
253 255
255 256 257
256 257
257
260 262
262 264
264
269 271
271 273
273 274
274
278 280
280 281 344
281 282 674
282 284 290
284
287 288
288
290
293 294
294
297 298 996
298 299
299 301
301 302
302
305
312 313
313 315
315 316 901
316
327
331 332
332 334
334 336
336
339
343 344 537
344
347
351 353
353 355
355
358 359
359
362
365
371
380 381
381 383
383 384
384 386
386 388
388 389
389 391
391 392 835
392
393 395
395
398 399
399
402 403
403 405
405 406
406 408
408
412 413 807
413
416
427
432 433 434
433 434 509
434 436
436 437 438
437 438 439
438 439
439
445
447 449
448 449
449
452 744 738
456 457 458 820
457 458 459
458 459
459
462 992
464 466
466
469 471
471
477 478
478 480
480
481
487 489
489 491 517
491 493 964
492 493
493
496 497 498
497 498
498 500
500
504 910
507 509
509
511 512 513
512 513
513
517 518
518
521 523
523 525
525 527
527 529
529
534 535 536
535 536 537
536 537
537
543 544 545
544 545 546
545 546
546
549 550
550 552
552
556
557 559 856
559
563
567 569
568 569 570
569 570
570
573 574
574 576
576 923
579 580 742 741
580 582
582 583
583 602
585 586
586
590
593
599 601 629
601 602
602
606
609
614 616
616 617 618
617 618 619
618
619
622 623
623 625
625 626
626
629
632 634
634 636
636 637
637
642
646 648
647 648 649
648 649 650
649 650 651
650 651
651
654
657 658 659
658 659
659
664 665
665
668
672 673 674
673 674 675
674 675
675
681 683
683
686 687 688
687 688
688 690
690
694 695 696
695 697 889
696 697
697 865 951
699 700 701
700 701 702
701 702
702 704
704 705 706
705 706 945
706 707 708
707 944
708
712 713 714
713 714
714 715
715
718
721 722
722
726 727 728
727 728
728
732
738
741 742 743
742 744
743 744
744
747
752 753
753
757 758
758 760
760 762
762 764
764 765
765 766 767
766 767
767
771 772 773
772 773
773
776 777 778
777 778 779
778 779 780
779 780
780
784
791 793
793
795 796
796
798
802 803
803
807
810
816 817
817 819
819 820 821
820 821
821
824
834 835
835
840
845 847
847 848 849
848 849 850
849 850
850 865
854 855 856
855 857
856 858
857 858
858 859
859 861
861
864
865
868 870
870
874 875
875
878
881 882 883
882 883
883
886 888
888 889
889
892 894
894
895 897
897 898
898 900
900 901 902
901 902 903
902 903 904
903 904
904
907 908
908 910
910 911
911
914
917
921 923
923
927 929
929 930
930
933 935
935 937
937 939
939 941
941 942
942 944
944 945
945 947
947 949
949 950 951
950 951
951 953
953
956 958
958 959
959
963 964
964
970
976
979 981
981 982
982 984
984 985
985
992
996
