#naive2.0.py
# GMT Fri Feb 14 14:28:05 2020
# 
0 2
2 4
4
8 9 10
9 10 11
10 11
11
17 18
18
23 24 25
24 25
25
29 30
30 31 32
31 32 58
32 33 34
33 34
34
40
44 46
46 48
48 50 922
50 171
51
56 57 58
57 59 167
58 59 60
59 60
60
65 66 809
66 67 68
67 68
68
72
75 76
76
79 80
80
83 84 998
84
87 88 89
88 89
89
92 94
94
98
103 105
105 106
106 108
108 109
109
115 116
116
119
124 126
126 127 128 447
127
128 130
130 241 397 826
133
136 138 845
138 347
141 142
142 144
144
146
150
154 156
156 157 404
157 159
159 160 567
160 705
164
167 169
169 170 517
170 171
171
176 178
178 179
179
184 185
185
188 190
190 192
192 193
193 195
195 197
197
202 203 204
203 204 205
204 205 567
205
208 210
210 212
212 213
213 215
215 216
216
220
224 225
225
228 229 230
229 230 231
230 231 232
231 232 233
232
233
237 238
238 240
240 241 924
241 242
242 243 244
243 244
244
248 250
250 251
251 253
253
256 257
257 259
259 260
260
265 266 342
266
271
276 278
278 279
279 281
281 282 674
282
287
292 293 294
293 294 295
294 295
295 487 404
301 302 303
302 303
303 845
305 306
306
309 310
310 312
312 313
313
319 321
321
324 326
326 327
327 329
329 331
331 332
332
335 337
337
342
343 345
345 346 347
346 347
347 349
349 350 351
350 351 352 687
351 352 353
352 353 354
353 354 355
354 355
355
362 597
366 368
368 369
369 371
371 373
373 375
375
379 380
380
384 385
385 387
387 388 389
388 389 390
389 390
390 392
392
393 395
395 397
397
398 400
400 401
401
404 405
405
408 409 410
409 410 411
410 411
411 413
413 415
415
418
421 422
422
424
428
431
433 509
436
439
442
446 447
447
451 619
452 738
459 460
460
463
469
472
475 476
476
480 482 755
482 484 949
484 746
487 489
489 491 517
491 964
492
495 496
496
500 501 502
501 502
502 740
505
509
511 512 513
512 513
513
516
517
519
523 524
524
529
534 536
536 538
538 540
540 541
541
544 545 546
545 546
546 548
548 549
549
552 554
554 555
555 894
563 564 565
564 566 948 654
565 566 567
566 567
567
573 574 575
574 575
575 577
577 579
579 580 742
580 581
581 583
583 602
585 586 587
586 587
587 589
589 590 591
590 591 592
591 592
592 594
594 595 596
595 596 597
596 597 598
597 598
598
601 602 603
602 603
603 784
606 608
608
612
615
619 621
621 622 623
622 623 624
623 624 625 860
624
625 627
627
630 981
631 633
633 634 635
634 635
635
640 641
641 788
644 645 646
645 646 647
646
647 649
649 650 651
650 651
651 652
652 654
654
658 659
659
663 664 665
664 665
665 667
667 668
668
672 673 674
673 674 675
674 675
675 676 677
676 677
677 679
679 681
680 681
681 683
683
686 687 688
687 688
688 689 690
689 690 691
690 691 692
691 692
692 694
694 695 696
695 697 889
696 697 698
697 698 865
698 699 700
699 700 701
700 701 702
701 702 703
702 703
703 705
705 706 945
706
710 711 712
711 712
712
720 722
722 723 724
723
724 791
726 727
727 729
729
738
740 742
742
743 745
745 746 747
746
747
752 753 754
753 755
754 755
755 757
757
761 762 841
762
765
768 770
770 771
771 773
773
776 777
777 779
779 780 781
780 781
781
784
788
791
800
805 806
806 808
808 809
809
812 814
814 816
816 818
818 820
820
824 825 826
825
826
831 832 833
832 833 834
833 834
834 836
836
841
844 845
845 847
847
851 853
853 855
855
856
859 860
860
865 867
867 868
868
873
880 881
881 883
883
887 889
889 891
891
894 896
896 898
898 899
899
901 902 903
902 903 904
903 904
904
907
917
920 921 922
921 922
922
924 925 926
925 926 927
926 927 928
927 928
928 930
930 932
932 933
933
938 940
940 941
941
944 945 946
945 946 947
946 947 948
947 948 949
948 949
949
952 954
954 956
956 958
958 959
959
964 965
965 967
967 968 969
968 969
969
971 973
973 975
975 976
976 978
978 980
979 980 981
980 981 982
981 982 983
982 983
983 985
985 987
987
993 995
995 996
996 998
998
