#naive2.0.py
# GMT Fri Feb 14 14:28:10 2020
# 
0 2
2 3
3 5
5 7
7 8 9
8 9 10
9 10
10 12
12
15 16 17
16
17 18 19
18 526
19 225
22 23 24
23 24
24 26
26
29
32
36
42 43 491
43 44 45
44 45 46
45 46
46
59
62 63
63
66 67 68
67 68 69
68 69
69 416
71 73
73
77 78 79
78 79 80
79 80 81
80 81 82
81 82
82
87 88 503
88 90
90 91
91 92 93 328
92 93
93
101 102 103
102 103 987
103 105 897
104 105 106
105 106 107
106 107 108
107 448
108 110
110 111
111
114 855
118 120
120 121
121 386
123 125 817
124 125
125 868
128 129 130
129 130
130 397 826
133 134 135
134 135
135 137
137 289
140 141 392 973
141
145
148 149 150
149 150
150 152
152
157 158
158
161 163
163
166 167 168
167 168 169
168 169
169 517
172
175 177
177 178
178
183 184
184 186
186 187 747
187 189
189
201
205 284 559
207 209
209 211
211 213
213
216
221 222
222 224
224 225 226
225
226 857
228 229 571
229 231
231 233 764
233 234 235
234 235 236
235
236
239 240
240
242 243
243 245
245 247
247 248
248 250
250 252
252 253
253 255
255
258 260
260 261 262
261 262
262 264
264 265
265 267
267
271 273
273
282 284
284 285
285
289
292
296 360
297 996
305 307
307
311
315 316 901
316 317
317
323 324 325
324 325 326
325 326 327
326 327 328
327 328 329
328
329 331
331
338
345 346 347
346 347 348
347 349
348 349
349 351
351
355 356
356
360
363
368 370
370
373 374
374 376
376 377 378
377 379 382
378 379 380
379 380
380 382
382 384
384 385 386
385 386 387
386 387 388
387 388 389
388 389 390
389 390 391
390 391 392
391 392
392
395 397
397
399
402
406 407
407
410 411 412
411 412 413
412 413 807
413 415
415 416
416 418
418 420
420 421
421
428 429 430
429 430
430 432
432
435 436 437
436 437
437
442 443 444
443 444 445
444 445
445
448 449 450
449 450
450 452
452
455 456 457
456 457 458 820
457 458 459
458 459
459
462 463
463
466
470
473 475
475 477
477 478 479
478 479 480
479 480
480 482
482 484 949
483 484 485
484 485 486 746
485 486 487
486 877
487 489
489 490 491 517
490 492
491 909
492 494
494
499
503
504 910
506 508
508 509 510
509 510
510 512
512 513 514
513 514
514 516
516 918
517 838
522
526
531 532
532 534
534 536
536 538
538 540
540
544 545 546
545 546
546
549 550 551
550 551 552
551 552 553
552 553
553
555 556 557 894
556
557 559
559 561
560
561
571
572 574
574
577 579
579 580
580 581
581
588
595 596
596
599 601 629
601
605 606
606
610 612 888
611 612
612
616
620
623 625 860
625 626 627
626 628
627 628 629
628 630 819
629 630
630
635
638 640
640 641
641
643 644 645 941
644 645
645 647
647 649
649
652 653
653 655 790
655 657
657
660 661 662
661 662
662
669
673
676 677
677
682
688 689
689
693 694
694
698
701 702
702 704
704 705
705
709
712
717
720 721
721
724 791
725 726 727
726 727 728
727 728
728
731
735 736
736
739
743
746
747 749
749 750 751
750 751 752
751 752 753
752 753 754
753
754
761 841
763 764
764
767 768
768 770
770 771
771
774 776
776 777
777 779
779 781
781 783
783 978
786 787
787 789
789 790 791
790 791
791 792
792
796
801 803
803 805 946
805 807
807
813
817 819
819 820 821
820 821
821
826
828 829
829
834 836
836 838
838
840 841
841
844
849 851
851 852
852
855 857
857
859 860
860
864 866 975
865
866
868 869 870
869 870
870 872
872 874
874
877 879
879 880
880
886 888
888 890
890 891
891
894 896
895 896 897
896
897
901 903
903 905
905 906
906 908
908 909 910
909 910 911
910 911
911 913
913 915
915
918
919 921
921 922
922
926 927
927 929
929
933
938 939
939 941
941
943 944
944 946
946
949 951
951 952
952 954
954
960 961 962
961 962 963
962 963
963 965
965 967
967 968 969
968 969 970
969 970
970 972
972 973 974
973 975
974 975 976
975 976
976 978
978 980
980 982
982 984
984
987 989
989
996 997
997
