#naive2.0.py
# GMT Fri Feb 14 14:28:07 2020
# 
1
6 7 8
7 8 9
8 9
9
13 15 531
14 15 107
15 17
17 19
19 20 21
20 21
21 23
23 25
25 26 27
26 27
27
30 32
32
36
40 41
41
47 205
57 167
58
61
64 766 375
65
70 72
72 73
73 75
75 76
76
79
83 84
84
87 89
89 91
91 93 328
93 95
95 97 474 899
97 98
98
101
105 106 107
106 107
107 109
109
114 115 116
115 116 117
116 117
117
120 122
122 123
123 125 817
125 127
127
128 130
130 397 826
137 289
139
144
145 146 812
146 147
147
151 152
152 154
154 156
156
158
163 165
165 166 167
166 167
167
170 171 172
171 172
172 173 174 665
173 174
174
180 182
182 184
184 185
185 187
187 189
189 191
191 193 736
193
196 766
200 202
202 203 204
203 204 205
204 205 567
205 284 559
206 207
207 209
209 210 211
210 211 212
211 212 213
212 213 214
213 214
214
221 222
222 224
224
227
230 231
231
234 235
235 856
242
245
252 253
253
256 257 258
257 258
258 260
260
263
267
271 272
272
277 279
279
284 285 286
285 286 287
286 287
287 289
289 290 291 615
290 291
291
295
300 302
302 303 304
303 304 845
304 573
306 307 308
307 308 309
308 309 798
309
321 322
322 324
324 325 326
325 326
326 328
328
331
349 350 351
350 351
351 353
353 354 355
354 355 356
355 356 357
356 357
357
366 368
368
372 374 599
373 374 375
374 375
375
379
384
388 390
390 391 392
391 392
392
393
397
398 400
400
405 407
407 854
410 411 412
411 412 413
412 413
413 415
415
418
419 421
421 422 423
422 423 614
423
427 428
428
431 886
433 434
434
437 438
438 440
440
443 445
445
449 450
450 452
452 738
453
456 458
458
463
467 468
468 470
470 471 472
471 472
472
474
475
480
492 493 494
493 494 495
494 495 496
495 496 497
496 497
497
504 505
505 506
506
510 511
511 513
513
516
517
523
526
530 531
531
534 535
535
539 540
540
544
549
552 553 554
553 554
554 555
555 557 894
557 559 856
559
562
565 567
567
568
571 573
572 573
573 575
575 577
577 578
578 580
580 581
581
584 585
585 587
587
590 592
592 594
594 595
595 597
597 598
598 599
599 629
605 607
607
611 612 613
612 613 614
613 614 615
614 616
615 616
616 617
617 619
619 620
620 622
622
625 627
627 629
629
632
635
640 642
642
647
650 994
652 654
654
655 657
657 659
659 661
661 663
663 664 665
664 665
665 667
667 668
668
672 673 674
673 674 675
674 675
675
678 679
679 783
683
688 690
690 692
692 693 694
693 694
694
697
699 700 701
700 701 702
701 702
702 704
704 706
706
714
718
719 721
721 722
722
725 726
726 728
728 729 730
729 730 731
730 731
731
735 736 737
736 738
737 738
738
742
743
748 750
750 752
752 754
754
757
760 762
762
765 766
766
769 770
770
774
778
782 783
783 785 978
785
791 793
793 794
794 795
795 797
797 798
798
803
808
811 812
812
816 817
817 819
819 821
821 822
822
826
830
833 834
834
840
844 845
845
851 852
852 854
854 856
856 858
858 859
859 861
861 862
862
869 870 871
870 871 872
871 872
872 873
873
880
886 887 888
887 888 889
888 889 890
889 890 891
890 891
891 892
892 894
894
895 897
897 899
899 900
900 901
901
905
909 911
911 913
913 914
914 916
916 917
917
926 927 928
927 928 929
928 929 930
929 930
930
933
936 938
938
942 943 944
943 944
944
950 952
952
960
966 968
968 969
969
972 974
974 975 976
975 976
976 978
978 980
980
988
994
997
