#naive2.0.py
# GMT Fri Feb 14 14:28:05 2020
# 
0 999
3
8 9
9
17 18 19
18 733
19
25 26
26 28
28 29 30
29 30
30
33 35
35 650
36
39 40
40 42
42
45 46 47
46 47
47 49 205
49 51
51 52
52
56 57 58
57
58
62 64
64 766
65
67 69
69 70
70 72
72 73
73
78
81
84 838
90 91
91
96 97
97 99
99
103 897
104 106
106
110
114
117
123 125
125
126 447
130 850
133 134
134
137 289
139 140 141
140 141 392
141 143
143
146 147 148
147 148 149
148 149
149
153 154
154
157
162
168 169 170
169 170 517
170 171
171 789
173
177 179
179 180
180 182
182
186
191 192
192
195
200
203 204 205
204 205 567
205
206
210 212
212 213
213
216 218
218
222 224
224 226
226 971 857
228 571
231 232
232 951
236 237
237
243 244 245
244 245
245 247
247 248 249
248 249 250
249 250
250
253
256 846
261 262
262
266 267 268 890
267 268
268
271 272
272
279 281
281 283 674
283 446
285 286
286
289 290 291
290 291
291
294 296
296 298
298
301
306 307 308
307 308
308 798
312 313
313
317 318 985
318 320 642
320 321 322
321 322
322
330 331 540
331 332
332 334
334 335
335
339 341
341 343
343 344 345 537
344 345 346
345 346 347
346 347
347 349
349 351
351
356 357 358
357 358
358
361
367 368
368
372 374
374 376
376
381 382
382 384
384 385
385 387
387 388 389
388 389 390
389 390
390 392
392
398 400
400 401
401 403
403 404 405
404 405
405 407
407
408
412 413
413 414 415
414 415
415
421 423
423
426 427 428
427 428
428
431 886
435 436
436
439
443 646
446 447
447
451 453
453 454 455
454 455
455 457
457 458
458 460
460
462
465 466
466 468
468
471
474 476
475 476
476 478
478 479
479
482 484 949
483 484
484 486
486 877
487
493 495
495 497
497 499
499
502 503
503
506 508
508 509 510
509 510
510 511
511
517 838
520
523 525
525 527
527 528
528
532 534
534 535
535 537
537 539
539 540 541
540 541 542
541 542 543
542 543
543 545
545 546 547
546 547 548
547 548
548 550
550 551 552
551 552
552 554
554 555 556
555 556 557
556 558
557 558
558 560
560 562
562 564
564 948 871
567
571
575 576 577
576 577 578 923
577 578
578
583
588 590
590 591
591 593
593 594
594 596
596 597 598
597 598
598
604 605 606
605 606
606
609 610
610 612 888
612 614
614 831
617
621 623
623 860
626 628
627 628
628 630 819
630 632
631 632 633
632 633 634
633 634
634
637 639
639 640 641
640 641 642
641 642
642
646 648
648 650
650 651 994
651 653
653 655
655 657
657
661 662
662
670
674
678
683 863
688 689 690
689 690
690
694 696
696 697 698
697 698 865 951
698 699 700
699 700
700 702
702 704
704 706
706 708
708 710
709 710
710 712
712
717
721
726 727 728
727 728 729
728 729 730
729 730 731
730 731
731 733
733
741 743
743 744 745
744 745
745 798
753 931
756 758
758 760
760
766
770 771
771
776
780 781 782
781 782 783
782 783 784
783 784 785 978
784 785
785 786
786
789
795 797
797 798 799
798
799
804
808 810
810 811 812
811 812 813
812 813
813
816
819 820 821
820 821
821 823
823 824
824
827 829
829 830 831
830 831 832
831 832
832
837 838 839
838 839
839 840 841
840 841 842
841 842 843
842 843
843 845
845
846
848 850
850 865
857
860 861
861 862
862 863
863
865 867
867 869
869 870 871
870 871
871
873
876 877
877
881 882 883
882 883 884
883 884 885
884 885 886
885 886
886 888
888 890
890
892 893
893
896 898
897 898
898
904
908 910
910 911 912
911 912
912 914
914
920 921
921 923
923
926
931 932 933
932 933 934
933 934 935
934 935 936
935 936 937
936 937
937 939
939 940 941
940 941
941
946 948
948 949
949 951
951 952 953
952 953
953 955
955 956
956 958
958 960
960 961 962
961 962 963
962 963 964
963 964 965
964 965
965
970 971 972
971 972
972
975
978
979
982
985 986 987
986 987
987
993 994 995
994 995
995 997
997 999
999
