#naive2.0.py
# GMT Fri Feb 14 14:28:06 2020
# 
5 7
7
11
16
17
20 21 22
21 22 23
22 23 24 784
23 24
24 26
26 27
27 29 288
29 364
35
36 38
38
42
44 45
45
50
55 57
57 167
58 60
60
64 766
66 68
68 69 70
69 70 416
70 71 72
71 72 73
72 73 74
73 74
74
81 82 83
82 83 84
83 84 85
84 85
85 87 163
87 88 503
88 90
90
93 269
97 99
99
103 105
105 106
106 108
108
120
125 127 868
126 127
127 129 367
129 130 298
130 131 241 826
131
135
141 142 143
142 143 144
143 144
144 406 381
146 147 148
147 148
148
152
156 404
161 163
163 165 991
165 166 167
166 167 168
167 168 169
168 169
169
172 174
174 175
175
179 180
180
183 184
184
187 188
188 190
190 191
191 193
193 194
194
199 200 201
200 201 202
201 202 203
202 203 204
203 204 205 796
204 205
205
207
211 212
212
215 216 217 748
216 217 218
217 218
218
223 490
227
235 856
238 239 240
239 240 241
240 241 924
241
245 246
246
250 251
251 253
253 255
255
258 259 260
259 260
260
264 265
265
268 269
269 271
271 273
273 274 275
274 275 276
275 276
276
280
282 283
283
285
288
293 295
295 487 404
298 299
299
302 303 304
303 304 845
304
306 307
307
311 312
312 314
314 315
315
317 985
320 321
321 323
323 324 325
324 325
325
331 332
332
337 338
338
341 343
343
347 349
348 349 350
349 350
350
353 354
354 356
356 358
358 360
360 361
361 363
363 364 365
364 365 366 969
365 366 367
366 367 368
367 368 369
368 369 370
369 370
370 372
372
379 381
381 382 383
382 383
383
398 400
400 402
402 404
404
406 408
408 410
410 411 412
411 412
412 807
415 416 417
416 417
417 419
419
422 669 614
424 425
425 427
427 429
429 430 431
430 431 432
431 432 886
432 454
435 436
436
440
448
451 619
452 454 738
454 852 793
456 458 820
458 459
459 461
461 462 463
462 463 992
463 465
465 466
466
472
474 476
475 476
476 478
478 479 480
479 480 481
480 755
481 483
483 484 485
484 485
485 487
487 488
488 490 748
490
493
498 499
499
503
511 512 513
512 513 514
513 514
514
518
521 523
523 525
525 527
527 529
529 530
530
533
534
538 539
539
542
549
553
558
565 566
566
569 570 571
570 571
571
583 584
584 586
586 587 588
587 588 589
588 589
589 591
591
594
598 600
600 601
601
605 606
606 608
608 609 610
609 610
610
613 614
614
619
622 623
623 625 860
625 626
626 628 703
628
632 633
633 635
635
638
641 788
644
648
651 653
653 655 790
655 657
657
660
663 664
664
669
670
673 674
674
676 677
677
681 682
682
685
691 692 693
692 693 694
693 694 695
694 695
695 697 889
697
699 700 701
700 701
701 703
703 704 705
704 705
705 945
707 709
708
709
713 714
714
718 720
720 722
722 724
724
727
730 731
731
738
740 742
742
748
749 751
751 753
753 755 931
754 755
755 757
757
760 762
762 763
763 765
765 766 767
766 767
767
771 772
772
775 776 777
776 777 778
777 778
778
783 784
784
786 787 788
787 788
788 790
790
793 794
794 796
796 823
797 799
799
802 803
803
806
807
811 812
812
820
823 824
824 826
826
828 829
829
833 835
835
843 844 845
844 845
845 847
847 848 849
848 849
849 851
851 852
852
855
856 858
858 860
860 861
861
863
866 867
867 868
868 870
870
877 878 879
878 879
879 881
881 882
882
885 886
886
889 890
890
895
900 902
902 903 904
903 904
904 906
906 907 908
907 908
908 910
910
913 914 915
914 915 916
915 916
916
919 920
920 922
922 923
923 924
924
927
930 931
931 933
933 934 935
934 935
935 937
937 938 939
938 939
939
942
945
952 953 954
953 954 955
954 955
955 957
957 958 959
958 959
959 961
961
968 969 970
969 970
970 971 972
971 972 973
972 973 974
973
974
981 982
982 984
984 985
985
991
992
995 996
996
999
