#naive2.0.py
# GMT Fri Feb 14 14:28:10 2020
# 
1 3 999
3 4 220
4
7 9
9 10
10 12
12 14
14 15 107
15
21 22
22 24
24 25
25
28
32 33
33 35
35 37 650
37 38
38
41
46 47
47 49 205
49 50
50 171
56 58
58 59
59
65 66 809
66
69
71
74 75
75 77
77
80
83
87 503
90 91 197 585
91 93
93 269
94
97 98 99
98 99 556
99 101
101 102
102
106 107 108
107 448
108
111
118 119
119 121
121 386
124
127 129
128 129
129
131 133
133 134
134
137 289
140 142 973 713
142
145 146 812
146 148
148
151 344
153 154
154 156
156 404
162 163
163
169 170 517
170 171
171 789
174
178 180
180 181
181
183 956
187 188
188 190
190 191 192
191 192 193 736
192 193
193 195
195 197
197 199
199 200 201
200 201 202
201 202
202
205 284
207 208
208 210
210 211
211 213
213
216 217
217 219
219 220 895
220
223
229 230
230 232
232
233
238 240
240 241
241
245
248
254 255 256
255 256
256 846
259
263 264 265
264 265 266
265 266
266 268
268 269 270
269 270
270 272
272 273
273 275
275 276 962
276 278
278 279
279
284
287 288 289
288 289
289
293
297
300 302
302
309 310
310
315 901
318 319
319 321
321 322 323
322 323 324
323 324 325
324 325 326
325 326 327
326 327
327 329
329 330
330
334
337 339
339 341
341
344
349 350
350 687
353 354
354
358 359 360
359 360
360
363
366 368
368 369
369
374
378 379
379 381
381 382
382
386
389 390 391
390 391
391 835
396 397
397 756
399 400
400
403 404 405
404 405
405
413 414 415
414 415
415 417
417
421 422
422
424 425 426
425 426
426
433 435
435 436
436 438
438 439 440
439 440 441
440 441
441 724
445
447 449
448 449 450
449 450 740
450
453 455
455 457
457 458 459
458 459 460
459 460 461
460 461
461 462 463
462 463 992
463 464
464 466
466 467 468
467 468 469
468 469 470
469 470 471
470 471
471
474
478 480
480 482 755
481 482
482 949
485
489 517
492 493 494
493 494 495
494 495 496
495 496
496
502 503 740
503 505
505 506
506 508
508 510
510 511 512
511 512 513
512 513 514
513 514 515
514 515
515 517
517
519
521 523
523
526 528
528 530
530 531
531 533
533 735
534
537
538
541
544 546
546 547
547
550
554 556
556
557 856
561 562
562 563
563
568 569 570
569 570
570
574 576
576 923
581 582 583
582 583
583 602
585 587
587 588
588
591 592 593
592 593
593
595 597
597
599
602 603
603 604
604
608 609 610
609 610 611
610
611
616 617 618
617 618
618 620
620 621
621 623
623 860
633 634 635
634 635
635 637
637 638 639
638 639 640
639 640
640
643 941
646 648
648 649 650
649 650
650
652 653
653
656 657
657
662
666 667
667
675 676 677
676 677 678
677 678
678
682 683
683 685 863
685 687
687
691 693
693
699 700 701
700 701
701 703
703 704
704 706
706
710 866
713
718
723 725
724 791
725 726
726 728
728
732
735 736 737
736
737
740 742
742 744
743 744
744
747
750 751 752
751 752 753
752 753
753 755 931
755 756
756 758
758
761 762 841
762 764
764 765
765 766
766 768
768 770 861
770
773 774 775
774 775
775 777
777 778 779
778 779 780
779 780 781
780 781
781 783
783 785 978
785 786
786
789 791
791 792
792 794
794 795 796
795 796 797
796 823
797 798
798
800 801 802
801 802
802
808 809
809
812 813 814
813 814 815
814 815
815
822 823 824
823 824 825
824 825
825
831 832 833
832 833
833 835
835 837
837
841 842
842
846
851
855
856
860 861
861
863
865
866
869
873 874 875
874 875
875
878 880 896
880 881 882
881 882 883
882 883 884
883 884
884
889 891
891 892
892
895 896
896
900 901 902
901 902 903
902 903 904
903 904 905
904 905
905
908
911 912 913
912 914
913 914
914
917 918 919
918 920
919 920
920 922
922 923
923
925 926
926
930 931
931 933
933 934 935
934 935
935
938 939
939 941
941 942
942 943 944
943 944 945
944 945 946
945 946 947
946 947 948
947 948 949
948 949 950
949 950
950 952
952 953 954
953 954
954 956
956
959 961
961 962
962 964
964
966 968
968 970
970 971
971 973
973 975
974 975
975
977 978
978 980
980 981 982
981 982 983
982 983
983 985
985 986
986 988
988 989
989
992
997 999
999
