#naive2.0.py
# GMT Fri Feb 14 14:28:02 2020
# 
1 2 3 999
2 3 4
3 4 220
4
7 9
9
13 15 531
14 15 107
15 16
16 950
19 225
23 24 25
24 25 26
25 26 27
26 27
27 29
29 30 364
30 31
31 58
33 34 35
34 35
35
38
39
42 43 491
43 44
44
47 48 49
48 49
49 51
51 52
52 54
54
57 59 167
58 59 60
59 60 61
60 61 62
61 63 660 528
62 63
63
67 68
68 70
70 71
71
74 76
76 77 78
77 78 79
78 79
79 81
81 82
82
85 86 87 163
86 87 88
87 88 89 503
88 89
89
92 93 94
93 95
94 95
95 97
97 99
99 101
101 102
102
104 106
106 107
107 109
109
112
113
117 119
119
122 124
124 125 126
125 868
126
130 131 850 397
131
134
143 144 145
144
145 812
148 150
150
153 154
154
157 158 159
158 159 160
159 160 567 285
160
163 991
164 166
166 167
167 169
169 517
172 174
174 176
176 178
178 179 180
179 180
180
183 184 185 956
184 185
185
190 192
192 193 194
193 194
194 196
196 197
197 199
199 200 201
200 201 202
201 202 203
202 203
203
208 210
210 211
211
217 218
218 220
220
224 225
225 227
227 229
229
232
233
236 237
237
245 247
247 248 249
248 249
249
253 255
255
259 260
260
264 265 266
265 266
266 268 890
268 270
270 272 686
271 272 273
272 273
273
276 277
277
280
282 290
285 286 287
286 287
287 289
289 290 291
290 291
291 292
292
295
300 301 302
301 302 303
302 303
303
307 308
308 310
310 311 312
311 312
312
316 317
317
319 320 321
320 321
321 323
323 324
324
327 328
328 330
330 331
331 333
333 445
336 338
338 340
340 341
341 343
343 537
346
352 353
353
357 359
359 361
361 363
363 364 365
364 365 969
365
372
380
383 384 385
384 385
385 387
387 389
389 390
390 392
392 394
394
397 756
398
402
408
412 413 807
413 414
414
417 418
418 420
420 421
421
424 426
426 427 428
427 428 429
428 429 430
429 430 431
430 431 432
431 432 886
432 433 454
433 509
442 443 444
443 444 445 646
444 445
445
450
453 454
454 852 793
456 458
458 459
459
462 992
466
469 470
470 472
472 473
473
476 478
478 479 480
479 480
480
484 486
486 488 877
488 490 748
490 492
491
492
495 496 497
496 497
497 499
499 500
500 502
502 503 740
503
509
512 513
513
517
521
524 525
525
528 530
529 530 531
530 531 532
531 532 533
532 533
533 535
535 537 825
537
538
541 542 543 553
542 543
543 545 723
545 546 547
546 547
547
550
553 554
554 556
556
563 564
564 566 948
566 567 568
567 569
568 569 570
569 570 571
570 571
571 573
573
577 578 579
578 579 580
579 580 741
580
585 587
587
590 592
592
600 602
602
606 608
608 610
610 612 888
612 614
614 831
618
619 621
621 622
622
628
631 632
632 634
634 636
636 638
638 639 640
639 640 641
640 641
641 788
643 645
645 646
646
652
660
663 664
664
667 668
668
671
674 675
675 676 677
676 677
677 679
679 783
683 685 863
685 686 687
686 687 688
687 688
688 690
690 691
691
696 698
698
702 703
703
707 709
709 710 711
710 711 712 866
711 712 713
712 713
713
715 717
717 719
719 720
720 722
722 723 724
723 725
724
725 726
726
732 733 734
733 734
734 736
736
737
740 741
741 743
743 744 745
744 745
745 747
747 749
748
749
752 753
753 931
756
759 761
761 841
763 764
764
770 771
771 773
773 775
775 777
777 778
778
783
786 788
788 789 790
789 790
790
793 794
794
801 803
803 805
804 805
805 807
807
810 812
812 813
813 815
815 816
816
821 822 823
822 823 824
823 824 825
824 825
825 827
827 828 829
828 829
829 831
831 833
833
836 837
837 839
839 841
841 842
842
848 850
850
851 852
852
859
862 863 864
863 864
864 866
866
868 870
870 872
872 874
874 875
875 877
877 879
879 880
880 882
882 883 884
883 884 885
884 885 886
885 886 891
886 887 888
887 888
888 890
890 891
891 893
893
896 898
898
903 905
905
910 911
911 913
913
916
920
925 927
927 929
929 931
931
934
943
948 950
950 952
952 953
953
956 958
958 959
959
963 965
965 967
967 969
969 970
970 972
972 973
973
976
979 980
980 982
982 984
984
988
991
992 994
994 995 996
995 996
996 998
998 999
999
