#naive2.0.py
# GMT Fri Feb 14 14:28:05 2020
# 
1 2
2
5 6
6
10 12
12
15 16
16
18
20 21
21 23
23 25
25 26 27
26 27
27 288
30
33 34 35
34 35
35 650
40
43 45
45
48 922
52 53 54
53 54 55
54 55
55
58
61 660 528
62
71 73
73 74
74 76
76 78
78 79
79
83 85
85 87 163
87
95 96 474
96 98
98 100 556
100 101 833
101
105 106
106 108
108 109 110
109 110 111 593
110 111 112
111
112 114
114
118 120
120 122
122 123 124
123 125 817
124 125 126
125 127
126 127 128 447
127
128 130
130 850 826
135 136
136 138 845
138 139
139 141
141
144 406 381
145 146 812
146 147 148
147 148
148 150
150
153 155
155
158 160
160
163 165
165 167
167 168 169
168 169
169
172 173 174 665
173 174 175
174 175
175 177
177
180 182
182
185
190
194 196
196 766
204 567
209 210 211
210 211 212
211 212
212 214
214
217 218
218 220
220
224 225 226
225
226
229 230
230
234 235 236
235 237 602
236 237 238
237 238 239
238 239
239
247 249
249 250 251
250 251
251 253
253 255
255
260 261
261
269
272 273 274
273 274 275
274 275 276
275 276 962
276 277
277
284 285
285 287
287 288 289
288 289
289 291 615
291
296 298 360
297 298 996
298
308 310 798
310
313
316 317 318
317 318 985
318 319
319
322 324
324 326
326 328
328
335 336
336 338
338 339
339
343 344 537
344 346
346 348
348 349
349
353 355
355 356
356
360 361
361
365
369 371
371 373
373 374
374
381 383
383 384 385
384 385
385
391
394 396
396
401 403
403 404 405
404 405
405 406
406
409 410
410
414 416
416
420 421
421
425
430
435
438 439 440
439 440 441
440 441 442
441 442 724
442
445 446
446 447 448
447 449
448 449 450
449 450
450
454 455
455
458 460
460 461
461 463
463 464 465
464 465
465 467
467 468
468
474
475 477
477 478
478 480
480
481
484 486 746
486 488
488 748
489
494 496
496
500 501 502
501 502
502
504 505 910
505
511 513
513 514
514
518 520
520 521
521 523 782
522 523
523 525
525 527
527 528 529
528 530
529 530
530
535 537
537
538
544 545
545
550
556
557 559
559 561
561 562
562 564
564 566 948
565 566 567
566 567
567
572 573 574
573 574 575
574 575
575
580 581
581 583
583 602
587 588 589
588 589 590
589 590
590
593 594
594
598 600
600 601 602
601 602
602
605 606
606
609 610 611
610 612
611 612
612
615 616
616 618
618 620
620 621
621 623
623 624 625
624
625 627
627 629
629
632 633
633
638
645 646 647
646
647
650
660 661
661
665 667
667 669
669
676 677
677 679
679 783
683
686 687 688
687 688
688 689 690
689 690
690 692
692
696 698
698 699 700
699 700 701
700 701 702
701 702
702
707 944
710 712
712 714
714
717 718 719
718 720
719 720
720 722
722 723 724
723
724
726 727 728
727 728
728
732
735 736 737
736
737 739
739 741
741
744 745 746
745 746 747 798
746 748
747 749
748
749 751
751
756
759 761
761 841
763 764 765
764 765
765 766
766 768
768 769
769
773 775
775 777
777 778
778 780
780 781 782
781 782 783
782 783 784
783 784
784
789
792 794
794 796
796 823
797 798
798
800
803 805 946
804 805 806
805 806
806 808
808
812 814
814 816
816 817 818
817 818 819
818 819 820
819 820 821
820 821
821 822 823
822 823 824
823 824
824 826
826 827
827 828 829
828 829 830
829 830
830 832
832 833 834
833 834
834
837 838
838
840 841
841
845
846
850
853
859
870 872
872 873 874
873 874
874 876
876
879 881
881
885 886
886 887
887
890
894 896
895 896 897
896
897
903 904
904 906
906 907
907 909
909 910
910 912
912 914
914 916
916 917 918
917 918 919
918 920
919 920 921
920 921 922
921 922 923
922 923
923
925 926
926
929 930
930
934 936
936 938
938 939
939 941
941 942
942 943 944
943 944
944 946
946 948
948
952
955
959 960
960 962
962 963
963 965
965 967
967 969
969
972 973 974
973
974
977 979
979
985
988 989
989
995 996
996
