#naive2.0.py
# GMT Fri Feb 14 14:28:04 2020
# 
0
3 220
7 8
8 10
10
14 15
15 16
16 254 950
19 20 21
20 21 22
21 22
22 24
24 26
26 27
27
30 31
31 58
34 35
35 37 650
37 38
38 40
40 42
42 491
44
47 48 49 205
48 49 50 922
49 50 51
50
51 53
53 54 55
54 55
55 57
57 59
58 59
59
65
68 70
70 71
71 73
73 75
75 76
76 78
78 80
80 81
81 83
83 84 85
84 85
85 87 163
87 89 503
89 90
90 197 585
92 93
93
97 99
99 100
100
108
113 370
117 118 119
118 119
119
124
128
131
136 137 138 845
137 138 289
138 140 347
140 392 973
143 144
144 381
150
153 154
154 156
156 157 404
157 159
159
162 163 164
163
164 166
166 168
168
173 175
175
181 607
182
186 187 188 747
187 188 189
188 189
189
193 194
194 196
196 197
197 199
199 201
201 202
202
205 284
207 208
208
211
214 216
216
220 221
221 222 223
222 223
223
228 229 230
229 230 231
230 231 232
231 232 233
232 234
233 234 520
234
237 239
239 241
241 242
242
245
249
254
257 258
258
262 263 264
263 264 265
264 265 266
265 266
266 268 890
268
271 272
272 274
274 275 276
275 276
276 278
278
282 284
284
287 289
289 291
291 292
292
295 297 487 404
297
301 302 303
302 303 304
303 304 845
304 573
310 311
311 313
313 314
314
317 985
319
322 323 324
323 324
324
327 328
328
331 332 333
332 333 334
333 334 335
334 335 336
335 336
336 338
338 339
339 341
341 343
343 344 345
344 345
345 347
347 349
348 349
349 351
351 353
353 354 355
354 355 356
355 356
356
359
362 364
364 366 969
366
369 370
370
373 375
375 377
377
380 381
381 383
383 385
385
388 389
389 391
391 392
392
395 396 397
396 397 398
397 756
398 399
399
404
408
412 807
415 417
417
421 422 423
422 423
423 424
424
427 428 429
428 429
429
433 434 435
434 435 436
435 436 437
436 437 438
437 438
438 440
440
444 446
446 448
448
451 453
452 738
453 455
455 456 457
456 457 458 820
457 458
458 460
460
462 992
467 469
469 471
471 472
472
474
475
478
482
486 488
487 488 489
488
489 491 517
491 909 964
492
497 499
499 500 501
500 501 502
501 502 503
502 503
503 505
504 505
505
513 515
515 516 517
516
517
519 520 829
520
522 523 524
523 524 525
524 525
525
528
534
545 547
547
550
553 554
554 555 556
555 556
556
560 562
562
565
569
572 573 574
573 574
574 576
576
583
585 586
586 588
588 590
590
593
596
601 603
603
605 607
607 609
609 610
610
616 617
617
620 621
621 623
623 625
625
628
633
636
639 640 641
640 641 642
641 642
642
643 645 941
645 646
646
650 994
652
655 657
657 659
659 660
660
671 672
672
675
682 683
683 863
686 688
688 689
689
695 889
699
707 709
709 711
711
715 806
720
723
729 730 731
730 731
731
735 737
737 738
738
741 742
742
746
747 749
749
752 754
754 755 756
755 756 757
756 757 758
757 758 759
758 759 760
759 760
760 762
762 763
763
769
776 778
778 779
779
783 978
786 787
787 789 912
789 790
790
792 793 794
793 794
794 795
795
798
799 800 801
800 801 802
801 802
802
804 805 806
805 806 807
806 808
807 808
808
814 816
816 817 818
817 818
818 820
820 821
821
824 825
825
829 830
830 832
832
837
840 842
842 843 844
843 844 845
844 845 846
845
846
848 850
850
851 852
852
858
863
869
872 874
874 875 876
875 876
876 878
878 896
881 883
883 884 885
884 885 886
885 886 891
886 887
887 889
889 890 891
890 891
891 892
892
896
900 901
901 903
903 904
904
909
912
913
917 919
919 920 921
920 921 922
921 922
922
926 927 928
927 928 929
928 929
929 931
931 932 933
932 933 934
933 934 935
934 935 936
935 936
936
939 940 941
940 941
941
943
950
953 954
954
959 960
960
964 965
965 966
966 968
968 969
969
971 973
973
974 976
976 978
978
979 981
981 983
983 985
985 986 987
986 987
987
992 994
994
997
