#naive2.0.py
# GMT Fri Feb 14 14:28:09 2020
# 
0
6 7
7
14 15 107
15 16
16
19 20 225
20
25 26
26 28
28 30
30
35 650
36
40
43 44
44 46
46
49 50 51
50 52 171
51 52 53
52 53 54 516
53 54 55
54 55
55
59 60
60
63
67 68 69
68 69 70
69 70 416
70 72
72 73
73 75
75
79 80 81
80 81 82
81 82
82 84
84
93 269
94 96
96
100 101 833
101 102
102 987
105 106 107
106 107 108
107
108 110
110
118 119 120
119 120 121
120 121
121
123 125
124 125
125
129
133 134
134 136
136 137
137
139
143 145
145 146
146 147 148
147 148
148
151
154
170 171 172
171 172 789
172
175 176
176 178
178
182 184
184
187
190
193 195
195
198 199
199
202
207 209
209 211
211 212 213
212 213
213
218 219 220
219 220
220 221
221 222
222
225 227
226 227 857
227 228
228 571
233 520
237
240
246
249 250 251
250 251 252
251 252
252
255
259 261
261 262 263
262 263
263
269 271
271 273
273 275
275
278
281 674
285 286
286
293
296 360
301 302 303
302 303 304
303 304
304
307
313
316 317
317
319
322 323 324
323 324
324
330 331
331 332 333
332 333 334
333 334
334 336
336 338
338 339
339 341
341 342
342
347 349
348 349
349 351
351 353
353 355
355 357
357
360 361
361 363
363 364
364 366 969
366 367
367 369
369 371
371
375 376
376
379
382 384
384 385
385
388 390
390 391 392
391 392 835
392
395 396
396 398
398
401 402 403 815
402 403
403
406 407 408
407 409
408 409
409 411
411 412
412
416
419 420
420 422
422 423 669 614
423 424
424
431 432 886
432 434 454
434
440
447
450 451
451 453 619
453 454
454 793
460
465 466 467
466 467
467
470 471
471
475
478 479
479
486
487 489
489 490 491 517
490
491
494 495
495
498
501
504 910
506 507
507 509
509
511 512
512 514
514 516
516 918
517
520 521
521 523 782
522 523 524
523 524
524
527 528 529
528 530
529 530 531
530 531
531
536 537
537
544 545 546
545 546
546 548
548 549 550
549 550 551
550 551
551
558
561 562 788
562 563
563
566 567
567 569
569 570 571
570 571 572
571
572 574
574 576
576
580
597
599 601 629
601 602
602
604 605
605
609 610
610
614 616
616
619 621
621 623
623 625
625 627
627 629
629
635
638 639 640
639 640 641
640 641
641 788
645 647 708
647 648
648 650
650 651
651 652
652 654
654
659
662
666
669 671
670 671
671 673
673 674
674
678 680
680
683
686 688
688 690
690
694 695 696
695 697
696 697
697 865
703 704 705
704 705 706
705 706
706 707 708
707
708
711
714 715
715 806
718 720 734
720 721
721
724
725
729 731
731
734 735
735
738 739
739
742
745 746 747 798
746
747 749
749
752
756
759 760 975
760 762
762
765 767
767
773
776 777 778
777 778
778
781 782
782 784
784 785
785 786 787
786 787 788
787 788 789
788 789 790
789 790
790
792 793 794
793 794
794
797 798 799
798
799 800
800 802
802
804 806
806 808
808 810
810 811
811
814 815
815
819
823 825
825
826
829
833 835
835 836 837
836 837
837 839
839 841
841 843
843 844
844 846
846
850 865
851
855 857
857 858
858 859
859 861
861 862
862 864
864 975
865
871
873 874 875
874 875
875
879 881
881 882
882
886
890 891
891 893
893 894
894
897 898 899
898 899 900
899 900
900 901
901 903
903 904 905
904 905 906
905 906 907
906 907 908
907 908
908 910
910
914 915
915 917
917 918 919
918 920
919 920
920 922
922
926 927 928
927 928
928
931 933
933
937 938
938
947 948 949
948 949
949
953
957 958
958
965 966 967
966 967
967 969
969 970
970 972
972
975 976
976 978
978 980
979 980 981
980 981
981 983
983
986 987
987 989
989 991
991
995 996 997
996 997
997
