#naive2.0.py
# GMT Fri Feb 14 14:28:07 2020
# 
1 3
3 220
6 7 8
7 8
8
12
16 254
18 526
22 784
25 27
27 658
31 32
32 33 34
33 34 35
34 35 36
35 37 650
36 37
37
40 42
42
46
50 171
54 55
55 57
57
60 61
61 63
63
67 68
68
72 73 74
73 74
74
78
81
84 85 838
85 86 163
86 88
88
93 95
94 95
95
98
101 102 103
102 103
103
109 110 111
110 111
111
114 115 116 855
115 116 117
116 117
117 119
119 121
121 122
122 123
123 125 817
125
126 447
129
132 133
133
136 137 138
137 138 289
138
141
145 812
151 344
155
156
158
162 163
163 991
166 168
168
171 172 789
172 174
174
177 179
179 181
181
183 185
185
189 190
190
196 766
199
206
211
214
218 220
220
224 226
226 227
227 229
229 231
231 232 233
232
233 235 520
235
236 238
238
242 244
244 245 246
245 246
246
250 251 252
251 252 253
252 253 254
253 254
254
257
265 266 267 342
266 267 890
267
270
273 274
274
277 278 279
278 279
279 281
281
287 289
289 291 615
291 292
292
302
305 307
307
310 312
312 313 314
313 314
314
317
319 321
321 322
322
326 327
327 329
329
332 333
333 335
335
339
342 344 560
344 345 346
345 346
346 348
348 350
350 351 352 687
351 352
352
356
359 360 361
360 361
361
364 366 969
366
378 380
380 381
381
385
388 390
390
394
397 756
399 401
401
406
409 410 411
410 411 412
411 412 413
412 413
413 414
414 416
416 418
418
421 422 423
422 423
423 425
425 426
426
438 439 440
439 440
440
443
447
448
452
453
461
466 467 468
467 468
468
475 477
477 479
479 481
481 482 483
482 949
483
486 877
489 490
490 492
492 493 494
493 494
494
503
504 910
506 507 508
507
508
512 513
513 515
515
519 520 829
520 521
521 523
523 524 525
524 525 526
525 526
526
531 532
532 802
536 538
538
541 542
542 544
544
547 549
549 550
550 552
552
555 557 894
557 558 559
558 559 560
559
560
563 565
565 566
566 568
568 569 570
569 570 571
570 571 572
571
572 574
574 576
576 923
580 581 582
581 582
582 584
584 585
585
589 591
591
594 595
595 597
597 598
598 600
600
605 606
606 608
608 609 610
609 610
610 888
613 615
615
617 618
618 787
622
626 703
627 629
629 630
630 632 981
632 633
633
637
640
648 649 650
649 650 651
650 651
651 653
653 654 655 790
654
655 656
656 658
658
662 664
664
668
671 673
673
678 679 680
679
680 682
682
685 687
687 688
688 689
689 691
691 692 693
692 693 694
693 694 695
694 695
695
699 701
701 702 703
702 703
703 705
705 706 945
706 707
707 709 944
709 710 711
710 711 712 866
711 712
712
715 716
716
719 720
720
724
727
730
734
737
741 742
742
746
749 750 751
750 751
751
755 756
756
759 760 761 975
760 761
761 841
765 766
766
769 770
770 772
772
775 777
777 778
778 780
780 781
781
784 785
785 787
787 788 789 912
788 789 790
789 790
790
792 794
794 796
796
797
800 802
802
805
808 809
809
812 813
813
817 818
818 820
820 821
821 822
822
826
829
834 835
835 837
837 838 839
838 839
839 840 841
840 841
841 843
843 844
844 846
846
848
852 854
854 855
855
858 860
860 861
861
863 864
864 866 975
865
866
871 872
872 874
874
877 878 879
878 879 880 896
879 880 881
880 881
881 883
883 884 885
884 885
885
887 888
888 890
890
892 894
894 896
896
902 903 904
903 904 905
904 905
905
909 910
910 912
912 914
914 915 916
915 916
916 918
918
919
923
927 928
928 930
930
935 936
936 938
938 939
939 941
941
944 945
945 947
947 949
949
952 954
954 955
955
960 962
962 963
963 965
965
968 969
969
975 976
976 978
978
979 981
981 982
982
988 989
989 991
991
992
997
