#naive2.0.py
# GMT Fri Feb 14 14:28:09 2020
# 
2 3
3 5
5 7
7
10 12
12
15
18
19 20
20
24 25
25 27
27 29 658
29 30
30 31
31
33 34
34 36
36
39 40 41 155
40 41
41
45 46 47
46 47 48
47 48 205
48
55
59 60
60
63
68 70
70
73 74
74 76
76 78
78 79 80
79 80
80
86 88
88
94
97
101 103
103 105
104 105
105 107
107
110 112
112 195
115
123
126 127
127 129 367
129 130 298
130 850 241 397 826
135 137
137
144 381
147
152
155 157 472
157
160 162
161 162 163
162 163
163 165 991
165 166 167
166 167
167 169
169
171 172
172 174 665
174
178
181 215 607
184 185
185
190 192
192 194
194 195
195
198
203 204 205 796
204 205
205
206 207 208
207 208
208
214 215
215
218 219
219
227 229
229
235 237
237
241 242
242 243 244
243 244
244
248 250
250 251 252
251 252 253
252 253 254
253 254 255
254 255 256
255 256
256 846
259 261
261 262
262 264
264
268 269 270
269 270 271
270 272 686
271 272 273
272 273
273 275
275 276
276 278
278 280
280 281 460
281 282 283
282 283
283
285
295 487
296 298 360
298 300
300 301 302
301 302
302
305 306
306 308
308
311 313
313 314 315
314 315
315 901
321 323
323 324 325
324 325
325 327
327 328
328 330
330 331 540
331 332
332
336
339 340 341
340 341 342
341 342 343
342 560
343
348 349
349
353 354
354
358 359 360
359 360 361
360 361 362
361 362 363
362 363
363 365
365 367
367 369
369 370
370
373
377 379 382
378 379 380
379 380 381
380 381 382
381 382 383
382 383 384
383 384 385
384 385
385
390 391
391 835
394 395 396
395 396 397
396 397
397
399 401
401 815
407 409
409 411
411 412 413
412 413 807
413 414 415
414 415
415 417
417
422 423
423 424
424
428 429 430
429 430 431
430 431
431
434 436
436 437 438
437 438
438
442 444
444
452 454
454 455 852
455 457
457 459
459 460
460
462
466 468
468 469 470
469 470 471
470 471 472
471 472 473
472 473
473 474 475
474
475
484
487
491 493 909 964
493 494
494 496
496 497 498
497 498 499
498 499
499 501
501 502
502 740
510
520
528 530
530
535
539 540
540 542
542
545 547
547 548 549
548 549
549
553 554
554 556
556 558
557 558
558 560
560
563 565
565 566
566 568
568 569 570
569 570 571
570 571 572
571 573
572 573
573 575
575 576
576
580 581 582
581 582
582
586 588
588
591 592
592
599 629
603
607 609
609 610 611
610 888
611
616
619 621
621 622 623
622 623
623 625 860
625
628 630
629 630
630 632 981
631 632 633
632 633
633
637 638 639
638 639 640
639 640
640 642
642
648
654
655 656
656 658
658 659
659
662 663 664
663 664 665
664 665
665 667
667
678 679 680
679 681 783
680 681
681 683
683
686
691 693
693
696 697
697 865
699 700 701
700 701
701 703
703
706 707
707 709 944
709 711
711 713
713
715 717
717 718
718 720 734
720 721
721 723
723 725
724
725 726
726
729 731
731
734 736
736
737
740 742
742
747
750 751
751
754
759 760
760 762
762 764
764 765
765
768 769 861
769 771
771 772 773
772 773
773 775
775 777
777 778
778 780
780
783
786
794 795 796
795 796
796 823
799 800
800
804
807
815 816
816
823 824
824 826
826
828 830
830 832
832 834
834 835 836
835 836
836 838
838 839
839 841
841 843
843 844 845
844 845 846
845
846
848 850
850 865
852
859 860 861
860 861
861 862
862
865 867
866 867
867 868
868 870
870
874 876
876
879 880
880 882
882 883
883 885
885
888 890
890
893 894
894 896
896 898
898 900
900 901 902
901 902 903
902 903
903 905
905 907
907 909
909
913
921
924 926
926 927
927 929
929 931
931
936 938
938
941
943 944
944
950
953 954
954
958 960
960
963 964
964
968
971
974 976
976 977
977
980 981
981 983
983 985
985 986
986 988
988 990
990 991
991
995 996 997
996 997 998
997 998
998
