#naive2.0.py
# GMT Fri Feb 14 14:28:05 2020
# 
0 2
2 4
4 6
6
11
14
18
19 20 21 225
20 21
21
25 27
27 29 288 658
29 30
30 32
32 34
34 35
35 37 650
37 38 39
38
39 155
42 43 491
43
46
49 50
50 52
52 53 54
53 54 55
54 55 56
55 56 57
56 57
57 59
59
62
68 70
70 71 72
71 72 73
72 73 74
73 74
74
77
80 81
81
84
86 87
87
91 93 328
93 269
94
97 99
99
104 105 106
105 106
106
117
124
133 134 135
134 135
135
142
145 812
148 149
149 151
151 152
152 153 154
153 154 155
154 155 156
155 157 472
156 157
157 158 159
158 159
159 285
161 162
162 164
164 165 166
165 166
166 168
168 170
170 172
172 173 174 665
173 174
174
177
180 181 182
181 215 607
182
187 188
188 190
190 191
191 193 736
193 195
195 197
197
200 201 202
201 202
202
206
210 211 212
211 212 213
212 213 214
213 214 215
214 215 216
215 216 217
216 217 218
217 218
218 220
220
223 225
225
226
229 231
231 233
233 234 235 520
234 235
235 237 602
237 239
239
242 244
244 304
249 250
250
255 256
256 258 846
258
261
264
267 268 269
268 269 270
269 270
270 272 686
272 273 274
273 274 275
274 275
275
278 279 280
279 280 281
280 281 460
281 282 674
282
285 286
286 288
288
291 292
292 294
294 295
295
298 300
300
304
305 306
306
309 310
310
313
317 985
319 320 321
320 321 322
321 322 323
322 323 324
323 324
324 326
326 327 328
327 328 329
328
329 331
331
335
340
345 346
346 348
348 350
350 351 352 687
351 352
352
358 359 360
359 360 361
360 361
361
366 367 368
367 368
368
371 373
373 374 375
374 375 376
375 376 377
376 377
377 379 382
379 381
381 382
382 384
384 385
385
390
395 396
396
401 403
403
406
409 410
410 412
412 413
413
416
421 422
422 669 614
425
430 432
432 433
433 435
435 436
436
439 440 441
440 441
441 443
443 646
446
449 740
451 453 619
453
459 460 461
460 461
461 462 463
462 463
463 464
464 466
466
472
475 476
476
481 482 483
482
483
488
491 964
492
496
500 501 502
501 502
502 740
504 505 910
505 506
506
512
520 521
521 782
524
529 531
531 532
532 802
537 539
539
542 543 544
543 544 545
544 545 546
545 546 547
546 547
547 549
549
555 557 894
557 558 559
558 559 560
559
560
563 564
564 948
568 569
569
574 575
575
578 579 580
579 580 741
580 581
581 583
583 602
587 588
588
591 593
593 594
594
598
601 602
602
604
607 609
609 611
611 613
613 614
614 616
616 617 618
617 618 619
618 620 787
619 620 621
620 621
621
624
625 627
627 629
629 630
630 632 981
632 633
633
636 638
638
641 642
642
646 648
648 649 650
649 650
650
653
656 657 658
657 658 659
658 659
659 660
660 662
662
665
668 669
669 671
671 673
673 674 675
674 675
675
679 681 783
681 682
682
686 687
687
690
695 697 889
696 697 698
697 698 865
698 699
699
709 711
711
715
719 720
720 722
722
725
728 730
730 731
731
735 736
736 738
738
740 741
741
747 749
749 750 751
750 751
751 753
753 755
754 755 756
755 756 757
756 757 758
757 758
758 760
760 761 762
761 762 841
762
765 767
767 769
769 770 771
770 771
771 773
773 775
775 777
777
780 781 782
781 782 783
782 783
783 785
785 786 787
786 787
787 912
792 793 794
793 794
794 795
795 797
797 798
798
801 802 803
802 803
803 805 946
804 805
805
810 812
812
821 822
822
826
828 830
830
833 835
835 837
837
841 842 843
842 843
843
846 847
847
850 865
852
864 866
865 867
866 867
867 868 869
868 869
869
872 873
873
876 878
878 880
880
883
889
893 894 895
894
895
898 899 900
899 900
900 901 902
901 902 903
902 903 904
903 904
904 906
906
910 911 912
911 912
912
915
918 920
920
925 926
926
946 948
948 950
950 952
952
955 957
957
960
964 965
965 966 967
966 967 968
967 968 969
968 969 970
969 970
970
976 977
977
980 981 982
981 982 983
982 983 984
983 984 985
984 985
985 987
987
991
995 996
996 998
998
