#naive2.0.py
# GMT Fri Feb 14 14:28:07 2020
# 
3
7
19 20
20
23 25
25
29 30 364
30 31
31
33 35
35 37
37
43 44
44
47
50 52
51 52
52 54
54 56
56
63 65
65
71 73
73 74
74 76
76
80
84 85
85 87 163
87 503
91
94 95
95 474 899
98 99 100
99 100 101
100 101
101 103
103 105
104 105
105
109 110 111 593
110 111
111 367
121
124 125 126
125
126 128
128 129
129 298
136 137 845
137 289
140 392
143 144
144 406 381
146 147
147
153 155
155 157 472
156 157
157
161 163
163
164
169 517
175
178
184 186
186 187 188 747
187 188
188
191 192 736
192
195 197
197 199
198 199
199
202
206 208
208 209
209 211
211
214 215 216
215 216 748
216
219 895
221
224 226
226 227 971
227 228 229
228 229
229
233 520
236
240
243 244
244 304
248 249 250
249 250 251
250 251
251
254 256
256 257 846
257
260 262
262
265
269 270
270
273 275
275 962
278
285 286
286 288
288 289
289 290 291
290 291
291 292 293
292 293 294
293 294
294 296
296 298 360
297 298
298 300
300
303 304 845
304 573
307 309
309 310
310
314 315
315
317
319
323 324 325
324 325 326
325 326 327
326 327
327
336 338
338
344
347 349
348 349 350
349 350 351
350 351 352
351 352
352 354
354 355
355 357
357 358
358 360
360 362
362 364
364 365
365 367
367 369
369
372 374
374
377 382
381 382 383
382 383 384
383 384 385
384 385
385
389 391
391 392
392 394
393 394 395 989
394 395 396
395 396 397
396 397
397 756
399 401
401
406 407 408
407 409
408 409 410
409 410
410 412
412 413 807
413 414
414 416
416 418
418
421 423
423 424 425
424 425
425
428 429
429
432 434 454
434 436
436 437
437 439
439 440 441
440 441 442
441 442
442 444
444 445
445
448
454
457 458 459
458 459
459 461
461 463
463 464 465
464 465
465
468
471 472
472
474
475
479
482 484
483 484
484 486 746
486 877
487
492 493 494
493 494
494
498
503
504 910
509 510
510
513 514 515
514 515
515 517
517
520
523 524
524
527
530
535 537
537 539
539 541
541
547
555 557 894
557
563
566 567 568
567 569
568 569 570
569 570
570 572
572 573 574
573 574 575
574 575
575 577
577
580 581
581
585 586
586
589
592 593
593
595
600
607 608
608 610
610 612
612 613
613
621 623
623 624 625 860
624
625 627
627 629
629 630
630 981
636
640 641 642
641 642
642 644
644
647
651
654
655
663 664
664
669
670
674
677
685
692 694
694 695
695
701 703
703 704
704 706
706
709 710
710 866
714 715 716
715 716
716
719
722
726 727
727 729
729
732 734
734 736
736 738
738 739
739 740 741
740 741 742
741 742 743
742
743
746 748
747 749
748 750
749 750 751
750 751 752
751 752
752
755 756
756
761
765 766
766
771
775
778 779
779
783 784 978
784
786 787
787 912
791
794
798
804 805
805 807
807
810 811
811
814
819 820 821
820 821
821
824 826
826
828 829 830
829 830 831
830 831 832
831 832
832
836 837
837
840
844 845 846
845
846
849 850
850 865
860 861
861
863
865
866
873
876 877
877
881 882
882
890 891
891
894
895
899
902 903
903
906
910 911 912
911 912
912
915 916 917
916 917 918
917 918
918
922 923
923
926
930 932
932 933
933 935
935
938
941 942
942 943 944
943 944
944 946
946 947
947
951
959 960
960 962
962 963
963 965
965 966
966
971 972
972
977 978
978 980
980 981
981 983
983 984
984 986
986 987
987 989
989
992 993
993 995
995
998 999
999
