#naive2.0.py
# GMT Fri Feb 14 14:28:09 2020
# 
0 1 2
1 2 3
2 3
3
9
15
19 20 225
20
24 25
25 27
27 29 658
29 30
30
34 35 36
35
36
40 42
42 43
43 45
45
48 49 50
49 50
50 52
52 54
54
57
58
63 64 65
64 375
65
67 69
69 70
70 71
71
75 77
77 78 79
78 79 80
79 80
80
83 84
84
87 503
97 99
99
103 105
105
108
111 367
117 118 119
118 119
119
124 125
125
129 130
130 132 241
132
135 136 137
136 137
137 289
140 142 392 713
142 144
144 406
151 344
158 159 160
159 160
160 705
161
165 166
166 168
168 169
169 517
172 174
174 175
175 177
177 179
179
184 185 186
185 186 187
186 187 188 747
187 188 189
188 189
189
192 193 194
193 194 195
194 195 196
195 196
196
200 202
202 203
203
206 207 208
207 208
208 210
210 211 212
211 212
212
216 217
217
221
224 225
225
228 229 230
229 230 231
230 231
231 233 764
233
239 241
241
243 244
244 246 304
246 596
247 249
249 251
251 252 253
252 253
253 255
255 257
257 258
258 260
260
263
270 272 686
272 273 274
273 274 275
274 275
275 962
278 279
279
286
289 290 291
290 291
291
294
299
303 304
304
306 307
307
310 311
311
314 315 316
315 316 901
316 317
317
319 320 321
320 321 322
321 322
322 324
324 326
326 327 328
327 328 329
328
329 331
331
336 337 338
337 338
338 340
340
343 344 345
344 345
345
353 355
355 357
357 358
358 360
360
365 366 367
366 367
367
370 372
372 374
374 375
375 377
377
378
383 384
384 386
386 387
387 389
389 390
390 392
392
400 401 402
401 402 815
402 404
404
406
409 411
411 412
412
417 419
419
423 425
425 427
427 428
428
431
433 509
437 439
439 440 441
440 441 442
441 442
442 444
444 445 446
445 446
446 448
448
452 454
454 455 793
455
459 460 461
460 461
461
464
468 470
470 471 472
471 472
472
474
475 477
477
480 482
481 482
482 484
484 485 486
485 486
486 488
488
495
500 501 502
501 502 503
502 503 740
503 505
505 506 507
506 507
507 509 934
509 510
510 512
512 513
513
517
519 829
521 782
524
527
531
536 538
538 540
540 542
542 543
543
550 551 552
551 552
552
555
561 562
562 564
564 566 871
565 566
566 568
568 570
570
574 575
575 577
577 578
578 580
580 582
582 583 584
583 584 602
584 586
586 588
588 589
589 591
591 592
592
595 596
596
601 602 603
602 603
603
605 606 607
606 607
607
610 612 888
611 612
612 614
614 831
617 618
618
621 622
622
629 630
630 632
631 632
632
636
639 641
641 642
642
648
651 652 653
652 653
653 655
655
658
660 661
661
666 668
668
672
679 681 783
681 683
683
686 687 688
687 688
688 689
689
692 694
694
698
701 703
703 705
705 706 945
706 708
708
709
712 713
713
716 718
717 718 719
718 720
719 720 721
720 721 722
721 722
722
727 729
729 731
731 732
732
735 737
737 739
739 740
740 742
742
747
750 751 752
751 752 753
752 753
753 931
757 758
758 760
760 761
761
763 764
764
767
773 774
774
777
780 782
782 783
783 785
785 786
786
793 794
794
797 798 799
798
799 801
801 803
803 805 946
805 806
806 808
808 810
810 811 812
811 812
812 814
814 815 816
815 816
816 818
818 819 820
819 820
820
822 823 824
823 824 825
824 825
825 827
827 828 829
828 829
829 831
831 833
833 834 835
834 835
835
840
843
847 849
849 851
851
856 858
858
862 864
864 866
866
871 872
872 874
874
879 880
880
884 885
885
888 889
889
893 895
895 896
896
899 900
900 901
901 903
903
907
911 912
912 914
914 915 916
915 916
916
921
924 925
925
928
931 932
932 934
934 936
936 938
938 939
939
945 946
946
950 951 952
951 952
952
957 958
958 960
960 962
962
965 966
966
969
971
977
983
986 988
988 989
989
992 993
993
