#naive2.0.py
# GMT Fri Feb 14 14:28:11 2020
# 
2 3
3 5 220
5
8 9
9
12 13
13 15
15
19 225
22 23 784
23
31
34 35
35 37
37
42 43
43 44 45
44 45
45 47
47 49 205
49 51
51 53
53 54 55
54 55
55 57
57 59
59 61
61
62 64
64 375
69 70 416
70
74 75
75
78 80
80 81
81 83
83 84
84
89 91
91 328
94
100
102 987
104 105 106
105 106
106 108
108 109 110
109 110 111
110 111 112
111 367
112 195
116
118
121 122
122 123 124
123 125 817
124 125
125 127 868
127 129 367
129 130 298
130 132 241
132 133
133
136
140 392 973
146
152 154
154 155 156
155 157
156 157 404
157 159
159 160 285
160 162 705
161 162
162
166 168
168 170
170 172
172 173 174 665
173 174 175
174 175
175
179
186 187 188 747
187 188
188
192 193 194
193 194 195
194 195 196
195 196
196
200 201
201
204 205
205 284
208
211 212 213
212 213 214
213 214 215
214 215 216
215 216 748
216
219 220
220 221
221
224 225
225
228 230
230 232
232 234
233 234 235
234 235
235 237 602
237 238 239
238 239
239 241
241 242
242
245
253 255
255
260 261
261 263
263 264 265
264 265
265
268 269 270
269 270 271
270
271
275 962
277 278 279
278 279
279
284 285
285
289
293 294 295
294 295 296
295 487 716 404
296 298 360
298 299
299
304 573
305
309 310
310
314
317 985
326 328
328 330
329 330 331
330 331
331 333
333 334
334
339 340 341
340 341
341
345 347
347
352
355
359 360
360 362
362 597
367
375
378 380
380 381 382
381 382
382 384
384 385
385
389 390 391
390 391 392
391 392 835
392
393 395
395 396
396
403 404
404
409 410 411
410 411 412
411 412 413
412 413 807
413 414 415
414 415 416
415 416
416 418
418
422 423 614
423 424 425
424 425
425 427
427 428
428
434 436
436
441 442 443 724
442 443
443
448 449
449
452 738
457
463 464 465
464 465
465
470
474
475 477
477 479
479
484 486 746
486 488
487 488 489
488 490 748
489 490
490
495
499 500
500 502
502 503
503
504
508
513
519
522
526 527
527 529
529
532 534 802
534
537
538
542 543 544
543 544 545
544 545 546
545 546
546
551 553
553
555 556
556
563 564
564 566
566
569
572 573
573
578 579 580
579 580 742
580
584 585
585
588 589 590
589 590 591
590 591
591
597 598
598 600
600 601 602
601 602
602
611 612 613
612 613 614
613 614
614
617 618
618 620 787
620
627 628
628 819
631
634
637 638 639
638 639
639
642
643 645
645 647 708
647
652 653
653 655 790
655 656 657
656 657
657
663 664 665
664 665 666
665
666
671 672 673
672 673
673 675
675 677
677 679
679 681
680 681
681
684 685
685
688 689
689
693 694
694
698
701 703
703 704 705
704 705 706
705 706 945
706 707 708
707
708 710
710 866
715 716 806
716 718
718 720
720 722
722 724
724 791
725 726 727
726 727
727
731 732 733
732 733
733
738 739
739
742
746 748
747
748
751
754
757 759
759 761
761
764 765
765
768 770 861
770 771
771 773
773
777
780 781 782
781 782
782 784
784
787 912
790 791
791
794 796
796
797 798
798
800 802
802 803
803 946
806 808
807 808 809
808 809
809 811
811 813
813 815
815
817 818 819
818 819
819
824
827
830
834 835 836
835 836
836
840
847 848
848
851 852
852
855 857
857
861
864 866
866
868
872 873 874
873 874
874
879
883
888 889 890
889 890
890
898 899
899
901 902
902
905 906 907
906 907
907 909
909
912
913
917 918 919
918
919 921
921
926 928
928 929 930
929 930 931
930 931 932
931 932
932 934
934 936
936 937
937 939
939 940
940
945 946 947
946 947
947 949
949 950
950
953 954
954
958 959 960
959 960 961
960 961 962
961 962 963
962 963
963 965
965 966
966
970 972
972 973
973
979 981
981 982 983
982 983
983 985
985 987
987
992 993 994
993 994
994
999
