#naive2.0.py
# GMT Fri Feb 14 14:28:09 2020
# 
0 2
2
5 7
7 9
9 10
10 12
12 13
13
18
19 21
21
27 28 29 288 658
28 29 30
29 30 364
30 31 32
31 32 58
32
36
40
43
48 49 50
49 50 51
50 52 171
51 52
52 516
55 56 57
56 57 58
57 59 167
58 59
59
62 63
63
66
73
79 80 81
80 81 82
81 82 83
82 83
83
89 90 91
90 91 197
91
97
102 103
103 105 897
104 105
105
109 110 593
110
113 115
115 117
117 118
118 120
120
124
128 129
129
131 133
133
136 845
139 141
141 142
142 144
144 381
148
151
157 158
158 160
160 162 705
161 162
162
167 168 169
168 169 170
169 170
170 171
171 789
175 176 177
176 177
177 179
179 180
180
184 185 186
185 186 187
186 187 188
187 188 189
188 189
189
192 193 194
193 194 195
194 195
195 197
197 199
199 200 201
200 201 202
201 202 203
202 203 204
203 204 205
204 205 567
205
206 207
207 209
209 210
210
213 214
214
219 220
220 221
221 222
222
226
231 232
232
235 602
236
240 924
242 243
243
247
252 254
254
257 259
259
263 264
264 266
266 268
268 269 270
269 270
270
276 277 278
277 278 279
278 279
279
282
286 288
288
292 293
293 295
295 297 487 404
296 360
297
300 302
302 304
304
306 307 308
307 308
308 310 798
310
313 314 315
314 315
315
317
319
325
331 332
332
337 338 339
338 339
339 341
341 342 343
342
343 345 537
345 346
346
350 351 352 687
351 352
352
355 356
356 358
358 360
360
364
367
371
374
377 379 382
378 379
379 381
381 382 383
382 383 384
383 384 385
384 385
385
388
391
393 394 395 989
394 395 396
395 396 397
396 397
397
399 401
401 402 403
402 403 404
403 404 405
404 405
405
409 410
410
413 415
415
429 431
431
439 440 441
440 441
441 443 724
443 445
445
447 449
449 740
453
458 460
460
464 465
465
468 469 470
469 470
470 472
472
474
479 480
480 755
485 486 487
486 488 877
487 488 489
488 748
489
493 495
495 496
496 498
498 499 500
499 500
500 502
502 503 740
503 505
505 507
507 509 934
508 509
509
512 514
514 515 516
515 516
516
519 520 829
520 521
521
525 527
527 528 529
528 530
529 530
530
533 735
537
538
542 543 544
543 544 723
544
548 549 550
549 550
550 552
552
561 788
564 566 948 871
566 567 568
567 569
568 569 570
569 570 571
570 571 572
571
572 574
574
578 580
580 581 582
581 582 583
582 583
583 602
590
593
595 596
596
602
604
607
610 612
611 612
612 614
614
615
618
621 622
622
625 626
626 628
628 630
630 981
631 633
633 634
634 636
636 637 638
637 638 639
638 639 640
639 640 641
640 641 642
641 642 788
642
645 708
651
658
660 661
661
664
668 669 670
669
670 672
672 673 674
673 674
674
676 678
678 679
679
683
687 688
688
691
694 695
695 697 889
697
699
705 706 945
706 708
708 710
709 710 711
710 711 712
711 712 713
712 713 714
713 714
714 715
715 806
720 721
721 723
723
724 791
726 727
727 729
729
734 735 736
735 736 737
736
737 739
739 740 741
740 741 742
741 742 743
742 744
743 744
744
748
749 751
751
755
759
765
768 770 861
770 772
772 773
773 775
775 776 777
776 777
777 779
779 780 781
780 781
781
788 789
789 791
791 792 793
792 793
793
798
801
806
810
814
817 818
818
823
827 828 829
828 829
829
834
841
845 847
846 847
847 849
849
858 859
859 861
861 862
862
868 869
869 871
871 872
872 873 874
873 874
874
877 878 879
878 879 896
879
882 883
883 885
885 891
889 891
891 892 893
892 893 894
893 894
894 896
896
897
900
904 905
905 907
907 908 909
908 909
909 911
911
916 917
917 919
919 920 921
920 921
921
924
932 933 934
933 934
934 936
936 937 938
937 938
938 940
940 942
942 944
944 945 946
945 946
946 948
948 949 950
949 950
950 952
952 953
953 955
955 957
957 959
959 961
961
965
968 970
970 972
972 974
974
979 980 981
980 981 982
981 982 983
982 983
983
989
997
