#naive2.0.py
# GMT Fri Feb 14 14:28:02 2020
# 
0 1
1 3
3 4 5
4 5 6
5 6
6 8
8 10
10 12
12 14
14
18
22 23
23
26 27 28
27 28
28 30
30 31
31
33
36 38
38 40 115
40 41 42
41 42 43
42 43 491
43
46 47 48
47 48 205
48
53 55
55
59
62 63
63
66 67 68
67 68
68
74
77 78 79
78 79
79 81
81 83
83 84 998
84
86
89 91
91 93
93
94 96
96 98
98 556
104 105 106
105 106
106 108
108 110
110
114 115 855
115 117
117 119
119 120 121
120 121 122
121 122 386
122 123 124
123 125
124 125 126
125
126 128
128 129
129 298
132 134
134 135 136
135 136
136
140
144 406
146 147
147
150 152
152
159 285
163 991
164
167 169
169 170 517
170 171
171
173 174 175
174 175 176
175 176
176
179 180
180 182
182
188
191 193
193
198 200
200 201
201
205 284
209 210 211
210 211
211
216 218
218
223 224
224
227 229
229
232 951
236
240
243 245
245
249 250 251
250 251
251
254 255
255
258 259
259 261
261 262 263
262 263 264
263 264
264 266
266
275
279 280 281
280 281 344
281 282
282 284
284 285 286
285 286 287
286 287
287 289
289 291 615
291 293
293 295
295 716 404
298 299
299
304
305
308 310 798
310
314
317
321 322
322
325 326 327
326 327
327
331 332 333
332 333
333 335 445
335
339 340 341
340 341
341
344 345
345 347
347
352
359 361
361
364 366
366 367
367 369
369 370 371
370 372
371 372 373
372 374 599
373 374
374 376
376 377 378
377 379
378 379
379
383
386 387
387
390 391
391
393 394 395 989
394 395
395
399 401
401 402 403
402 403 404
403 404 405
404 405
405 406 407
406 407 408
407
408
411 412 413
412 413
413 414
414
417 419
419 421
421
424
428 430
430 432
432 434
434 436
436
440
443 444 445
444 445 446
445 446
446 448
448 450
450 451
451 619
456 457 458
457 458 459
458 459
459
463
466 468
468 470
470 471
471 473
473 475
475 476 477
476 477
477 479
479 480 481
480 482 755
481 482 483
482 484
483 484
484 746
488 748
491 493 909
492 493
493 495
495
504 910
506 507
507
510 512
512 513
513
516 518
517 518
518
523 525
525
528 530
529 530
530
533 735
534 536
536 538
538
541 542
542
546 547 548
547 548
548
554 556
556
560
566
569
574 575
575
578 580
580 581
581
586 587
587 589
589
594 595
595
598 599
599
603
609 610 611
610 888
611
614 616
615 616
616 617
617 619
619 620
620
624 626
626
630 632
631 632 633
632 633 634
633 634 635
634 635
635 637
637 638
638
649 650 651
650 651
651
657 659
659 660
660
663 664 665
664 665
665 667
667 668
668 670
670 671 672
671 672
672
680 681 682
681 682
682 684
684 686
686 688
688
691 693
693 695
695 889
696
699 700
700
704
714 715 716
715 716 806
716
720 721
721 723
723
724 791
727
735
738
740
744 746
746 748
747
748
751
754 755
755 757
757 758
758 760
760 762
762 763
763
766 768
768 769 770
769 770 771
770 771 772
771 772
772
775 777
777 778 779
778 779 780
779 780
780
783
786 787 788
787 788
788
791 792 793
792 793 794
793 794
794 796
796
797 798
798
802 803
803
806
810 812
812
818 819
819
822
825
826
828
833
837 839
839 840
840 842
842 843
843
849
852
853 855
855
864 975
867
870
873 874
874
878 880
880 881 882
881 882 883
882 883
883
886 887 888
887 888 889
888 889
889
894
909 910
910
913
919
923
925
929 931
931
939
943 944 945
944 945
945 947
947 948
948
951
955 956
956 958
958
963
966 967
967
970
974 975 976
975 976
976
980
986 988
988 989
989 991
991 993
993
996 998
998
