#naive2.0.py
# GMT Fri Feb 14 14:28:09 2020
# 
3 4 220
4
8 9 10
9 10
10
16 254
18
20 22
22 23
23 25
25 26 27
26 27 28
27 28
28 30
30 32
32
35 650
36 38
38
45
48 50
50 171
51 53
53 55
55 56
56 58
58
61 63 528
62 63 64
63 64
64
68 69 70
69 70
70 72
72
76 78
78 79
79
82 83
83
86 88
88 90
90 91 197 585
91 92 328
92
98
101
105 107
107
108 110
110 111 112
111
112
117 118
118 120
120 121
121 386
127
128
131 132 133
132 133
133 135
135 136 137
136 137 138
137 138 289
138 139 140 347
139 140 141
140 141 392 973
141
144 381
148
152 154
154 155
155 157
157
161 163
163 165
165
168
171 172
172 665
177
180
183 185
185 186
186 188
188 190
190 191
191 193
193
196 197
197
202
205
206 208
208 210
210
213 215
215 216
216 218
218 219 220
219 220
220
227
230
233 235
235 602
236 238
238
241
243
246
247
251 252
252 254
254
257 258
258
261 262
262 264
264
280
286 287
287 289
289 290 291
290 291
291 292
292 294
294
300
305
309 310 311
310 311 312
311 312
312
315 901
318
321 323
323 324 325
324 325
325
328
329 331
331
334 335 336
335 336
336
339 340 341
340 341
341 343
343 537
347
352 353 354
353 354
354
358 359 360
359 360 361
360 361
361
364 365 366
365 366
366 368
368 369 370
369 370 371
370
371
374 376
376 377
377
380 381
381
385 386 387
386 387 388
387 388 389
388 389 390
389 390
390 392
392 394
394
397
399 400 401
400 401
401 403
403 404 405
404 405
405 407
407 409 854
408 409 410
409 410 411
410 411
411 413
413 414 415
414 415
415
418 420
420 421 422
421 422
422 614
425 427
427
434 436
436 437
437 439
439
442 443
443
446
450
453 455
455
458 459
459
462
470 471
471
475 476
476 478
478
483
486 488 877
488 490
489 490 517
490
493 495
495 496
496
499 500
500 502
502 740
506 508
508
511
514 515
515 517
517 518 838
518
521 782
528
529 531
531 532
532 534
534 535
535 537 825
537 539
539
544
548
555 557
557
563 564 565
564
565
568 569
569 571
571
574 576
576 577
577
580
583 584 602
584 585 586
585 586
586 588
588 589 590
589 590 591
590 591 592
591 592 593
592 593
593
597
601 602 603
602 603
603
605 606
606 608
608 610
610 888
614 616
616 618
618
623 625 860
625 626
626 703
631 632 633
632 633
633
638
641 788
645 647 708
647 648
648 650
650
652
659
662
665 667
667 668
668 670
670 671 672
671 672
672 674
674
677
680
684
692 694
694 695 696
695 889
696
700 701 702
701 702 703
702 703
703 705
705 706
706 708
708
711 712
712 714
714
719 720
720
723
724
727
737 738
738
740
743 744
744
750 751
751
754
759 760 761 975
760 761
761
764 765
765 767
767 768 769
768 769
769
772 773
773
777 779
779 781
781 782
782
786 788
788 790
790
796
798
800 801
801 803
803
807 808 809
808 809 810
809 810
810 812
812 813
813
818 820
820
822 824
824 825
825 827
827
830 832
832
835 836 837
836 837 838
837 838
838
840
848 850
850
851
854
859 860
860
862 864
864 975
867 868 869
868 869 870
869 870
870
873
876 877 878
877 878
878
883 884 885
884 885
885
887 888 889
888 889 890
889 890
890
893
897 899
899
901
905
908 910
910 912
912 914
914 915
915
918
919
927 929
929
932
936
939
947
951
955
958 959
959
962
965 966 967
966 967 968
967 968
968
972 973 974
973 975
974 975
975
981 982
982
987 989
989
990
995 996
996
999
