#naive2.0.py
# GMT Fri Feb 14 14:28:08 2020
# 
1 2
2
5 7
7 8 9
8 9
9
13
17 19
19 20 21 225
20 21 22
21 22
22 24 784
24
31 32
32
38 40 115
39 40
40
44 45
45 47
47 49 205
49
52 54
54 56
56 57
57
61 63 660
63 65
65 66
66 68
68 70
70
74
78
82 83
83
86
89 90
90
94
97 98 99
98 99
99
103
106 107
107
110 111
111 113 367
113 114 115 370
114 115 116
115 116 117
116 117
117 119
119 120
120
126 127 128
127 367
128
133 135
135
138 347
141
145 146 812
146
149
154 156
156
159 160 285
160 162
162 163
163 991
166
169 170
170
173 174 175
174 175 176
175 176
176 178
178 179
179 181
181 215 607
182 183 184
183 184
184
188 190
190 192
192 193
193
196
200 201
201 203
203 205 796
205 284
206
210 211
211
214 215 216
215 216 217
216 217 218
217 218 219
218 219 220
219 220
220 221
221
225 227
226 227
227
231 232 233 764
232 234
233 234 235 520
234 235 236
235 237 602
236 237
237 239
239 240
240 924
246
249
254 255 256
255 256
256
259 260 261
260 261
261
264 266
266 268
268
273 275
275 276
276 277 278
277 278
278
282 284
284 285 286
285 286
286 288
288
291
295 716
299
308 309 310 798
309 310 311
310 311
311
314 315 316
315 316 901
316 318
318 320
320
327 328 329
328 330
329 330
330 540
333
336
339
342
343 345
345 347
347
351 353
353 354 355
354 355 356
355 356
356 358
358 359
359 361
361 363
363 364 365
364 365 969
365 367
367 368 369
368 369 370
369 370
370
373 374 375
374 375 376
375 376
376
380 381 382
381 382 383
382 383
383 385
385
388 389
389
392 394
393 394 395
394 395
395
398 400
400 402
402
410 411
411
414 415
415 417
417 418
418
421 422 423
422 423 669
423 425
425 427
427 429
429
432
435
440 441 442
441 442 724
442
446
449 740
451 619
455 457
457 458
458 460
460 461
461 462
462
464 466
466 467 468
467 468
468
472 473
473 474 475
474
475 477
477 479
479
483
486 488 877
488
489 491
491 493 964
493 495
495
500 501 502
501 502
502 740
504 505
505 506
506 508
508 509
509
511
520 521
521 523 782
522 523 524
523 524
524 526
526
529
533 735
534 536
536 538
538 540
540
549
558
561 562
562 564
564 566 654
565 566
566
569 570
570 572
572 574
574
581 582 583
582 583 584
583 584 602
584 586
586 587
587
590 591
591 593
593
595
599
602
607
610 612
611 612 613
612 613
613
617 619
619
623 625
625 626 627
626
627
630 981
631 633
633 635
635
638 639
639 641
641
643 644 645 941
644 645 646
645 646
646 648
648
651 653
653 654 790
654 660
656 657
657
660 662
662 664
664 665 666
665 667
666 667
667 669
669
670
674
677
680
683
686 687 688
687 688
688 690
690
693
696 697 698
697 698
698 699 700
699 700
700 702
702
709
712
716
717 719
719 721
721 722
722 724
724
726 728
728 729
729 731
731
735
738
740 741 742
741 742
742 744
744
747 749
749 750 751
750 751
751 753
753 931
759 761 975
761
763 764 765
764 765
765 767
767
771 772
772 774
774 775 776
775 776
776 778
778 779 780
779 780 781
780 781 782
781 782 783
782 783 784
783 784 785
784 785
785 786
786
789 790
790
792 794
794 796
796 823
797 798
798
800 801 802
801 802
802
804 806
806
807
812 814
814 816
816 818
818 819
819
823 825
825
828 829
829 831
831 832 833
832 833 834
833 834
834
837 838
838
842 843 844
843 844
844
847 848
848 850
850
852
864 975
867 868 869
868 869
869
872
875 877
877 878 879
878 879 880 896
879 880
880
883
886 887
887
891
894 896
896
899
901 903
903
906 908
908
911 913
913
919
922 923
923 924
924
927
930 931
931 933
933 934 935
934 935 936
935 936 937
936 937
937 939
939 940 941
940 941 942
941 942
942
945 946
946
952 953 954
953 954
954
960
964
968 969
969
972
975 976
976
980 981
981
985 986
986 988
988
991
994 995
995 997
997
