#naive2.0.py
# GMT Fri Feb 14 14:28:10 2020
# 
1 3
3 5
5 6 7
6 7
7
10
14 15
15 16 17
16
17
20 21
21 23
23
31 32 58
32 34
34 35
35
38 115
41 43
43 45
45 46
46 48
48 49 922
49
54 56
56 58
58 59 60
59 60 61
60 61 62
61 63 660
62 63 64
63 64
64
66
69 70
70 72
72
76
79 81
81 82
82
85 86 87
86 87 88
87 88 89
88 89 90
89 90
90 197 585
93 95 269
94 95
95 97 474 899
97 98
98 100
100 833
102 987
109
112 114
114 115 855
115
120 121
121
124 125
125 127 868
127
128
131 133
133 135
135 136
136
143
147 149
149
152
155 472
156
159 160 285
160 705
165 166 167
166 167
167 169
169 517
173
176
181
186 187 747
187
191
196 197
197
198
203 204 796
204
206
210
217
221 223
223 224 490
224
228 230 571
230
239 241
241 242
242 243 244
243 244
244
247 248
248
252
256 258
258 259 260
259 260
260 262
262 264
264 265 266
265 266 342
266 890
269 271
271 273
273 275
275
277 278 279
278 279
279 281
281 282 674
282 284 290
284 285
285 287
287
290 291
291 292
292
301
307 308 309
308 309
309 311
311 312
312 314
314 315
315 901
321
324 325 326
325 326 327
326 327
327 329
329 330
330
335 337
337 338 339
338 339 340
339 340
340 342
342 344 560
343 344 537
344
347 349
349 350
350 352
352 353
353 355
355 356
356 358
358 359
359 361
361 362 363
362 363 364 597
363 364 365
364 365 969
365
371 372 373
372 374 599
373 374
374
378
381
387 389
389
395 396 397
396 397 398
397 756
398 400
400 402
402
405 406
406
409 411
411 413
413
422 669
427
431
433 434
434
442 443
443 445 646
445
447
448
452 454
453 454 455
454 455
455
458 459
459
463 464 465
464 465
465
470 471 472
471 472 473
472 473
473 474 475
474 476
475 476
476
479 480 481
480 482
481 482
482
488 490 748
490
491 964
498
504 505
505
508 510
510 512
512 514
514 516
516 918
517 838
519 520
520
522 523
523
526 527
527
530 531
531 533
533 535 735
535 536 537 825
536 537 538
537 539
538 539
539
543 723
546 547 548
547 548
548
551
554
557 559 856
559
560
563 564 565
564 566 948 871
565 566
566 568
568
571
572 574
574 576
576 578
578
581 583
583 602
585
589 590
590
595 597
597
599 600
600 602
602
610 888
613 615
615
617 618 619
618 787
619
627 628
628 630 819
630 981
633 634 635
634 635
635 637
637 639
639 640
640 642
642
643 645 941
645 646 708
646
649
653 790
656 657 658
657 658 659
658 659
659 660
660
664
669 671
671
674
678
682
690 691 692
691 692 693
692 693
693
696 697 698
697 698 865 951
698 699
699
703 705
705 706 945
706 708
708
709
712 713
713
718 734
719 721
721 723
723
726
729 731
731 732 733
732 733 734
733 734 735
734 735
735
741
746 748
747
748
751 752 753
752 753 754
753
754 756
756
761 762 841
762 764
764
767 768 769
768 769 861
769 771
771 772
772
776 777
777
780 781 782
781 782
782
785 786 787
786 787 788
787 788 789
788 789 790
789 790
790
795 796
796 823
803
807 809
809 811
811
815
819 821
821 823
823 824 825
824 825 826
825
826
830 831
831 833
833 835
835 836 837
836 837 838
837 838 839
838 839
839 841
841 842
842
851
855 857
856
857
860 861
861
863 864
864 866
865
866
868 869
869 871
871 872
872 873 874
873 874 875
874 875
875
878 879 880 896
879 880 881
880 881
881
885 891
887 888
888 890
890 891
891 892
892
895 896 897
896
897 899
899
901
904 905
905
915 916 917
916 917 918
917 918 919
918 920
919 920
920 922
922
924
927 928 929
928 929
929
933
937
941
943 945
945
948
951
955 956
956
960
964 965
965
968 969
969
972 974
974 976
976 977
977 979
979 980 981
980 981 982
981 982 983
982 983
983
986 987
987 989
989 991
990 991 992
991
992 994
994 995 996
995 996
996
