#naive2.0.py
# GMT Fri Feb 14 14:28:10 2020
# 
2 3 4
3 4 5 220
4 5 6
5 6 7
6 7
7
10 11
11 13
13 531
17 18 19
18 733
19 20 225
20 22
22
26 27
27 29 658
29 30 364
30 31 32
31 32 58
32 33
33 35
35 37
36 37
37 39
39 41
41 42 43
42 43
43
47 48 49
48 49 922
49 51
51 52 53
52 53
53
57 167
58
62 63 64
63 64 65
64 375
65 809
67 68 69
68 69 70
69 70
70
73
76 78
78 79
79 81
81 83
83 84 85 998
84 85
85 87
87 88 89 503
88 89
89 91
91
96 97 98
97 98
98 556
102 987
104
107 109 448
109 110 111
110 111 112
111 367
112 195
117 118
118
121 386
126
131 133
133 135
135 137
137 289
140 973
148 150
150 151 152
151 152 344
152
158 159 160
159 160
160 162 705
161 162
162
165 166 167
166 167
167
170
175 176 177
176 177 178
177 178
178 180
180 181 182
181 215
182
190 192
192
195 197
197
202 203
203 796
209 210 211
210 211
211
214 215
215 748
218 219 220
219 220 895
220 221
221 222 223
222 223 224
223 224 225 490
224 225 226
225 227
226 227
227 228
228
232
237 238
238
241
245 247
247 248 249
248 249 250
249 250
250
253 255
255 256 257
256 257 258
257 258 259
258 259 260
259 260
260 262
262 264
264 266
266 268 890
268 269
269 271
271 272
272 274
274 276
276 277
277
281 282
282 290
286
289 290 291
290 291
291 292 293
292 293
293
296 298
297 298 996
298 299
299
303 845
306 307
307
311 312 313
312 313 314
313 314
314 316
316 317
317 985
319 321
321 323
323 324
324
329 330 331
330 331 540
331
334 335
335
340 341 342
341 342
342 344
344 346
346
349 350 351
350 351 352
351 352 353
352 353 354
353 354 355
354 355 356
355 356
356 358
358 359
359
362 364
364
367 368 369
368 369
369 371
371 373
373 374 375
374 375 376
375 376 377
376 377
377
383 384
384 386
386
389 390
390
397
398
401 402
402 404
404 405
405
418 604
419 421
421 422
422 669 614
427 429
429 431
431
433
436 438
438 439
439 441
441 442 724
442
446 448
448 450
450
454 793
456
459 461
461 462
462
464
467 469
469 471
471
476
479
483 484 485
484 485 746
485
488 490 748
489 490
490 492
492 493
493
503
510
514
529 530 531
530 531 532
531 532
532 534
534
539 540
540 542
542 543
543 545
545 547
547
552 553 554
553 554
554 555 556
555 556 557 894
556
557 559 856
559 561
561 562 788
562
565
568
574 575
575
578 579
579 741
582 584
584
596
600 601
601
604 606
606 608
608 609 610
609 610
610
613 614
614 616 831
616 617 618
617 618 619
618 620 787
619 620
620 622
622
625 626
626
634 635
635
640 641
641 788
643 644
644
649
652 654
654
657 658
658
665 667
667 669
669 671
671 672 673
672 673
673
678
681 682
682
688 689
689
693 695
695
698
701
704 705 706
705 706
706
711
715
724
725 727
727 729
729 731
731 733
733 735
735
739 741
741
745 746 798
746 748
748
749 751
751 752
752
757 759
759 760
760
767 768 769
768 769 861
769
772 773
773
779
782 783
783
787 788
788
793
795 796 797
796 823
797 798
798
800 801
801 803
803 805 946
804 805
805
809 810 811
810 811
811
816 817
817 819
819 821
821 823
823
827 828
828 830
830 831
831
834 835 836
835 836
836
839 841
841 843
843 844 845
844 845
845 847
847 848
848
851
854 855 856
855
856 858
858
861 862
862 864
864 866
866
869 870 871
870 871 872
871 872
872 873
873
877 879
879 880 881
880 881 882
881 882 883
882 883
883
887
890 891
891
894
895 897
897 898
898
902 903 904
903 904
904
908
913 915
915 916
916
919
922 923
923 924
924 925 926
925 926
926 928
928 929 930
929 930
930 932
932 933 934
933 934 935
934 935 936
935 936
936
940 942
942 944
944 946
946 947 948
947 948
948 950
950 952
952 953
953 955
955
964 965
965 967
967 968
968
973
974 976
976 977
977
980
983 984 985
984 985
985 987
987 989
989 991
991
995 996
996 998
998 999
999
