#naive2.0.py
# GMT Fri Feb 14 14:28:06 2020
# 
0 1
1
8 9
9 11
11 13
13
14 107
16 254
17
21 22
22 784
26 27 28
27 28 29 658
28 29 30
29 30
30 31 32
31 32
32 34
34 36
36 38
38 40
40 41 42
41 42 43
42 43
43
46 48
48 49 922
49 51
51 52
52 54 516
54 55
55
63 65
65
69 70 416
70
74 75
75
78
84 85
85 86
86 88
88 90
90 91 197 585
91 92 328
92 94
94
99 101
101 102 103
102 103
103 105 897
105 107
107 109
109 110 111
110 111 112
111 367
112 195
117
120 122
122 123 124
123 125
124 125
125
128 129 130
129 130
130 132 850 241 397 826
132 133 134
133 134
134
139 140
140 142 392 713
142 144
144
150
154 156
156 404
158 159
159 567
161
164 165
165
169 517
176 177
177 179
179
184 185 186
185 186
186 747
189 190
190
195 196 197
196 197 766
197
203 796
206
211 213
213 215
215 748
219 895
221 223
223
228 571
233 235
235 237
236 237
237 239
239 240 241
240 241 924
241
243 245
245 246 247
246 248
247 248
248 250
250 251 252
251 252
252 254
254 256
256 257
257
262 264
264 266
266 267 268
267 268
268 270
270
274 275 276
275 276 962
276
281 674
284
287 289
289 290 291
290 291
291 292
292
295 404
299 300
300
303 304 845
304
305 306
306 308
308 310
310 311 312
311 312
312
316 318
318 319 320 642
319 320 321
320 321 322
321 322 323
322 323 324
323 324
324 326
326 328
328
329 331
331
334
337 338
338 340
340 342
342 344
343 344 345 537
344 345 346
345 346
346
349 351
351
355
363
366 367
367 369
369 370
370 372
372 374
373 374 375
374 375
375 377
377 379 382
379
382 383
383 385
385 387
387 388 389
388 389 390
389 390 391
390 391 392
391 392 835
392 394
394
397
398 400
400 401 402
401 402
402 404
404 405
405
408 409
409 411
411 412 413
412 413
413 415
415 416
416 418
418 604
419 421
421 422
422 669 614
425 427
427
433 509
436 438
438 439
439 441
441 442 443 724
442 443 444
443 444
444 446
446
451 619
452 454 738
454 852 793
456
459 460
460
464
467
470 471 472
471 472
472
474 476
475 476 477
476 477 478
477 478
478
482
483
488 748
489 517
492
495
500
503 505
504 505 910
505 507
507 509 934
509 510
510 511 512
511 512
512
515 516 517
516 518
517 518
518
521 523
523 525
525 526 527
526 527 528
527 528
528
533 535
535 536 537 825
536 537
537
540 541
541
544 545 546
545 546 547
546 547
547
550 552
552
557
567
571
575 577
577 579
579 580
580 581
581
585 586 587
586 587
587
601
604 605
605 607
607
610
611
614 831
618 620 787
619 620
620
623 624 625
624
625
628 630
630 632 981
631 632 633
632 633 634
633 634 635
634 635 636
635 636
636
639 641
641 642
642 644
643 644
644
648
651
658
661 662 663
662 663 664
663 664 665
664 665
665
668 669
669 671
671
674
677 678
678 680
680 681 682
681 682
682
689 690
690
693
699 701
701
704
707 944
713 714
714 715
715 806
718 720 734
720 721 722
721 722
722 724
724
725
728
733 734
734
737 738
738
743
747
748
753 755
754 755
755
759 760
760 762
762 763
763 765
765 766
766 768
768
772 773 774
773 774 775
774 775 776
775 776 777
776 777 778
777 778 779
778 779 780
779 780 781
780 781
781 783
783 784
784
787
790
792 793
793
795 796
796
799
802
804 806
806
810
813 814
814
818
825 827
826 827
827 829
829 831
831 832
832
835 836
836
840 841
841 843
843 845
845
848 850
850 865
852 854
854
858 859
859
863
865
869
872 874
874 876
876
879 880 881
880 881
881 883
883 884 885
884 885
885
889
893 894 895
894
895 897
897 898 899
898 899
899
903
906 907
907
910
913
917
921 922 923
922 923
923 924
924 925
925
928
934 935 936
935 936 937
936 937 938
937 938 939
938 939
939
944 945
945
948
953
956 958
957 958
958
962 963
963 965
965
968
971
974
979 981
981 983
983 984 985
984 985 986
985 986
986 988
988
991
994
