#naive2.0.py
# GMT Fri Feb 14 14:28:03 2020
# 
0 1 999 2
1 2 999
2 4
4 5 6
5 6 7
6 7
7 9
9 11
11 12
12 14
14 15
15 16
16 254 950
18 526 733
20 21
21 23
23
31 32 58
32 33
33
36 37 38
37 38 39
38 115
39 41
41 42
42
48
54
58
61 63 528
62 63
63 65
65 66
66 67 68
67 68 69
68 69
69
71 73
73 74 75
74 75 76
75 76
76 78
78 79
79
82
87 503
90 585
94
99
102 103 987
103 897
106 108
108 109
109
115 116
116 153
118
122 123 124
123 125 817
124 125 126
125 868
126 447
129
133
148 149
149 151
151 152
152 153 154
153 154
154
159
162
165
169 170
170 171 172
171 172
172 173
173
177
186 747
191 192
192
195
199 200 201
200 201
201 203
203
208 209
209 211
211 212
212
215 217 748
217 219
219 895
223 490
226 857
228
231 233
233
240 924
243 244 245
244 245 246
245 246 247
246
247 249
249 251
251 253
253 254
254
258 260
260
263
269 270 271
270
271
275
279
284
287 288 289
288 289
289 291 615
291 293
293 295
295 716
296
301 303
303
306 307
307 309
309 310
310 312
312 313
313
319
324 325
325 327
327
330
334 335 336
335 336
336
340 342
342
343 345
345 347
347 349
348 349 350
349 350
350 687
353 354
354 356
356 357
357 359
359
362 363 597
363 365
365 367
367 368 369
368 369
369
372 599
375
382 383 384
383 384 385
384 385 386
385 386 387
386 387 388
387 388
388
392
393
396 398
398
401 402
402
411 412 413
412 413 807
413
417 418
418
424 425 426
425 426
426 428
428 429
429
432
435 437
437 438 439
438 439 440
439 440
440 442
442
445
447
448
451 453
453
456 458
458 459 460
459 460
460
462 463
463 464
464
467
472
475 477
477 478
478
481 482
482 484 949
484 486
486 488 877
488 490 748
489 490
490 492
492 493 494
493 494 495
494 495 496
495 496
496
501 502 503
502 503
503
506
510
513 514
514 516
516
524 526
526 527 528
527 528 529
528
529
535
538
542
545 546 547
546 547
547 549
549 551
551
555 557
557 559 856
559 561
561 788
564 566 654
566 568
568 570
570 572
572 573
573
577 579
579 580 742 741
580
584 585
585
588 589 590
589 590
590
597 598
598 599
599 601
601 603
603 784
606 607
607 609
609 611
611 613
613 614 615
614 616 831
615 616
616 617
617
621 622 623
622 623 624
623 624
624
627
634 636
636 637 638
637 638
638 640
640 642
642 644
643 644 941
644
648
654
656
659
663
666
670
673 674
674
680
683 684
684
687 688
688
692 694
694 695
695 697 889
697 698
698 699
699 701
701 703
703 704 705
704 705 706
705 706
706 707 708
707 709 944
708 710
709 710 711
710 711 712 866
711 712 713
712 713
713
716
720
725 727
727 729
729 731
731 733
733 734
734
741 742
742 744
744 745
745 747
747 749
748
749
752 753 754
753
754
759 760
760 762
762
765 767
767
770 771
771 773
773 774 775
774 775
775
778 779
779 781
781
784
786 787 788
787 788 912
788
792
797 799
799 800 801
800 801 802
801 802
802
805 807
807
813 814
814
817 818
818
826
830 831
831 833
833 834
834
837 838
838
848 849 850
849 850 851
850
851 852 853
852
853 855
855 857
856 858
857 858
858
861
866
868 869
869
872
875 877
877 878
878 880 896
880 881
881
885 891
888 889 890
889 890 891
890 891
891
895 896 897
896 898
897 898
898
901 902
902
905 906
906 908
908 909 910
909 910
910 912
912
916 917
917
920 921
921
924
929 930
930 932
932 933
933
936
939 940 941
940 941
941
944 946
946
949 950
950 952
952 953 954
953 954 955
954 955 956
955 956 957
956 958
957 958 959
958 959 960
959 960 961
960 961
961 963
963 965
965
968 969 970
969 970
970
973
976 978
978 980
979 980 981
980 981 982
981 982
982
987 988
988
993 994
994
998 999
999
