#naive2.0.py
# GMT Fri Feb 14 14:28:02 2020
# 
0 1 999 2
1 2 999
2 4
4 5
5
9 11
11 12
12
16
18 733
20
25
28 29 30
29 30
30 31 32
31 32
32
36
40 41
41
44 46
46 47 48
47 48
48 50
50 52 171
51 52
52
56 57
57
61 63
63 64
64 766
66 67
67 69
69 416
74 76
76 78
78
81 82 83
82 83
83 85
85 86
86
89 90 91
90 91 197
91 92 93 328
92 93 94
93 269
94
100
102
104
108 109 110
109 110
110 112
112
113
116
122 124
124
131 132
132 134
134 135 136
135 136
136 138
138 139 347
139 141
141
144 381
145 812
154 156
156 404
159 567
161 162
162
165 166
166 168
168 169
169
171 172 789
172 173 174
173 174
174 176
176 178
178
182 183 184
183 184 185 624 956
184 185
185
190 192
192 193 194
193 194
194
197
198
202 204
204 567
206 207 208
207 208
208 210
210 211 212
211 212
212
216 218
218 219
219
221
224
231 233
233 234 235 520
234 235
235 237 602
237 239
239 241
241 242
242 243 244
243 244
244 246
246 596
249 250 251
250 251 252
251 252 253
252 253
253
256 258
258 260
260 262
262
266 890
269 270
270
273 274
274 276
276
280 460
286 287
287 289
289 290 291
290 291
291 292
292 294
294 295
295 716 404
298 300
300 302
302
305 307
307 309
309 311
311 312
312 314
314 316
316
323
326 327 328
327 328
328 330
330
333 335
335 336
336 338
338
342 560
345 346 347
346 347 348
347 349
348 349
349
353 354
354
357 358
358
361 363
363
369
373
378 379
379 381
381 383
383 385
385 387
387 389
389 391
391 835
394 395
395 397
397
398 400
400 401
401 403 815
403 404 405
404 405
405
408 410
410 411
411
416 418
418
422 614
425
428 430
430 431
431
433 509
438 439 440
439 440
440
450 451 452
451 453
452
453 455
455
460
464
467 468 469
468 469
469
473 474
474 476
476
479
483 485
485
493 495
495 497
497
500 501
501 503
503 505
504 505 910
505 507
507 509
508 509 510
509 510
510
513 515
515
518 520
520 521
521 782
527
531 532
532 802
535 537
537 539
538 539
539 541
541 542
542
546
550 551
551
555 894
560 562
561 562
562
566 567
567 569
569
573 574 575
574 575 576
575 576
576 578
578
581 583
583 584 602
584 586
586 587
587
590 592
592
596
602 603
603
610 612 888
612 614
614 616
616
621
624 626
625 626 627
626 628
627 628
628 630 819
630 632
631 632
632 634
634
637 638
638
641
643 644
644
647
655
658
661
668
673 675
675 677
677
680
683 863
688 689 690
689 690
690 692
692
698 699 700
699 700 701
700 701 702
701 702
702 704
704 705 706
705 706
706
709 711
711
714 716
716 718
717 718 719
718 720
719 720
720
723 725
725 726 727
726 727 728
727 728
728 730
730 731
731 733
733 735
735
741 742
742
745 746
746
749 751
751
760 761
761
763
766 767
767 769
769 770
770 772
772 773
773 775
775 776
776
779 780
780 782
782
787 789 912
789 791
791 793
793
795 796
796
801 802
802
804 805 806
805 806
806 808
808 809
809
812
815
817 819
819
822 824
824 826
826
830
835
840
843
847 848
848
852
857
859
862 863
863
868
874
878 879 880
879 880
880
883 884
884
887 888 889
888 889 890
889 890 891
890 891
891 893
893 894
894
897 898
898
901 903
903
906
910 912
912 914
914
917 919
919 920
920
925
928
932
936
944 946
946 948
948
952
956
959 961
961 963
963 964 965
964 965
965 967
967
973
974
978 980
980
983
986
992 993
993
996
999
