#naive2.0.py
# GMT Fri Feb 14 14:28:09 2020
# 
1 2
2 4
4 5 6
5 6 7
6 7 8
7 8 9
8 9 10
9 10 11
10 11
11
15
18
19 20 21
20 21
21
26
31
33
37 38 39
38 115
39 41
41 42
42
44 46
46 47 48
47 48 49 205
48 49 922
49 51
51 53
53 54
54 56
56 57
57
60 62
62 63 64
63 64 65
64 375
65 809
75 76
76 78
78
83 84
84 838
86 87
87
91 92 93
92 93
93 269
96 98
98 556
101 102
102 987
105 106 107
106 107 108
107 448
108
112 114
113 114 115 370
114 115 116 855
115 116 117
116 117 153
117
120
127
130 397
133 135
135 136
136 138 845
138
142 143 144
143 144
144 406
146 147 148
147 148
148
153 154
154 156
156 157 404
157
168 169 170
169 170 517
170 171 172
171 172 789
172 173 665
173 175
175
178 180
180
184 186
186 188
188 189
189 191
191
197
202 203 204
203 204 205 796
204 205 567
205 284
207
212
215 216 217 748
216 217
217 219
219 220
220
224 226
226 227 971 857
227
233 234 520
234
238 240
240
245
250 252
252 253 254
253 254
254
257 258 259
258 259
259 261
261
266 267 268 890
267 268 269
268 269
269
272 274
274
277
282 283 284 290
283 284
284 285 286
285 286 287
286 287
287
290 291
291 293
293 294 295
294 295
295 297 487 404
297 298
298 300
300 301
301
304
307 308 309
308 309
309 311
311 312
312 314
314
318 319 320 642
319 320
320
323 324 325
324 325
325 327
327 329
329
332
335
341 342
342
345
349
355
359 360 361
360 361 362
361 362 363
362 363 364
363 364 365
364 365
365
368 369 370
369 370 371
370 372
371 372
372 599
375
378
383 385
385 387
387 389
389 391
391 392
392
393
397 756
398 399 400
399 400 401
400 401
401
404 405
405 406
406 408
408
411
414 415 416
415 416 417
416 417 418
417 418
418 604
424 425
425
432 433 434
433 434 509
434
438
443 444
444
447
448
452 738
455 457
457
460 461
461 462
462
464 465 466
465 466 467
466 467 468
467 468
468
472
475
481
484 486 746
486 877
487 489
489 517
493 494
494 496
496
500
504 910
506 508
508 509
509
511 513
513
517 838
519 520 829
520
522
525 527
527 528
528
533 535 735
535 536
536
540 542
542 543 544
543 544 545
544 545
545
550 551 552
551 552
552 554
554 556
556
561 788
563
567 569
568 569
569
572
576
580
584 585 586
585 586 587
586 587
587 589
589 590 591
590 591 592
591 592
592
599 600 629
600 602
602
604 605
605 607
607 608 609
608 609 610
609 610
610
613
619 620
620
625 626
626 628
628 630 819
629 630
630
634 635 636
635 636 637
636 637
637 639
639 641
641 642 788
642 644
643 644
644
648
651 653
653
660 661
661
664 665
665
668
672
676
680 681
681
684 686
686 688
688 689 690
689 690 691
690 691
691
696 697
697 951
701
704 705
705 945
707
711
714 715
715 717
717 718 719
718
719
724
728 729 730
729 730
730 732
732
735 737
737 738
738
741 743
743 745
745 746
746 748
748 750
749 750 751
750 751
751 753
753 755
754 755 756
755 756
756 758
758 759 760
759 760 761
760 761
761 841
764
769
773 774
774
777 779
779 780 781
780 781
781
784
786 788
788 789
789
793 794
794 795 796
795 796 797
796
797
804 805
805
808 809 810
809 810
810 812
812 813
813
817 818 819
818 819
819
822 824
824
829
832
837 838
838
841 843
843 844 845
844 845 846
845 847
846 847
847 848
848
854 855
855 857
857 858
858 859
859
862 863 864
863 864
864 866
866
868 869
869 871
871
873
876 877
877 879
879 880 881
880 881 882
881 882
882
885
887
890
893
900 901
901 903
903
906 908
908 910
910 912
912
915 917
917 919
919 921
921 922
922
926 927
927 929
929
934
937
940 942
942
945 947
947
950 951 952
951 952
952
955
959
962 963 964
963 964 965
964 965
965 966 967
966 967 968
967 968
968
971 972
972
976 978
978 980
979 980
980 982
982
986 987
987
990
993 995
995 997
997
