#naive2.0.py
# GMT Fri Feb 14 14:28:08 2020
# 
0 1
1 3
3
8 10
10 11 12
11 12 13
12 13
13
16 254 950
17
22 23 784
23
27 28 29 288 658
28 29 30
29 30
30 31 32
31 32 58
32
35 37 650
36 37
37 39
39 40 155
40 42
42 43 491
43 45
45 46 47
46 47 48
47 48 49 205
48 49 50
49 50 51
50
51 53
53 54 55
54 55
55 57
57 59
58 59
59
64 766
67 68 69
68 69
69 416
77 78
78 80
80 81 82
81 82
82 84
84 85 838
85 86 163
86
90 91 585
91 92 93 328
92 93 94
93 269
94
97
101
104 106
106 108
108
114 115 116
115 116
116 153
118 120
120 121 122
121 122 386
122 124
124 125 126
125 127
126 127
127 129
129 130 298
130 132 850 241 397
132 134
134
138 139
139
142 144
144
145 812
147 149
149 150
150 152
152 153
153 155
155 157 472
156 157 404
157 158 159
158 159
159 285
163
172 174
174 176
176
181
183 184 624 956
184
189 190
190 192
192 193
193 195
195 196
196 766
198
201 202 203
202 203 204
203 204 205
204 205
205 559
206 207
207
211 212
212 214
214 216
216 218
218
221 222 223
222 223 224
223 224
224
232 234
233 234
234 236
236 237 238
237 238 239
238 239 240
239 240 241
240 241
241
243 244
244
250 252
252 254
254
264
268 269 270
269 270
270 686
275 962
277 279
279 280
280 460
282
285
288 289
289 291 615
291 292
292 294
294
298 300
300
303
305
308 309 310 798
309 310 311
310 311
311 313
313
316
319 320 321
320 321 322
321 322
322 324
324 325 326
325 326 327
326 327 328
327 328
328
336 338
338 339 340
339 340 341
340 341 342
341 342 343
342 560
343 345 537
345 346
346
351 352
352
355 356 357
356 357 358
357 358 359
358 359
359 361
361 363
363 365
365
369
374
383 384 385
384 385 386
385 386
386 388
388 389 390
389 390
390 392
392
393 395
395 396 397
396 397 398
397
398 399 400
399 400
400
404
407 409
408 409
409 411
411 412 413
412 413 807
413 414 415
414 415 416
415 416
416
420 421
421 423
423
427 428
428
434 435 436
435 436
436
439 440
440 442
442 444
444 446
446
450 452
452 738
453 455
455
459 460
460
464 466
466 467 468
467 468
468 470
470 471 472
471 472
472
474
475
478 479
479 481
481 482
482 949
485 486
486
491 493 909
493
499 500
500
505
512 513
513
519
521
524 525 526
525 526
526 528
528 530
530
533
534 536
536 537
537
542 543
543
546
550 551 552
551 552 553
552 553
553
555 556 557
556
557 559
559 561
560
561
564 566
565 566
566
569
572 574
574 575
575
579 580 742 741
580 581 582
581 582 583
582 583
583 602
585
591 592 593
592 593 594
593 594
594
597
599
602
606 608
608 610
610
615 616
616 618
618 620
619 620 621
620 621 622
621 622 623
622 623 624
623 624 860
624
627 628
628
636 638
638 639
639 641
641 642
642 644
644
648 649 650
649 650
650 994
655 656 657
656 657 658
657 658 659
658 659
659
662 663
663
666
673 675
675 677
677 678 679
678 679
679 783
684 686
686
691 693
693
699 700
700 702
702
708
711
714 715
715
718 720 734
719 720 721
720 721 722
721 722
722 724
724
726
730 731 732
731 732 733
732 733 734
733 734
734
738
741 742 743
742
743 745
745 746 798
746
749 750
750 752
752 754
754
759 761 975
761 762 841
762 764
764
766
769
772 774
774 775
775 777
777 778
778 780
780
783 784
784
790
793
797 798 799
798
799 800 801
800 801 802
801 802
802
807
810 812
812 813
813 815
815 816
816 818
818 820
820
825
828 830
830 832
832
836 838
838
841
850
860 861
861
863
866
869 870
870
878 896
883 884
884 886
886
889 891
891
896 898
898 899
899
902 904
904
907 909
909 910 911
910 911
911
914 915
915 917
917 918
918 920
920
925 927
927
931 932 933
932 933
933 935
935 936
936
940 942
942
946 947
947 949
949 950
950 952
952 954
954 955 956
955 956 957
956
957
960 962
962 963
963 965
965 967
967 968
968 970
970 971 972
971 972 973
972 973
973 975
975
977
984
987
990 992
992 994
994
998
