#naive2.0.py
# GMT Fri Feb 14 14:28:10 2020
# 
0 1 2
1 2 3
2 3
3 5
5 6
6
10 11
11
14
16 254 950
21 22
22 24
24
27 29 288 658
29 364
35
36
41 42
42 491
46
52 53
53
56
59 60
60
66 67 68
67 68 69
68 69
69
71
74 75
75 77
77 78 79
78 79 80
79 80
80
84
94 95
95 474 899
98 99 556
99
102 103 987
103
108 109
109 593
112
119 120
120 122
122 124
124 126
126 127 447
127 129 367
129 130
130 131 241 397 826
131 133
133 135
135 136
136 138
138 347
142 143
143 145
145 812
147 149
149 150 151
150 151
151
153 154 155
154 155
155 472
160
161
164
167
171 789
174 176
176 177 178
177 178
178
181 607
183 184 624
184
189 190
190
193 194
194
198 200
200 201
201
206 207
207
221 222
222 224
224 225 226
225 227
226 227
227 228 229
228 229 230
229 230 231
230 231
231
234
241
246 248
247 248 249
248 249
249
252 253 254
253 254 255
254 255 256
255 256 257
256 257 846
257
262 264
264 265
265 267 342
267 269
269 270
270
273 274 275
274 275
275
285 287
287 288
288
292 294
294 295
295
300 302
302 303 304
303 304
304 573
306
309 310 311
310 311
311 313
313 315
315 316 901
316 318
318
321
324 325
325
328 330
329 330
330 540
332 334
334 336
336
339 341
341 342
342 560
345 346 347
346 347 348
347
348 350
350
354 356
356 357
357 359
359 360
360
364 366
366 367 368
367 368
368
371 372
372
375 377
377
380
385 387
387 389
389 391
391 392
392
393 395
395 397
397 756
398
402 403
403
406
409
412 807
414
417
424
427 428
428 430
430
433 435
435
438 439 440
439 440
440 442
442 444
444 445
445
447
457 458
458
461
465 466
466
469 470 471
470 471 472
471 472
472
474
475 477
477
482 484
484 486
486 488
488
489 491 517
491 493 964
493
500
503
504 910
507
514
517
524 525 526
525 526
526
530 531
531 533
533 735
534 536
536 537
537
540 541
541
544 546
546 548
548 549
549
552 554
554 556
556 558
557 558 559
558 559 560
559
560 562
562 563
563
570
573 575
575 577
577 579
579
582 583 584
583 584 602
584
587 588
588 590
590 591 592
591 592 593
592 593
593
595
600 602
602
604 605 606
605 606 607
606 607
607 609
609
612 614
614
617 618 619
618
619 621
621
624 626
626 628 703
627 628 629
628
629
631 632
632
636
640
645 646 647
646 648
647 648
648
658
660 662
662
665
668 669 670
669 671
670 671 672
671 672 673
672 673
673
677
680 681 682
681 682
682 684
684
689 690
690 692
692 693
693
696 697 698
697 698 865
698 700
700
703 704
704 706
706 707
707 709 944
709 711
711 712 713
712 713
713
717 718
718
725 727
727 728 729
728 729
729
733 735
735
738
740
743 744
744
753 931
756 757
757
760
763 765
765 767
767 768
768 770
770
776 778
778 779 780
779 780 781
780 781
781 783
783 978
786 788
788 789 790
789 790
790
792
795 797
797 799
799 800
800
804 805
805 807
807
812
816
821 823
823 825
825
826
829
837
844 846
846 847
847
854
860
863
865
869
872 873 874
873 874 875
874 875 876
875 876
876
879 880
880
884 885
885
889
893
899
901 902 903
902 903
903 905
905 906
906
910
915 916
916 918
918
919 921
921
925 926
926 928
928 930
930 931 932
931 932
932
935 936 937
936 937
937
942 944
944 946
946 948
948 950
950
954
957
964
968 970
970 972
972
976 977 978
977 978 979
978 980
979 980
980 982
982
985 986 987
986 987
987
991
997
