#naive2.0.py
# GMT Fri Feb 14 14:28:04 2020
# 
2 3 4
3 4 5
4 5 6
5 6 7
6 7 8
7 8
8 10
10 12
12
15 17
17
22 24 784
24 25
25 27
27 288 658
30 31
31 58
35 37
37 38
38 115
42 43
43
48 49
49
52 54
54 56
56 57 58
57 59
58 59
59
65 66 809
66 68
68 69
69
72
75
82 83
83 998
87 88
88 90
90 91 197 585
91 328
95 899
98
102 103
103
104
108 109 110
109 110 111 593
110 111 112
111 113
112 114 195
113 114 115 370
114 115 116 855
115 116
116 153
118 120
120 122
122 124
124 126
126 127
127 129
129 298
132 133 134
133 134
134
137 138 289
138 139 347
139
152 153
153
156
159 567
162 164
164
168 169 170
169 170 517
170 172
172 174
174 176
176
180 181
181
186 188
188 190
190 191
191
195 197
197 199
199 201
201
204 205 567
205 284 559
207 208 209
208 209
209
213 214
214
217
222 223
223 225
225
226 971 857
230 232
232 234
234
239
243
246 596
247 249
249
253 254
254 256
256 258
258 259
259
262 264
264 265 266
265 266 267
266 267 268
267 268
268
272
275
277
281 283
283 284
284
288 289
289 291
291 293
293
298 299 300
299 300 301
300 301 302
301 302 303
302 303
303
306 307
307 309
309
312
315 901
317 985
323 325
325 327
327 328 329
328 330
329 330
330
333 335 445
335 336
336
343 344 537
344 346
346 347
347
355 357
357
366 368
368 370
370 372
372 374
374 375 376
375 376
376 378
378
381 382 383
382 383
383 385
385 386
386
391
393 395 989
395 396
396 398
398 399 400
399 400 401
400 401
401 403
403
406 407 408
407 854
408
413 414
414
418 420 604
420 421
421 423
423 424
424
432 433
433 435
435 436 437
436 437 438
437 438 439
438 439
439 441
441 442
442
445
449 740
453
457 459
459
462 463 992
463 464
464 466
466
469 471
471 472 473
472 473
473 475
475 476 477
476 477 478
477 478
478 480
480
481 483
483 485
485 487
487
495
499 500
500 502
502 740
505 506 507
506 507
507
510 511
511 513
513 514
514
517 838
520 521
521
522
527 528
528 530
530 532
532
535 537 825
537
538
542 543
543
547
550 551
551
554 555
555 557
557 558 559
558 559 560
559 561
560 562
561 562
562
565 567
567 569
569
572 573 574
573 574
574
577 578 579
578 579
579 742
582 584
584 585 586
585 586 587
586 587
587 589
589 591
591 592 593
592 593 594
593 594
594 595 596
595 596
596 598
598 600
600
603 604 784
604
609 611
611 613
613
616 617 618
617 618
618
621 622
622 624
624
625 627
627 628
628
631
634 636
636
644 645 646
645 646
646 648
648 649
649 651
651 653
653 655 790
655
658
661 663
663 664
664 666
666 668
668
672
678 680
680 681 682
681 682 683
682 683 684
683 684 863
684
687 688
688 690
690 691
691
695 889
696 698
698 699
699
702 703 704
703 704 705
704 705 706
705 706
706 707
707
712 713 714
713 714
714
720
731
734 735
735
740 742
742 744
743 744
744
748 750
749 750
750
754 756
756 758
758 759 760
759 760 975
760 762
762 763
763
770 771 772
771 772
772
775 776
776
780 781
781
784 785
785 786
786
790 791
791
794 796
796 823
797 798 799
798
799
806
807 809
809 811
811 813
813
817
823 825
825 827
827 828 829
828 829
829
836 838
838
841 842 843
842 843
843
847 848 849
848 849 850
849 850
850
853 854 855
854 855
855 857
857 858
858 859 860
859 860 861
860 861
861
863
866
869 870
870
873
876
879 881
881 883
883
887 889
889
899 900
900 901
901 903
903
906 908
908
914 916
916 917
917 919
919 920
920
923 924
924 926
926 927
927 929
929
932 933
933 935
935 937
937 939
939 941
941
946 947 948
947 948 949
948 949 950
949 950
950
954 955 956
955 956
956
959 960 961
960 961
961
968 970
970 971
971 973
973 975
974 975 976
975 976
976
979 981
981 982 983
982 983 984
983 984 985
984 985 986
985 986
986 988
988 989 990
989 991
990 991 992
991 993
992 993
993 995
995 996
996 998
998 999
999
