#naive2.0.py
# GMT Fri Feb 14 14:28:03 2020
# 
2 4
4 5
5
12 13 14
13
14 107
17 19
19 20 21
20 21 22
21 22
22 784
26 28
28 29
29 364
31
33 34
34
40 42
42
46 48
48 49 50 922
49 50 51
50 52 171
51 52 53
52 53 54 516
53 54
54
57
61 63 528
62 63 64
63 64 65
64 375
65
68 69 70
69 70
70
73 75
75
83
87 88 89 503
88 89
89
94 95
95 97 474
97 98 99
98 99 556
99
102
104 105
105 107
107 448
110 112
112 114
114 115 116
115 116 117
116 117 153
117 119
119
124 126
126 127 128 447
127 367
128
131 132
132 134
134 136
136 138
138 140 347
140 141 142 713
141 142
142
147 148
148
153
157 158 159
158 159 160
159 160
160
161
164 165 166
165 166
166
170 171 172
171 172 789
172 173 174 665
173 174
174 176
176
179 181
181 607
183 624
186 187 188
187 188 189
188 189 190
189 190
190 192
192 193
193
198 199
199 201
201 202
202
208
211
218
221 223
223
228 229 230 571
229 230
230
234
239 240
240 924
243 244 245
244 245 246 304
245 246
246 248 596
248 249
249 251
251 252
252 254
254
257 259
259 260
260
267 269
269
272
275 276
276
280 281
281 282 283
282 283
283 446
286
293
296
299 300 301
300 301
301 303
303 304
304 573
305 306
306 308
308
311 312
312 314
314 316
316 317
317 985
322 323 324
323 324 325
324 325
325
329 330 331
330 331 540
331 332 333
332 333
333
337 339
339 340 341
340 341 342
341 342
342
345 346 347
346 347 348
347
348 350
350 352 687
352 353 354
353 354
354
357 358
358
361 362
362 364
364
367
370 372
371 372 373
372
373 375
375 376 377
376 377 378
377 382
378
381 382 383
382 383 384
383 384
384
395 396
396
404
407
408
412 413 807
413 414 415
414 415
415
418 420
420
423 424
424 426
426 427 428
427 428
428
432 434
434
438 439
439
442 444
444 446
446 447 448
447
448
452
453
456
459
462 463
463
470
473 474
474
477 479
479 480
480 482
482 484
483 484 485
484 485 746
485 487
487 488
488
495 496 497
496 497 498
497 498 499
498 499 500
499 500
500
503 505
505 507
507 509
508 509 510
509 510
510 511
511
515 516 517
516
517
524
528
534 536
536 538
538 540
540
543 545 723
545 547
547 548
548
551 552
552 554
554 555 556
555 556 557 894
556
557 559
559 561
561 788
563 564 565
564 948 654
565
571 573
572 573 574
573 574
574 576
576 577 923
577 579
579 580 742
580 582
582
585 587
587
590
596
602 603
603 784
605 607
607 608
608
612
615 616
616 617
617
620
624
629
631 632
632
637
641 642 788
642
643 645 941
645 646 708
646
650
653 654 790
654
656
659 661
661 663
663 665
665
666 668
668 670
670 671 672
671 672 673
672 673
673 675
675 676
676
680 682
682 684
684 685 686
685 686 687
686 687 688
687 688
688 689
689 691
691 692
692 694
694 695 696
695 697
696 697
697 865
699 700
700
703
707
708
711 712 713
712 713 714
713 714
714 715 716
715 716 806
716 718
718 720
720 721
721 723
723 725
725 727
727 728
728 730
730
733
739
742
746
751
754
759 975
762 763
763 765
765
769 770 771
770 771
771 773
773 774 775
774 775 776
775 776 777
776 777
777 779
779 780 781
780 781 782
781 782 783
782 783 784
783 784 785
784 785
785 786 787
786 787 788
787 788 789 912
788 789 790
789 790
790
793
800 801 802
801 802
802
805 806 807
806 808
807 808
808
811
817 818
818
824
828 830
830 831 832
831 832
832
837 839
839 840 841
840 841
841
844
849
852
853
857
861 862
862
865 867
866 867
867
874 876
876 877
877
883 885
885 891
887
891 893
893 894 895
894 896
895 896 897
896
897
902 903 904
903 904 905
904 905 906
905 906 907
906 907 908
907 908 909
908 909
909 911
911 912 913
912 914
913 914
914
917
922 923
923 924
924
928
931
939 941
941 942
942 943
943
947 948
948 950
950
958 959 960
959 960
960
966 967
967
970 971 972
971 972
972 974
974 975
975
985
993
996
999
