#naive2.0.py
# GMT Fri Feb 14 14:28:11 2020
# 
1 2 3
2 3
3 5
5 6 7
6 7
7 9
9
13 531
14
16 254
20
26 27
27
32 34
34 36
36 38
38 115
42 43 491
43 44
44
48 50 922
50
54 55
55
58 59
59 61
61 63
63 65
65 66
66 68
68 69 70
69 70
70 72
72
76 77 78
77 78
78
81 83
83 84 85
84 85
85 86 163
86
89
93 95
94 95
95 97 899
97 98 99
98 99
99
103
104 106
106
109 110
110
115 116
116
118
123 125 817
125 868
129
131 133
133 135
135
139 140
140 142 392 713
142 144
144 406 381
145 146
146 148
148 149
149 151
151 152 344
152 154
154 156
156 404
158
163
168
174
177 178 179
178 179 180
179 180 181
180 181
181 607
187
191 193 736
193
199 201
201 203
203 204
204 567
209 210
210
216 217
217 219
219
225
226 971
229 231
231 764
236 238
238 239 240
239 240
240 924
243 244 245
244 245 246 304
245 246
246 248
248 250
250
254 256
256 846
259
262 263
263 265
265
273 274
274
278 279
279 281
281 282 283
282 283
283
285 286 287
286 287
287 289
289
292 294
294
297
300
304 573
307 308 309
308 309
309
313
317
319 320
320 322
322 324
324
328
331 332
332
335 337
337 339
339
343 344 345 537
344 345
345 347
347
353 355
355
359 360
360
363 364 365
364 365 969
365
371
376 377 378
377 379 382
378 379 380
379 380 381
380 381 382
381 382 383
382 383
383
391 392 835
392 394
393 394 989
394
402 404
404 405
405 406
406
409 411
411 413
413 414
414
417
420
423 425
425 426 427
426 427
427
433 434
434
437
442 443 444
443 444
444
447 449
449 450 740
450
455 456 457
456 457 458 820
457 458
458
461 462 463
462 463 992
463 464 465
464 465 466
465 466
466
472 473
473 475
475 476 477
476 477
477
480 755
483
486 488
487 488 489
488 748
489 491 517
491 493
493 494
494 496
496
499
502 503 740
503
504 910
506 507 508
507 934
508
511
515 517
517 518
518 519
519 829
522 524
524
530 531 532
531 532
532 534 802
534 535 536
535 536 537 825
536 537 538
537 539
538 539
539 541
541 542 553
542 544
544 546
546 548
548 549
549
553 554
554
558 559
559
565 567
567
568
571 573
573 574
574
577 579
579 580 741
580 581 582
581 582
582
589 590
590 592
592
595 597
597
604
607 608
608
613
618 620 787
620
623 624 860
624 626
626
629
632 633 634
633 634 635
634 635
635 637
637 639
639 640
640
643 941
647 649
649 651
651 652
652
656
659
664 666
666
671
676 677
677
682
689 690
690 692
692 693 694
693 694
694
697 698
698 699 700
699 700
700
704 705 706
705 706 945
706 707
707 944
711 713
713
716
717 719
719
722 723 724
723
724 791
726
730 732
732 733
733
736
740 741
741 743
743 745
745 746
746 748
748 750
750 751
751
754 755
755
759 760 761
760 761
761 841
764 765
765 767
767
772 773 774
773 774
774 776
776
780 782
782 783 784
783 784 978
784
786 787
787 789
789 790 791
790 791
791 792
792
797 799
799
802
805 807
807 808
808 810
810
816 817
817
820
822
825 827
826 827
827 828 829
828 829 830
829 830 831
830 831 832
831 832
832
835 837
837 839
839 840 841
840 841 842
841 842
842 844
844 846
846
848 849 850
849 850
850
852
856 858
858 859 860
859 860
860
862 863
863
868 869
869
872 873
873 875
875 876
876 878
878 879 880
879 880 881
880 881
881
884 885
885 891
887 888
888
891
899 900
900 902
902 903 904
903 904 905
904 905 906
905 906
906
910 911
911
916
919
922
924 925 926
925 926
926 928
928
931
934 936
936 938
938 939
939 941
941
943 944 945
944 945
945 947
947
952 953 954
953 954 955
954 955
955
959 960 961
960 961 962
961 962
962
965 967
967 969
969
971 972
972 974
974
978 980
979 980
980
983
989
990 992
992
997
