#naive2.0.py
# GMT Fri Feb 14 14:28:03 2020
# 
1 2 3
2 3
3
6 7
7 9
9 11
11
14 107
17
20 21
21
25 27
27 28 29 658
28 29
29
35 37
37 38
38 40
40 41
41 43
43
50 171
53 55
55
58 60
60 62
62
65 66
66 68
68 69 70
69 70
70
73
76
79
82 83 84
83 84
84
87 88
88
91
95 96 474 899
96
99 100 101
100 101 833
101 102
102
106 107
107 109
109 110 111 593
110 111
111 367
116 117 153
117 118
118 120
120 121
121 386
123 817
130 397
133 135
135 137
137
140 392 713
145
147 148
148
153 154 155
154 155 156
155 157 472
156 157 404
157 158
158 160
160 162
162 164
164
167 169
169 517
171 789
175 176
176
181 215
182 183
183 185 624 956
185 186
186
190 192
192 194
194 195 196
195 196
196
198 199
199
202 204
204 205 567
205 559
209 210
210
214 215
215
218
221 222
222 224
224 226
226 857
228 229 571
229 231
231
234 235
235 237 602
237 238 239
238 239
239
245
252 253
253
259
264
267 269
269
272 274
274
277 278 279
278 279 280
279 280
280 344
283
287
290 291
291
295 487 404
296 298 360
298 300
300 301 302
301 302 303
302 303 304
303 304
304
305
308 309 310
309 310 311
310 311
311
315 901
317 985
323 324 325
324 325
325 327
327
331 333
333 335
335
338
342 344
344 345 346
345 346 347
346 347
347 349
349 350 351
350 351 352 687
351 352 353
352 353
353 355
355 356 357
356 357 358
357 358
358 360
360 361 362
361 362
362 597
365 367
367 369
369 371
371 373
373 374
374
378 380
380 381
381
386 387 388
387 388
388 390
390 392
392
393 395
395 396 397
396 397
397 756
401 402 403
402 403 404
403 404
404
409 410
410 412
412 807
415 417
417 419
419 421
421 423
423 425
425 426
426 428
428
432 433
433
438
442
450 451
451
455 457
457
461 462
462 992
465 467
467
472 473
473 474 475
474
475 477
477 478
478
481
487 488
488 490
490
494 495
495
504
506
510
513 515
515 516 517
516 918
517
521 523
522 523 524
523 524 525
524 525
525
529
532 533 534
533
534
537 539
539 541
541 542 543 553
542 543
543 545
545 546 547
546 547
547
551 553
553
557 559
559 561
561 562 788
562
567
568 570
570 571
571
575 576
576 578
578 579 580
579 580
580 581 582
581 582
582
587 588 589
588 589
589 591
591 593
593 594
594 595 596
595 596 597
596 597
597
600 601 602
601 602
602
608 609
609 611
611
614 831
618 620 787
620 621
621
624 626
625 626 627
626
627
630 632 981
632 633 634
633 634 635
634 635
635 637
637 638 639
638 639
639 641
641 788
645 708
648
651 652
652 654
654
656 658
658
662 663
663 665
665 667
666 667 668
667 668
668
671 673
673 674 675
674 675
675 676 677
676 677
677 679
679
680
683 685 863
685 687
687
689
693 694
694 696
696 697 698
697 698 951
698
702 704
704 706
706 708
708 710
710 711
711 713
713
720 721
721
724
726 727 728
727 728 729
728 729
729
736
737
740
743 744 745
744 745
745
752
756 757
757 759
759 761
761 762 841
762
765
768 770
770 771 772
771 772 773
772 773
773 775
775 776
776 778
778 780
780 781
781
786 787 788
787 788 789 912
788 789 790
789 790
790
793
796 823
803 805
805 807
807 808
808
813 814
814 816
816 817
817
821 822 823
822 823
823 825
825
829 830 831
830 831
831 833
833 834 835
834 835
835
839 840 841
840 841 842
841 842 843
842 843
843
846
852
853 855
855 857
857
859
863 864
864
867
872
877
880
883
886 887 888
887 888
888
892
895
898 899
899
901
907 909
909
912
913 915
915 917
917 918
918
929 931
931
934 935
935 937
937 939
939 941
941
947 948
948
951
955 956 957
956 958
957 958
958
961
964
966 967
967 969
969
972 974
974 976
976
981 982 983
982 983
983 985
985
991 993
992 993 994
993 994 995
994 995
995
