#naive2.0.py
# GMT Fri Feb 14 14:28:06 2020
# 
3 220
6
10
17 18
18 526 733
20 21 22
21 22
22 24
24 25 26
25 26
26
31
33 34 35
34 35 36
35 37
36 37 38
37 38 39
38 40 115
39 40 41
40 41
41
46
52 516
55 57
57
61 63 660
62 63
63
66
72
75
79 81
81 83
83 84 998
84
88 89 90
89 90
90 197 585
99 101
101
107
108
111 113 367
112 114 195
113 114 115
114 115 116 855
115 116
116 153
121 122
122 123 124
123
124 126
126 128 447
128 129 130
129 130
130 131 850
131 133
133 134 135
134 135
135 137
137 289
140 142 392 973
142 144
144 406 381
146 148
148 149 150
149 150
150 152
152 153
153
158 160
160 162 705
162 164
164 165
165
169
171
174
177 179
179 181
181 607
182 183
183
187 189
189 191
191 193
193 194 195
194 195 196
195 196 197
196 197 766
197 199
198 199 200
199 200 201
200 201
201
205 284 559
206 207
207 209
209 210
210
214
217 219
219 220
220
225
228 229 571
229
232 951
233 235 520
235 602
240
243 245
245
251 252 253
252 253 254
253 254
254 256
256 257
257
260 262
262 264
264 266
266 267
267
276 278
278 280
280 281 460
281 282
282 284
284 286
286 288
288 289
289 291
291 292
292
299 301
301 303
303 845
305
310 312
312 314
314
317 318
318
324
328 330
330 331 540
331
335 337
337 339
339 341
341 343
343 345 537
345 346 347
346 347
347
351 353
353 354
354 356
356 358
358 359
359 361
361
365 367
367 368 369
368 369
369 371
371 373
373
379 380 381
380 381 382
381 382
382
385 387
387
391 392
392 394
394 395
395
398 400
400 402
402 403 404
403 404 405
404 405
405 406 407
406 407 408
407 409 854
408 409
409
412 413 807
413 414 415
414 415
415 417
417 419
419 420 421
420 421
421
426
429 430 431
430 431
431 886
433 434 435
434 435
435
438 440
440
444 445
445
447 449
449 450 740
450 451
451 453 619
453 455
455 457
457 459
459 460 461
460 461
461 462
462 992
464 465
465 467
467
470
473 474 475
474
475
478 479 480
479 480 481
480 482 755
481 482
482
487 489
489
494 496
496 497
497
501 503
503
504 910
507 934
513 514
514 516
516 518
518 520
520
523 525
525 526
526
529 531
531
535 537
537 539
539 540
540 542
542
545 547
547 548 549
548 549
549
552 553
553
555 556 557
556
557 559
559
560 562
562 563
563
566 568
568 569 570
569 570 571
570 571
571 573
573 574
574 576
576 578 923
578 579
579 742 741
582 583
583 602
585
590 591 592
591 592
592 594
594
597
602
604 605
605 607
607
611 613
613
617 619
619 620 621
620 621
621
626 703
629 630
630 981
633
636 637
637 639
639 640
640
643 644
644
647 649
649 651
651 653
653
656 657
657 659
659 660 661
660 661
661 663
663 664
664
667 668 669
668 669
669
672 673
673 675
675 676 677
676 677 678
677 678 679
678 679 680
679 681
680 681
681 683
683
686 687
687
690 691
691 693
693 695
695 697 889
697 865 951
702 703 704
703 704 705
704 705 706
705 706
706 707
707
711
714 715 716
715 716
716 718
718 734
719
722 724
724
725 726
726 728
728 729 730
729 730
730
733 734 735
734 735
735
739 740 741
740 741 742
741 742
742
746
750 752
752 754
754 755 756
755 756 757
756 757 758
757 758 759
758 759 760
759 760 761
760 761
761 841
763
766
769 770 771
770 771
771
776 777 778
777 778
778 780
780 781
781
787
794 795
795
800
803 805
805 807
807 808
808 810
810 812
812
816
819 820 821
820 821
821 823
823 824
824
831 833
833
836 837
837
840 841
841
845 847
847 849
849 850 851
850 865
851
854 855
855 857
857 858
858 860
860
864
865
868 869
869
872
875 877
877 878
878 880
880 881
881
885 886
886 888
888 889
889
892 893
893
901 903
903
907 909
909 910
910
920 921 922
921 922 923
922 923
923
928 930
930 932
932 933 934
933 934 935
934 935
935 937
937
940
943
948 950
950 951 952
951 952 953
952 953
953
957 958 959
958 959
959
964
969
973
976
980 981 982
981 982 983
982 983
983
986 988
988 990
990 991 992
991
992
996 998
998 999
999
