#naive2.0.py
# GMT Fri Feb 14 14:28:06 2020
# 
2 3
3 5 220
5 6
6 8
8 9 10
9 10
10
15 17
17
20 21
21 23
23 24
24
35 37
37 38
38 40 115
40 42
42 43 491
43 45
45
48
51 52
52 54 516
54 55 56
55 56 57
56 57
57
62 63
63 65
65 809
69 70
70
81 82
82 84
84 85
85 86 87 163
86 87 88
87 88
88 90
90
94 95
95 97
97
100 101
101 102 103
102 103
103
108 109
109 111
111
112
115 117
117 118
118 120
120 122
122
125 868
128
132 133
133 135
135 136
136 138 845
138 139
139
142 143 144
143 144
144 406 381
152 153
153 155
155 472
156 404
158
162 163
163 165 991
165
169 517
174 175 176
175 176 177
176 177 178
177 178
178
182
188
191 192 736
192
196
199 200
200
203 204 205 796
204 205 567
205 284
208
212 213 214
213 214 215
214 215
215 748
218 220
220 221
221 223
223
226 227 857
227 228
228 230 571
230 231
231 764
234 235 236
235 856
236 238
238 239
239 241
241 242
242
250
253 254
254
259 260
260
263
267 268
268
272 273 274
273 274 275
274 275
275
278 280
280 281 460
281 674
284
287
292 293 294
293 294
294 296
296 298
298 300
300 302
302 303
303 845
306
317 318 985
318 642
321 322
322 324
324 326
326
330 331 540
331 333
333 334 335
334 335 336
335 336 337
336 337 338
337 338
338 340
340 341
341
345 346
346 348
348 349
349 351
351 353
353 354 355
354 355 356
355 356 357
356 357
357
365
374 375
375 377
377 379 382
378 379 380
379 380 381
380 381 382
381 382 383
382 383 384
383 384
384
387
396 398
398 399
399 401
401 402 403 815
402 403 404
403 404 405
404 405
405 406 407
406 407
407 854
410
417 418
418 420 604
420 421 422
421 422
422 669 614
424 425 426
425 426 427
426 427 428
427 428
428
432 433 434
433 434 435
434 435
435
440 441
441 724
446 447
447 449
449 740
451 619
455 456
456 820
460 461
461 463
463 465
465 467
467
470 471 472
471 472
472
478
481
485 486 487
486 877
487
491 909
492
497 498
498
504
506 508
508 510
510
513
516 518
517 518
518
524 526
526 528
528 530
530 532
532 534
534 535 536
535 536 537
536 537 538
537 539
538 539 540
539 540
540
543 544
544 546
546 547
547
550 552
552
555 556
556 558
558 560
560 562
562
565 567
567
571
578 580
580
589
597 598
598 599
599 629
604 605 606
605 606 607
606 607 608
607 608
608
611 612 613
612 613 614
613 614 615
614 831
615
618 787
619 621
621
625 626
626 703
629
631 633
633 634 635
634 635
635 637
637
642 644
644
648 649
649 651
651 652
652 654
654 660
658 659
659 660
660
666
669 671
670 671 672
671 672 673
672 673 674
673 674 675
674 675
675 676 677
676 677
677
690
693
700 701 702
701 702 703
702 703
703
713 714
714 716
716 718
717 718 719
718 734
719
722 724
724 791
725 727
727 728
728
732 734
734 736
736 738
737 738 739
738 739
739 740
740 742
742
743 745
745 746 747
746 748
747
748
753
758
761
764 765
765
769 770
770
773
777 778 779
778 779 780
779 780 781
780 781
781
787 789 912
789 791
791 792 793
792 793
793
796
797
801 803
803 805
805 806
806 808
808 809 810
809 810 811
810 811 812
811 812
812 814
814 815 816
815 816
816
819 820 821
820 821
821
829 831
831
836 837
837 839
839
843 845
845 847
846 847
847 848 849
848 849
849 851
851 852
852 854
854 856
856
857
859
862 864
864
865
868 869 870
869 870 871
870 871
871
873 874 875
874 875 876
875 876 877
876 877
877
882 883 884
883 884 885
884 885
885
888 889
889
892
898
904 906
906 907 908
907 908 909
908 909
909 911
911 912 913
912
913 915
915
919 920 921
920 921
921
930 932
932 933
933
942 943 944
943 944 945
944 945
945
948
952 954
954 955
955
958 959
959
965 966
966 968
968 970
970
974 976
976 977 978
977 978 979
978 980
979 980 981
980 981
981
984 985
985
991
992
998
