#naive2.0.py
# GMT Fri Feb 14 14:28:06 2020
# 
0 1 2
1 2 3
2 3
3
8
13 15 531
14 15 107
15 17
17
20 21
21 23
23 24
24 26
26 28
28 30
30
34 35 36
35
36
40 41 42
41 42 43
42 43
43 44
44
48 49 50 922
49 50
50 52 171
52 53
53
58 59
59
62
65 66 809
66 67
67
70 71
71
75
79 80 81
80 81
81
84
86
89 90 91
90 91 585
91
95 474
98 100
100 101
101
105 107
107
110 112
112 195
113 370
116 117 153
117 118
118 120
120
125
132 133 134
133 134 135
134 135 136
135 136
136 138
138 139 347
139 141
141 142
142
145 812
147 149
149 151
151 152 344
152 153
153
156 404
159 567
161
165
168 170
170 171 172
171 172 789
172 173 665
173
177 178 179
178 179
179 181
181 607
183 185 624
185 186 187
186 187 188
187 188
188 190
190 191
191 193
193 195
195
200 201 202
201 202
202 204
204 567
206 207 208
207 208 209
208 209
209
212
217 218 219
218 219
219
222 223
223
227
234 235 236
235 602
236
240 241
241
246 248
247 248 249
248 249 250
249 250
250 252
252 253 254
253 254
254
259 261
261 262 263
262 263 264
263 264 265
264 265
265 267
267 269
269 270
270 272 686
272
280 281 344
281 674
288
291
298 299 300
299 300
300
303
305
311 312
312 314
314 315
315 901
319
323 324 325
324 325 326
325 326 327
326 327
327
331
334
340
343 344 345 537
344 345 346
345 346 347
346 347 348
347
348
352 353
353 355
355 357
357 358 359
358 359
359
363 364 365
364 365 969
365 367
367 368 369
368 369 370
369 370
370
375 376
376 378
378 379
379
382 383 384
383 384 385
384 385
385 387
387 389
389 390 391
390 391 392
391 392 835
392
393 395
395
398
401 402
402 404
404 405
405
409
413 415
415 416 417
416 417
417
420 422
422 423
423
427
430 432
432
435 437
437 438
438 440
440 441 442
441 442 443 724
442 443 444
443 444
444 446
446
451 453
452 744
453 455
455 457
457 458
458
461
467 468
468
471 473
473 474 475
474 476
475 476
476
481 482 483
482 484
483 484 485
484 485 746
485
493 494 495
494 495
495 497
497 498 499
498 499
499
503
506 507 508
507
508
511
515
518 519
519 829
524
527
531 532 533
532 533 534 802
533
534 536
536 537 538
537 539
538 539
539 541
541 542 543 553
542 543
543 545
545 546 547
546 547 548
547 548
548 550
550 551 552
551 552 553
552 553 554
553 554
554
557
561
563 564
564 948 654
567 569
568 569
569 571
571
574
577 578
578
582 583 584
583 584 602
584 585
585 587
587 589
589
597
602 603
603 784
606 607 608
607 608 609
608 609 610
609 610
610 888
613 615
615
621 622 623
622 623 624
623 624 625
624 626
625 626
626 628 703
628 819
629
631 632 633
632 633 634
633 634
634
637
640
643 645 941
645 647
647
651 653
653 654 790
654
658
662
665
668
671 673
673 674
674
676 677
677
680 681
681 683
683
686 688
688 689 690
689 690
690
693 695
695 697 889
697 865
700 701 702
701 702 703
702 703
703 705
705
707 709
709 711
711 712
712
717 718 719
718 720 734
719 720 721
720 721
721
724
725
729 731
731 733
733 734
734
739
744 746
746
749
752 753 754
753 931
754
758 760
760 761
761
763 764
764
766 768
768
771
774
779
782 784
784
789 790
790
793 794
794 795
795 797
797
800 802
802 803
803 946
804 806
806
809
812 813
813
816
819
822 824
824 825 826
825 827
826 827
827 828 829
828 829
829 831
831
834 835 836
835 836 837
836 837
837
842 843 844
843 844
844
848 850
850 865
855 857
857 858
858
865
866
874 876
876 877
877
880 881
881 883
883
886 888
888 889
889 891
891
900 901 902
901 902 903
902 903 904
903 904 905
904 905 906
905 906
906 908
908 910
910 911
911
914 915 916
915 916
916 918
918
919 921
921 922
922
925
929 930 931
930 931
931 933
933
937 939
939 940 941
940 941
941
946 947 948
947 948
948 950
950
955
963
966 967 968
967 968 969
968 969 970
969 970
970 972
972 974
974
977
982 983
983
986 987
987
990
993 994
994
998
