#naive2.0.py
# GMT Fri Feb 14 14:28:08 2020
# 
0 999
4 5
5
8 9 10
9 10 11
10 11
11 13
13
14 107
16 254
17
22
25 26
26 28
28 29
29
33 34
34
47
50 171
54 55
55
58 59 60
59 60 61
60 61
61 63 528
63 64 65
64 766 375
65 66
66 67
67
71 72 73
72 73
73
77 79
79 81
81
85 87
87 503
90 91
91 92 328
92
95
102 103 987
103 105 897
105 107
107
110 112
112 114 195
114 115 855
115 117
117
120
123 125 817
124 125
125
131 132 133
132 133
133
137 138 289
138
145
153 155
155 157
156 157
157 158
158 160
160
165
168
171
174
180 181 182
181 215 607
182 183 184
183 184 185 624
184 185 186
185 186
186
190
193 195
195 196
196 766
200 201
201 203
203 204
204
206 207
207
210 211 212
211 212
212 214
214 215
215
218 220
220
225
229 231
231 232 233
232 951
233
241
245
252 254
254 255
255
260 261 262
261 262 263
262 263
263
266 268
268 269
269
275 276 962
276 277
277
283 446
285
289 290 291 615
290 291
291 293
293 295
295 487
300 301 302
301 302
302
305
308 798
311
317 318
318 642
326 327 328
327 328 329
328 330
329 330
330
333 334
334 336
336 337 338
337 338 339
338 339 340
339 340 341
340 341
341
344 345 346
345 346
346
351 352 353
352 353
353
356
359 360 361
360 361
361 363
363 365
365 367
367
372 599
375
386 387 388
387 388 389
388 389 390
389 390 391
390 391
391 835
396 397 398
397 756
398 399
399 401
401
405 407
407 409 854
409 411
411 413
413 414
414 416
416 417
417 419
419
422 669 614
424 425 426
425 426
426 428
428 429
429
432 434
434 436
436
442 444
444 446
446 447
447
453 455
455 457
457 459
459 460 461
460 461
461
465 466 467
466 467
467 469
469
476
480
483 484
484
487 488
488 490
490
494
499 500 501
500 501
501 503
503
506 508
508 510
510
513
517 518
518 519
519
521
525 527
527 528 529
528 530
529 530
530
533 735
536
541 542 543
542 543
543
547
550
554 555
555
562 563 564
563 564 565
564
565
568 569
569 571
571
574 575 576
575 576 577
576 577 578
577 578
578
584
587 589
589
593 594
594
599 600 629
600
603 604
604
607 608
608
612 614
614
615
621 622
622 624
624 626
625 626 627
626
627 629
629
631 633
633 634 635
634 635
635 637
637
640 642
642
643
648 649 650
649 650
650 994
652 653
653 655 790
655
659
666
669 671
671 672
672 674
674 675
675
678 680
680
683 685
685
688 690
690
695
696
699 700 701
700 701
701
704 706
706 707 708
707 709 944
708 710
709 710 711
710 711 712 866
711 712
712 714
714
717 718
718 734
724 791
730 732
732 734
734 735
735 737
737 739
739
745 798
749 750 751
750 751
751 753
753 931
756
763 765
765 766
766 768
768 769
769 771
771 773
773 775
775
778 780
780
783 785 978
785 786
786 788
788 790
790 791
791 792
792
795
798
799
802
804
808 810
810
817 819
819 820 821
820 821
821 823
823 825
825
830 832
832 833
833 835
835 836
836
843
846
848 850
850 865
854 855
855
858
865 867
866 867
867
873 874 875
874 875 876
875 876
876
880 881
881
884 886
886
891 892 893
892 893
893 895
895 897
897 898
898 900
900 901
901 903
903 905
905 907
907 909
909 910
910
913
916 917
917
926
931 933
933 934 935
934 935
935
939
944
947 949
949 951
951 953
953 954 955
954 955
955 957
957 958
958 960
960 961 962
961 962
962
965 966 967
966 967
967 969
969 970
970 971
971 973
973 975
974 975
975
977 978
978
982
987 989
989 991
990 991
991 993
993 994 995
994 995
995
999
