#naive2.0.py
# GMT Fri Feb 14 14:28:09 2020
# 
0 999
3 220
7 8
8 10
10 12
12 13 14
13
14 107
16 254
18
21 23
23 25
25 27
27 29 658
29 30
30 31 32
31 32 58
32 34
34
38 40
39 40 155
40 42
42 43 491
43
46
51 52 53
52 53 516
53
57
58
63
70
73 75
75
78 80
80 82
82
85 87 163
87 88 89 503
88 89
89 91
91 93
93
94 96
96 97
97 99
99 100 101
100 101
101 103
103 105
104 105
105 107
107 448
108
114
118 119 120
119 120 121
120 121
121
123
124 126
126 127 128
127 129
128 129
129 298
132
135 136 137
136 137
137
142 143
143
147 148
148
153 155
155 472
161 162 163
162 163 164
163 165 991
164 165 166
165 166
166
170 171
171
173 175
175 176 177
176 177
177
180 181 182
181 215
182 184
184 185 186
185 186
186 188
188 189 190
189 190 191
190 191
191
195 197
197
200 201
201 203
203 204 796
204
206 207
207
215 217
217 218 219
218 219 220
219 220
220
222 223
223
232
235 856 602
239 240 241
240 241
241
244 245 246
245 246 247
246 248
247 248
248 250
250 251
251 253
253 254
254 256
256 258
258 259
259 261
261 263
263 264
264 266
266 268 890
268
273
276 277 278
277 278 279
278 279
279 281
281 282 283
282 283
283
286
292
298
301 302
302
305
308 798
312 313 314
313 314 315
314 315
315 901
318 319 642
319
323 325
325 327
327
330
332 333
333
338 340
340 341
341 343
343 345 537
345 347
347 349
349 351
351 353
353
357 359
359 360
360 362
362
365
368
372 374
373 374
374
379 380
380 382
382 383 384
383 384
384
392 394
394 396
396 397 398
397
398 400
400 401
401 403 815
403 404 405
404 405
405
411 412
412 807
416 418
418 420 604
419 420 421
420 421 422
421 422 423
422 423 614
423 425
425 427
427 428 429
428 429 430
429 430 431
430 431 432
431 432
432 434
434
437 438
438 440
440 441 442
441 442 724
442
448 450
450
453 455
455 456
456 820
459
462 463 992
463 464
464
469 471
471 472 473
472 473
473 475
475 476
476 478
478
481 483
483 484
484
491 493 964
493 494 495
494 495
495 497
497
500
503
507 509 934
509
512 513 514
513 514
514 516
516 518
517 518 838
518 519
519
522 523
523 525
525 527
527 529
529 530
530 532
532
537
544 546
546 547 548
547 548
548 550
550 551
551 553
553
555 894
566 568
568
575 577
577
580 582
582 583 584
583 584 602
584 586
586
589 590 591
590 591 592
591 592
592
595
601 602 603
602 603
603 604
604 605 606
605 606
606
609 610 611
610 888
611
614
617 618
618
622
625
632 634
634 635
635 637
637 638
638
642 644
644
649 650 651
650 651
651
654
658 659
659
665
666
671 672 673
672 673
673
676 677 678
677 678
678 680
680 681 682
681 682 683
682 683 684
683 684 863
684 686
686 687
687
689 690
690
693
697 865
699 700
700
705 706
706 707
707
710 711
711 713
713
718
721
724
725 726
726 728
728 729 730
729 730
730 732
732
735
738
742
749 750
750
755
758 759
759 761
761 762
762 764
764
766 767 768
767 768 769
768 769
769 771
771 773
773
779 781
781 783
783 978
786 788
788 790
790
793
796
797 798 799
798
799
803
806
807
813 815
815 816
816
819 820
820
824 825 826
825
826
830
834
838 839
839 840
840 842
842 844
844
849
852 854
854 856
856 858
857 858
858 859 860
859 860
860
862 863
863
865 867
867 868
868 870
870 872
872 873 874
873 874
874
879
882
887 888 889
888 889 890
889 890 891
890 891
891 893
893 894
894 896
896 898
898 899
899
901 902 903
902 903 904
903 904
904 906
906 907 908
907 908
908
913 914
914
917 919
919 921
921 923
923
925 927
927 929
929
933 934
934 936
936 937 938
937 938 939
938 939 940
939 940
940 942
942 943
943
947 948
948
954 955 956
955 956 957
956 958
957 958 959
958 959 960
959 960 961
960 961
961
964 965
965 966 967
966 967 968
967 968
968 970
970
977 978 979
978
979
982 983
983
986
991 993
992 993
993 995
995 996
996
999
