#naive2.0.py
# GMT Fri Feb 14 14:28:09 2020
# 
0 999
3 220
7 8
8 10
10 11
11
14
17 19
19 20 21
20 21 22
21 22 23
22 23 24 784
23 24
24 26
26 27
27 29 658
29 30
30 32
32 34
34 35 36
35 650
36
40 41 42
41 42 43
42 43 491
43 44 45
44 45
45 47
47 49 205
49 51
51 53
53 55
55 57
57 167
61 63 528
63
67 69
69
72 73 74
73 74 75
74 75 76
75 76
76
79 81
81 82 83
82 83 84
83 84 998
84 838
86 88
88 90
90 197
94 96
96
101 102
102
110 111 112
111 367
112
115
118 119
119 121
121 122
122
130 850 241 397
136 137 138 845
137 138 289
138 140 347
140 141 142 973 713
141 142
142 144
144 406
146
152 154
154 155
155 157 472
157 159
159 285
163 991
166 167 168
167 168 169
168 169
169
172 173 174
173 174 175
174 175
175
181 215
182 184
184 186
186 188
188 189
189 191
191 192
192
196 197
197
200 201
201
204 205
205 559
207 208
208
212 213 214
213 214 215
214 215
215 748
218 219 220
219 220
220 221
221
226 857
228
233 234 520
234 236
236
240 241
241
247 248 249
248 249 250
249 250 251
250 251 252
251 252 253
252 253 254
253 254 255
254 255 256
255 256 257
256 257 258
257 258
258 260
260 262
262
266 890
270 272
271 272
272
281 283 674
283
285 286
286
289 290 291
290 291
291 293
293 294
294
297 298
298
307
312 313
313
317 985
320 321 322
321 322
322
325 326
326
329
332 333
333 335
335
339 340
340
343
346 347 348
347
348
351
354
357 358
358
361
366 367 368
367 368
368
371
376
379 380
380
383
393 395 989
395 397
397 756
399 400 401
400 401
401 403 815
403 404 405
404 405
405 406
406
412 413 807
413 414
414
417 418
418 420 604
420 421
421 423
423 425
425
428 429 430
429 430
430
433 435 509
435 437
437 438 439
438 439
439 441
441 724
444
454 455 793
455
459 461
461
464
467 469
469 471
471 472 473
472 473
473 474 475
474 476
475 476 477
476 477
477
481
485 486 487
486 877
487 489
489 490 491
490
491
494 495
495
499 500
500 502
502
505
508 509
509
512
520
522
525
528 530
530
534 536
536 538
538
544 546
546 547 548
547 548 549
548 549 550
549 550
550
553
555 556
556
559
566 568
568 569
569
572 573
573 575
575 577
577 578
578 580
580 581 582
581 582 583
582 583 584
583 584 602
584 586
586
592 593 594
593 594
594 595 596
595 596 597
596 597
597
600 602
602
604 605
605
611 612
612
623 624 625
624 626
625 626
626
632 633
633 635
635
638
642
643
649 650
650
654
656 658
658 659
659
662
668
673 674 675
674 675
675
682 683 684
683 684
684
687 688
688 689 690
689 690
690 692
692
695
698 699
699 701
701
705
708
709
713 714
714
720 721
721
724
728 730
730 732
732 733 734
733 734
734
737 739
739 741
741 743
743 745
745 746
746 748
748
754 756
756 758
758 760
760 762
762
769 770 771
770 771
771 773
773 774 775
774 775
775 777
777
780 781
781 783
783 784 785
784 785
785 786 787
786 787
787 789
789
792 793
793
796
799 800 801
800 801
801
806
807
811 813
813 815
815
817 819
819 820 821
820 821
821
824
827
830 831
831 833
833
836 838
838
841
844 845
845
849 850
850
853 855
855 857
856 858
857 858
858 859
859
864 866
866 867
867 869
869
872
876 877 878
877 878
878 896
882 884
884 885
885 891
888 890
890 891
891
896 898
897 898 899
898 899 900
899 900
900 901
901 903
903
907 908
908
913 914
914
917 919
919 920 921
920 921 922
921 922
922
925 926 927
926 927 928
927 928
928 930
930
933 934
934 936
936 938
938
942 943
943
946 948
948 950
950
954 955
955
958 960
960
967 969
969 970
970
973
974
977 979
979 980 981
980 981
981
984 985
985
988 989 990
989 991
990 991 992
991
992
998 999
999
