#naive2.0.py
# GMT Fri Feb 14 14:28:10 2020
# 
0 1 2
1 2
2 4
4
7 9
9
21 22 23
22 23 24
23 24 25
24 25
25
29 30 364
30 32
32 34
34 35
35
39 155
45 47
47 48 49
48 49 50
49 50 51
50 52 171
51 52 53
52 53
53
60 62
62 63 64
63 64 65
64 375
65 66 809
66 67 68
67 68
68
71 72
72
76 77 78
77 78
78 80
80 82
82 83 84
83 84 998
84 838
86 88
88 89
89
95
103 105 897
105 106 107
106 107 108
107 109
108 109 110
109 110 593
110 112
112 195
113 370
116 117
117 118
118
124
129 130
130 131 850 241
131
135
140 392
143 145
145 146 812
146 148
148 149
149 151
151 152
152
155 157
157
161 163
163 165
165 166
166
169
171 789
178
186 187 188
187 188 189
188 189
189
192 193
193 195
195 196
196
200 202
202 203
203
206
210 211
211 213
213 214 215
214 215 216
215 216
216
219
221
227 228
228 571
232
237
240 241
241 242
242 243
243
246 248
248 250
250 251 252
251 252
252 254
254 256
256
259 260
260 262
262 264
264
269 270
270 272 686
272
275 276
276 278
278 279
279 281
281
285
289 290 615
290
293 294
294 296
296 360
299 300
300
303
306 307 308
307 308
308
311 312 313
312 313 314
313 314 315
314 315
315 901
323 324 325
324 325
325
328
329
332
339
345 347
347
348 350
350 351 687
351 353
353
359 360
360 362
362 364
364
368 370
370 372
371 372
372 374
374 375 376
375 376
376 378
378 379
379
382
386 387
387 389
389 390 391
390 391 392
391 392
392
395 396
396
401
404 405
405
414 415 416
415 416 417
416 417 418
417 418
418 420 604
420 422
422 423
423
428 429
429 431
431 432
432 433 434
433 434
434
437 438
438
443 445
445
449 450
450 451
451 619
455
459 460 461
460 461
461 462 463
462 463
463 465
465 467
467 469
469
473
476 477
477
481 483
483 485
485
488
489
495 497
497
501 503
503
507 934
508
512
519
521 523
523 524
524
529
533 735
534
537
541 542
542
545 546
546 548
548
551
555 556
556 558
558
562 563 564
563 564
564 566 948
566
569 571
571 573
573
578 579 580
579 580
580
584 585 586
585 586 587
586 587
587
590 592
592 593
593
595
602
604 606
606 608
608
615
619 620 621
620 621 622
621 622
622
630
631
634
637 638
638
641 788
643 644 645
644 645
645 647 708
647
652
655
658
663
666
672
675
681 683
683 684 685
684 685 686
685 686 687
686 687
687
690 692
692 693
693
696
702
705
708
709
717 718 719
718
719
722
731
735 736
736 738
738
744 745
745
750
755 756 757
756 757
757
763
767
770
773
785 786
786 788
788 789 790
789 790
790
792
799 800
800 802
802 803
803
804
809 810
810 812
812
818 819 820
819 820
820
822 823
823 825
825
828 830
830 831 832
831 832 833
832 833
833
836 838
838 839
839
842 843
843
849 850
850
852 854
854
860 861
861
864
873
876 877 878
877 878 879
878 879 896
879 881
881 883
883 885
885 891
887 888
888
891 892
892
896 898
897 898
898 900
900 901
901 903
903 905
905 906 907
906 907
907
910
914 915
915
926 927 928
927 928 929
928 929 930
929 930
930
934 936
936 937
937 939
939 940
940 942
942 943 944
943 944
944
948 949
949
952 953
953
956 958
957 958 959
958 959
959 961
961
965
970 971 972
971 972
972 974
974
977 978
978 980
980 982
982 983 984
983 984 985
984 985
985
993 994 995
994 995
995
998
