#naive2.0.py
# GMT Fri Feb 14 14:28:10 2020
# 
0
3 4 220
4
7
10 11
11
14 15
15 16 17
16 950
17 18 19
18 733
19 20 225
20
23 24
24 26
26 28
28
32 33
33
39 40 41 155
40 41 42
41 42
42 491
44
48 49 50 922
49 50 51
50
51 53
53 55
55 56
56
59
63 65
65
67 69
69
72 73
73 75
75 76 77
76 77
77 79
79 81
81 82
82
86 87
87
93 95 269
95 97
97 98
98 100 556
100 833
102 987
106 108
108
111 367
112
115
118
121
123 125
125 127
126 127
127 129 367
129 130 298
130 131 850
131
134 135 136
135 136 137
136 137 138
137 138 289
138
141 142 143
142 143 144
143 144
144 406
146
149 151
151
153 155
155 472
156
160
161
164
167
170
174
177 178 179
178 179 180
179 180 181
180 181 182
181 215 607
182 184
184 185 186
185 186
186 747
189 190
190
197 199
199 200
200 202
202 203 204
203 204
204 567
206 207
207
213 214 215
214 215
215 217
217
220
222
225
228
232
233 235 520
235 237 856
237 239
239 240
240
246
249 251
251 252 253
252 253
253 255
255 256 257
256 257 258
257 258 259
258 259
259
262 264
264 265 266
265 266
266 268 890
268 269
269 271
271 272 273
272 273 274
273 274
274
277 278 279
278 279
279
282
288 289
289 615
296 298 360
298
304
305
308 309 310
309 310
310
313 314 315
314 315 316
315 316 901
316 317
317
320
323
326 328
328
329
334
337 338 339
338 339
339 341
341 343
343
351 353
353
356 357
357
360 361
361
364 365 366 969
365 366 367
366 367
367
372
373
376 378
378 380
380
385
389 390 391
390 391 392
391 392 835
392
395 396
396
402 403
403
406 407
407 409
409 410 411
410 411
411 413
413 414
414
417
421 423
423 425
425 427
427 429
429 430 431
430 431 432
431 432
432 454
435
438 440
440 442
442 444
444 445 446
445 446
446 448
448 449 450
449 450
450 451 452
451 453
452 454
453 454
454 793
458 459
459
462 463
463
468 469
469 471
471 472
472
481 482
482
486 488 877
488 490
489 490 491 517
490 492
491
492 494
494 495
495
498 500
500 502
502
504 505 910
505
511 512
512
515 517
517 518 838
518 519 520
519 520 829
520
522 524
524 525
525 527
527 528 529
528
529 531
531
535
538 539
539 541
541
544
549 550
550 552
552 554
554 555 556
555 556 557
556
557 856
564 948 654 871
565 567
567 569
569 570
570
576
585 587
587
590 591 592
591 592 593
592 593
593
597 598
598 600
600 601
601
604 606
606 607
607
611
614
615
620 621 622
621 622
622
629
632
637
642 644
644 645 646
645 646 647
646
647 649
649
652 654
654
655
658
662 663
663 665
665 667
667 669
669 671
671
674
676 678
678
683 685 863
685 686
686
693 694
694 696
696 697
697 865
699 700
700
703 704
704 706
706 707
707 709
709 710
710 866
714 715
715
719
722 723 724
723 725
724 791
725 727
727
730 731 732
731 732 733
732 733
733 735
735 736 737
736
737 739
739 741
741 742
742
745 746 747
746
747 749
749 750 751
750 751
751 753
753 755 931
754 755 756
755 756
756 758
758 759
759 761 975
761 841
763 764
764
766
769
772 773
773 775
775 776 777
776 777
777
780 782
782 783 784
783 784 785
784 785
785
791 792 793
792 793
793
797
801 803
803
808
812
816
820
829 830
830 832
832 833 834
833 834 835
834 835
835 837
837 838 839
838 839
839 840 841
840 841 842
841 842
842 844
844
847 848
848 850
850 865
856
857
860 861
861 862
862 863 864
863 864
864 866 975
865 867
866 867
867 869
869 871
871
873 875
875 877
877 878
878 880
880 881 882
881 882
882
890
892 893
893
901 903
903 905
905 906 907
906 907 908
907 908
908 910
910
913
916 918
918 920
920 922
922
927
930 931
931
934 935
935
941
945
948 950
950
954 956
956
963
969 970
970 972
972
975
977
982
986 987
987
991 993
993 994
994
997
