#naive2.0.py
# GMT Fri Feb 14 14:28:04 2020
# 
0
6
11 12
12 14
14 15
15 16 17
16 254
17
20
24 25
25 27
27 28 288 658
28 30
30
37 38
38 40
40 42
42
47 205
50 171
51
55
58 59
59 61
61 528
65
67
73 74
74 76
76 77 78
77 78
78
83 85
85
88 89
89 91
91
95
101
104 105 106
105 106
106 108
108
113
125 127
126 127 128 447
127 129
128 129
129
134 135 136
135 136 137
136 137 845
137
139 140 141
140 141 142 973
141 142 143
142 143
143
147
150 152
152 153
153 155
155
159
161 162
162
165 167
167 169
169 170 517
170 171
171 789
176 177
177
182 184
184 186
186 188 747
188 190
190
194 195
195 197
197
198 200
200
203 205
205 284
206 207
207 209
209 210
210 212
212 214
214 215 216
215 216
216 218
218 219
219 895
221 222 223
222 223
223 225 490
225
226 971
229 230
230 232
232 234
234 236
236 237
237
240 241
241 242
242 244
244 304
247 248 249
248 249 250
249 250
250
253 254 255
254 255 256
255 256 257
256 257 258
257 258
258 260
260 261 262
261 262
262 264
264 265 266
265 266 267
266 267
267
272 273 274
273 274 275
274 275
275 962
277 278
278 280
280 281 460
281 674
284 286
286 287 288
287 288
288
292
296
300 301 302
301 302 303
302 303 304
303 304 845
304
306 308
308 310 798
310
313 314
314
317
322 324
324 325
325 327
327 329
329 330 331
330 331
331 332 333
332 333 334
333 334
334
338
345 347
347 349
349
352 353 354
353 354
354 356
356 358
358
362 363 597
363
366
369 371
371
375 376
376
379 380
380
384 385
385
388 389
389
394 395
395
400 401 402
401 402 403 815
402 403
403
409 411
411 413
413 414
414
419 421
421 422
422 614
425 427
427 429
429 431
431 886
434
440 441 442
441 442
442
446 447 448
447 449
448 449
449
452 738
453 455
455 456 457
456 457
457 459
459 460 461
460 461
461 462 463
462 463
463 464
464 466
466 467
467 469
469 470 471
470 471
471 473
473
476 477
477
481 483
483 484
484 486 746
486 877
487
490
494 495 496
495 496
496
499 500
500
505
508 509
509
511 513
513 514
514
517 838
521 523
523
526 528
528
533 735
536 537
537 539
539 541
541
545 546 547
546 547
547
551 552
552 554
554
557
561 788
563 565
565 566
566 568
568 569 570
569 570
570 572
572
575 576 577
576 577
577
580 582
582 583 584
583 584
584 585
585 587
587 589
589 590
590 592
592 594
594 596
596 597 598
597 598
598
601 603
603
609
614 831
615
619 621
621 622
622
625 626
626
631 632
632
638 640
640 641
641 788
644 646
646
653 655
655 657
657 658
658
662 663 664
663 664 665
664 665 666
665 667
666 667
667
670
674 675
675 677
677 678
678
681 682
682 684
684 686
686 687
687
693 695
695 697
696 697 698
697 698
698 700
700
706 707 708
707 709 944
708 710
709 710
710 712
712 714
714
717 719
719
722
725 727
727
735 736
736 738
738 739
739
742
743 745
745 746 747 798
746
747 749
749 751
751 753
753 755 931
755 756 757
756 757
757
761 841
764
769
772 773
773 775
775 776 777
776 777
777 779
779
787 788 789
788 789
789 791
791
795
798
801 802 803
802 803
803 805 946
805 806 807
806 808
807 808
808 810
810 811
811
814 815 816
815 816
816 818
818
822 823 824
823 824 825
824 825 826
825 827
826 827
827 828
828
831
835
838
841 842
842
845 847
847 849
849 851
851 853
853
859 860
860
870
873 874
874 876
876 877 878
877 878 879
878 879 880 896
879 880 881
880 881
881
884 886
886 888
888
892 893 894
893 894 895
894 896
895 896
896
903 904
904
907 909
909 910 911
910 911
911 913
913 915
915
918 920
919 920
920 922
922
925 927
927 929
929 930 931
930 931
931
936 938
938
943 944
944 946
946 947 948
947 948
948
952 953 954
953 954
954 956
956 958
958 959
959 961
961 962 963
962 963 964
963 964 965
964 965
965 966 967
966 967 968
967 968 969
968 969
969
971 972 973
972 973
973
988
994 995 996
995 996 997
996 997
997
