#naive2.0.py
# GMT Fri Feb 14 14:28:02 2020
# 
5 6 7
6 7
7 9
9
12 13
13 531
17
21
24
27 658
30 31
31 58
34 36
36 38
38 40
39 40 41 155
40 41 42
41 42 43
42 43 491
43 44
44
49
55
58 59
59
66
69 416
71 73
73 74 75
74 75 76
75 76
76
79 80
80
83 84
84
87
94 96
96
99 100
100 833
102
104 105 106
105 106
106
112 114 195
114 855
117
121
123 125 817
125 868
126
129 130 298
130 131 397 826
131 133
133 135
135 136
136 138 845
138 347
142 143
143
148 149 150
149 150
150
153 155
155 472
161 162 163
162 163
163 991
166 168
168 169 170
169 170 517
170
174 175 176
175 176
176
179 180
180
185 187
187 189
189 190 191
190 191
191 193
193 195
195 196 197
196 197
197 199
199 200 201
200 201
201
206 208
208 209
209
212 214
214
217
226 227 857
227 229
229
236
242 243
243
246
249 250 251
250 251
251 253
253 255
255 256
256 258
258 259
259 261
261 262
262
265 266
266
269 270
270
273
279 280
280 460
283 284
284 285
285 287
287 289
289 291 615
291
294
298 299 300
299 300
300 302
302 303
303 845
306 307 308
307 308 309
308 309 310
309 310 311
310 311 312
311 312 313
312 313
313
319
323 324
324 326
326 327
327 329
329
332 333 334
333 334 445
334 336
336 337 338
337 338
338 340
340
343 537
346 347 348
347 349
348 349 350
349 350
350 687
353 354
354 356
356
360
364
371 372 373
372 599
373
380 382
382 383
383
387
393 395
395 396 397
396 397 398
397 756
398 399
399
404
407
408 410
410
413 415
415 416 417
416 417 418
417 418
418 420
420 422
422 669 614
425
429 430 431
430 431
431 886
434
438
443 445 646
445
448
455
460 461
461 462 463
462 463
463
466 467 468
467 468 469
468 469 470
469 470 471
470 471 472
471 472 473
472 473
473 475
475 476
476 478
478 479
479 481
481 483
483 484
484
488 490 748
489 490 491 517
490
491 964
495 497
497 499
499 501
501
504 505 910
505 506
506
509 510
510 512
512 514
514 516
516 918
517
519 520
520 521
521 523 782
523 524
524 526
526 527 528
527 528
528 530
530 531
531 533
533 535 735
534 535 536
535 536 537 825
536 537 538
537
538 540
540 542
542
556 558
557 558 559
558 559 560
559 561
560
561 788
563 564 565
564 566 948 871
565 566 567
566 567 568
567
568
575
579 742
581 582 583
582 583
583 602
585
588 590
590
593 594
594 595
595 597
597
599 629
602
605
609 610 611
610
611
614 831
615
621
625
629
631
635 637
637
640 641
641 788
644 645 646
645 646
646 648
648 650
650 994
655 656
656 658
658
660 661
661
665
666 668
668 669 670
669
670 672
672 673 674
673 674
674
679 681
680 681 682
681 682
682
687 688
688
691
703
713 714
714 715 716
715 716 717 806
716
717
724
727 728 729
728 729 730
729 730
730 732
732
735
738
742
743
747 749
748
749 751
751
756 757 758
757 758 759
758 759 760
759 760 761
760 761 762
761 762 841
762 764
764
768 769
769
774 776
776
779 780 781
780 781 782
781 782
782 784
784 785
785 786
786 788
788 789
789
797 799
799 800 801
800 801
801
805 806
806 808
808 810
810 812
812 814
814 815 816
815 816
816 817
817 819
819 821
821 823
823 824 825
824 825 826
825
826
830 831
831 833
833
837
841 842 843
842 843 844
843 844 845
844 845
845
851 852 853
852
853 855
855 857
857
859 860
860
862
865
868 869 870
869 870 871
870 871
871
876
879 881
881 883
883
886
889
893 895
895
900 902
902 903
903 905
905 906 907
906 907
907
910
915 916 917
916 917 918
917 918
918 920
920 921
921 923
923 924
924 926
926
930
933 935
935 937
937 938
938 940
940 941 942
941 942
942 944
944
948 949
949
952 953 954
953 954 955
954 955 956
955 956
956 958
958 959 960
959 960 961
960 961
961 963
963 964
964
966
972
976
980 981
981
985 986
986
990 991
991 993
993 994
994
999
