#naive2.0.py
# GMT Fri Feb 14 14:28:03 2020
# 
2 4
4
10 11 12
11 12 13
12 13
13
17
20 21
21
25 27
27 29 288
29
34 36
36 38
38 115
39 41
41
45 46
46 48
48
52 516
55 57
57
61 63 528
62 63 64
63 64
64
71
75 76
76
80
83 85
85 86 163
86
91
97 99
99 101
101
104 105
105
109 110
110
113 114 115
114 115 855
115
119 120 121
120 121 122
121 122 386
122 123
123
126
129
131 132
132 134
134
137 138 289
138 139 140 347
139 140 141
140 141 142 392
141 142
142 144
144 381
145 812
148 149 150
149 150
150
154 156
156
159 160 567
160 162 705
162 163 164
163
164 166
166
170
174 176
176 177
177 179
179 180
180 182
182
186 187
187
190 191
191 193
193 194 195
194 195
195 197
197
198 200
200
203 204 796
204 567
206
209 210 211
210 211
211
214 215
215 748
219 220
220 221
221 223
223 224 225 490
224 225
225 227
227 229
229
232 234 951
234 235 236
235 237
236 237
237 239
239 241
241 242
242 244
244 246
246
250 252
252 253 254
253 254
254 256
256 846
259 261
261 263
263 265
265
270 272
271 272
272 274
274 275 276
275 276
276 278
278 279 280
279 280
280 460
284 286
286 288
288 289
289 290 615
290
293 294 295
294 295 296
295 716
296 360
306 308
308 309 798
309
314 316
316 318
318 320 642
320 321 322
321 322 323
322 323 324
323 324 325
324 325 326
325 326
326
330 540
332 334
334 335
335
340
343
346 347
347 349
349 351
351 353
353 354
354
357 358
358 360
360 361
361
366 367 368
367 368
368
371
378 379 380
379 380 381
380 381
381
384 385 386
385 386
386
392
396 397
397
399 401
401 402 403 815
402 403
403
408 409 410
409 410
410
413 415
415 416 417
416 417
417 419
419
422 669 614
426 427 428
427 428 429
428 429
429 431
431 432 886
432 433 434
433 434 509
434 436
436 437 438
437 438 439
438 439
439 441
441
445 446
446 448
448
453 455
455 456
456
459 460 461
460 461
461 462 463
462 463
463 464 465
464 465 466
465 466
466
470 471
471
474
477 478
478
481 482
482
489 490 491 517
490 492
491 493
492 493
493 495
495 497
497 499
499
503 505
505 507
507 509 934
509 510
510 511
511
516 518 918
517 518
518 519
519
522 524
524 525 526
525 526
526 528
528 530
530
535 536
536 538
538 540
540 542
542 544
544 546
546
549 550
550
553
558
562
565 566 567
566 567
567 569
569
572 573 574
573 574
574 576
576 577
577 579
579 741
582 584
584 585 586
585 586
586
591 592
592 594
594
597
599 600 601 629
600 601
601
604
608
612 613 614
613 614 615
614
615
619 621
621 622
622
625 627
627 629
629
631 632 633
632 633 634
633 634 635
634 635 636
635 636 637
636 637 638
637 638 639
638 639 640
639 640 641
640 641 642
641 642 788
642
643
646 648
647 648
648
651 652 653
652 653
653 790
657 659
659
662 663
663
666 667
667 669
669
673
678 679
679 681 783
681 682
682 684
684 685
685
688 690
690 692
692
695
696
701 702 703
702 703
703 705
705
709 710 711
710 711 712 866
711 712
712 714
714 716
716 718
717 718 719
718 734
719 721
721 722 723
722 723
723
727 728 729
728 729 730
729 730 731
730 731
731
734 735
735 737
737 738
738
741 743
743
746 748
748
751 753
753 755
755
758 760
760 761 762
761 762 841
762 763
763 765
765
768 769 861
769 771
771 773
773 774
774 776
776 777
777
780
783 784 978
784
787 788 789 912
788 789 790
789 790
790
792 793 794
793 794
794 796
796 823
798
800 801
801
804
807 808
808 810
810 812
812 813 814
813 814 815
814 815
815
819 821
821 822 823
822 823
823
828
832 834
834
841 843
843 845
845 847
846 847
847 848 849
848 849
849 851
851 852 853
852 854
853 854 855
854 855
855
858 860
860 861
861
864 866 975
865
866
869
872 873
873
876
880
883 885
885 886
886 887
887
893
897
905 906 907
906 907
907
912 914
913 914
914 916
916 918
918 920
920
925
929 930
930 932
932 933 934
933 934
934 936
936 937
937 939
939
944
947
951 953
953 954
954 956
956 958
957 958 959
958 959 960
959 960 961
960 961
961
965
970 971 972
971 972
972
975 976
976 977 978
977 978
978 980
980 981 982
981 982
982
985 986
986
990
993 994
994 996
996 997
997 999
999
