#naive2.0.py
# GMT Fri Feb 14 14:28:06 2020
# 
0 999 2
2 4
4 6
6 8
8 10
10 12
12 13 14
13 531
14 107
19 21 225
21 23
23
29
34 35 36
35 650
36 38
38 115
43 45
45 46
46
51
59
62 63 64
63 64
64 375
66 67
67 69
69
71 72
72
75
82 83
83
88
92 93 94
93 95 269
94 95
95 474 899
99 100 101
100 101
101 102
102 987
104 106
106 107
107
111
115 117
117
120 122
122 123
123 125
125 127 868
126 127 128
127 129
128 129 130
129 130
130 131 241 826
131
135
141 143
143
149 150
150 152
152 153 154
153 154
154 156
156 157 404
157 158 159
158 159
159 567
162 163 164
163 165
164 165 166
165 166
166 168
168 170
170
178 179
179
182
186 187 747
187
191 193 736
193 194
194
198
201 202 203
202 203
203 205 796
205 284
208 210
210 211 212
211 212 213
212 213 214
213 214 215
214 215 216
215 216
216
219 895
223 224 225
224 225 226
225 227
226 227 971 857
227 228
228 571
235 237 856 602
236 237
237
241
243
247 249
249 250 251
250 251 252
251 252
252 254
254 255 256
255 256 257
256 257 258 846
257 258
258
261 262
262 264
264 265
265 267
267 269
269 270
270 272 686
272 273
273
277 278
278
282 283 284 290
283 284
284 286
286 288
288 289
289 290 615
290
293 295
295 716 404
300
304
305 306
306
312 314
314 315
315 901
321 322
322 324
324
330 331
331 332
332 334
334 335
335
338 339
339 341
341 343
343 345
345 346 347
346 347
347 349
349 350
350
356
361 363
363
370
373 374 375
374 375 376
375 376
376 378
378 379 380
379 380
380
383 384
384 386
386 387
387 389
389 390
390
393 394 989
394
398
401 403
403 404 405
404 405
405 406
406 408
408 409 410
409 410 411
410 411 412
411 412
412
414 415
415
419 420 421
420 421 422
421 422 423
422 423 669
423
431
434
438 440
440 442
442 444
444 445
445
449
454 455 852
455
459 460
460
463 464 465
464 465
465
469 470 471
470 471 472
471 472 473
472 473
473 474
474 476
476 477
477 479
479 480 481
480
481
484 485
485
488
492
495 496
496
500
503 505
505 506 507
506 507
507 934
511 512 513
512 513 514
513 514 515
514 515
515
518
521 523 782
523 525
525 526 527
526 527
527 529
529 531
531
534 536
536 538
538
542 544
544
547
553
557 558 856
558
565 566 567
566 567
567
570 571
571
575 576
576 578 923
578 579 580
579 580 742 741
580
584 585
585 587
587 589
589 590
590 592
592 593
593
596
601 602 603
602 603
603 604
604 605
605
608 609
609 611
611
615
617 618 619
618 620 787
619 620
620 622
622 624
624 626
626 703
627 629
629 630
630 981
638 640
640 642
642
643 941
650 651
651 653
653 655 790
655 657
657
661 662 663
662 663 664
663 664 665
664 665 666
665
666
669
672 673
673
676 678
678
682 684
684 685 686
685 686
686 688
688 689
689 691
691 692
692 694
694
698
701 702 703
702 703
703
707 944
711
715 716 717 806
716 718
717 718
718 720 734
720 721 722
721 722
722 724
724
725 726
726
729
732 733 734
733 734 735
734 735 736
735 736
736
739 741
741 742 743
742
743
747
750
758
762 764
764
769 771
771 772
772 774
774 775
775
782 783
783
786 787 788
787 788 789
788 789 790
789 790
790
795 796
796
800 801
801
804 806
806
812 813
813
816
819 821
821
824 825 826
825 827
826 827
827 828
828 830
830 831
831
834
838
840 841 842
841 842 843
842 843
843
846
848 849
849
852
856 858
857 858
858 859
859
864 866 975
866
868 870
870 872
872 873
873 875
875
878 879 896
879
885 891
888 889 890
889 890 891
890 891
891 892
892 894
894 896
895 896
896 898
898 899
899
901 903
903
907
914 916
916 917
917 919
919 921
921 923
923
928 930
930 932
932 934
934 935 936
935 936
936
940 941 942
941 942
942 943 944
943 944 945
944 945
945
948 949
949 951
951 952 953
952 953 954
953 954 955
954 955 956
955 956
956
961 963
963 964
964
967 968 969
968 969
969
971
974 975 976
975 976
976
980 981 982
981 982
982 984
984 986
986 987 988
987 988 989
988 989 990
989
990
995 996 997
996 997
997 999
999
