#naive2.0.py
# GMT Fri Feb 14 14:28:05 2020
# 
6 7 8
7 8
8 10
10
13 15 531
14 15 107
15 16 17
16
17 18 19
18 526
19 20
20
26 27
27 29
29 30 364
30 31 32
31 32 58
32 33
33 35
35
36 38
38 40
40
44 45
45
48 49 922
49 51
51
56 58
58 59
59 61
61 63 528
63 64 65
64 375
65 809
67 68 69
68 69
69
72 73 74
73 74
74
79 80 81
80 81 82
81 82 83
82 83
83 85
85 86 87
86 87 88
87 88 503
88 90
90 91
91 92 93
92 93 94
93 95 269
94 95 96
95 96 97 899
96 97
97 99
99
103 897
107 109 448
108 109
109
112
113
116 153
121 122 386
122
128 129 130
129 130 298
130 131 132 850 241
131 132 133
132 133 134
133 134
134 136
136 138 845
138 139 140 347
139 140
140 973
143 144 145
144 381
145 146
146 147
147
150
153 155
155
156 404
160 162 705
161 162
162 164
164
168 169 170
169 170
170
174 175
175
178 179 180
179 180
180
183 185
185 186
186
189 190 191
190 191
191
194
198 199
199
205 284
206 207
207
212
217 218
218
222 224
224
228 229 571
229 231
231 233 764
233
236 238
238
241
244 304
248 249
249 251
251 252
252
255 256
256
260
264 265
265 342
268 269 270
269 270 271
270 272
271 272
272
277 278
278
284 285 286
285 286
286
289 291
291 292
292 294
294 295
295 297 716 404
297 298
298
302 304
304
305 306 307
306 307
307
318 319 320
319 320 321
320 321 322
321 322
322 324
324 326
326 327
327
331 332 333
332 333 334
333 334 335 445
334 335
335 337
337 338
338 340
340 342
342 344
344 345
345 347
347
348 350
350 687
353 354
354 356
356
360 362
362 364 597
364 365 366
365 366 367
366 367
367
374 375 376
375 376
376
381 382
382 384
384 386
386 387
387
396
399 401
401 403 815
403 404
404
407
411 413
413 414
414
419 420
420 422
422 423 614
423 425
425 426
426
430
434 436
436 437 438
437 438 439
438 439
439
443 445
445
448 449 450
449 450
450
455 456 457
456 457 458
457 458 459
458 459
459
462 463 992
463 465
465 467
467 468 469
468 469
469
476
479 480 481
480 482
481 482 483
482 949
483
490 492
492 493 494
493 494 495
494 495 496
495 496 497
496 497 498
497 498
498
502 503
503
507 934
514
518
521 782
522 524
524 526
526 528
528
531 532 533
532 533
533 735
538
541 542 543
542 543
543
548 549
549
552 554
554 555 556
555 556 894
556 558
558
564 871
567
571
572 574
574 576
576 577
577 579
579 741
584 586
586 588
588 589
589 591
591
595 597
597
601 603
603 604 784
604 605
605 607
607 608
608
611 612
612 614
614 616 831
616
619
622
627 628
628 630 819
630
636 637
637 639
639 641
641 788
643 644 645
644 645
645 647
647 648 649
648 649
649
655
659
663 664 665
664 665 666
665
666
672
675 677
677 678 679
678 679
679 783
687 688
688
691 692 693
692 693
693
696 698
698 699
699 701
701
704 705
705 945
707
712
716 718
717 718
718 720 734
720
725 727
727 728
728
731 732
732 734
734 735
735
739 741
741 743
743 744 745
744 745 746
745 746
746
749 751
751 752
752 754
754
760
764
767 768
768 770 861
770 772
772 773 774
773 774 775
774 775
775 777
777 778 779
778 779
779
782 783 784
783 784 785
784 785
785 787
787 788 789 912
788 789 790
789 790
790
793 794
794 796
796 823
799 800 801
800 801
801 803
803 805 946
805
809
814 815
815
818 819
819 821
821 823
823 825
825 827
827 829
829 830 831
830 831
831 833
833
838 839
839
842 844
844 845
845 847
847
850
851
859 860 861
860 861
861 862
862
866 867
867 868 869
868 869 870
869 870 871
870 871
871
873
876 878
878 880
880 881
881
884
888
894
895 897
897 899
899 900
900 901 902
901 902 903
902 903
903 905
905 907
907 909
909 910
910 912
912
913
916 917 918
917 918 919
918
919
922
927
930
933 934
934
937
940
945 946
946
949 951
951 952 953
952 953 954
953 954
954
958
963 964 965
964 965
965
968
971 972 973
972 973 974
973 975
974 975
975
977
980
988 990
990 992
992
995
