#naive2.0.py
# GMT Fri Feb 14 14:28:05 2020
# 
2 3 4
3 4 5 220
4 5 6
5 6
6
9 10
10
15 16
16 254 950
18 733
20
25
28 30
30
33
39 40 41 155
40 41
41 43
43 44 45
44 45
45
48 49
49 51
51 52 53
52 53 54 516
53 54
54
58 59
59 61
61 660 528
67
70 71
71 73
73 74
74
80 81 82
81 82 83
82 83 84
83 84 85
84 85
85 87 163
87 88
88
91 93
93
97
102 103 987
103 105 897
104 105 106
105 106
106
109 111
111 113
112 114
113 114 115 370
114 115 855
115
118
122
125 127
126 127 128
127
128
132 133
133
138 140 347
140 141 392 973
141
144
145
149 150
150 152
152
155 157 472
157 159
159 160 285
160 705
161 163
163 165
164 165 166
165 166
166
169 170
170 171 172
171 172
172 173
173
178 179 180
179 180
180 182
182 183
183 624
190
194 196
196 766
198
201 202 203
202 203
203 205 796
205 284 559
206
213 214 215
214 215
215 217 748
217 218 219
218 219 220
219 220
220
222 223
223
227 229
229 230
230
234 235
235 602
238
244 245 304
245 247
247
254 255 256
255 256
256 846
262 263 264
263 264
264 266
266
275
277
280 344 460
283 284
284 285
285 287
287 289
289 290 615
290
296 360
300
304
305 306
306 308
308 309
309 311
311 313
313 314
314
320 322
322 323 324
323 324 325
324 325
325 327
327
332
335 336 337
336 337
337
341 342 343
342 344 560
343 344
344
347
350 351
351 353
353 355
355 356
356 358
358 360
360 362
362 364
364 365
365
368 369 370
369 370
370 372
372 599
373 375
375
379 380
380
383
388 390
390 392
392
399
402 403 404
403 404
404
407
408 410
410 411
411 413
413 414 415
414 415
415 417
417 418 419
418 420
419 420
420 422
422 423 669 614
423 425
425 427
427 429
429
438 439
439 441
441 442 443 724
442 443 444
443 444 646
444
449 450
450 451
451 619
454 793
456 458
458 460
460
462
464 465 466
465 466
466 468
468 470
470 472
472 473
473 474 475
474 476
475 476 477
476 477
477 479
479 480
480
485 487
487 488
488 748
494 495
495
498 499
499
502
505 506 507
506 507
507 509 934
509 510
510
514 515 516
515 516
516
521 523
522 523
523
527 528 529
528
529 531
531 532
532 534
534 535
535 825
538 539
539 541
541 542 543 553
542 543 544
543 544 723
544 546
546 548
548 549
549
553 554
554 556
556
559 561
560 562
561 562
562
565
571
572
576 577
577
580
583 584 602
584 585
585
591
595 596
596 598
598 599
599 601 629
601 602 603
602 603
603 784
605
608 610
610
614
615
618 787
619 621
621 622
622 624
624
625 627
627 628 629
628 819
629
632 634
634 635 636
635 636 637
636 637
637
640 641 642
641 642
642
643
646
649
654 660
656
659 660
660 662
662
666 667
667 669
669
670 672
672 674
674 675
675 676 677
676 677
677 679
679
680 682
682 683
683 863
689 691
691 693
693 695
695
700 702
702 704
704 705 706
705 706 945
706 708
708 710
709 710
710 712
712 714
714 715
715 717
717 718
718
722 723 724
723 725
724
725
733 735
735 737
737 738
738
743 744 745
744 745
745 747
747
748 750
750 752
752
756
762 763
763
766 768
768
774 775 776
775 776 777
776 777 778
777 778
778
784
786 787
787
790
793 794
794 796
796 823
800
804 805
805
810
815
819 821
821 823
823 824 825
824 825
825 827
827
830
833
837
846 847
847 849
849 851
851 853
853 855
855
858 860
860
863 864
864
865
869 871
871 872
872 874
874
878
882
885 886 891
886
891
894
897
901 903
903 904
904
913
917 919
919
927 928
928
931 932 933
932 933 934
933 934 935
934 935 936
935 936
936
945 946 947
946 947
947
950 951 952
951 952 953
952 953
953
958 960
960 961
961
965
971 973
973
976 978
978
979
983 984 985
984 985
985 987
987 989
989
993
997
