#naive2.0.py
# GMT Fri Feb 14 14:28:07 2020
# 
1 2 999
2
5 6
6
10 11
11
18
19 20 21 225
20 21 22
21 22
22 784
26 27 28
27 28 658
28
31 58
34 36
36 38
38 40
40 42
42
46
51
55
58 59 60
59 60
60 62
62 63
63
67 69
69 416
74 76
76
79 80
80 82
82
87 89 503
89 90
90 197
93
94 96
96 97
97
100 833
102 103 987
103 105
104 105 106
105 106
106
110 111
111 113 367
113 370
117 118
118 120
120 121
121 386
124 126
126 127 128 447
127 129 367
128 129 130
129 130
130 132 850
132 133
133 135
135 137
137 138
138 139 140
139 140
140 142 392
142 143
143
146 148
148 149 150
149 150 151
150 151 152
151 152
152 153 154
153 154 155
154 155
155
159
162 163 164
163
164
168
171 789
173 174
174 176
176 177
177 179
179 180 181
180 181 182
181 607
182 183
183
186 188 747
188 189
189 191
191
196 197
197 199
198 199 200
199 200
200 202
202 204
204 205
205 284
208 209
209
214
221
224 225 226
225 227
226 227 857
227 228
228 230 571
230 232
232
237
243 244 245
244 245 304
245 247
247 248
248
252
255
261 262 263
262 263
263 265
265 266 267 342
266 267 268 890
267 268
268
271
275 962
277 278 279
278 279 280
279 280
280 460
282 284
284 286
286
293
303 304
304
308 309 310 798
309 310 311
310 311 312
311 312
312 314
314 315
315 901
318 319 642
319 321
321 322
322
328
329
332 333
333
336 337 338
337 338
338
341 342
342
345 346
346 348
348 350
350 352
352 354
354 356
356 358
358
361
365 366 367
366 367
367 369
369 370
370
374 376
376 377
377 379 382
379
382 383 384
383 384 385
384 385 386
385 386 387
386 387 388
387 388
388
392
393 395
395
398 399
399
404
407
410
413 415
415 416 417
416 417
417 419
419 421
421 422
422
424
432
436 437 438
437 438 439
438 439 440
439 440 441
440 441 442
441 442 443 724
442 443 444
443 444
444
447 449
449 450 740
450 451
451
455 457
457 459
459 460
460
462 463 992
463
467 469
469
473
476 477
477 479
479 481
481 482 483
482 949
483 485
485 486
486 488
488
489
493 495
495 497
497
502 503 740
503 505
504 505 910
505 507
507 509 934
508 509
509
513 515
515 516
516 518
518 520
520
522 524
524
530 531
531
537 539
538 539 540
539 540 541
540 541 542
541 542 553
542
546 547 548
547 548
548
551 552 553
552 553 554
553 554
554 555
555 557 894
557
562
565
571
574 575 576
575 576
576
579 741
581
586 588
588 590
590
594 596
596 597 598
597 598
598 600
600
603 784
606 607
607
611 612 613
612 613
613 615
615
623
629
632
635 637
637
642 644
643 644 645 941
644 645
645
649
652
656 657 658
657 658
658
667 668
668 670
670 671
671 673
673 675
675 676 677
676 677
677
680 681
681
684 685
685
692 693 694
693 694
694
699 700 701
700 701 702
701 702
702 704
704
707
716
717 719
719 721
721 723
723
724 791
727 728 729
728 729
729 731
731
734
738
740 741
741
744 745 746
745 746 747 798
746
747 749
749 750 751
750 751 752
751 752
752
756 757
757 759
759 760 975
760 762
762
767 768 769
768 769 861
769
775
778 780
780
784
786
789 791
791 792 793
792 793 794
793 794
794 795 796
795 796 797
796
797 798
798
803
806 808
807 808 809
808 809
809
812 813 814
813 814
814 816
816 817
817
820 821
821
830 832
832 833
833 835
835
839
844 846
846
848 849 850
849 850 851
850
851 852 853
852
853
857 858
858
861
864 975
867 869
869 870
870 872
872 873 874
873 874
874 876
876
879 880 881
880 881 882
881 882 883
882 883
883 885
885
887
890
892 894
894
899
901 902 903
902 903 904
903 904
904 906
906 907 908
907 908
908 910
910 911
911 913
913 914 915
914 915
915
922
924 926
926 928
928 929
929
934 935 936
935 936
936
941 942
942
948 949
949
952 954
954 955
955
958 960
960 962
962
968
974 975 976
975 976
976 977 978
977 978 979
978
979
982 983 984
983 984
984 986
986 987 988
987 988
988 990
990 992
992
995
999
