#naive2.0.py
# GMT Fri Feb 14 14:28:09 2020
# 
0 1 2
1 2 3
2 3 4
3 4 5 220
4 5
5
9
13
14 107
17
21 23
23 24 25
24 25
25 27
27 28 658
28
32 33 34
33 34 35
34 35 36
35 37
36 37 38
37 38
38 40 115
40 42
42 491
45
53 54 55
54 55 56
55 56 57
56 57 58
57 59
58 59
59
62
67
70 71
71
74 75 76
75 76
76
79 80 81
80 81 82
81 82
82 84
84
86 87 88
87 88 89
88 89
89
92 94
94 96
96 98
98 99
99
102 103
103 105 897
104 105 106
105 106 107
106 107
107
111 113 367
113 114 115
114 115
115 117
117 118 119
118 119
119
125
126 128 447
128 129 130
129 130 298
130 131 826
131
135 136
136
140 142
142 144
144 381
146 147 148
147 148 149
148 149
149
153 154
154 156
156 404
158 159 160
159 160 567 285
160
161
168 169 170
169 170 517
170
174
180 181 182
181 215
182
186
189 190
190
193 194
194
203 204 796
204 567
207 209
209 210 211
210 211 212
211 212
212
215 216 748
216
219 220
220
225 227
226 227
227
231 764
234
237
240
242 243 244
243 244
244 246 304
246
250 251
251
255 257
257 258 259
258 259
259 261
261 262
262
265
268 270
270 272 686
271 272 273
272 273 274
273 274
274
278 279
279 281
281 674
284 285
285
291 292
292
297 298
298 299
299
303 304
304 573
306 307 308
307 308
308
314 315
315
321 322 323
322 323 324
323 324
324
327 329
329
332
336 338
338 339
339 341
341
344 345
345 347
347 349
349 351
351 352
352
357
360
363
367 368
368
372
375 376
376
379 381
381
384 386
386
390 391
391
393 394
394
400
404 405
405
410 411 412
411 412
412
414
417
427
431 432
432 433 454
433
436 437
437
440
444 445 446
445 446
446 447
447 449
449 740
453 454 455
454 455 852
455 457
457 458 459
458 459
459 461
461 462
462
466 467
467 469
469 470
470 472
472
477 479
479 481
481 482 483
482 949
483 485
485 487
487 488 489
488 748
489 491 517
491 909
492
497
501 502
502 740
504 505 910
505 506 507
506 507 508
507
508
512 513 514
513 514
514
517
520 521
521 523
523
526 527
527
530
536 537 538
537 539
538 539 540
539 540
540
543 545
545 547
547 549
549 551
551 552 553
552 553 554
553 554
554
559 561
561 562
562
567 569
568 569 570
569 570
570 572
572 573 574
573 574
574 576
576 577 578 923
577 578 579
578 579
579
585 586 587
586 587
587
595
598
602 603
603
605 606
606
611 612
612 614
614
618 787
621 622
622
625 627
627 629
629
632
635
638 639 640
639 640 641
640 641 642
641 642
642
643 645 941
645 647
647 648
648
651
654 660
658
660 662
662 663 664
663 664
664
670
674 675
675 677
677
682
686 688
688 690
690 692
692 693
693 695
695
696 698
698 699 700
699 700
700 702
702
714 716
716 718
717 718
718 734
721 722
722 724
724 791
728
732 734
734 735
735 737
737 739
739 740
740
744 745
745
748 750
750 751 752
751 752 753
752 753
753 755 931
755
758
761
764 765
765 767
767
770 771
771
774 776
776 778
778
783 785
785 786 787
786 787
787 912
791 792
792 794
794 796
796 823
797 799
799
802
806
810 811
811
814
822 823 824
823 824 825
824 825 826
825
826
828 829
829
832 833
833
837 839
839 840
840 842
842 844
844
848
851 852
852 854
854
858 859 860
859 860 861
860 861
861
863 864
864 866 975
865
866
870 871 872
871 872
872 873
873 875
875
878 880
880
885 891
887 888
888 890
890 891
891 892
892
897
900
903 904
904
907 909
909 910
910 912
912 914
913 914
914
918
923
926 927 928
927 928
928
931 932 933
932 933
933
936 938
938 939
939 941
941
944 945 946
945 946
946
949 951
951
955
958 959
959
962 963
963
966 967 968
967 968 969
968 969
969
972 974
974 975 976
975 976
976 977
977
980 982
982
985 986
986 988
988 990
990 991
991 993
993
998
