#naive2.0.py
# GMT Fri Feb 14 14:28:04 2020
# 
0 1 999
1 999
4
7 9
9
13 15 531
14 15
15 16 17
16
17 18
18
20 22
22 784
27 658
31 32
32 34
34 35
35
39 40
40
43 44 45
44 45 46
45 46
46 48
48 49 50 922
49 50 51
50
51 53
53 54
54
59 61
61 660 528
62 64
64 766 375
65 66 809
66 68
68
72 74
74 75
75
81 83
83 84
84 838
86
89 90 91
90 91
91 92 93
92 93
93 269
98 100 556
100 101 833
101 103
103 105 897
105
108 109
109 111 593
111
114
118 119 120
119 120 121
120 121
121 386
124
128
131 133
133
137 138
138 139 140
139 140 141
140 141 392 713
141 143
143 144
144 406 381
147 149
149 151
151 152 344
152 153 154
153 154
154 156
156 157 404
157 159
159 160 567 285
160 162 705
161 162
162
165
169 517
172
175 176 177
176 177
177
183 184 185
184 185
185
188
192 193 194
193 194 195
194 195
195
200 201 202
201 202 203
202 203 204
203 204
204 567
206 207 208
207 208
208
211 213
213 214 215
214 215
215 217
217 219
219 220 895
220
222
226 227 971
227 228 229
228 229 230
229 230 231
230 231
231
236
239 240 241
240 241
241
244 245 246
245 246
246 596
251 253
253
259 260
260 262
262 264
264 265
265 267 342
267 269
269
273 274 275
274 275 276
275 276 962
276 277
277
280 344
283 284 446
284 285
285
292 294
294 296
296 360
302
305
308
315 316
316
319
322 323 324
323 324
324
329 331
331 332
332 334
334
339
342 344
344 346
346
351
359 360 361
360 361
361 363
363 364 365
364 365 969
365
368 369
369 371
371 372 373
372
373 375
375
378 380
380 381
381
385 386
386
390 391 392
391 392 835
392
393 395
395 396 397
396 397 398
397 756
398 399
399 401
401 402
402 404
404 405
405 406 407
406 407 408
407 409
408 409
409
413
416
419
424
427 429
429
432 434
434 435
435
443 444 445
444 445 446
445 446
446 447
447
450 451
451 619
456 457 820
457 459
459
465 467
467 468
468 470
470 471 472
471 472
472
474 476
475 476
476
480 482
482 949
486 488 877
487 488
488 490
490
493 494
494
497 498 499
498 499 500
499 500 501
500 501 502
501 502
502
506
512 513 514
513 514
514
517 838
521
525 527
527 528 529
528 530
529 530 531
530 531 532
531 532 533
532 533 534 802
533
534
537 539
539
542
550 551 552
551 552 553
552 553 554
553 554
554 555 556
555 556 557
556 558
557 558
558
563
567 569
568 569
569
573 575
575
578 579
579 741
584 586
586
589
593
596 597
597
600 602
602
605
608
611
614 616 831
615 616
616 618
618 787
619
622
625 627
627 628
628
631
635 636
636 638
638
642
643 645
645 647
647 648
648
653 654 790
654 660
656 657 658
657 658
658
660 661
661 663
663 664
664
672 673 674
673 674
674
677 678
678 680
680 682
682 684
684 685
685 687
687
690 692
692 693
693
697 698
698 699
699
702
705
711 713
713
716
719 720
720 722
722
726 728
728 729 730
729 730
730
736
737 739
739 741
741 743
743
749
752
756 758
758
766 767
767 769
769
772
775
779 780
780
783 784 785 978
784 785
785 787
787 912
790
792 793 794
793 794
794
801 802 803
802 803
803 805
804 805
805
808 809
809
812
817
820 821
821
826 827
827 828
828
831 833
833 834 835
834 835
835 837
837 838 839
838 839
839
844 845 846
845 847
846 847
847
852
858
863 864
864 866
866
869 870 871
870 871 872
871 872
872 874
874 876
876 877 878
877 878 879
878 879 880 896
879 880
880
885 886 891
886
889 891
891 892
892
895 896 897
896 898
897 898 899
898 899 900
899 900
900 902
902 904
904
909 910
910 912
912
913
919
922 923
923
928 930
930 932
932 933
933 935
935 937
937 938 939
938 939 940
939 940
940 942
942
948 949
949
953 955
955
958
962
965
969
971 972
972
976 977 978
977 978
978 980
980 982
982 984
984
991
992
996
999
