#naive2.0.py
# GMT Fri Feb 14 14:28:04 2020
# 
0 999
3 5
5 7
7
10 11 12
11 12 13
12 13 14
13
14 107
16 254
17 18
18
23 24
24
29 364
31 58
33 34 35
34 35 36
35
36
39 40 155
40 42
42 491
46 48
48 49 50 922
49 50 51
50
51
58 60
60 61
61
65 66 809
66 68
68 69 70
69 70
70 72
72 73
73 75
75 76
76
80 81
81
84
87 88
88 90
90
95 97 899
97 98
98 100
100 101
101 103
103
107 109 448
109 110 111
110 111
111 113
113 114
114 116
116 117
117 118
118
124 126
126 127 128
127
128 130
130 131 826
131
134 135
135
138 139 140
139 140
140
144 406
145 146
146 148
148 149 150
149 150 151
150 151 152
151 152
152 154
154 155 156
155 157 472
156 157
157
161
165
172 174 665
174
177 179
179 181
181 215
182 183
183 185 624
185
190 191
191
194 195
195
198
203 204 205
204 205 567
205
206 207 208
207 208
208
211 213
213 215
215 217 748
217 218
218
221 222 223
222 223 224
223 224
224
229 230 231
230 231
231
234 235
235 856 602
238
242 243
243
250 252
252 253 254
253 254 255
254 255 256
255 256
256 258 846
258 260
260 261 262
261 262 263
262 263
263
270 686
275
279 280 281
280 281
281 282 283
282 283
283 446
285 287
287 288
288
291 293
293 295
295 487 716
298 299
299 301
301
304
305
314 315 316
315 316 901
316
319 321
321
325
330 540
332
335 337
337
341 343
343 345
345
349 351
351 353
353 354 355
354 355
355
360 361
361
364 366 969
366 368
368
371 372
372
382
389 391
391
394 396
396 398
398 400
400 401
401 815
406 408
408 410
410 411
411
418 604
419
425 426
426
429 430
430
433 434
434
437 438 439
438 439
439 441
441 724
444 446
446 448
448 449
449
452 744
455
458 459
459 461
461 462
462
464 465 466
465 466
466 468
468
472 473
473
477 478 479
478 479 480
479 480 481
480
481 483
483 484
484
487 488 489
488 748
489 491 517
491 909
492 494
494 495 496
495 496
496 498
498 500
500 502
502
505 506
506
510 511 512
511 512 513
512 513 514
513 514
514
517 518
518 520
520 521
521 782
522 524
524 525
525 527
527
534 535
535
538 539 540
539 540
540 542
542
545 547
547 549
549 550
550
560
564 654 871
565 567
567 569
569
572 574
574
580 581
581
586 587 588
587 588 589
588 589 590
589 590
590 592
592 594
594 596
596 597
597
602
604 605
605
608 610
610 888
616 617
617
621
624 626
625 626 627
626 628
627 628
628 630
630 632 981
632
638 639
639
644
649
653 654
654
657 659
659 661
661 662
662
665
669
670 672
672 673
673 675
675
679
685 686
686
689
698 699 700
699 700
700
704 705 706
705 706
706
710 712
712 714
714 716
716 718
718
719 721
721
724
727
731 732
732
737 739
739
743 744 745
744 745
745 747
747
748 750
750 752
752
756 757
757
761 841
763
771
776 778
778
782
785 787
787 912
792 793
793
795
799
803 946
804
809
814 815
815
820 821
821 822 823
822 823 824
823 824
824 826
826
828
836
839 840 841
840 841
841
845
846
848
854 856
856 858
857 858
858 859 860
859 860
860
862
865 867
867 869
869 870 871
870 871
871
873 875
875
880 881
881
885 891
887 888 889
888 889
889 891
891
894
899
901 903
903 905
905 906 907
906 907 908
907 908 909
908 909 910
909 910
910 912
912
913 915
915 916 917
916 917
917 919
919 920 921
920 921 922
921 922
922
924 926
926 928
928 929
929 931
931 932
932
935 937
937 938 939
938 939
939 941
941 942
942 943 944
943 944
944 946
946
951 952
952 954
954
958 959
959
963 965
965 966
966 968
968 969 970
969 970
970 971
971
974 975 976
975 976
976 977
977 979
979 980 981
980 981 982
981 982
982
985 986 987
986 987
987
990
993 995
995 997
997 999
999
