#naive2.0.py
# GMT Fri Feb 14 14:28:02 2020
# 
2
5 6 7
6 7 8
7 8
8 10
10 11 12
11 12 13
12 13
13
17
26 27
27 29
29 30
30 32
32
35
38 40 115
40 42
42 491
44 45
45 47
47 48 205
48 50
50
53 55
55
58 60
60 61
61
65 809
67 68
68 70
70 71 72
71 72
72
75 77
77 79
79
84 838
87 88
88
91 92 93 328
92 93
93
97
100 833
103
104 106
106 107 108
107 109
108 109
109 593
112 195
115 117
117
120 122
122 124
124 126
126 127
127 129 367
129
132 133
133 135
135 136 137
136 137 845
137 289
140 142 713
142 143 144
143 144 145
144 381
145 812
149
152 154
154 156
156 157 404
157 159
159 160 285
160 162
162
165
174 175 176
175 176 177
176 177 178
177 178 179
178 179 180
179 180 181
180 181
181 215 607
184
187 188 189
188 189
189 191
191 192 193
192 193
193 195
195 196
196 766
202 203 204
203 204 205 796
204 205
205 284
207 209
209 210
210
215
220 221
221 222
222
225
228
231 232 764
232 234
234
237 238
238
241 242
242
245 246
246
249 250
250 252
252 253 254
253 254
254
258
261 263
263 264 265
264 265
265
271 272
272
276 277
277
280 281
281 283
283 284
284 285
285 287
287 289
289 615
292 294
294
297
304 573
308 310
310 312
312 313 314
313 314 315
314 315 316
315 316 901
316
319
322 324
324 325
325
328
329 331
331
334 335
335 337
337 338
338 340
340
345 347
347
348 350
350 351 687
351
356
363 365
365 367
367
371
374 375 376
375 376 377
376 377
377
380 381
381 383
383 384 385
384 385
385 387
387
393
398 400
400 401
401 403 815
403 404 405
404 405
405 407
407
408
411 412
412 807
416 417
417
420
423 425
425
428 429
429
433
436 437 438
437 438
438 440
440 442
442 443
443 445
445
451
454 455
455
458 459
459 461
461 463
463 465
465 466 467
466 467
467
471 472 473
472 473
473 475
475 476 477
476 477
477
485
488
489 491 517
491 493 909 964
493 494
494 496
496 497
497 499
499 500
500
504 505 910
505 506
506
510 511 512
511 512 513
512 513
513 515
515 516 517
516
517 838
522 524
524
527
530
533
534 536
536 537 538
537
538 540
540 542
542
545
550
555 557
557 856
560
564 948 654 871
565
568
572 573
573
580
583 584
584 585
585
589
592 593
593
597
599 600
600
605 606 607
606 607
607
611
615 616
616 617 618
617 618
618 787
621
624
625 627
627 628
628
631
634
638 639
639 641
641 642
642
645 708
651 652
652 654
654
655
661 662 663
662 663 664
663 664
664 666
666
669 671
671 672 673
672 673
673
678 679 680
679 681
680 681
681 683
683 684
684 686
686 687
687
690
694 696
696
699 701
701 702 703
702 703
703
706 707 708
707 709
708 710
709 710
710
713
716
717
726
730 732
732
739 741
741
747 749
749
753 755 931
755 757
757
760 761
761
764 765
765 766
766 768
768 861
771 772 773
772 773
773 775
775 776 777
776 777
777
781
784
787
790 791
791
796 823
799
802 803
803 805
804 805
805 807
807 809
809 810 811
810 811 812
811 812 813
812 813
813 815
815 816
816 817 818
817 818
818
823 824 825
824 825 826
825
826
832 833
833
836 837 838
837 838
838
842 843 844
843 844 845
844 845
845 847
847
850
855 857
856 858
857 858
858
861
864
869 870 871
870 871 872
871 872
872 874
874 875
875
880 881 882
881 882 883
882 883
883 885
885
888
892
895
899
901
904 906
906 907
907 909
909 910 911
910 911
911 913
913 915
915
919 920 921
920 921
921
924 926
926 927 928
927 928
928
931
934 935 936
935 936
936 938
938 939
939 941
941
948 950
950 952
952 953 954
953 954 955
954 955 956
955 956 957
956
957 959
959
962 964
964 965
965 966
966
971 972
972
978
984 986
986
990 991 992
991
992
995
998 999
999
