#naive2.0.py
# GMT Fri Feb 14 14:28:05 2020
# 
1 999
6 8
8 10
10 11
11 13
13
21 23
23 24
24 26
26 28
28
31 32 58
32 33 34
33 34
34
37 38 39
38 40 115
39 40 41
40 41 42
41 42 43
42 43
43
46
52 54
54 55 56
55 56 57
56 57 58
57
58 60
60 62
62
67
71 72 73
72 73
73 75
75 76
76 78
78 79 80
79 80 81
80 81 82
81 82
82 84
84 85 838
85 87 163
87 88 503
88
93 95
94 95
95 97 474 899
97 98 99
98 99 556
99
105 107
107 448
108
115 116 117
116 117
117
121 122 386
122
126 128 447
128
133
138 139 140
139 140
140 973 713
143
146 147 148
147 148
148 150
150
154 156
156 157
157
163 165
164 165 166
165 166
166 168
168 169
169
171 789
176 177 178
177 178
178
182 184
184 186
186 187 747
187
191 192
192
195
204 567
206 207
207 209
209 211
211
214 216
216
220
224 225 226
225
226 971
229
233 234 520
234 236
236 237 238
237 238
238 240
240 241 924
241 242
242 244
244
247 248
248 250
250 252
252 254
254 255
255
258 259 260
259 260
260
263
267 268
268 270
270 272
271 272
272 274
274 275 276
275 276
276 277
277 279
279 281
281
284 285 286
285 286
286 288
288
290
292 293 294
293 294 295
294 295
295 297 487
297 996
301
311
314 315 316
315 316 901
316 317
317 985
321 322
322
330 540
332
335 336
336 338
338 339
339
343 344 345 537
344 345
345
348 349 350
349 350 351
350 351
351 353
353 354 355
354 355 356
355 356 357
356 357 358
357 358
358
362 363 597
363 365
365
372 374 599
374 375
375
378 379 380
379 380
380
384 386
386 388
388 389
389 391
391
394
397
405 407
407
408
412 807
414 415
415 417
417 419
419 420
420
423 425
425 426 427
426 427 428
427 428 429
428 429
429 431
431 432
432
436 438
438 439
439 441
441
444 446
446 447 448
447
448
452 744
453
457 458 459
458 459
459
467 468 469
468 469
469
472
474
475 477
477
480 482 755
482
483
487
492 493
493 495
495 496
496 498
498 499 500
499 500
500
503
508 509
509
515
520
523 525
525
528
529
532 533 534 802
533 535
534 535
535 537
537 539
538 539 540
539 540 541
540 541
541 543
543 723
546 547
547
551 552
552
555 556 894
556 558
558
561
563
567 569
568 569 570
569 570 571
570 571 572
571
572
575
580 581 582
581 582 583
582 583 584
583 584
584 586
586 587 588
587 588 589
588 589
589
592 593
593
597 598
598 599 600
599 600 601
600 601
601 603
603 604
604 605 606
605 606 607
606 607
607
611 612
612
615 616
616 617 618
617 618 619
618
619 621
621 623
623 624 625 860
624 626
625 626
626 628
628 630
630 981
633 634 635
634 635 636
635 636
636
639 640
640
644 646
646 648
647 648
648 650
650 994
653 654 655 790
654
655
663 664 665
664 665
665 667
667 668
668
672
675 677
677 678
678 680
680 681
681 683
683 684
684
688 689
689
693 694 695
694 695
695
698 699
699 701
701 702
702 704
704 706
706
713
715 717 806
717 718 719
718 720
719 720 721
720 721 722
721 722 723
722 723
723
730 732
732
739 741
741 743
743 744
744 746
746 748
747
748
753 755 931
755
759 761 975
761 762 841
762 763 764
763 764 765
764 765
765
769 770
770 772
772 773
773
778 779 780
779 780
780 782
782 783
783 978
786
789 790
790
792 794
794 795
795
799 800 801
800 801 802
801 802
802
804 806
806
807
815 816
816 817 818
817 818
818
823
831
836 838
838
841 842
842
845 847
846 847
847
852
853
859 860
860
866 867
867
870
873
876 878
878 879 880
879 880
880
883 884
884
890
892 894
894
898 899
899
901
905
909
913 915
915 917
917
922 923
923 924
924 925
925 927
927 928
928 930
930 931 932
931 932 933
932 933 934
933 934
934
937 939
939 941
941 942
942 944
944 946
946 948
948 950
950 951 952
951 952
952
957 958
958
961 963
963
968 969 970
969 970
970 971 972
971 972 973
972 973
973 975
975
978
979 981
981
984 985 986
985 986 987
986 987
987 989
989
990 992
992 993 994
993 994
994 996
996
999
