#naive2.0.py
# GMT Fri Feb 14 14:28:03 2020
# 
0 2
2
6 8
8 9
9 11
11
15 16 17
16 950
17 19
19 20
20 22
22 24
24
27 28 658
28
31 58
33 35
35 37
37 38 39
38 40
39 40 41
40 41
41
44 45 46
45 46
46
54 55 56
55 56 57
56 57 58
57
58
61 63
62 63
63 65
65 66
66 67 68
67 68
68
71 73
73
77 78
78 80
80 81
81
86 88
88 89
89
92
95 97
97 99
99 100 101
100 101
101 102 103
102 103
103
106
111 367
117 119
119 120
120 122
122 123
123 125 817
125 127
126 127 447
127 367
131 132 133
132 133 134
133 134
134
137
139 140
140 142 713
142
145
148
152 154
154
157 159
159 285
161 162
162 164
164 166
166 168
168
172
175
179 180 181
180 181 182
181 607
182 183
183 956
187
191 192
192 194
194 195
195
198
201 202 203
202 203 204
203 204 205
204 205
205
207 208
208 210
210 211
211
214
217 219
219
222 224
224
227
234 235
235
238 239 240
239 240 241
240 241
241
243 244
244 246
246
247
252
255
258 260
260 261 262
261 262
262
269 270 271
270 272
271 272
272
275 276 962
276 278
278
283
285 286 287
286 287
287
290
293 295
295 297 404
296
297 996
301 303
303
307
311
315
318 319 642
319
322 323 324
323 324
324 326
326 327
327 329
329
334 335
335
338
341
344
347
348
351 352 353
352 353 354
353 354
354
357 359
359
365 366 367
366 367
367 369
369 370
370 372
372
373
376
379 380
380
384 386
386 387 388
387 388
388 390
390
393 395
395 397
397
399 401
401 403 815
403 404 405
404 405
405 407
407 854
408
413 415
415
418
419 421
421 422 423
422 423 614
423 424 425
424 425 426
425 426 427
426 427 428
427 428
428 430
430
433
437
445
447 449
448 449
449 740
451 453
453 454
454 793
456
460
465
469
475 476 477
476 477 478
477 478
478
481 483
483
486
490
493 494 495
494 495
495
498 500
500 501
501
504 505
505 506
506
510 511
511 513
513
516 518
518 520
520 521
521
524 526
526 527
527 529
529 531
531 533
533
536 537 538
537 539
538 539 540
539 540
540 542
542 543
543
547 548
548
553 554
554 556
556 558
558
561 562
562 563 564
563 564
564 566 948 871
566 568
568
572 573
573 575
575 577
577 578
578
581 583
583
586 587
587 589
589
592
600
603
607 609
609
614
615
617 618
618
622 623
623
626 628
627 628 629
628
629
631
635 636
636 638
638 639
639
642
646
649 651
651
657 658
658
664 666
666 667
667
670
676 678
678
681 683
683 685
685
690 692
692 694
694 695 696
695 697 889
696 697
697 951
701 702
702 704
704 705 706
705 706 945
706
709 710 711
710 711 712
711 712 713
712 713
713
718
722 724
724 791
725
729
732
739 740
740
746
749
753 931
754
760 762
762 763
763 765
765 767
767 768 769
768 769 770
769 770 771
770 771 772
771 772 773
772 773
773
779
786
789 790 791
790 791
791 793
793 794
794 795
795
799
803
806
813 815
815 816
816 817
817
821 822
822
828 830
830
837 838
838
841 843
843 844
844 846
846 847
847
850
851 853
853 854
854
858
870 871
871
873
878 880
880
883 884 885
884 885
885
888 889 890
889 890
890
892 893
893
898
903
911 912
912
915
921 922
922
926
929 931
931
934 935 936
935 936
936 938
938 939
939
942 944
944 945
945 947
947 948 949
948 949 950
949 950 951
950 951
951
956
959 961
961 962 963
962 963 964
963 964
964
966
969
972
976 977 978
977 978 979
978 980
979 980 981
980 981
981
984
988
991 993
992 993 994
993 994
994 996
996
