#naive2.0.py
# GMT Fri Feb 14 14:28:03 2020
# 
0 999
3 220
7 9
9 11
11
14
18 526
21
29 364
32 34
34 36
36 37 38
37 38 39
38 115
39 155
42 491
49 51
51
56
61 660 528
65 809
68 69 70
69 70
70 71
71 73
73 74
74
78
84 838
86 88
88
91 92
92 94
94 95
95 97 474
97 99
99
102 987
104 105
105
108
111
112 114
114 115
115
120 122
122 123 124
123
124 126
126
131 132
132 134
134 135
135 137
137
139
142 144
144
145 146
146 147 148
147 148 149
148 149 150
149 150
150
153 154 155
154 155
155 157 472
157
160 162
162 163 164
163
164
167 168
168 170
170 171
171 789
175
179
182 183 184
183 184 185 624 956
184 185
185
188
194
197
200 201
201 203
203 204 796
204 567
208 209 210
209 210
210 212
212
215 216 748
216
220 221
221 223
223 224 225
224 225
225
228
231 232
232 234 951
234 236
236
239
243
249 250 251
250 251 252
251 252 253
252 253 254
253 254 255
254 255 256
255 256
256 258
258 259 260
259 260 261
260 261 262
261 262
262
267
270
273
278 280
280 344 460
284 285
285 287
287 288
288
292 294
294
297 996
299
302
306 308
308 309 310 798
309 310 311
310 311 312
311 312
312 314
314 316
316
320 321 322
321 322
322
326 327
327 329
329 331
331 332 333
332 333 334
333 334 335
334 335 336
335 336 337
336 337
337 339
339 340
340
343 344
344
347
350 351 687
351 353
353 355
355 356 357
356 357
357 359
359 360
360 362
362 363 364
363 364
364
369 371
371 372 373
372 599
373 375
375 376
376
379
383
386
389
393 989
397
398 400
400 401 402
401 402 403
402 403
403 405
405
408 410
410
413 414
414
425
428 429
429
436 437
437
442 444
444 446
446 448
448 450
450 451 452
451 619
452 454 744 738
454 455
455 456 457
456 457
457 459
459 460
460
463 465
465 466
466 468
468 469 470
469 470 471
470 471 472
471 472
472
474 476
476 477
477 479
479 480 481
480 755
481 483
483 485
485 487
487 488 489
488 748
489 491
491 964
494 495
495
504
507 509 934
508 509 510
509 510
510 511 512
511 512 513
512 513
513 515
515 516
516 518
518 519
519
522 524
524 526
526 528
528
529
534 535 536
535 536
536 538
538 539
539
543
547 548 549
548 549
549 551
551
558
561
565 567
567
568 570
570
575 576
576 923
579 580 741
580
583 584 602
584
587 588 589
588 589
589 591
591 593
593
595 596
596 598
598 599
599
602 603
603
605 606 607
606 607
607
610 888
613 614 615
614 831
615
618 620 787
619 620 621
620 621 622
621 622
622 624
624
627
631 632
632 634
634
638 639 640
639 640 641
640 641
641
643
649 650
650 994
655 656
656 658
658
660 661
661 663
663 665
665 667
666 667 668
667 668 669
668 669 670
669
670 672
672 674
674 675
675 676
676 678
678 679 680
679 681
680 681
681 683
683
687
691
695 697 889
697 865 951
701 703
703 704
704
707 709
709 710
710 866
714 715 716
715 716 717 806
716
717 719
719 720 721
720 721 722
721 722
722
725 726 727
726 727 728
727 728
728
732
735 737
737 738
738
740 741
741 743
743 744 745
744 745 746
745 746 747 798
746 748
747
748
751
754 755
755 757
757
760 761 762
761 762 841
762
765
769 770 771
770 771 772
771 772
772 774
774 776
776 777
777
780 782
782
787 789 912
789 790
790
794 796
796 823
798
801 802 803
802 803
803
804 806
806
809 811
811
816 818
818
822 823 824
823 824
824 826
826
831 833
833
836 838
838 839
839 841
841 843
843 844
844
848 850
850 865
851 853
853 854
854
857
861
864 866 975
865
866
870 871 872
871 872
872 873
873 875
875 877
877
881 882 883
882 883 884
883 884 885
884 885 886
885 886
886 888
888 889
889
892 893 894
893 894 895
894
895 897
897 898
898
903 904 905
904 905
905 907
907 908
908
911 912
912 914
914
919 920
920
923 924
924
931
934
938 940
940
943 945
945 947
947 949
949 951
951 952 953
952 953 954
953 954
954 956
956 958
957 958
958
964
967 968
968
974 975 976
975 976
976 977 978
977 978 979
978 980
979 980
980
983 984
984 986
986 987 988
987 988 989
988 989 990
989
990
994 995 996
995 996 997
996 997 998
997 998 999
998 999
999
