#naive2.0.py
# GMT Fri Feb 14 14:28:04 2020
# 
0 999 2
2 3
3 5 220
5 6 7
6 7
7
10 11 12
11 12 13
12 13
13
21 22
22 784
25 27
27 28 658
28 30
30 31
31
35
39
46
49 50
50 171
54 55
55 57
57 59
59 60 61
60 61
61 660
64
65 809
67 69
69 70 416
70 71 72
71 72 73
72 73 74
73 74 75
74 75 76
75 76 77
76 77
77
80
86 87
87 89
89
93 95
94 95 96
95 96 97
96 97 98
97 98 99
98 99 556
99 101
101 102
102 987
104 106
106 107
107 109 448
109 110
110 112
112 114
113 114
114
117 119
119
122 124
124 125
125
131
134
137 138 289
138 139 140
139 140 141
140 141
141
144 381
146
149 151
151 344
153 154
154
157
161 162
162
166 168
168 169
169 517
171 789
173
176
180 181 182
181 215 607
182 183
183 185 624
185
188 189
189 191
191 192
192 194
194
199
208 209
209 211
211 212
212 214
214 215
215 217 748
217 218
218 220
220 221
221 222
222
225
228
232 234 951
233 234 235 520
234 235
235 856
239 240
240
244 246 304
246 248
248 250
250 251
251 253
253 254
254
257 258 259
258 259 260
259 260 261
260 261
261
265
270 272 686
271 272
272 274
274 275 276
275 276 962
276 277
277 279
279
283
285
289 290 615
290
292 293 294
293 294
294 296
296 360
301 302
302 304
304
305 306
306
309 310 311
310 311
311 313
313 315
315
317 985
319
323 325
325 326
326 328
328 330
330 331
331 332
332
335
338 339 340
339 340
340
343 344 537
344
348 349
349
352 353
353 355
355
358 360
360 361
361 363
363
371
376
379 380 381
380 381
381
385
391 835
394 396
396
399 401
401 402 403 815
402 403
403 405
405 407
407 409
409 411
411 413
413 414 415
414 415 416
415 416 417
416 417 418
417 418
418 420 604
420 421 422
421 422
422
426 427
427 429
429
432 434 454
434 435
435
440 441
441
444
447
448
453 454
454 793
456
459 461
461 462 463
462 463 992
463
467
470 471
471 473
473
476 477
477 479
479
492 493
493 495
495 496
496 498
498
501
507
508
513 514
514 516
516 518
517 518
518 520
520 521
521 523
522 523
523
535 536 537 825
536 537
537
541 542 543 553
542 543 544
543 544 545
544 545
545 547
547 549
549 550
550
553
556
559 561
560 562
561 562
562
569 570
570 572
572
575 576 577
576 577 578 923
577 578
578
585 587
587 588
588
594 595
595 597
597
599 600
600
604 605 606
605 606 607
606 607 608
607 608
608
611 613
613 615
615 616
616
619 621
621 623
623 624 625 860
624
625
628 630 819
630
631 633
633 635
635 636 637
636 637
637 639
639 640
640
644 646
646
647 649
649
654 660
657 658
658
660 661 662
661 662
662
665
671
678 679
679 681
681
684 686
686 687 688
687 688
688
694 695 696
695 697
696 697 698
697 698 865 951
698
701 703
703
706 708
708
709
714 715
715
718
725
728 729 730
729 730
730
733 735
735
739 740 741
740 741 742
741 742
742 744
744
748
749 751
751
754
757 759
759 761 975
761
763 765
765
769 770 771
770 771 772
771 772 773
772 773 774
773 774 775
774 775
775 777
777 778
778 780
780
784 785
785 786 787
786 787
787 789
789
793
796 823
797 799
799 801
801 803
803
809 811
811 813
813 814 815
814 815
815
817 819
819 821
821 822 823
822 823 824
823 824 825
824 825
825 827
827 828 829
828 829 830
829 830 831
830 831
831
835 837
837
842 843
843 845
845
846
849 850
850 865
856 858
858 860
860
862 864
864 975
865 867
867 869
869 870
870
875 876
876
879 880 881
880 881
881
884 885 886
885 886 891
886 887
887
891 893
893 895
895 896
896
902 904
904 906
906
909 910
910
913
921 923
923
925 927
927 928 929
928 929
929 931
931 933
933 935
935 937
937 938 939
938 939 940
939 940 941
940 941 942
941 942
942 944
944 945
945
949 950 951
950 951 952
951 952 953
952 953
953
959 960 961
960 961 962
961 962 963
962 963 964
963 964 965
964 965
965 966
966
970
975 976
976 978
978 980
979 980
980
984 985
985 987
987
991 993
992 993 994
993 994
994
997 998 999
998 999
999
