#naive2.0.py
# GMT Fri Feb 14 14:28:09 2020
# 
1 2 3 999
2 3
3
11 12 13
12 13 14
13 15 531
14 15
15
18
19 21
21
24
30
36 38
38 40
40 41
41
45 46 47
46 47
47 49
49 51
51
57
58
61 63 660 528
62 63
63
72
75 77
77
80 81 82
81 82 83
82 83
83
86
89 90
90
92 93
93
96
99 101
101 102 103
102 103 987
103
106 108
108 109
109 111 593
111
116
119 121
121 386
124 126
126 127 128
127
128 130
130 131
131
134 135
135 137
137 138
138 140
140 392 713
146 148
148 149
149
152
155 157
157 158
158
162 164
164 166
166 168
168 169
169 517
171 172 789
172 173
173
177 178 179
178 179 180
179 180
180 182
182 183 184
183 184 185 624 956
184 185
185 187
187 188 189
188 189 190
189 190 191
190 191 192
191 192 193
192 193 194
193 194 195
194 195
195
201
204
206 207
207
211
216 218
218
223
226 971
228 230 571
230 231 232
231 232
232 234 951
234 235
235
239 240
240 924
243
247
251 252 253
252 253
253 255
255
261 262 263
262 263 264
263 264
264 266
266 268 890
268 270
270
271
275 276
276
279 280
280 460
284 286
286 288
288
290
292 293
293 295
295 297 487 716 404
296 298
297 298 996
298 299
299
302 304
304 573
305 307
307 308 309
308 309 798
309 311
311
315 901
317 318 985
318 320 642
320 321 322
321 322 323
322 323
323 325
325 326 327
326 327 328
327 328
328 330
330 540
332
336
342
348 349 350
349 350
350 687
354
361
364 969
369 370 371
370
371
376 378
378 379 380
379 380
380
383 384
384 386
386 388
388 390
390 392
392 394
394 396
396
399
403 404
404
408 409 410
409 410 411
410 411 412
411 412 413
412 413
413 414
414 416
416
422 669
424 425
425
432 434 454
434 435
435 437
437
442 443
443 445
445
449 740
452 454
453 454 455
454 455 852
455 456 457
456 457 820
457
460
464
468 470
470
473 475
475 477
477
480 482 755
482 949
483
487
491 493
493 494 495
494 495
495 497
497
501 502 503
502 503 740
503
507 509
508 509 510
509 510
510 511 512
511 512
512
517 518 838
518 519
519 829
522 524
524 525
525 527
527 528 529
528
529 531
531 532
532
535 537
537 539
538 539 540
539 540
540
545
548 549
549
555
558
562 563 564
563 564
564 948 654 871
568
571 573
572 573 574
573 574 575
574 575
575
578 579 580
579 580 742
580 581 582
581 582 583
582 583
583
587
593 594
594
601
605 607
607 608
608
612
615 616
616 618
618 787
622 623 624
623 624 860
624
628 630
629 630
630 981
631 633
633 635
635 637
637
640 641 642
641 642
642
645 708
648 649
649 651
651 653
653 654
654 660
658
660 662
662
667 669
669
676
679 783
680
684 685
685 687
687
694 695
695 889
700 701 702
701 702 703
702 703 704
703 704
704
708 710
710 711 866
711 713
713
715 716 717
716
717 719
719
724 791
725 726 727
726 727
727 729
729 731
731
734
737 739
739 740
740 742
742
746
747 749
749
752
755 756
756
760 761
761
766 768
768 770 861
770 771
771
779 781
781 782 783
782 783 784
783 784
784
786 787
787 789
789 791
791 792
792 794
794 795
795 797
797 798 799
798
799
809 810
810 812
812 814
814 815 816
815 816
816 817
817
820
824
827 829
829
833 835
835 837
837 838 839
838 839
839 840
840 842
842
847
852
858 860
860 861
861
865
866
868 870
870 871 872
871 872
872
875 877
877 878
878 880 896
880
883 884 885
884 885 886
885 886
886 887
887 889
889 890
890
893 895
895 896
896 898
898 899 900
899 900
900 901 902
901 902 903
902 903 904
903 904
904
908
911
915 916
916
920 921
921 923
923 924
924
927
930 932
932
935 936 937
936 937 938
937 938
938 940
940 941
941
943 944
944
948 949
949 951
951 952
952
956
957 959
959
963
969 970
970 971
971
974
977
981 982
982
985 986 987
986 987
987
990 991 992
991 993
992 993
993 995
995 996
996
999
