#naive2.0.py
# GMT Fri Feb 14 14:28:10 2020
# 
0 1 2
1 2
2
7 8 9
8 9
9
12
15
18 526
19 225
23 25
25
29
32
35 650
36 38
38 115
39 155
43 44
44
47
50
56
60 62
62 63
63
68 70
70 72
72 74
74
77 79
79 80
80
83 84
84
89 90 91
90 91 197
91 328
95 899
98 100 556
100 101
101 103
103 105 897
105 106
106
109
112 114 195
114 115
115 117
117 118 119
118 119
119
122
125 868
126
129 298
132
137 289
142 143
143
147
150 152
152 154
154 155
155 157 472
157 158
158 160
160
161 163
163
164 166
166
169
173 174
174 176
176 177
177 179
179 181
181 215 607
182 184
184 185
185
190 191 192
191 192
192
195 196 197
196 197 766
197 199
199
204 567
206
209 211
211 213
213 214 215
214 215 216
215 216 217
216 217
217 219
219 895
221
224 225 226
225 227
226 227 971
227 229
229 230
230 232
232 234
233 234
234 236
236 237 238
237 238 239
238 239
239 241
241 242
242
247 248
248 250
250
254 256
256 258
258 259
259 261
261 263
263 264
264 266
266
269
272
275 276 962
276 277
277
280 344
284 285
285 287
287 288 289
288 289
289
296 298 360
297 298
298 300
300 302
302
306 307 308
307 308 309
308 309 310
309 310 311
310 311 312
311 312
312 314
314 315 316
315 316
316
322
327 328
328
331 333
333 335 445
335
339
343 344 345 537
344 345 346
345 346
346 348
348 349
349
352 353
353
360 361
361 363
363 365
365 366
366
369 370 371
370 372
371 372 373
372 374
373 374 375
374 375
375 377
377 382
378
381 382
382
386 387 388
387 388 389
388 389 390
389 390
390
393 394 395
394 395
395
399 401
401 402
402
405 407
407 854
411 413
413 414
414
417 419
419 420
420
425 426
426
431
434 435
435 437
437 438
438
443 445
445
449 450 740
450
454 852 793
456 458
458 459
459
464
468 469
469 471
471 472 473
472 473
473
477 478 479
478 479
479 481
481
485
488 490
490 492
492 493
493 495
495
499
502 503 740
503 505
505
509
513 515
515
518
522
525 526
526
530
533 735
536 537 538
537
538
541 543
543 544 723
544
547
551
556
560 562
561 562 788
562 563 564
563 564 565
564 948 871
565 567
567 569
568 569
569
574
578 579 580
579 580
580 581
581
586 587
587
590 592
592
595 597
597 598
598
602 603
603 784
605 606 607
606 607
607 609
609 610 611
610
611
617 618
618 620 787
620 622
622 623
623
626
627
630 632 981
632
638 639 640
639 640
640
644
647 648 649
648 649 650
649 650 651
650 651 994
651 652
652
655 656
656 658
658 659
659 661
661 662
662
668 669
669
672 673
673 675
675 677
677 679
679 681
681
695
701 702
702 704
704 706
706 708
708 710
709 710 711
710 711 712 866
711 712 713
712 713 714
713 714
714 716
716
719 720
720
723 725
725 726
726 728
728 729
729 731
731 732
732 734
734 735
735
738 739
739 740
740
743
746
750
756 758
758 759
759 761
761 762
762
765 766
766
771 772
772
775 776 777
776 777 778
777 778 779
778 779
779 781
781
784
787 788 789
788 789
789 791
791 793
793
795 796 797
796 823
797 799
799 800 801
800 801
801 803
803 805 946
804 805 806
805 806 807
806 808
807 808 809
808 809 810
809 810
810 812
812 813
813
818 819
819
822 823
823 825
825
831
834
840 842
842 843 844
843 844 845
844 845
845
849 850
850 865
852 854
854 856
856 858
858 859
859 861
861
863 864
864 866
865 867
866 867
867 868 869
868 869 870
869 870 871
870 871
871
874 876
876 878
878 879 896
879 881
881 883
883 885
885
887
892 893 894
893 894 895
894 896
895 896 897
896 898
897 898 899
898 899 900
899 900
900
903 904 905
904 905
905 907
907
910
914 915 916
915 916 917
916 917 918
917 918
918
922 923
923
929 930 931
930 931 932
931 932 933
932 933
933 935
935
938
946 947 948
947 948
948 950
950 952
952 954
954 955
955
958 959
959
962 963
963
970 971
971
974 976
976 977
977
980 981
981
984 985 986
985 986
986
990 992
992 994
994
