#naive2.0.py
# GMT Fri Feb 14 14:28:04 2020
# 
0 1
1 3
3 4 5 220
4 5
5 7
7 9
9 10
10
13 15
14 15
15 17
17 19
19 21 225
21
24 25
25 27
27 28 29 288
28 29 30
29 30 364
30 31 32
31 32 58
32 33 34
33 34
34 36
36 37 38
37 38
38 40
40 41
41
58
61 528
62 64
64 766 375
65
68 69 70
69 70
70
74 75
75 77
77 78
78
84 838
88
95 96
96
102 987
104 106
106
109 110
110 112
112
113
116 153
118 119 120
119 120 121
120 121
121
123 817
124
127 367
130 131 397
131
134 136
136
139
145
150 151 152
151 152 344
152 153 154
153 154
154
157 159
159 160
160 705
163 991
164
169
173 174
174 176
176 178
178 179 180
179 180
180 182
182 183
183 624
186 187 747
187 189
189 191
191 192 193
192 193
193
197 199
199 201
201
205
207 209
209 210
210 212
212 214
214 216
216 217 218
217 218 219
218 219 220
219 220
220 221
221 222 223
222 223
223 225 490
225 227
227 228 229
228 229
229 231
231 233
233
236 237 238
237 238
238
242
248 249 250
249 250 251
250 251
251
254 255
255
258 260
260
263 264
264
267
270 272 686
271 272
272 274
274 275 276
275 276 962
276 277 278
277 278
278 280
280 344 460
282
286 288
288 289
289
294 295 296
295
296
303
306 308
308 309 310 798
309 310
310 312
312 313
313 315
315
318 319 642
319
322 323 324
323 324
324
329
333
337 339
339 340 341
340 341
341
344
347
352 353
353
358 359
359 361
361 362
362 364 597
364 366
366 367 368
367 368 369
368 369
369 371
371 372 373
372
373 375
375
379 380 381
380 381
381 383
383
387 389
389
395 396 397
396 397
397
406 407 408
407 854
408 410
410 411 412
411 412 413
412 413 807
413
417 418 419
418 604
419
422 669 614
427 429
429 430
430
435
438 439
439 441
441 724
444
447 449
449
451 619
455 456
456 458
458 460
460 461
461 462 463
462 463
463
467 468 469
468 469 470
469 470
470
480 482
482
486
489 490
490
494
499 500
500
504 910
507 934
510
515
518
523 524 525
524 525 526
525 526
526 528
528
529
539 540 541
540 541 542
541 542
542
545 546 547
546 547
547 549
549 550
550
554
560 562
562 563
563
569
572
576 577 578
577 578
578 580
580 581 582
581 582 583
582 583
583 602
586
589
597
600 602
602
604
607 608 609
608 609 610
609 610 611
610 612 888
611 612
612 614
614 831
617 618 619
618 787
619
624
627 628
628 819
631
634
637 638 639
638 639
639 641
641 642 788
642
643 645
645 647
647 649
649
653 654 655
654
655
664 666
666 668
668 669 670
669 671
670 671
671
675
679 681
681 683
683 684 685 863
684 685 686
685 686
686 688
688
691
694 695
695 697 889
697 698 951
698
701 702
702 704
704 705
705 945
707 709 944
709
712 714
714 715
715 806
718 720
720 721 722
721 722 723
722 723 724
723
724 791
729 731
731 733
733
737 738
738
741 742 743
742 744
743 744 745
744 745
745 747 798
747 749
748
749
758
761 762
762
766 767
767
770 772
772
777
780 781
781
785 786 787
786 787 788
787 788 789
788 789
789 791
791
798
800 802
802
806 808
807 808
808 810
810 811
811
814 816
816 817
817 819
819
822 823
823 825
825
828 830
830 831 832
831 832
832 834
834 836
836 838
838 839
839
843
847
854
857
862 863 864
863 864
864 866
866
870 872
872 873
873
882 883 884
883 884
884
887 888 889
888 889
889 891
891
896
903
907
910
913
921
925 926
926 928
928 929 930
929 930
930 932
932 934
934 935
935 937
937
940 942
942 943 944
943 944 945
944 945 946
945 946
946 948
948 950
950 951
951 953
953
958 959 960
959 960 961
960 961 962
961 962 963
962 963
963
966 967
967
970 972
972 974
974 976
976 978
978 980
980 981
981 983
983 984 985
984 985 986
985 986 987
986 987 988
987 988 989
988 989 990
989 991
990 991
991
994 995
995
