#naive2.0.py
# GMT Fri Feb 14 14:28:08 2020
# 
0
4 6
6 8
8 9
9 11
11 12 13
12 13 14
13 15
14 15
15 16 17
16
17 19
19
22 23 24
23 24 25
24 25
25 27
27 28
28 30
30
34 35
35 37 650
37 38
38 40 115
40 42
42 491
44 46
46 48
48
52 516
55 56 57
56 57 58
57 59
58 59
59 61
61 63 660
63 64 65
64 766
65
67
71 72
72 74
74 75
75
78
87 88 503
88 90
90
92 94
94 95
95 97
97 99
99 101
101 103
103 105 897
105
111 113 367
112 195
113 115
115 116 117
116 117 153
117 118 119
118 119 120
119 120 121
120 121 122
121 122
122 124
124 125
125
130 131 132 850 241 397 826
131 132 133
132 133
133 135
135
140 142 392 713
142 143 144
143 144
144
146
149
152 153 154
153 154 155
154 155 156
155 157 472
156 157 404
157 158 159
158 159
159 567
161 162
162 164
164
168 169
169 517
171 172
172 173 665
173 175
175 177
177 179
179
182 183
183
186 187 747
187
191 192 193 736
192 193 194
193 194 195
194 195 196
195 196
196 766
201 202
202 204
204 567
208 210
210 212
212
215 217
217 218
218
226 227
227 228
228
232 234
233 234
234 236
236 238
238 239
239 241
241
243 244 245
244 245
245
251 252
252
255 256 257
256 257 846
257
260 261 262
261 262
262 264
264
269 270 271
270
271 273
273 274 275
274 275 276
275 276
276 277 278
277 278 279
278 279
279 281
281 282
282
287 289
289
292
296 360
297
302
305 307
307 309
309 311
311 312 313
312 313
313 315
315 316 901
316
319 320
320
323 324 325
324 325
325 327
327
330 331 540
331 332 333
332 333
333
337
340 341
341
344 346
346 347
347
351 353
353 354
354
358 360
360 362
362 597
365 367
367 368
368
374
380 382
382
387
390 391 392
391 392 835
392 394
394 395
395 397
397 756
398 399 400
399 400
400
403 404
404
407
413 415
415 416 417
416 417
417 419
419 420
420 422
422 423 669 614
423 424
424 426
426 427 428
427 428
428
432
435 436
436 438
438 439
439
446 448
448
451 453 619
453
456 457 458
457 458
458 460
460 461
461 462 463
462 463
463 464 465
464 465
465
471 472 473
472 473
473
476 477 478
477 478
478 480
480 482
482 484 949
484 746
491 964
495 497
497 499
499 500
500 502
502 503 740
503
504 910
510 511 512
511 512 513
512 513
513
516 518
517 518 838
518 519
519 829
522 524
524
530
533
534
538 540
540
545 546 547
546 547
547
550 551
551
556 558
557 558
558 560
560 562
562
565 566 567
566 567 568
567
568 570
570 572
572 573 574
573 574 575
574 575 576
575 576
576
579 742 741
581
584
590
594
597
602
604 605 606
605 606
606
611 612 613
612 613 614
613 614
614 616 831
616
619 620
620 622
622 623
623 860
626 628
628 630 819
630 632
631 632 633
632 633
633
638 639
639 641
641 788
643 644 645
644 645 646
645 646 708
646
649 650
650 994
652 653 654
653 654
654 660
657 659
659 660 661
660 661
661
665
666
669
672
678 679
679 681 783
681 683
683 685
685 687
687
690 691 692
691 692
692
695 697 889
696 697
697
700 701 702
701 702
702
705 706
706 707 708
707 709 944
708
709 711
711 713
713 714
714 716
716
717 719
719 720 721
720 721 722
721 722
722
727
730 732
732 733
733
736 738
738
740 741 742
741 742 743
742 744
743 744 745
744 745 746
745 746 747 798
746
747 749
749
752 754
754 756
756 757
757
761
763
766 767 768
767 768 769
768 769 770 861
769 770
770 772
772
776 777 778
777 778
778
782 783
783 785
785
788
793 794
794 795 796
795 796
796 823
798
802
806 808
807 808
808 810
810
813 814
814
817 819
819
823 824 825
824 825 826
825
826
829 830 831
830 831 832
831 832
832 834
834 835 836
835 836
836 838
838 839
839
842 844
844 845 846
845 847
846 847
847 848
848 850
850
851 852 853
852
853
859 860 861
860 861
861 862
862
866
869 870
870
876 877
877
880
883 884
884 886
886
889
893 894
894 896
896
897
901
904 905
905 907
907 908
908 910
910 912
912 914
913 914
914 916
916 917
917
924 925 926
925 926
926
929 931
931 933
933 935
935
939
944 946
946 947 948
947 948 949
948 949
949
952 954
954 955
955
958 959
959
963 964
964
967 968 969
968 969
969
972
976 977
977
980
983 984
984
988
994 995
995 997
997 998
998
