#naive2.0.py
# GMT Fri Feb 14 14:28:02 2020
# 
0 2
2 3
3 220
7
10 11 12
11 12 13
12 13 14
13 15
14 15 107
15
18 526 733
19
22 23 24
23 24
24
27 29 658
29 30 364
30 31 32
31 32
32 33 34
33 34
34 36
36 37
37 39
39 155
49
52 53
53 55
55 56 57
56 57
57
61 528
68 69
69 416
72 74
74
81 82 83
82 83
83 85
85 87
87 88 89
88 89 90
89 90 91
90 91 197 585
91 328
94 95
95 97 474 899
97 98
98
104
107
108
112 114 195
113 114 115
114 115 116
115 116
116
118 119 120
119 120
120
123 125
124 125 126
125 127 868
126 127
127 129 367
129 130
130 131 132 850 826
131 132 133
132 133
133
142 143
143 145
145
147 148
148
152 154
154 155 156
155 157 472
156 157 404
157
160 705
161
170 171
171 789
175
179 180
180
183 185 624
185 186
186
189 190 191
190 191 192
191 192 193
192 193 194
193 194 195
194 195 196
195 196 197
196 197
197
198
203 205 796
205
210 211
211
214
217
220 221
221 223
223
226 971 857
229 230
230 232
232
236 238
238 239 240
239 240
240
242 243
243
246
247
252
258 259 260
259 260 261
260 261
261
266 267
267
271 272 273
272 273
273 275
275
279 280 281
280 281 344 460
281 283
283 446
290
299 300
300
303 304
304 573
305 306
306
310 311
311
314
317 318
318 320 642
320 322
322
326 328
328
329
336 337
337 339
339 340 341
340 341 342
341 342
342 344
344
347 349
348 349
349 351
351 353
353
358
362 364
364
367 369
369 371
371
374 376
376 377
377
380
384 386
386 388
388
393 394 989
394
399 401
401 815
404
408 410
410 411
411
414 416
416 417 418
417 418
418
422 423 669 614
423 424 425
424 425 426
425 426 427
426 427
427
435
440 441 442
441 442
442
446
449 740
451
452 744 738
456 820
460 461
461 463
463 464 465
464 465 466
465 466
466
471 472
472
474
478
482 484 949
483 484 485
484 485 486 746
485 486 487
486 488
487 488
488 748
494 495 496
495 496
496 498
498
504 505 910
505
508 509
509
514
517 838
519
522 524
524 525 526
525 526 527
526 527 528
527 528
528
532 802
538 539
539 541
541 542 543 553
542 543 544
543 544
544 546
546 548
548 549 550
549 550 551
550 551
551 553
553 554
554 555
555
558
561 562 788
562 563 564
563 564
564 948 654 871
567
571 573
573 575
575 576
576
579 742
581 582
582
585 587
587 588
588
591 593
593
598
601 602
602
605 606 607
606 607
607 609
609
613 614 615
614
615
618 787
621
624
629 630
630 632
631 632 633
632 633
633
637 638 639
638 639
639 641
641 642 788
642
645 646 647 708
646 648
647 648 649
648 649
649 651
651 653
653 654 790
654
657 658
658
664 666
666 667
667 669
669 671
670 671
671
677 679
679 681
680 681
681 683
683 685
685 686
686
697 698
698 699
699
705 945
707 709
708 710
709 710 711
710 711
711 713
713 714
714 715
715
721
725 726 727
726 727 728
727 728 729
728 729 730
729 730 731
730 731
731 733
733
737 738 739
738 739
739 740
740 742
742 744
743 744
744 746
746 748
748
751
754 755 756
755 756 757
756 757
757 759
759 760 975
760
764 765
765
768
773
778 779 780
779 780
780 782
782
787 788 789 912
788 789 790
789 790 791
790 791
791 792 793
792 793
793
796
797
800 801 802
801 802
802
805
810
815
819 820
820
825
826
832 834
834 835 836
835 836
836 838
838 839
839 841
841
844 846
846
848 850
850
857 858
858
868 869 870
869 870 871
870 871
871
873
878 879
879
882 884
884
892
895 897
897 898 899
898 899
899
902 904
904
908 909 910
909 910
910 912
912
915 916
916
919 920 921
920 921
921
926 927
927
931
935
943 945
945 946
946 948
948 949
949
952
955 957
957 958 959
958 959
959
963
967 968
968 970
970 971
971
974 975 976
975 976
976 978
978 980
979 980
980
983
987 989
989
993
996
