#naive2.0.py
# GMT Fri Feb 14 14:28:03 2020
# 
0 2
2
5 6
6 8
8 9
9
12 13 14
13 15
14 15 107
15
21 23
23 24
24 26
26 27
27
31
36
42
45 46 47
46 47
47 49 205
49
52 54
54 56
56 57
57 167
60 61
61 63 660
63 64 65
64 375
65 66 809
66 67 68
67 68 69
68 69
69 416
73 74 75
74 75
75
78
81 82 83
82 83
83 998
87
91 328
96 97
97 99
99
102
105 106 107
106 107 108
107 109 448
108 109 110
109 110 111
110 111
111 367
117 119
119 120
120
126 127 128
127 367
128 130
130 241
133
136 138
138 139 140
139 140 141
140 141 392
141
144 406 381
145
147
155
159 160 567 285
160 162
162 164
164
167 169
169 170 517
170 172
172 174 665
174
180 182
182 183 184
183 184
184 186
186 187
187
190 191 192
191 192 193
192 193
193
196 197
197 199
198 199
199
203 204 205 796
204 205 567
205
207 209
209 211
211 212 213
212 213
213 215
215 217 748
217
221
224 225 226
225 227
226 227 857
227
232 951
233 520
239 240 241
240 241 924
241
245
249 250 251
250 251 252
251 252 253
252 253 254
253 254
254
257 258 259
258 259
259
263 265
265 266
266 268 890
268 270
270 686
271
275
277 278
278
285 287
287
290
292 294
294
299 300 301
300 301
301 303
303
305
308 310
310 312
312 314
314 316
316 317
317 985
319 320 321
320 321
321 323
323 325
325
328
331
334 335
335
338 339 340
339 340 341
340 341
341
344
350
355
358 359
359
364 365
365 367
367 368 369
368 369 370
369 370
370 372
372 374
374 375 376
375 376 377
376 377 378
377 379
378 379
379 381
381
384 386
386 387 388
387 388
388
391 392
392
396
399 400 401
400 401 402
401 402 403
402 403
403 405
405 406
406
409
412 413 807
413 415
415 416 417
416 417
417 419
419
422 423 669
423
427 428 429
428 429 430
429 430
430 432
432 433 454
433 509
436 437
437 439
439 440
440
443 444 646
444
448 450
450 451
451 619
454
457 458
458
463 465
465 466
466 468
468 470
470
473 474
474
477 478 479
478 479 480
479 480 481
480 482 755
481 482 483
482
483
490 492
492 493
493 495
495
498
504 505 910
505 506 507
506 507
507 509 934
509 510
510 511 512
511 512 513
512 513
513 515
515 517
517 518 838
518 519 520
519 520 829
520
523 524 525
524 525 526
525 526
526
530
534
537 539
539 540
540
546 547
547 549
549
552
555 557 894
557 856
561
563
566 567 568
567
568 570
570 571 572
571 573
572 573
573
576
582 584
584
589
594 595 596
595 596 597
596 597 598
597 598
598
608 609
609
612
618
619 621
621
625
630 632
631 632
632 634
634
640 641 642
641 642
642 644
644 645 646
645 646 708
646 648
648 649 650
649 650 651
650 651
651 652 653
652 653 654
653 654 655 790
654 660
655 656
656
660 661 662
661 662
662
665 667
666 667
667 669
669
672 673 674
673 674 675
674 675
675 676
676
679 681 783
681
686
692 694
694 695
695 889
698 700
700 702
702
706 707 708
707 709
708
709 711
711 712
712
720 721
721 723
723
728 730
730 731
731 733
733
739
744 745
745
748 750
749 750
750 752
752
755 756 757
756 757
757
760 761 762
761 762
762 763
763
768
774
777 778 779
778 779
779
782 783 784
783 784
784
786
789 790
790
794 796
796
797
801
805 807
807 809
809 810
810
813 814
814 816
816 817
817
820 821
821 822
822
827 829
829
832 833 834
833 834
834 836
836 838
838 839
839
842
846 847
847 848
848
854 856
856
857
859 860
860
864 975
865
869 870
870 872
872 873
873
877
882 883 884
883 884
884 886
886
889 890
890
892 894
894 896
896 898
897 898
898
902
905 906 907
906 907 908
907 908
908 910
910 912
912
913 915
915
918 920
920 922
922
924 925
925
928
931
934
939 941
941 942
942 943
943 945
945 946
946 948
948
951 953
953 954 955
954 955
955 957
957 958
958
965
975
977
982 983
983 985
985 986
986
991 993
992 993
993 995
995 996 997
996 997 998
997 998
998
