#naive2.0.py
# GMT Fri Feb 14 14:28:09 2020
# 
0
3 4 5
4 5
5
8 10
10
13
16 254 950
17 19
19 225
22 784
25 26 27
26 27 28
27 28 29 288
28 29
29
32 34
34 35 36
35
36 38
38 40
40 42
42 491
45
49 50
50 52
52
57 59 167
59 61
61 660
69 416
71 73
73 74
74 76
76
79 80
80 82
82 83
83 998
88 90
90
92
100
104 106
106
109 111 593
111 113
112 195
113 370
119
123 125 817
124 125
125 127
127 129
129 298
131 132 133
132 133
133 135
135 136
136
139 140
140 392 973
143 144 145
144 406
145 812
147 148
148
151
154 156
156 157 404
157
161 162
162 164
164 165
165 167
167 169
169 517
172 173
173
177
180 181
181 215 607
190 191 192
191 192 193 736
192 193
193 195
195 196
196 766
203 205 796
205 284
206
209 210
210 212
212
215 217 748
217 218
218
224 225
225
229
232 951
233 235
235
236 238
238 239
239 241
241
245 247
247 248 249
248 249
249 251
251
254
257 258
258 260
260 261
261 263
263 265
265 266 267 342
266 267
267 269
269 270 271
270 272
271 272
272 274
274
278
283 284 446
284 285
285
288 289
289
295 487 404
298 299 300
299 300
300
303 304
304 573
305 306
306
312 313 314
313 314 315
314 315
315 901
317 318
318 319 320
319 320 321
320 321
321
325
328
329
333 334 445
334 336
336 337 338
337 338
338
342
343 537
346
352 353 354
353 354
354 356
356
362 597
368 370
370 372
372
376
383 384 385
384 385
385 387
387 388 389
388 389 390
389 390
390 392
392
397
399
404
406
409
416 417 418
417 418
418 420
420 421 422
421 422
422 669
424
427 428 429
428 429 430
429 430 431
430 431
431
436
439 441
441
444 445 446
445 446
446 447 448
447
448
453 454
454
456 458 820
458
462
472
474 476
476
479 480 481
480 482
481 482
482 949
487
491 493 909
492 493 494
493 494
494 496
496 497 498
497 498
498 500
500
504
507
510 512
512 513
513
517 518 838
518
523 524
524
527
530 532
532 533
533 535
535 536 537
536 537 538
537
538
542 544
544
547
550
556
557
562 564
564 566 948 871
565 566
566
571 573
573 575
575
578 579 580
579 580
580 581 582
581 582 583
582 583
583
587 588 589
588 589 590
589 590
590 592
592 593 594
593 594
594
597
600
606 607
607
610 612
612 613
613
617
622 623 624
623 624
624
629
637 638
638
641
643
646
649 651
651 652
652
657 659
659 660
660
667 669
669 671
670 671
671
674 675
675 677
677 678
678
681 683
683 684
684
687
690 691
691 693
693 695
695 697
697 865 951
699 700
700
704 706
706
709 711
711
718 734
723 725
725
730
734 736
736
737
748
749
752 753 754
753 931
754
760 762
762 763 764
763 764
764
766 767 768
767 768
768 770 861
770 771 772
771 772
772 774
774 776
776
779 781
781
784
789 790
790
792
796
797 799
799
803 805 946
804 805 806
805 806 807
806
807
812 814
814 815 816
815 816
816 817
817
820
826 827
827 829
829 830
830
834 835
835 837
837 838
838
842
849 850
850 865
855
858
861 862
862 864
864
865 867
867
871
873 874
874
880 882
882 883
883 885
885 891
887
891
900 901
901 903
903 905
905 907
907 908 909
908 909
909
913 915
915
918
923
926 927 928
927 928
928
931
935
938 940
940
943 945
945 946
946 948
948 949 950
949 950 951
950 951 952
951 952
952
956
959
963 965
965 966
966 968
968 969 970
969 970
970 971 972
971 972 973
972 973
973
977
981
988 989 990
989
990
993 995
995
998
