#naive2.0.py
# GMT Fri Feb 14 14:28:11 2020
# 
2 4
4
7
13
14
17 18 19
18
19 225
23
26 27
27 29 658
29 30
30 32
32 33 34
33 34
34
39 40 155
40 42
42
48 50 922
50
56 57 58
57
58
64 766 375
65
69 70
70 71
71 73
73 75
75
78 79 80
79 80 81
80 81
81
85 86 87 163
86 87
87 89
89
94 95
95 97
97 98
98 100
100 101 833
101 102
102
104 105 106
105 106
106
110 111
111 113 367
113 115 370
115 117
117 118
118 120
120
123
126 127
127 367
132 133
133
136 845
144 381
145 146 812
146 147
147
150
153 155
155 157
156 157
157
160
163
172 174
174 176
176
180 181
181
184 185
185 187
187 188
188 190
190 191
191 193
193 194 195
194 195
195
200 201 202
201 202 203
202 203 204
203 204 205 796
204 205 567
205
207 209
209 210
210
213
216 217 218
217 218
218 220
220 221
221 222 223
222 223
223 225
225 227
227
230
239 240
240
243 244
244 304
247 248
248
253 254 255
254 255 256
255 256 257
256 257 258 846
257 258
258
263
267 268
268 270
270
275 276 962
276
280 281 344 460
281
286
289 615
293
299
303 304 845
304 573
305 307
307 308
308 798
312 314
314 315 316
315 316
316
320 321 322
321 322
322 324
324 325
325
332 334
334 335 336
335 336
336
339 340 341
340 341 342
341 342 343
342 344 560
343 344 345
344 345 346
345 346 347
346 347 348
347 349
348 349
349 351
351
354
357 359
359
362 363
363
366 367
367
370
375 376 377
376 377 378
377
378 380
380 381
381 383
383 384 385
384 385 386
385 386
386
391
395 396 397
396 397
397
399 400 401
400 401
401 403
403
408 409
409 411
411 412 413
412 413
413
418
422 423 669
423
426 428
428 430
430
436 437
437
444 445 446
445 446
446 448
448 449 450
449 450 740
450
453 455
455
459 460 461
460 461
461
466 467 468
467 468
468
473
484 746
488 748
489 517
494 496
496
499
502 740
504 910
506 508
508 509
509
511
514 516
516 918
517 838
519 520 829
520
523
532 533 534 802
533 535 735
534 535 536
535 536
536 538
538
541 543
543 544 545 723
544 545
545 547
547 548 549
548 549
549 551
551
558 560
560 562
561 562
562
567 569
569 570
570
573 574 575
574 575
575
578
583
585 586 587
586 587
587
590 592
592
596 598
598 600
600
609 611
611 612 613
612 613
613 615
615
618
623 625
625
629
631 632 633
632 633
633 635
635 636 637
636 637
637 639
639 640 641
640 641 642
641 642
642 644
644
647
652
656 657 658
657 658 659
658 659
659 661
661 662
662
667 668 669
668 669
669
675
678 679
679 783
682 683 684
683 684 685
684 685
685 687
687 688
688 690
690 691 692
691 692
692
695 697 889
696 697
697
700 701 702
701 702 703
702 703
703
706 708
708 710
709 710 711
710 711 712 866
711 712
712
719 720
720
723 725
724
725 726
726
729
735
738 739
739 740 741
740 741
741
744 746
746 748
747
748 750
750 751
751 753
753 755
755
758
761 841
763
766 768
768 769 770
769 770 771
770 771 772
771 772
772 774
774
778
781 782 783
782 783
783 978
790
792 793 794
793 794
794 795 796
795 796 797
796
797 798
798
802 803
803 805
804 805 806
805 806
806
811 812
812 814
814
820
829 831
831 833
833 834
834
838
841 842
842
845
846
848 849
849
852
857
862 864
864 866
866
870 871 872
871 872
872
875 876 877
876 877
877 879
879 881
881 882 883
882 883 884
883 884
884 886
886 887
887 889
889 891
891 893
893 894 895
894 896
895 896
896
905 907
907 908
908 910
910
913 915
915 916 917
916 917 918
917 918 919
918
919
922 923
923
925 926
926
929
932 933 934
933 934
934 936
936
940 942
942
947 948 949
948 949
949
954
962 963
963
968
974
977 978
978
983
988 990
990
995 997
997 999
999
