#naive2.0.py
# GMT Fri Feb 14 14:28:07 2020
# 
0 999
4 6
6 7
7 9
9 10 11
10 11 12
11 12
12
15 16 17
16
17 19
19 20 21
20 21
21
28 29 30
29 30 364
30 31
31 58
35 37
36 37
37
40 41 42
41 42
42
45 46
46 48
48 49 922
49
52 54 516
54 55
55 57
57 167
58
63 65
65 66
66 67 68
67 68 69
68 69 70
69 70 416
70
76 77
77
80 81
81 83
83 998
86 87
87
92 93
93
99 100
100
102 103
103
106 107 108
107 109
108 109
109 593
113 115 370
115
118 119 120
119 120
120 122
122 123 124
123 817
124 126
126 447
130 850 241
134 135
135
138
147
150 151 152
151 152 344
152
156
160
161
164
167 168
168 170
170 172
172
175 176 177
176 177 178
177 178
178 180
180
184
187 189
189 190
190
193
199 200 201
200 201 202
201 202 203
202 203
203 205 796
205 559
211 213
213 214 215
214 215
215 217
217 219
219 220
220
223 224 490
224
227 228
228 571
231
236 238
238
241 242
242 243 244
243 244
244 246
246 248 596
247 248 249
248 249
249
253 255
255
258 259
259 261
261 262 263
262 263
263
266 267 268 890
267 268
268
273 275
275
279 280
280 344
286 288
288 289
289 290 615
290
295
298
305 306
306
309 310
310
316
319
325 327
327 329
329 330
330
332 333 334
333 334 445
334
337 339
339 340 341
340 341
341
344 346
346 348
348 349 350
349 350
350
355
359 361
361 362
362 364
364 365
365 367
367
370
371 373
373 374 375
374 375 376
375 376
376 378
378 379 380
379 380
380 382
382
387 388
388
391 392
392
395 396
396
399 400
400
406 407
407
410
413
416
420 422
422 423 669
423 424 425
424 425 426
425 426
426 428
428 429
429 431
431
435 437
437 439
439 440
440 442
442
445
447
451 453
453 455
455 457
457 458
458
461 462 463
462 463 992
463 464
464
467 468
468 470
470 472
472
474
477 479
479 481
481
485
490 492
492 494
494 495 496
495 496 497
496 497
497
502
505
508 510
510
516
519
522 523
523
527 529
529 530
530
533 535 735
534 535 536
535 536 537 825
536 537 538
537
538
543 723
546
551 552
552
559
560
567 569
569 571
571 573
573 574
574 576
576 578 923
578
582 583
583 602
586
590
593
595 596
596
599 600
600 602
602 603
603 604
604 605 606
605 606
606 608
608
611 612 613
612 613
613 615
615
618
621 622
622
625 626 627
626 703
627
631
634 636
636 637
637 639
639 641
641 642
642
645
648
654
656 657
657
666 668
668 669
669 671
671 673
673 675
675 677
677
680 681
681
686
690 691 692
691 692 693
692 693
693
696 697 698
697 698
698 700
700 701 702
701 702 703
702 703
703
707 709 944
709
714
719
723
726 728
728
735 736 737
736 738
737 738
738
741 743
743 744
744 746
746
747 749
749 751
751 752 753
752 753 754
753 755
754 755 756
755 756
756
759 760
760
766 768
768 861
771
774 775 776
775 776 777
776 777
777 779
779 781
781 782
782
785 786
786
791 793
793
796
797 798
798
804
807
812 813
813
817 818
818 820
820 821
821 822
822
825 827
827 828
828 830
830 831 832
831 832
832
836 837 838
837 838
838
840 841
841
846
850
851 853
853 855
855 857
856
857
860 861
861 862
862 864
864 866
866
868 869
869
875 876
876 878
878 880 896
880 881
881 883
883
887 889
889 890
890
892 894
894 896
896
899
901 903
903
909 910
910
915 917
917 919
919 921
921 922 923
922 923
923
925 926
926
929
932 933
933
936 937 938
937 938 939
938 939 940
939 940
940
944
948
953 954
954 956
956 958
958 959 960
959 960
960
963 964 965
964 965
965
971
977 978 979
978
979
983 985
985
989
992 994
994 996
996 998
998 999
999
