#naive2.0.py
# GMT Fri Feb 14 14:28:09 2020
# 
1 2 3 999
2 3 4
3 4
4 6
6 7
7 9
9
12 14
14
19
26
29 364
31 32
32
36
39 40
40 42
42 43
43 44
44 46
46
50 52 171
51 52
52
57 167
68 69 70
69 70
70 72
72 74
74 75
75 77
77 78
78 80
80
83 998
86
90 91 585
91
97 98
98
101
106 108
108
116
119
122 123 124
123
124 126
126 128 447
128 129
129 298
133 134
134 136
136 137
137
140 141 142 392 713
141 142 143
142 143
143 145
145 812
148 149
149 151
151 152
152 154
154
158 159
159 285
163 991
164
167
170 171
171
174 175
175
179 181
181 215
182
191 192 193
192 193 194
193 194
194
198 200
200 201 202
201 202 203
202 203 204
203 204
204
206 207
207
210 211 212
211 212 213
212 213
213 215
215 216 217 748
216 217
217
226 227 857
227
233 234 520
234 236
236 237
237
240
242 244
244
252 254
254
261
264 266
266 268
268
272 274
274 276
276
279 280 281
280 281
281 674
285 286 287
286 287
287
291
296 298 360
298 300
300 301 302
301 302
302
305 306
306 308
308 798
311 313
313
317 318 985
318 319 320 642
319 320 321
320 321
321
324 325
325
332 334
334 336
336 337
337 339
339 340 341
340 341
341 343
343 345
345 347
347 349
349
353 354
354
357 358 359
358 359 360
359 360 361
360 361
361
364 366
366 367
367
371 372 373
372
373
376
383
392 394
394
397
399 400 401
400 401
401
405
409 410
410
417 418 419
418
419
422 669
424 425 426
425 426
426
429
432 434 454
434 435
435 437
437 438 439
438 439
439
444
447
448 450
450 452
452 454 744
453 454
454
459 461
461
464 466
466 467
467
470 471
471
479
484 486
486 488 877
488 490 748
489 490
490 492
492
495
498 499
499
502 740
505 507
507
513
519 520
520
523 524
524
528 530
530 531 532
531 532
532
538 539 540
539 540
540 542
542
546 547
547
550 551
551
561 562 788
562 564
564
570 572
572
575
578 579
579 742 741
581 583
583 602
585 586 587
586 587 588
587 588
588 590
590 591 592
591 592 593
592 593
593
595
598
601 602
602
605 606
606 608
608
612
617 618 619
618 620
619 620
620
623 624 625
624 626
625 626 627
626 628
627 628
628 630 819
630 632 981
631 632 633
632 633
633
637 639
639 640
640 642
642
643 941
646
647
653
660
663 664 665
664 665
665
668 669 670
669 671
670 671 672
671 672 673
672 673 674
673 674 675
674 675
675 677
677
681 683
683 684 863
684 686
686 687 688
687 688
688 689 690
689 690
690
693 694 695
694 695
695
698
705 706 945
706 707 708
707 709 944
708
709
712 713 714
713 714
714 715
715 806
718 720 734
719 720
720
723 725
725
730 732
732 734
734
737 739
739 740 741
740 741 742
741 742 743
742 744
743 744 745
744 745
745 747 798
747
748
752 753 754
753 755
754 755
755
760
765 766
766
773
776 778
778 779 780
779 780
780
783 784 978
784
786 788
788
791 792
792
798
799
803
806
809
812 814
814 816
816
819 820
820
822 824
824 825
825
828
831 832
832 834
834 836
836
839 841
841 842
842
847 848
848
853 854
854 856
856
857
859
863
866
876 877
877 879
879 881
881
884
887 888
888
891 892 893
892 893
893
896 898
898 899 900
899 900
900 901 902
901 902
902
910 912
912
913 915
915 916 917
916 917
917
920 921 922
921 922 923
922 923
923
926 927
927
930 932
932 933
933 935
935 937
937 938
938 940
940 941
941
943 944 945
944 945
945 947
947
952 953 954
953 954
954
957
961 963
963 964
964
967
972
975
978 980
979 980 981
980 981 982
981 982
982
985 986
986
990 991
991
994 995 996
995 996 997
996 997 998
997 998 999
998 999
999
