#naive2.0.py
# GMT Fri Feb 14 14:28:10 2020
# 
1 3 999
3
6 8
8 9 10
9 10
10 12
12 14
14 15
15
18 526
21 22 23
22 23
23 25
25 26 27
26 27 28
27 28
28
31 32
32 33
33 35
35 37
36 37 38
37 38
38
43
47 48 49
48 49 922
49
55
59 60
60 62
62 63 64
63 64 65
64 375
65 809
67
72 74
74
78
82 84
84 85
85 86 163
86 88
88 90
90 91
91 93 328
93 269
102
104 105 106
105 106
106
110 112
112 114
114 855
117 118 119
118 119
119
122 123
123
126
131 132
132
137 289
140 142
142 143
143 145
145 146
146 148
148
153 154
154
158 159 160
159 160
160
161 163
163 165 991
165 166
166 168
168 170
170
173
176 178
178
181 215
183 184
184 186
186 187 747
187 189
189
192 193 194
193 194
194
199 200
200
204
209 210
210 212
212
215 217
217
222 223 224
223 224 225
224 225
225
228
232 234 951
234
238 239
239 241
241
243
246 248 596
247 248 249
248 249
249
252 253 254
253 254 255
254 255
255
258 260
260 261
261
265 266 267
266 267
267 269
269 270 271
270 272 686
271 272
272 274
274
279
284
289 291
291 292 293
292 293 294
293 294
294 296
296 360
297
299 301
301
305 307
307
310 311 312
311 312 313
312 313
313
319
323 324 325
324 325 326
325 326 327
326 327 328
327 328
328 330
330
332
337 338 339
338 339
339 341
341 343
343 345 537
345
349 350 351
350 351
351 353
353 355
355 357
357 359
359 360
360 362
362 363 364 597
363 364 365
364 365
365
368
371 372
372
375
379 380
380
383
388 389
389
400
403 404
404
406 407 408
407 854
408 410
410
414
419 421
421 422
422
424
428 429 430
429 430 431
430 431
431
433
437 439
439 440 441
440 441 442
441 442
442
445
456 820
461
465
475 476 477
476 477
477 479
479 480 481
480
481
484 485
485 487
487 489
489
492 494
494 495
495
500 501 502
501 502
502 740
506 507
507 934
510 511
511
514
519 829
521 523 782
522 523
523 525
525 526 527
526 527 528
527 528
528
531 532
532 534 802
534
537 539
538 539
539 541
541
544 545
545 547
547 548
548
551
555 556 557
556
557 856
560 562
561 562 788
562
568
572
575
578 580
580 582
582
587 589
589 590 591
590 591 592
591 592
592
595 596 597
596 597 598
597 598
598
601 603
603
605
609 611
611 613
613
620 622
622 623
623 625
625 626 627
626 628
627 628
628 819
632 633 634
633 634
634 636
636
643 644
644 646
646
647
652 653 654
653 654
654 660
656
659 660 661
660 661 662
661 662 663
662 663 664
663 664
664 666
666
670
674
676 677
677 679
679 681
681 683
683 863
686
690 692
692 693
693 695
695
696
699
707 944
711 712
712 714
714 715
715 717
717 718
718 720 734
720
728 729 730
729 730 731
730 731
731
734
737
740
743 744 745
744 745
745 747
747
750 751 752
751 752
752
756
759 761 975
761 841
763 764
764
767
770 771
771
774 776
776
779
782
788
792 793
793
795
799 800
800 802
802 803
803
804
808 809 810
809 810
810
814 815 816
815 816
816
819 820 821
820 821
821
825 827
827 828 829
828 829
829 831
831 832
832
835 836 837
836 837
837
841 842
842
845 847
846 847
847
851 853
853 854 855
854 855 856
855
856
863
865 867
866 867
867 868 869
868 869 870
869 870
870 872
872 873
873
877 879
879 880 881
880 881
881
887
898 899
899
901
904 906
906 908
908
912 914
914 916
916 917
917
920 922
922
927
932 934
934
940
943 944 945
944 945
945
949 950 951
950 951
951
954
957 959
959 961
961
964 965
965
968 970
970
975 976
976
979 981
981 982
982
985 986
986
989 991
990 991
991 993
993 994
994
998 999
999
