#naive2.0.py
# GMT Fri Feb 14 14:28:08 2020
# 
4 6
6 7
7 9
9 10 11
10 11
11 13
13
17 19
19 20
20
26 28
28
32 34
34
40
43 44 45
44 45 46
45 46 47
46 47
47
51 53
53 54
54 56
56 57 58
57 59
58 59 60
59 60
60 62
62 64
64
65
71 72 73
72 73
73
77
80
83 85
85
89 90 91
90 91 197
91
94
97 99
99 100
100
103 105
105 107
107 448
110 111
111 113 367
113 115
115
118 119 120
119 120
120
125 127
127 367
131
135
138 140
140 141 142
141 142 143
142 143
143
149 150 151
150 151
151 344
153 155
155 157
156 157
157 158
158
164 165
165
168 169
169 517
171 172
172
177 178 179
178 179 180
179 180 181
180 181 182
181 215 607
182 183
183
186 188
188 189
189 191
191 192 193 736
192 193 194
193 194
194 196
196 197
197
198
201
209 210 211
210 211 212
211 212 213
212 213 214
213 214 215
214 215
215 748
218 219
219 895
221
224
227 228 229
228 229 571
229
234 236
236 238
238 240
240 241
241 242
242 243 244
243 244
244 246
246 248
248 249
249 251
251 252 253
252 253
253 255
255 256 257
256 257 258
257 258 259
258 259 260
259 260
260
263 264 265
264 265
265 267
267
271
275 276
276
279
282 283 284 290
283 284
284
290 291
291
295 487 716
298 299
299 301
301 303
303 845
309 311
311 313
313
318 320 642
320 322
322
325
330
339 340
340
343 344 537
344
349 350 351
350 351 687
351
354
360 361 362
361 362
362
365 367
367 368 369
368 369
369
372 599
376 377 378
377 379
378 379 380
379 380
380
383 385
385
390
393 394 395
394 395 396
395 396 397
396 397
397 756
400 401
401 815
411 413
413 415
415 416 417
416 417
417 419
419 420
420
425 427
427 428 429
428 429
429
433 509
437
442
445
447
448
453 454 455
454 455
455
459 461
461 462
462 992
464 465
465
468 470
470
473 474 475
474 476
475 476 477
476 477 478
477 478
478 480
480 482
482 949
486 488
487 488 489
488 748
489 491 517
491 909
495
500 501
501 503
503 505
505 506
506 508
508 509 510
509 510
510 512
512
517
520
522 524
524
530
535 536 537
536 537
537
543
546 547
547 549
549 550
550 552
552
555 557
557 559
559
563
567 569
568 569 570
569 570 571
570 571
571 573
573 575
575 576
576
579
582 584
584
588 589
589 591
591 592
592 594
594 595
595
599 601
601 603
603 604 784
604 605 606
605 606 607
606 607 608
607 608
608 610
610 612 888
611 612 613
612 613 614
613 614
614
618
619
623 860
626 628
628 630
630 632
631 632
632
635 637
637
640 641 642
641 642 788
642 644
643 644 941
644
647
650 994
656 658
658 659
659
663
669
670
674 675
675 676 677
676 677 678
677 678 679
678 679
679
682 683
683 863
687
690 691 692
691 692 693
692 693
693
696 697
697 865
700 702
702
705 706
706
709 711
711
716
724 791
725 726
726
729 730
730
733 734
734 736
736
737 739
739 740
740
743 744
744 746
746 748
748 750
749 750 751
750 751 752
751 752 753
752 753 754
753 931
754 756
756 758
758 760
760 762
762 763
763
767
770 772
772 773 774
773 774 775
774 775
775 777
777 778 779
778 779 780
779 780 781
780 781 782
781 782
782 784
784
788 790
790 791
791
795 797
797 798
798
801 803
803 946
804
807 808
808 810
810 811 812
811 812 813
812 813
813 815
815 816
816
820 821
821 822 823
822 823
823
826 827
827 829
829 830
830
841 842
842
845
848 850
850 865
853 854
854
858 860
860 861
861 862
862 863
863
865 867
867
870 871
871
873
876
879 880
880
883 885
885 886
886 888
888 889
889
892
895
905 907
907 909
909 910
910 912
912
918
919 921
921
925
930 931 932
931 932 933
932 933
933 935
935
940 941
941
943 944
944 946
946 947 948
947 948 949
948 949
949
957 958
958
963
966 967
967
971 972
972 974
974 975
975
984 986
986 987
987
990 992
992 993 994
993 994
994 996
996 997
997 999
999
