#naive2.0.py
# GMT Fri Feb 14 14:28:07 2020
# 
2
5
10 12
12
17 18 19
18
19 20 21
20 21 22
21 22
22 24
24
27 28 29
28 29 30
29 30 364
30
33 35
35
36
39 40 41 155
40 41
41
47 49 205
49 51
51 53
53 54
54
59 61
61 528
62 64
64
65 66
66 67 68
67 68 69
68 69
69 416
72
76 78
78
81
85
89 91
91
95 474
99 100
100 833
103 105 897
104 105 106
105 106
106
113 114 370
114
117
120
124 125
125 868
128
131 132
132
136 138
138 140
140 141
141
144 381
145
147
151 152
152 154
154 155
155 157
157 158 159
158 159
159 285
167 168
168
172 665
175 176 177
176 177 178
177 178
178
181 607
183 184 185 956
184 185
185
188 189 190
189 190
190 192
192 193 194
193 194 195
194 195
195 197
197
201 202
202 204
204 205
205 559
206
210 211 212
211 212 213
212 213
213
218 219 220
219 220
220
224 226
226
228 229
229
233 235 520
235 856 602
236 238
238 239
239
248 250
250 251 252
251 252 253
252 253 254
253 254
254
258 260
260 262
262 263
263 265
265 266 342
266 268
268
272 273 274
273 274 275
274 275
275
280 281 460
281 674
285 287
287 289
289 291
291 292 293
292 293
293
299 301
301 302 303
302 303 304
303 304
304
306 307
307
312 314
314 316
316
319
323
326
329
334 336
336 337
337
341 342 343
342 560
343
346 348
348
351 352
352 354
354 355 356
355 356 357
356 357
357
360 362
362 364 597
364 366
366
369 370
370
374 376
376
379 380 381
380 381 382
381 382
382 384
384
391
393 395
395 397
397 756
401 402 815
402 404
404
409 411
411 413
413 414 415
414 415 416
415 416 417
416 417 418
417 418
418 604
422 423 669
423
426 428
428
431 432
432 454
435
439
446 447 448
447
448
451 453 619
453 454
454 852
457 459
459 460 461
460 461
461
466 468
468 469
469
473 474 475
474 476
475 476
476
481
484
487
490 492
492 494
494 495 496
495 496
496
503 505
505 507
507 509 934
509 510
510 511
511 513
513 514 515
514 515 516
515 516 517
516 918
517
520
523
528
532 533 534
533 735
534
538 539 540
539 540
540 542
542 544
544 545 546
545 546 547
546 547 548
547 548
548 550
550
555
558 559 560
559
560 562
562
566
570
574
581
588 589 590
589 590
590 592
592 593
593
597
599 600
600 602
602 603
603 604
604 606
606 607
607
611 612 613
612 613
613
619 620 621
620 621 622
621 622
622
625 627
627
633 634
634
638 640
640 641
641 788
644
647
652
656 657
657
661 662 663
662 663
663 665
665
669
670 672
672 674
674
678 680
680
683 684 685 863
684 685
685
689
693 695
695
696 698
698 699 700
699 700 701
700 701
701
704 705
705
707
711
717
724
725 726 727
726 727
727
730 732
732
735 737
737
743 745
745 747 798
747 749
749 750
750 752
752 753
753 755
755 756
756
771 772
772 774
774 775
775
778 780
780 781 782
781 782 783
782 783
783 785
785 787
787 788 789
788 789
789
792
796 823
798
801
804 806
806
811
815 816
816 817
817
822 823 824
823 824
824
827 828
828 830
830 831
831 833
833
842 843 844
843 844
844
849
852 854
854 856
856 858
858 860
860 861
861 862
862 863 864
863 864
864 866 975
866 867
867 868 869
868 869 870
869 870
870 872
872
877
880
883
897
906 908
908 909
909
913 914
914
918
922
925 927
927
930 932
932 934
934 936
936
939
942 943
943
946 947 948
947 948 949
948 949 950
949 950 951
950 951
951
955 956 957
956
957 959
959
963 964
964
966
972
975
982 983
983 985
985 986 987
986 987
987
990 991 992
991
992 994
994 996
996 997
997
