#naive2.0.py
# GMT Fri Feb 14 14:28:10 2020
# 
0 999 2
2 3 4
3 4 220
4 6
6 7
7 9
9 10
10
13 531
14 107
16 254
17
26 27
27 29 658
29
36 38
38 115
41 42 43
42 43 491
43 45
45 46
46 48
48
52 53 54 516
53 54
54
57 59 167
59 61
61
62 64
64 375
66
70
73
76 77 78
77 78 79
78 79 80
79 80 81
80 81
81
86 87 88
87 88
88 90
90 197
96 98
98 99 100 556
99 100 101
100 101
101 103
103 897
104 106
106 107
107
113 115
115 116
116 153
118
121 386
125
126
131
135 136
136 138 845
138 139 347
139
142
148 150
150 151
151
153
156
158
161 163
163
164 166
166 167 168
167 168 169
168 169 170
169 170
170 171 172
171 172 789
172
176 178
178 179 180
179 180 181
180 181 182
181
182
185 187
187
191 192
192 194
194
197
200 201
201 203
203 204 205
204 205 567
205 284 559
206 207
207 209
209 210 211
210 211 212
211 212 213
212 213
213
217 218
218 220
220 221
221
224
228 230
230
233 234 235
234 235 236
235 237 856
236 237
237
245 246
246
249 251
251
254 256
256
259 260 261
260 261
261
264 265 266
265 266
266
269
272
282 284 290
284 285 286
285 286 287
286 287
287
290 291
291
294 296
296
299
302 303 304
303 304 845
304
310 311
311 313
313 314 315
314 315
315
319 320
320 322
322 324
324
329 331
331 333
333 335
335 336
336
340 341
341
345 347
347 349
348 349 350
349 350 351
350 351 352 687
351 352
352 354
354 355
355 357
357 358
358
361 362
362 597
365 367
367 368 369
368 369
369
373 375
375 377
377
378
383 384
384 386
386 388
388 390
390 391
391 835
394 396
396
400 401 402
401 402 815
402
406 408
408 409
409 411
411
421 422 423
422 423 614
423
428 429 430
429 430 431
430 431
431
437
443 646
449
452 454
453 454 455
454 455 852 793
455 456 457
456 457 458
457 458
458
461 462 463
462 463 992
463
467 468
468
471 473
473 474 475
474
475
478 479 480
479 480
480 482 755
482 484
484
487 489
489 491
491 493
493
497 499
499
502
506
511 512 513
512 513
513 515
515 516
516
522 523
523
530 531
531 533
533 535
534 535 536
535 536 537 825
536 537 538
537 539
538 539 540
539 540 541
540 541 542
541 542
542 544
544 546
546
549 550 551
550 551 552
551 552
552
556
557 559 856
559
560
563 565
565 567
567
575
578 579 580
579 580
580
583
586 587
587 589
589 591
591 592 593
592 593 594
593 594
594
597
600 601
601
605
611 612 613
612 613 614
613 614 615
614 831
615
617
621 623
623 624
624
627 628 629
628 819
629
631 633
633 635
635 636 637
636 637
637 639
639 640
640
643 645
645 646 647
646 648
647 648 649
648 649
649 651
651 652
652 654
654
655 657
657 658 659
658 659
659
662 663 664
663 664
664 666
666 667
667
670
674 675
675 676
676
682 683
683 685 863
685 686 687
686 687
687
691
695 697
697 698 865
698 699
699
703
706 707
707 944
711 713
713 714
714 716
716 718
718
725 727
727
733
747
750
753 755 931
754 755
755
758
761 762 841
762
767 769
769 770
770
773 775
775 776 777
776 777 778
777 778
778
781 782
782
786 788
788 789
789
792 793
793
795
799
803 805 946
805 806 807
806
807 809
809 811
811
814 815 816
815 816
816 817
817 819
819
822 823
823 825
825 827
826 827
827 828 829
828 829 830
829 830 831
830 831
831
835 836 837
836 837
837
841 842 843
842 843 844
843 844 845
844 845
845 847
847 848 849
848 849
849 851
851 852 853
852 854
853 854 855
854 855 856
855
856 858
858 859
859 861
861
863
865
871 872
872 873 874
873 874 875
874 875
875 877
877 879
879 880
880 882
882 883
883 885
885 891
891 893
893 895
895 897
897
900
903
907
912 914
913 914 915
914 915
915
921 923
923
925 927
927 928 929
928 929
929 931
931
934 935 936
935 936 937
936 937 938
937 938 939
938 939
939
942 944
944 946
946 947
947
952 953
953 955
955
959 961
961
965 967
967
970 971
971
975
977 978 979
978
979
982 984
984 985
985
988 989 990
989
990 992
992
995 997
997 998 999
998 999
999
