#naive2.0.py
# GMT Fri Feb 14 14:28:03 2020
# 
0 1 999
1 999
8 10
10 12
12 14
14 107
16
18
21
24 26
26
31 32 58
32 34
34 35
35 37
37 38 39
38
39 41 155
41 42
42 491
44
47 48 49 205
48 49 922
49 51
51 52
52 54
54 56
56 58
58
64 375
66 67 68
67 68
68
74 76
76
80 81
81
85 86 87 163
86 87 88
87 88 503
88
93
97 98
98
101 102 103
102 103
103
107 448
108 110
110
114 116
116
119 121
121
123 125
125 127 868
127 129
129
131 132
132
137 289
141 142
142 144
144
145 812
147 148 149
148 149
149
155
160 162 705
162 163 164
163 165
164 165 166
165 166
166
170
173
176 178
178 179
179 181
181 215 607
182 183
183
186 187 747
187 189
189 190 191
190 191 192
191 192 193
192 193
193
197
201 203
203 205 796
205 559
206 207 208
207 208
208
215 216 217 748
216 217 218
217 218 219
218 219
219
221
224 226
226
228 229 571
229
234 236
236 238
238 239
239
243 244 245
244 245
245
248 250
250 251 252
251 252 253
252 253
253
256 846
259 260 261
260 261
261
265 266 342
266 268
268
271 272 273
272 273 274
273 274 275
274 275 276
275 276
276
280
288 289
289
292
297
299
303
305 306 307
306 307
307 309
309 311
311
314 316
316 318
318 319
319
326
329 330 331
330 331
331 332
332
335
338
341 342
342
350 687
354 355
355 357
357 358
358
361
365
368 370
370
371 373
373 375
375 376
376 378
378 379 380
379 380
380 382
382
387 388
388 390
390
396
402 403 404
403 404
404
409
412
416
421
424 425
425
428 429 430
429 430 431
430 431 432
431 432
432 433
433
437 439
439 441
441 443
443 444
444 446
446 447 448
447
448 450
450 452
452 744
453
456 457 820
457
462 463
463 464
464
467 468 469
468 469 470
469 470
470
473 475
475 476
476
479 481
481 483
483 484 485
484 485 746
485
490
491 493
493 495
495 496
496
501 503
503
504
506 507
507 934
512 514
514 515
515
520
523 524 525
524 525
525 527
527
537
543 544
544 546
546 547
547 549
549 550 551
550 551
551 553
553
558 559
559 561
561 788
564 566 871
566 568
568
571
572
580 582
582
589
592 594
594 595 596
595 596 597
596 597
597
602
604 605
605 607
607 609
609 610
610 888
614 616
616 617
617
620 622
622
627 629
629
631 632
632 634
634 635
635 637
637 638
638 640
640
644
648 649
649
652 653
653 790
657 658
658
662 664
664 665 666
665 667
666 667
667
670
674 675
675 676
676 678
678
682
687 688
688 690
690
694 695 696
695
696 698
698
702 703 704
703 704 705
704 705 706
705 706
706 707
707
713
716 718
717 718 719
718
719
726 727
727
730
739 740 741
740 741
741
744 745 746
745 746 747
746 748
747
748 750
750 752
752 754
754 755 756
755 756
756 758
758 760
760 762
762
768 770 861
770 771
771
776 777 778
777 778
778 780
780 782
782
786 787 788
787 788 789 912
788 789 790
789 790
790
795 796 797
796
797 799
799 800 801
800 801
801 803
803
804
808 809 810
809 810
810 812
812 814
814 815 816
815 816
816
820
822
826 827
827
834 836
836 837 838
837 838 839
838 839
839 841
841 843
843 844
844 846
846
849
852 854
853 854
854
860 861
861 862
862 864
864
867 868
868 870
870 871 872
871 872
872 873 874
873 874 875
874 875
875
878
881
885
888
892 894
894
904 905 906
905 906
906 908
908
912
913
916 918
918 920
919 920 921
920 921 922
921 922 923
922 923
923 924
924 925 926
925 926 927
926 927 928
927 928 929
928 929 930
929 930 931
930 931 932
931 932
932 934
934
937
941 942
942 943
943
947 949
949 951
951 953
953 954
954
963
966 967 968
967 968 969
968 969
969
978 980
980
983
994
997 998 999
998 999
999
