#naive2.0.py
# GMT Fri Feb 14 14:28:09 2020
# 
4 5 6
5 6
6
13
14 107
17
22 23 24
23 24 25
24 25
25 27
27 658
30 32
32 33 34
33 34 35
34 35 36
35 650
36
40 42
42
44
48 49 922
49 51
51 52
52 54 516
54 55
55
58 59
59 61
61 528
62 64
64
65 809
67 69
69 70 416
70
74
83 84
84
86
91 328
94 96
96 97
97 99
99 101
101
104 106
106 107 108
107 109
108 109
109 111 593
111
115 117
117 119
119 121
121 122 386
122 123
123 125 817
125 127
127
128 130
130 132 850 397
132 134
134 135 136
135 136
136 138 845
138 140
140 141 142 973 713
141 142 143
142 143 144
143 144
144 381
146
149 150 151
150 151
151
153 154 155
154 155 156
155 157
156 157 404
157 159
159 160
160 705
163
169 170 517
170 172
172 665
175
178 180
180
183 184 185
184 185 186
185 186 187
186 187 747
187 189
189
193 195
195 196 197
196 197
197 199
198 199
199 201
201
204
206
211 212 213
212 213
213
216 218
218 219
219 895
221 222 223
222 223 224
223 224 225
224 225 226
225 227
226 227 971 857
227 229
229 231
231
245 247
247 249
249 251
251 253
253 254
254
257
262
266 890
269
276 277
277 279
279 280 281
280 281 460
281
289 290 291 615
290 291
291 292 293
292 293 294
293 294
294 296
296
297
299
302 303 304
303 304 845
304
306 307
307 309
309 311
311 313
313 314
314
317 318
318 319
319
322
328
329 331
331 333
333
340
345
349 350 351
350 351 352
351 352
352 354
354 355 356
355 356
356
362 363
363
369
372
376 378
378 379
379 381
381
384 385 386
385 386 387
386 387
387
396 397
397 756
399 400 401
400 401
401 403 815
403 404
404
407
408
412 413
413
416 418
418
422 669
424 425
425
429
433
437 438
438
441 442 443
442 443 444
443 444
444 446
446 447
447
451 619
456 820
459 460 461
460 461
461 462 463
462 463 992
463
466 467 468
467 468 469
468 469
469
478 479
479 481
481 483
483 484 485
484 485 746
485 487
487 489
489 517
493 494
494
498
501 502 503
502 503
503 505
504 505 910
505 507
507 934
510 511 512
511 512
512 514
514 516
516
517
522
526 528
528 530
529 530
530 532
532 533
533 535
535 537
537
540 541 542
541 542 543 553
542 543 544
543 544 723
544
547 549
549 550 551
550 551 552
551 552 553
552 553
553
557 559 856
559 561
560 562
561 562
562 563 564
563 564
564 566
566 568
568
572 574
574 575
575 577
577 578
578
583
588
592 593 594
593 594
594
600
603
607 608
608 610
610
615
619 621
621
626
627
635
638 639 640
639 640 641
640 641
641
643 645 941
645 647
647 648
648 650
650 651 994
651
657 658
658
665 667
667 669
669 671
671 672
672
675 677
677
680
683 685
685 686
686
692
695 697
697 951
699 700
700 702
702 704
704 705 706
705 706
706 707
707 709
709 710
710 712
712 713
713
716 718
717 718 719
718
719
723 725
725 726
726
729 730
730
736 738
738
742
745 746 747 798
746
747
750
753 755 931
754 755 756
755 756
756
760 762
762 763
763 765
765
768 770 861
770 772
772 773 774
773 774
774 776
776 778
778 780
780
783
787
790
792 794
794 795
795 797
797 798
798
803
804
808 809 810
809 810
810
815 816
816 817 818
817 818
818 820
820
823 824
824
827
831 832
832
836
839 841
841 842
842 844
844 845
845
849 850 851
850
851 852 853
852
853
856
857
860 861
861 862
862
867 869
869
873 874
874
878 879 896
879 881
881 883
883 884
884
890
893 895
895 896 897
896
897 899
899
901 902
902
905
908 909 910
909 910
910
913
916
921 922 923
922 923
923 924
924 925
925
929 930 931
930 931 932
931 932 933
932 933 934
933 934 935
934 935 936
935 936
936
941
943
949 951
951 953
953 954
954
959
963 964
964
967 968
968
971 972 973
972 973
973
982 983 984
983 984
984
987 988 989
988 989 990
989
990 992
992 993 994
993 994
994
997
