#naive2.0.py
# GMT Fri Feb 14 14:28:03 2020
# 
2
5
11
15 16
16
18 526
20 21 22
21 22 23
22 23 784
23
26 27 28
27 28 658
28 30
30 31
31
33
36 37
37
40 41
41 43
43 45
45
48 49 50
49 50
50 171
53
57 59 167
59 61
61 63
63
66 67 68
67 68 69
68 69 70
69 70 416
70 72
72 73 74
73 74 75
74 75 76
75 76 77
76 77 78
77 78
78 80
80
83 84 85 998
84 85 838
85 163
89
92 94
94 95
95 97 899
97 98
98
101 102
102 987
104 106
106 107 108
107 448
108 110
110 111
111
115 116
116 153
127
128
134
144
148
153
158 159 160
159 160
160
163
166 167
167
171
177
181 215 607
190 191
191 736
195 197
197 199
199 200 201
200 201 202
201 202
202
205 284 559
207
211 213
213 215
215 216 748
216 218
218
222 223
223 225
225
226
228 229 571
229
234 235
235 237 856
237 238
238
241
243 244
244 304
248 250
250
255 256
256 258
258
262
266 267 268
267 268 269
268 269
269 271
271 273
273
276 278
278 280
280
283 284 446
284 286
286
289 291 615
291 293
293
300 301 302
301 302
302 304
304 573
306
310 311
311
314 316
316 318
318 319
319
323
328
329 331
331 332 333
332 333 334
333 334 335 445
334 335 336
335 336
336
342 560
343 537
347
350 352 687
352 353 354
353 354
354
357 358 359
358 359
359
362 363 364
363 364
364 969
368 370
370 372
371 372 373
372
373 375
375 376
376
382 383
383
386
389 391
391 392 835
392 394
394 396
396 397
397 756
399
402 403 404
403 404
404
409 410
410
414 415 416
415 416
416
421
424 425 426
425 426
426 428
428
431 432 886
432 433 454
433 509
439 440
440
444 445 446
445 446
446 447 448
447 449
448 449 450
449 450
450 451
451 619
454 455 852 793
455 457
457 459
459
466
469
472
475
478 480
480 482
481 482 483
482 484 949
483 484 485
484 485
485 487
487 489
489
499 501
501 502
502
504 910
509
511 512
512
516 918
520 521
521
522
526 527
527
534 536
536 537
537 539
539 540
540 542
542 544
544
547 548
548
551 553
553
555
558 559 560
559 561
560
561
564 566 654
566
569 571
571 573
573
577 578 579
578 579
579 742 741
581 583
583
585 587
587
592 593
593
595 596
596 598
598
604
607 609
609 610 611
610 888
611
615 616
616 618
618 620
619 620
620
623 624 625
624
625 627
627 628 629
628 819
629
631 632
632
635 636 637
636 637
637 639
639
643 644 941
644
647 648 649
648 649 650
649 650 651
650 651
651
654
655 656
656 658
658
661 662 663
662 663
663
666 667 668
667 668 669
668 669 670
669
670
673 674 675
674 675
675
684 685
685 687
687 688
688 689
689 691
691 692
692
699 700
700
703
710 712 866
712 713 714
713 714
714 715
715 717
717 718
718 720 734
720
723
724 791
728
731 732
732 734
734 736
736 738
737 738 739
738 739
739 741
741 742
742
748 750
750 751 752
751 752
752 754
754 756
756 757
757 759
759 761
761 841
765
768
772 773
773 775
775
778
784 785
785
791 793
793 794
794 795 796
795 796
796
798
799
803 805 946
804 805
805 807
807 808
808 810
810 812
812 813
813
816 818
818 819
819 821
821
824
828 829
829
835 836
836 838
838 839
839 841
841 842 843
842 843
843
851 852 853
852
853 855
855
856
864 866
865 867
866 867
867 868 869
868 869 870
869 870
870 872
872 873
873 875
875 876 877
876 877
877
882 884
884 885 886
885 886 891
886 887 888
887 888 889
888 889
889 891
891 892 893
892 893
893
896 898
898 899 900
899 900
900 902
902 904
904 906
906
909 910 911
910 911 912
911 912
912 914
914 916
916 918
918 920
919 920 921
920 921
921 923
923 924
924 925 926
925 926
926 928
928 930
930 931 932
931 932
932 934
934 935
935
939 941
941
943
946
949 951
951 953
953 955
955 957
957 958 959
958 959
959 961
961 962 963
962 963 964
963 964
964
968 969
969
977 978 979
978
979
984 985 986
985 986 987
986 987 988
987 988 989
988 989
989
992
995 996
996 998
998
