#naive2.0.py
# GMT Fri Feb 14 14:28:06 2020
# 
0 999
3 5 220
5
10
15 17
17
21 23
23
30 32
32 34
34 36
36 38
38
39
44 46
46 47
47 205
52
62 63 64
63 64 65
64 375
65 66
66 67
67
71 73
73 74 75
74 75 76
75 76
76
83 84 85
84 85
85 86
86
90 197 585
94 95
95 97 474 899
97 99
99 101
101
105
108 109 110
109 110 111 593
110 111 112
111 113 367
112
113
119 120 121
120 121 122
121 122
122 123 124
123 125 817
124 125 126
125 868
126 128 447
128
131 133
133 135
135 136
136 845
139 140 141
140 141 142
141 142
142 144
144
148 149
149
152
159 160 567
160 162 705
161 162
162
167
171
176 177 178
177 178
178 180
180
183 184 185
184 185 186
185 186
186 188 747
188 189 190
189 190 191
190 191 192
191 192
192
196 197
197
198
203 205
205 284 559
207 208
208
213 214 215
214 215
215 217
217
220
225 227
227 228
228 230 571
230 232
232 951
233 235
235 602
236
239 240 241
240 241 924
241 242
242 243
243 245
245 246
246
250
253 254 255
254 255 256
255 256 257
256 257
257 259
259 261
261 262
262
265 267 342
267
270 272
271 272
272
275 276 962
276 277
277 279
279 280
280
284
287 288 289
288 289
289 291 615
291 292 293
292 293
293
298 299 300
299 300 301
300 301 302
301 302 303
302 303
303 845
306
311 312
312
317 318 985
318 320 642
320 321 322
321 322
322
331 332
332 334
334 336
336
341 342
342 560
345 347
347
351 352 353
352 353
353
356
359 360 361
360 361 362
361 362 363
362 363
363 365
365 366 367
366 367
367
371
375 376
376
382 384
384 385
385 387
387
391
394
398
403 405
405
408
411
414
421 422
422 669
424 425 426
425 426
426
429 430
430 432
432 434
434 435 436
435 436
436 438
438
442 443 444
443 444 646
444 446
446 447 448
447
448
453 455
455 456 457
456 457 820
457
466 467
467 469
469 470 471
470 471
471 473
473 474 475
474
475
478
484 486
486 877
490 492
492
498 499
499
504 505
505 506 507
506 507 508
507 934
508
511 512
512 514
514
518
522 523 524
523 524
524
527
533 535 735
535 537 825
537
538
542
545 546 547
546 547
547
550 552
552 554
554
558 559 560
559
560 562
562 563 564
563 564 565
564
565 567
567
570 571
571 573
573 574 575
574 575
575 577
577 578 579
578 579 580
579 580 742
580
583 602
585 586
586 588
588 589 590
589 590
590
593
595
600 602
602
604 605
605 607
607 609
609
612
615
617
620
626 628
628
633 635
635 636 637
636 637 638
637 638 639
638 639
639 641
641 642
642 644
644 645 646
645 646 647
646 648
647 648
648
652
655 657
657 658 659
658 659
659 660
660 662
662 664
664 665 666
665 667
666 667
667 669
669
672 673
673 675
675 676 677
676 677
677 679
679
682
688 689
689
695 697
697 951
700
704 705 706
705 706 945
706
709
712
715 717
717
721 722 723
722 723 724
723
724
728 729
729
733 735
735
738 739
739 740
740 742
742 744
744
747 749
749
753
759 975
762
767 769
769 770
770 772
772 773
773 775
775
784 785
785 787
787 912
794
798
801 802 803
802 803
803 805
805 807
807 808
808
814
817
820
824 825
825 827
827 828 829
828 829 830
829 830
830
834
842 843
843 845
845
849 850
850
852 854
853 854
854
857 858
858 859
859 861
861 862
862
867 868 869
868 869 870
869 870
870 872
872 874
874 875
875 877
877 879
879 880
880
883 885
885 886 891
886
891 893
893
896 898
897 898 899
898 899
899
907 908
908
912
916 917 918
917 918 919
918 920
919 920
920 922
922
924
927 929
929 930
930
933 934 935
934 935
935
938 939
939 941
941
944 945
945 947
947
950 951
951 953
953 954
954
959 961
961 962
962 964
964
966 968
968 969
969
972
975
977
982 983
983 985
985 987
987 988
988
992 994
994 995 996
995 996
996
999
