#naive2.0.py
# GMT Fri Feb 14 14:28:08 2020
# 
2 4
4 6
6 7 8
7 8 9
8 9
9 11
11 12
12
15
18 526 733
21 22
22 24 784
24 25
25 27
27 288
31
36
41
44 46
46 47
47 49 205
49
52
55 57
57 167
61
62 64
64 766
66 68
68 70
70
73 74
74 76
76 77
77 79
79
82 83
83
86 88
88
91
94
97 98 99
98 99 556
99 101
101 103
103 105
105 107
107 109 448
109 111 593
111 113 367
113 370
122 123
123 817
127 129 367
129 298
131
134 136
136 137 138 845
137 138
138 140
140 392
143 144 145
144 381
145 146
146 147
147 149
149 150 151
150 151
151 344
153
156 404
159 160 285
160 162
162
165 167
167
170 171 172
171 172
172 173 174 665
173 174 175
174 175 176
175 176
176
179 181
181
182 183
183 185 624 956
185 186
186
189 190
190 192
192
195
198
204 205
205 284
207 209
209 210 211
210 211 212
211 212
212 214
214
217 218 219
218 219 220
219 220
220 221
221 223
223 224 225 490
224 225 226
225
226 971
229
234 235 236
235 237 856
236 237 238
237 238 239
238 239 240
239 240
240
247 248 249
248 249
249
255
260
263
267
270 272 686
271 272
272
275 962
280 344
282 283 284
283 284 446
284 285
285 287
287 288
288
291 292 293
292 293
293
296 298 360
298
301
305 306
306 308
308 309
309 311
311 313
313 314
314
319
322 323 324
323 324 325
324 325
325 327
327 329
329
332
336
342 344 560
344
348 349 350
349 350 351
350 351
351 353
353 354 355
354 355
355 357
357
360 362
362
365 367
367 368
368 370
370 372
371 372
372
376 377
377 382
380 381 382
381 382
382
385
388
391 392
392
395
398 400
400
404
407
410 411
411
414 415 416
415 416
416 418
418
419 421
421 422
422
424
429
432
436 438
438
441 724
444 445 446
445 446
446 448
448 449
449
451
455 457
457 458
458
462 463
463 464
464 466
466 467
467
471 473
473
476 477
477
480
481 483
483 484
484 486
486
487 489
489 490 491 517
490
491 493 909
493
497 498
498 500
500
503 505
504 505
505
511 513
513 514 515
514 515
515 517
517
520 521
521 523
522 523 524
523 524 525
524 525 526
525 526 527
526 527
527
534
541
546 548
548 550
550 551
551
554 556
556 558
558 560
560 562
562 563
563 565
565 566
566
569
572
575
578 580
580
583 584
584 585
585
590 592
592 593 594
593 594
594 595
595
600 601
601
606 608
608 609
609
612 613
613
617 618
618 620
620 622
622 623 624
623 624 625
624 626
625 626 627
626 628 703
627 628
628 819
631 632 633
632 633
633
637 638 639
638 639
639
642 644
643 644
644
648 650
650 994
653 655
655 656 657
656 657
657
661 662 663
662 663 664
663 664 665
664 665 666
665
666 668
668 670
670 671
671 673
673 675
675 676 677
676 677
677
680 681
681
684 686
686 688
688
691
695
696
700 702
702 703 704
703 704
704
707 709
709 710 711
710 711 712
711 712
712 714
714 715
715 806
719 720
720
723 725
724
725 727
727 728 729
728 729
729
732 733
733 735
735 736 737
736 738
737 738
738
741 742 743
742
743 745
745
748 750
750
759 760 975
760 762
762 763
763
766 767
767
771
777 778 779
778 779
779
784 785
785 786
786 788
788
794 795
795 797
797
803 805 946
805 806
806
811
814
817 819
819 820
820
822 824
824
827 829
829
836
840
843 845
845 847
846 847
847 848
848
851
855
856 858
858
861
863 864
864 975
867 868
868
874 876
876 878
878
881
884
887
890
892
898 899
899
901 903
903 905
905 906 907
906 907
907 909
909
913 914
914
917
922
927
930 932
932 933
933
936 938
938 939
939
945 946 947
946 947
947
952 953
953
956
960 962
962
970 971
971
974 975
975
977 978
978
981 982
982
985
988 989
989
993 994
994
997 999
999
