#naive2.0.py
# GMT Fri Feb 14 14:28:05 2020
# 
2 3 4
3 4
4
9 10 11
10 11 12
11 12
12 14
14 15 107
15 16 17
16
17 18
18
20 21
21
26 27
27 288
31 58
34 35 36
35
36 38
38 40
40 41
41
45 47
47 205
50 52 171
52 516
56 57 58
57 59
58 59
59 61
61 660 528
62
65 809
67 69
69 416
72 73
73
76 77 78
77 78 79
78 79
79
87
93 269
94
100
107 109
109 111 593
111 367
112 195
116 117 153
117 118
118
122 124
124 126
126 127 128
127 129 367
128 129
129 298
134 136
136
140 141 142 392
141 142 143
142 143 144
143 144 145
144 406 381
145 146 812
146
150 151
151
153
161 163
163 165 991
164 165
165
169 170 517
170 171 172
171 172
172
176 177 178
177 178
178 180
180 181 182
181 215 607
182
185
189 190 191
190 191 192
191 192 193 736
192 193
193 195
195
202 203 204
203 204 205
204 205
205 559
207 208 209
208 209 210
209 210
210
215 216 217 748
216 217
217
223 224 225 490
224 225
225
233 234
234
237 238 239
238 239 240
239 240
240
243
248 250
250 251 252
251 252 253
252 253
253
263 264 265
264 265
265 342
269 270
270 686
274 276
276 278
278 279 280
279 280
280
282 283 290
283
287 288 289
288 289
289 290 615
290
294 296
296 298 360
297 298 996
298 299 300
299 300
300
305 307
307 309
309 310
310
313
318 319 642
319
322
327 328
328
331 332
332
335 337
337 338
338 340
340 342
342
343 537
356 357
357 359
359 360 361
360 361 362
361 362 363
362 363 364
363 364 365
364 365
365 367
367 368 369
368 369
369
372 599
376 377
377
381
384
388 389
389 391
391 392
392
393 395 989
395 397
397
399 401
401
404 405
405 406
406
414 416
416
419 421
421 422 423
422 423 669 614
423
426 427 428
427 428
428 430
430 432
432 433 434
433 434 509
434 436
436
439 441
441 443
443 445 646
445
449
458
461
465 466 467
466 467
467 469
469 471
471
474 476
475 476
476
480 482 755
482 484 949
483 484 485
484 485 486
485 486 487
486
487
490
491 909 964
494 496
496 498
498 499
499
504 505
505 506
506
509 510
510 511
511
516 918
517 838
523 524
524
528
529
534 535
535 537 825
537
541 542 543
542 543 544
543 544 545
544 545 546
545 546
546 548
548 549 550
549 550
550
554 556
556
557 559
559 561
561
563
566 568
568 569
569
572
575 576
576 923
581 583
583 602
587 589
589 590
590
593 594
594
598 599 600
599 600 601
600 601 602
601 602
602
604
607
610
613 614 615
614
615
620 621
621 623
623 625 860
625 627
627
632 633
633
636
640 642
642
643
646 648
647 648
648
651 652 653
652 653 654
653 654 655 790
654 660
655 657
657
660 661
661
664 666
666 667 668
667 668 669
668 669
669 671
671 672 673
672 673
673 675
675 676 677
676 677
677 679
679
680 682
682
686 687 688
687 688
688 689 690
689 690
690
696 697
697
699 701
701
704 706
706 707
707 709
709
714 715
715 717 806
717 718
718 720
720 722
722
725 726
726
730
736 738
738
748 750
749 750
750
753 755
755 757
757 758
758 760
760 762
762 764
764 765
765 766
766 768
768 769 861
769
772 773
773 775
775 777
777 779
779 780
780
784 785
785 786 787
786 787
787 912
790
793
798
800 801
801 803
803 946
804 806
806 808
808 809
809 811
811 812 813
812 813 814
813 814
814 816
816 818
818
821 822 823
822 823
823 825
825 827
826 827
827 829
829
832
837 838
838
840
843 844
844
847 848
848
851
854
857
859 860 861
860 861
861
864 866
866
871
875
878 879 880
879 880
880 882
882 883
883 885
885 891
887 889
889 891
891 892 893
892 893
893
899
902 904
904 905
905
909
912
915 916
916 918
918 920
920
923
926 927 928
927 928
928
932
935 936 937
936 937 938
937 938
938
942 943
943 945
945 946 947
946 947
947 949
949
961 962 963
962 963 964
963 964 965
964 965
965
972
977 978 979
978 980
979 980
980 982
982 983 984
983 984
984
987 988 989
988 989
989 991
991 993
993 995
995 996
996 998
998 999
999
