#naive2.0.py
# GMT Fri Feb 14 14:28:08 2020
# 
2
7
11 12
12
18 733
19 20
20 22
22 23 784
23 25
25
32 33 34
33 34 35
34 35 36
35 37 650
36 37 38
37 38
38 40
40 41
41
44
47 48 49 205
48 49
49 51
51
55
61
62
72 73
73 75
75 76 77
76 77
77
81 82 83
82 83
83 998
86
89
94 95 96
95 96 474 899
96
102
104
107 109 448
108 109
109 111
111 113
112 114 195
113 114
114 116 855
116
118
125
126 128
128 129
129
136 137
137
140 713
144 381
146
149 151
151 152 344
152
159 160 567
160 162 705
161 162 163
162 163
163 165 991
165
168
172 665
177 178
178
183 956
191 193
193 194 195
194 195
195 197
197
202 203 204
203 204 205 796
204 205 567
205 284
209 210 211
210 211
211
214
218
227 229
229 230
230
233 235
235 237 856 602
237 239
239 240
240
243 244
244 246 304
246 248
247 248
248 250
250 252
252 253
253
256 257 846
257 259
259
269
273 274 275
274 275
275
278
281
284
287 288
288
290
294
300 301
301
304
305 306
306
309 310
310
313 315
315
318 642
321 322 323
322 323
323 325
325 327
327
334 336
336 338
338 339
339 341
341 343
343 344 537
344 346
346 347
347
355 356
356 358
358
361 362 363
362 363
363
368
371 372
372 374 599
374 375
375 377
377
381 383
383 384
384
388 390
390
393 394 395
394 395 396
395 396 397
396 397 398
397
398 399 400
399 400
400 402
402 404
404
414
418
419 421
421 423
423 424 425
424 425 426
425 426
426
432 434
434 435 436
435 436 437
436 437
437 439
439 440
440
443
448 449
449
452 738
453
458
463 465
465
468 469
469 471
471
474 476
475 476
476
480 755
481
484
487 489
489 491
491 493 964
492 493 494
493 494 495
494 495
495
499 500 501
500 501 502
501 502
502
505 506 507
506 507 508
507
508
513 515
515
519 829
521
522
529 531
531 532 533
532 533
533 535 735
535 537 825
537
538 540
540 541
541 543 553
543 723
548
551 553
553
562 563
563 565
565 567
567
568
572
576 578 923
578 579
579 741
581
584 586
586 587 588
587 588 589
588 589
589
599
602
605
611
614 616
615 616
616
619
623
628 630
630 981
634
637 638
638 640
640 641 642
641 642
642
643 645
645
648 650
650 651
651 652 653
652 653 654
653 654
654
657 659
659 661
661
665
666
670 672
672
675
678 680
680 681
681
684
689 690
690
693 694
694 696
696
705
710
713 714
714
722 723 724
723 725
724 791
725
728 729 730
729 730
730
733 734 735
734 735
735
738
741 743
743 745
745
748 750
750
753 755 931
755 757
757 759
759 760 761 975
760 761
761
763
768 769
769 771
771 772 773
772 773
773
777
781 783
783 784 785 978
784 785
785
791
794 796
796
799 801
801
807
810 812
812 813 814
813 814
814
817
821
825
828 829
829
832 834
834 836
836 837
837 839
839 840
840 842
842 844
844 846
846
848 850
850
851 852 853
852
853 855
855 857
856
857
871 872
872 873
873 875
875
879
882 884
884 885 886
885 886 891
886 887 888
887 888 889
888 889 890
889 890 891
890 891
891
895 896
896 898
898 899
899
906
915 917
917 919
919
923
925 926
926
930 931
931 933
933
937 938
938
947 948
948
954 955 956
955 956
956 958
958
964 965
965 966
966 968
968 970
970 972
972 974
974 975 976
975 976
976 978
978
979 981
981
991
992
996 997 998
997 998
998
