#naive2.0.py
# GMT Fri Feb 14 14:28:04 2020
# 
2 3
3 220
6 7
7
10 11 12
11 12 13
12 13
13
19 20
20
23 24 25
24 25
25
30 31
31
33 34
34 36
36 38
38 40
39 40
40
44 45
45
49 51
51 52
52 54
54 55 56
55 56
56
59
62 64
64 766 375
65 809
70
73 74
74 76
76 78
78
81 82 83
82 83 84
83 84 998
84
87 89 503
89 90
90 197
92
95
98 100 556
100 101
101 103
103 105 897
105 106 107
106 107
107
112 114 195
114 116 855
116 117
117
120
123
124
127
130 131 397
131
135
138 140 347
140
143 144
144 381
146 148
148
152
156 157
157 158
158
162 163
163 991
166 167
167
171 172 789
172 665
178 179 180
179 180
180
183 184
184
190 192
192 194
194 195
195 197
197
198
201 202 203
202 203
203
208
211 212 213
212 213
213 215
215 748
220 221
221
227
232 234
233 234 235
234 235 236
235 237
236 237 238
237 238
238
243
246 248
247 248
248 250
250 251 252
251 252
252 254
254 256
256 846
261
265 266 267 342
266 267 268
267 268
268 270
270 272
271 272
272
278
281 283 674
283
286 287
287 289
289 615
292
295 297 487 716
297 298
298
302
305
311
314 315
315
321 322
322
325 327
327
331
335
338 339 340
339 340
340 342
342 344
343 344 345
344 345 346
345 346 347
346 347 348
347
348
351
355
359
365
369 371
371
375
379 380 381
380 381 382
381 382 383
382 383
383
386 387 388
387 388 389
388 389
389 391
391
396 397
397 756
403 405
405
409
412 807
420 421
421 423
423 425
425 427
427 428
428 430
430
436 437 438
437 438 439
438 439
439
442
449 740
451
452
456
459 460
460
462 992
466
469 470
470
473 475
475
478 479 480
479 480
480 755
484 486
486
487
491 493 909 964
492 493 494
493 494
494 496
496
499
503 505
504 505 910
505 506
506
509 510
510 511
511
515 517
517 518
518
521 523
523 524 525
524 525
525 527
527 529
529 530
530 532
532
543 545
545
550 551
551
556 558
557 558 559
558 559
559 561
561 562
562 563 564
563 564
564 566 948 654
566 567
567
571
574 575 576
575 576
576
583
586 587
587 589
589 590
590
595 597
597
603 784
606 608
608
612 613
613 615
615
618 620
620 621 622
621 622 623
622 623
623 625
625 627
627 628
628 630
630 632
631 632
632 634
634 636
636 637 638
637 638 639
638 639 640
639 640 641
640 641
641
643
649 650 651
650 651
651 653
653 654
654 660
657 658
658
660 662
662 664
664 665
665
668 669
669 671
671 673
673 674
674
677 679
679
684
688 689
689 691
691 692
692 694
694
697 698 865
698 699 700
699 700
700 702
702 704
704 705
705
707 709
709
715 716 717
716
717 719
719 721
721
725
729
736
737 739
739 740
740
748 750
750 752
752 753 754
753 755 931
754 755 756
755 756
756
760
766
770 771 772
771 772 773
772 773 774
773 774
774
779 781
781
784
786
789
795 797
797 799
799 800
800
805 807
807 808 809
808 809
809
822 823 824
823 824
824
827 828 829
828 829 830
829 830
830
840 841 842
841 842 843
842 843 844
843 844
844 846
846 847
847 848
848
851
854 855
855 857
857 858
858
861 862
862 863
863
865
868 869 870
869 870
870 872
872
876 878
878 879 880 896
879 880 881
880 881
881
885 886
886 888
888
893 894 895
894 896
895 896 897
896 898
897 898
898 900
900
903
907 908 909
908 909 910
909 910 911
910 911
911 913
913 914 915
914 915 916
915 916
916
921
926
931 932 933
932 933
933
936 937
937
940 942
942
948
952 953 954
953 954
954
958 959
959
964 965
965
971
978
982
990 991 992
991
992
995
998 999
999
