#naive2.0.py
# GMT Fri Feb 14 14:28:09 2020
# 
2
8 10
10 11 12
11 12 13
12 13
13 531
16 950
17 18 19
18 526 733
19 225
22 23 784
23
26 27 28
27 28 29 658
28 29
29
31 58
38 40
39 40 41
40 41
41
44 45
45
51
54
57 59
58 59
59
62 64
64 766
65
69 70
70 72
72 73 74
73 74
74 76
76
80
83
86 87
87 503
91 93 328
93 269
96 97
97
103 105
105
109 111
111
117
120
124 126
126
130 241 826
141 142
142
145 146
146 147
147 149
149
152 153
153
157 159
159 160
160 162 705
161 162
162
168 169 170
169 170
170 171
171 789
173
179 181
181 607
182 183 184
183 184 185
184 185
185 187
187 188 189
188 189
189 191
191
194 195
195 197
197
205 559
206 207 208
207 208
208
211
214
217 218 219
218 219
219
221 222
222
225 227
227 228
228
232 234
233 234
234
237 239
239 240 241
240 241
241 242
242
245 247
247 248
248
252
258 259
259 261
261
269
272 274
274
278 279
279
282 283
283
286 287
287
292
296 298
298 300
300 301 302
301 302
302
307 309
309 310
310
313 315
315 316
316
320 321 322
321 322
322 324
324 325
325
328
336
339 340 341
340 341
341 343
343 344 345
344 345 346
345 346
346
349 350
350 352
352 354
354 355 356
355 356 357
356 357 358
357 358
358
361 362 363
362 363
363
366
370
374 376
376
379
382 384
384 386
386
389 391
391 835
404
409
415
420 421
421
424 425 426
425 426
426 428
428 429 430
429 430
430
436 437 438
437 438 439
438 439 440
439 440 441
440 441 442
441 442
442 444
444 445
445
448 449 450
449 450
450
458 459
459 461
461 462
462
467 469
469
474
475 477
477 478 479
478 479
479
482 484
484 486
486 877
489
492 494
494 496
496 498
498 500
500 501 502
501 502 503
502 503
503 505
505 507
507
508 510
510 511
511
515 516
516
519
526 528
528 530
530 531
531 533
533 535
534 535 536
535 536
536 538
538 540
540 542
542
545 546 547
546 547
547
550 551 552
551 552
552 554
554
557 558 559
558 559 560
559
560
563 564
564 654
568 570
570 572
572 573
573 575
575 576 577
576 577 578 923
577 578 579
578 579
579 742 741
582 584
584
587 589
589
595
598
602
607 608 609
608 609 610
609 610 611
610 612
611 612
612 614
614 616 831
616
620
623 625
625 626
626 628 703
628 819
634 636
636
641
644 645 646
645 646
646 648
648
654
658
662 663
663 665
665
666
670 672
672 673
673
676
679 783
680
689 690
690 692
692
696 697
697
699 701
701 703
703 704 705
704 705 706
705 706 945
706 707
707 944
710
714 716
716
717
721 723
723 725
725
729 730
730
733 734
734
741 742 743
742
743 745
745 747 798
747 749
749 751
751 752
752 754
754
757
765 766
766 768
768 861
774 775
775 777
777
781 782 783
782 783 784
783 784 785
784 785
785 786
786
789 791
791 793
793
795
798
799 800 801
800 801 802
801 802 803
802 803
803 946
804
807
810 811
811
814 815
815
818 819 820
819 820
820
822
826
830 831 832
831 832 833
832 833 834
833 834 835
834 835
835 837
837 839
839 841
841 843
843 845
845 847
847
852
858 859
859 861
861
867
870
876 877 878
877 878
878
885
889 890
890
894
903 904 905
904 905 906
905 906 907
906 907
907 909
909 911
911 913
913 915
915 916 917
916 917
917 919
919 920
920 922
922 923
923
927
931 933
933 935
935 936 937
936 937 938
937 938
938
941 942
942 944
944 945 946
945 946
946
950 952
952 953
953
957 958
958 960
960
966
969
973 975
975
981 982 983
982 983
983 985
985 986 987
986 987
987
993 994 995
994 995
995 997
997 999
999
