#naive2.0.py
# GMT Fri Feb 14 14:28:04 2020
# 
0 999
3 5
5 7
7
11 12 13
12 13 14
13 15
14 15 107
15 17
17 19
19 21
21 23
23 24 25
24 25 26
25 26 27
26 27
27 658
32
36 37
37
40
52
55 56 57
56 57
57 59
59 60
60
65
67
70 71
71 73
73 74
74 76
76
81 82
82
85 87 163
87 88
88 90
90 585
92 94
94 96
96 98
98 100
100 101 833
101 102 103
102 103 987
103
107 109 448
109 110 593
110 112
112 114 195
113 114 115
114 115 855
115 117
117 118 119
118 119 120
119 120
120 122
122 124
124
128 129
129
137 138 289
138 347
141
146 147
147
150 151
151
155
156 404
158 160
160 162 705
161 162 163
162 163 164
163 165 991
164 165 166
165 166
166 168
168 169 170
169 170 517
170 171
171 789
173 174
174
177
180 181
181 215
183
186 187 188 747
187 188 189
188 189
189 191
191 192
192 194
194 195 196
195 196
196
198 199 200
199 200
200 202
202
205 284 559
206
210
213 215
215 217
217
223 224 490
224 226
226 971 857
230 231 232
231 232 233 764
232 951
233
236
240 924
243 245
245
248 250
250
254 255
255 257
257 258 259
258 259
259
262 264
264 265
265 342
268
277
281 283 674
283 284
284
289
296 360
299 300 301
300 301
301
306
310
314 315
315 901
318 320 642
320 321 322
321 322 323
322 323
323 325
325 326 327
326 327
327
330
334
337
342
345 347
347
351
354 355
355 357
357 358
358 360
360 361
361 363
363 364 365
364 365 366
365 366 367
366 367
367
373 374 375
374 375
375 377
377 382
378 380
380 382
382
385 386
386 388
388 390
390 392
392
393 989
397 756
400 401
401 403 815
403 404
404
406 407 408
407 409 854
408 409
409
413
416 417 418
417 418 419
418
419
423 424
424
430
433 434 509
434 436
436
443 646
448
453
456
460 461
461
465 466
466 468
468
474 476
476 478
478
482 949
483 485
485 487
487 488
488 490
490 492
492 493
493
496 497
497 499
499 501
501 502
502 740
505 507
507 509 934
509 510
510
513
517 518
518
521 523
522 523 524
523 524
524 526
526 528
528
529
532 802
536 537
537
548 549
549
559 561
561 562
562
565 566
566 568
568 569
569
576 577 578
577 578 579
578 579 580
579 580 742 741
580 581 582
581 582
582 584
584 585 586
585 586
586
592 593
593
597
599 600
600 602
602 603
603
605
612 613
613
618 620
619 620
620 622
622 623
623 625
625 627
627
630 632 981
632 633 634
633 634
634
638
641 642
642 644
644 645 646
645 646 708
646 648
648 649
649 651
651
654
658
661
664
667 668
668
671
674
679 681
680 681
681
687
694 695 696
695
696 698
698
702 704
704 705
705
707 709 944
708
709
713
715
724
725 726 727
726 727
727 729
729
734
740 741 742
741 742 743
742
743
747 749
749
752 753
753 755
755 756
756 758
758 759 760
759 760 975
760
764
771 772
772 774
774
780 781
781
786
789 790
790
798
799 801
801 802
802
804
807 808
808 810
810 811
811
814 815
815
817
825 827
827 829
829 830 831
830 831
831 833
833
836
839 841
841 843
843 845
845
849 850 851
850
851 852 853
852 854
853 854 855
854 855 856
855 857
856 858
857 858
858
869 870
870
875 877
877 878 879
878 879
879
882
885 891
890 891
891
894
895
901
904 905
905 907
907 908
908 910
910 912
912 914
914
917 918 919
918
919
924 925 926
925 926 927
926 927
927 929
929 930
930
934 936
936 938
938 939
939 941
941
944
949 951
951 953
953 954 955
954 955
955
958 959 960
959 960 961
960 961 962
961 962
962 964
964 965
965 966 967
966 967
967
971 972
972 974
974 975 976
975 976
976 977 978
977 978
978 980
980 981 982
981 982
982 984
984 985 986
985 986 987
986 987
987 989
989 991
991
992
995
999
