#naive2.0.py
# GMT Fri Feb 14 14:28:05 2020
# 
0 1 999
1 999
5
10 11
11
16 950
17 19
19 21
21
24
27 29
29 30
30 31
31 58
34
38 115
41 42 43
42 43
43 45
45 46
46 48
48 49
49 51
51 52 53
52 53 54
53 54
54 56
56 58
58 60
60 61
61 528
65 66 809
66 67
67 69
69 416
71 73
73 74 75
74 75
75
79 80
80 82
82
85 86
86 88
88
92 93
93 95
95 474
101 102
102 987
109 593
112 114 195
113 114 115 370
114 115
115 117
117 118 119
118 119
119 121
121 122 386
122
125 127
127 367
128
131 132 133
132 133
133
138 140
140 141 392
141 143
143 144 145
144
145 812
151 152
152 153 154
153 154
154
161 162
162
165 167
167 168 169
168 169 170
169 170 517
170
173 174
174
177 178 179
178 179 180
179 180 181
180 181 182
181 607
182 183
183 624
187 189
189
193 195
195 196
196
200 202
202 204
204 567
206
211 213
213 214
214 216
216 217 218
217 218
218 220
220
222
228 230
230
234 235 236
235 237 602
236 237 238
237 238 239
238 239 240
239 240 241
240 241
241
243 245
245
248 249 250
249 250 251
250 251
251
256 257 846
257
263 265
265
268
271
276
279 281
281 283
283
285
289 290 615
290
294
298 299
299
305 306 307
306 307
307
310 312
312 313 314
313 314
314
319 320
320
323 324 325
324 325
325 327
327
330 540
332 333 334
333 334
334
337 338
338 340
340 341
341 343
343 345
345 346
346 348
348 350
350 352 687
352 353
353
357
360 361
361 363
363
366 367
367 369
369 370 371
370
371
374 375 376
375 376 377
376 377
377 379 382
379
382
386 388
388 389 390
389 390 391
390 391 392
391 392 835
392
397
399 401
401 403
403 404 405
404 405
405 407
407 409
408 409 410
409 410 411
410 411 412
411 412 413
412 413 807
413 415
415 416 417
416 417
417
420 421
421
424 425
425 427
427
431
433 509
436
447
450 451 452
451 453
452 454 738
453 454 455
454 455 852
455 456
456
459 460
460
462 992
465 466
466
470 471 472
471 472
472
474 476
476 477 478
477 478
478 480
480 482
482
485 487
487 488
488
492 493
493 495
495
498
508 509
509
511 513
513 514 515
514 515
515 517
517 838
519 520
520
523 524 525
524 525
525
528 530
530 532
532 533
533
539 540
540
543
547 548 549
548 549 550
549 550
550 552
552
556
564 948 654
565 567
567
568 570
570
573
576
579 580
580 582
582
589 590 591
590 591 592
591 592 593
592 593
593
597
601 602
602
604 605 606
605 606 607
606 607
607
613 615
615
617
620
624 626
625 626
626
629
631 633
633 634
634
638 640
640
649 650 651
650 651
651 652 653
652 653 654
653 654 655
654
655 656 657
656 657
657 659
659 661
661
665 667
667 669
669 671
670 671
671
675
679 681
680 681 682
681 682 683
682 683
683 685
685 687
687
690 691
691
696 698
698 700
700
706
710
714 715 716
715 716
716
720 721 722
721 722
722
726 728
728 730
730 732
732 733 734
733 734
734
738 739
739 740
740
749 751
751 752 753
752 753
753 931
757
760 761
761 841
763 764
764
767 768 769
768 769 861
769
779
782 784
784
789 791
791 792
792 794
794 795 796
795 796
796 823
798
800
807 809
809 811
811 812
812
818
822 823 824
823 824 825
824 825
825 827
827
830 832
832 833
833 835
835 836
836 838
838
841
846
848 850
850
852
859 861
861 862
862 864
864
867
872 873 874
873 874
874 876
876 877 878
877 878 879
878 879
879
882
888 889 890
889 890 891
890 891
891 893
893 895
895
901 903
903 904
904
912
915 916 917
916 917
917
921
925 926
926 928
928 929
929 931
931 933
933 934 935
934 935
935 937
937 938 939
938 939 940
939 940
940 942
942 944
944
948 950
950 952
952
955 957
957 958 959
958 959 960
959 960
960 962
962 963 964
963 964 965
964 965
965 966
966
969
974 976
976
979 981
981 983
983
987
991
992
995 997
997 998 999
998 999
999
