#naive2.0.py
# GMT Fri Feb 14 14:28:04 2020
# 
1 3 999
3 220
8 9
9 11
11 12 13
12 13
13 15
15 16 17
16
17 18
18 733
20
25 26
26 28
28
33
37 38
38 40 115
40 41 42
41 42
42 491
44 45
45
48 49 50
49 50
50 52 171
52 53 54
53 54
54
57 59
58 59 60
59 60
60
63 65
65 809
69 416
72 74
74 75 76
75 76
76 78
78 79 80
79 80
80
83 84 85 998
84 85
85 86 87 163
86 87 88
87 88 89 503
88 89
89
94 96
96 97
97
102
106
110 111
111
114 115 116 855
115 116
116
118
121 122 386
122 123
123
128
131
137 138 289
138
142 144
144 406 381
147 148 149
148 149
149
152 154
154 156
156 404
161 163
163 991
164
168
171 789
175 177
177 179
179 181
181
182 183
183 185 624
185 186
186 188 747
188 190
190 191 192
191 192 736
192 194
194 196
196 197
197 199
198 199
199
202 204
204
206
209 210
210
214
217 218 219
218 219 220
219 220
220
222 224
224
227
231 232 233 764
232
233 235
235 237
236 237 238
237 238
238 240
240 924
242 244
244 246
246 596
247 249
249 250 251
250 251 252
251 252 253
252 253
253 255
255 256
256
264 266
266 268 890
268
273 274
274 276
276 277
277
281 283
283
285 286 287
286 287 288
287 288 289
288 289
289
294
297 298 996
298 299
299 301
301 303
303 845
307 308 309
308 309 310
309 310
310 312
312 313 314
313 314 315
314 315 316
315 316 901
316 318
318 319 320
319 320
320
323
326 328
328 330
330 331
331 332
332 334
334 335
335 337
337
341 343
343 344 537
344
348 350
350 351 352 687
351 352
352
355 356 357
356 357
357 359
359 360 361
360 361 362
361 362 363
362 363 597
363 365
365
368
375 377
377
381
384 386
386
391 835
393 395
395 396
396
400
404 405
405 406 407
406 407 408
407 854
408 410
410 412
412
414 416
416
425 426 427
426 427 428
427 428 429
428 429
429
433 509
437 438
438
449 740
452
455
459 460
460
466
471 473
473 474
474 476
476
480
483 484 485
484 485
485
488 748
491 493 909
493 494
494 496
496 497 498
497 498
498
503 505
504 505
505
508 509 510
509 510
510 512
512
515 517
517
521 782
522
525
528 530
530 532
532 533 534 802
533
534
537
543 544 545
544 545
545 547
547
550
554 556
556 558
558
561 788
563 564
564 654
568 569 570
569 570 571
570 571
571 573
573 574
574
577 579
579 742
583 584
584
587 588 589
588 589 590
589 590
590 592
592 593 594
593 594
594 595 596
595 596 597
596 597
597
599 629
605 606
606
609
614 831
618 787
621 622 623
622 623 624
623 624 625
624
625
628 819
629
632 634
634
638 639
639
645 708
649
654 660
656
660 661 662
661 662 663
662 663 664
663 664 665
664 665 666
665 667
666 667
667
670 671
671
675 677
677 678
678 680
680 682
682 684
684
687
690
697 698 865
698
701 703
703 704
704 706
706 707 708
707 709 944
708 710
709 710
710
713
716 718
717 718
718 720 734
720 721 722
721 722
722 724
724
726 728
728 729
729 731
731 733
733 734
734 736
736
737 739
739 740
740 742
742
743
747 749
748 750
749 750
750
753
763 764 765
764 765
765
768 770 861
770 771 772
771 772
772 774
774
778 779 780
779 780
780 782
782 784
784 785
785 786 787
786 787 788
787 788 789
788 789
789
793
796 823
797
802
805 806
806
809
812 813 814
813 814
814
818 819 820
819 820
820
822 823
823
826 827
827 828 829
828 829
829 831
831 832
832
835 836
836
839 840 841
840 841
841 843
843 844 845
844 845
845 847
847
850 865
853 854 855
854 855
855 857
857
861 862
862 864
864 975
865 867
867 869
869
872 873
873
876 877 878
877 878
878 880
880 882
882 884
884 885
885 891
890 891
891 892
892 894
894
898 899
899
901
905 907
907 908 909
908 909
909
914 916
916
919 921
921
924
928 929
929
932 934
934 936
936 937
937 939
939 941
941 942
942 943 944
943 944
944 946
946 947
947 949
949
952 953
953
961
965 967
967
970 972
972 973 974
973 975
974 975
975
978
981 982
982
991
992 994
994 996
996 998
998 999
999
