#naive2.0.py
# GMT Fri Feb 14 14:28:09 2020
# 
1 2 999
2
5 6 7
6 7 8
7 8
8
16
17
22 23 24 784
23 24 25
24 25
25
28
37 39
39
44
48
52 53 54 516
53 54 55
54 55
55 57
57 59
59 61
61 660
62 64
64 766
65 66
66 67
67
73
79
83
86 87 88
87 88
88 90
90
93 95 269
95 96 97 899
96 97
97
100
104
107 109
108 109
109 111
111
115 117
117
120
125 127
127
128 130
130 132 850
132
137 138
138 140
140 142 973 713
142 144
144 381
148
153 154
154
159 160
160 705
161
164 165
165
168
172 665
176
179 181
181 607
182 183
183 185
185 186
186 188 747
188 189
189
193 194
194
198 200
200 202
202 203 204
203 204
204
207 208
208
211 212 213
212 213
213
216 217 218
217 218
218
231 232
232 234
234
244 246 304
246
247 249
249 250 251
250 251
251 253
253
257 259
259
262 264
264 266
266 267 268 890
267 268 269
268 269
269 271
271
275 276 962
276 277 278
277 278
278
291 292 293
292 293 294
293 294 295
294 295 296
295 297 716
296
297 996
301 302
302 304
304 573
305 307
307 309
309
313 314 315
314 315 316
315 316
316 317 318
317 318 985
318 320
320
323
330 331 540
331 332
332
337 338
338
343 344 345
344 345 346
345 346
346
353 354 355
354 355
355
361 362 363
362 363
363 365
365
370 372
371 372
372 374
374 376
376
381 383
383 384 385
384 385 386
385 386
386 388
388 389
389 391
391
395
399 401
401 403
403
410 411 412
411 412 413
412 413
413 415
415 417
417 419
419 421
421 422 423
422 423
423 425
425
433 434
434
437
441
445 446
446
449 450 740
450
453
462 992
465 466
466
469 470
470
475
478 480
480 482 755
481 482 483
482
483
486
489 491 517
491 909
492 494
494
500
507
510
513
516 918
517 838
519
521
522 524
524
527 529
529 531
531 532
532 802
535 825
538 540
540
544 545
545 547
547 548
548
553 554
554 555
555 894
558 560
560
561
564 566 948 654 871
566 568
568 569
569
573
576 578
578 579 580
579 580 742
580 581
581 583
583 584
584 586
586 588
588
592
598 600
600 601
601 603
603 604 784
604
607 608 609
608 609
609 611
611
618
619
627 628 629
628 630 819
629 630
630 632
632
636 638
638 640
640
647
650 994
652 654
654 660
657
660
663 665
665
670 672
672 673 674
673 674 675
674 675
675 676 677
676 677
677 679
679 681 783
681 682 683
682 683
683
686 687 688
687 688
688 689 690
689 690
690 692
692 693
693 695
695 889
696
699 700
700 702
702 703 704
703 704 705
704 705
705 945
708
713
716
719 721
721 722 723
722 723
723 725
725
728 729
729
732 734
734 735 736
735 736 737
736 738
737 738
738
740 742
742
746 748
747
748
751
755
758 760
760
765 766 767
766 767 768
767 768 769
768 769
769
779
783 784 785
784 785
785
794
797 798 799
798
799
802 803
803 805
805 806
806 808
808 810
810
813
817 819
819
822
825
831
834
837 838 839
838 839
839 841
841
847 848
848 850
850 865
852 854
853 854
854 856
856
857
862
865
871 872
872
875
878 879 880
879 880
880
883 884
884
888 889 890
889 890
890
892 893 894
893 894 895
894
895 897
897 898 899
898 899 900
899 900
900
905
908 909 910
909 910
910
914
918 920
919 920 921
920 921
921
925
932 933
933 935
935
939
942 944
944 945
945
948
955
958 959 960
959 960
960 962
962
966 967 968
967 968
968
973
974
980
983 984 985
984 985
985 987
987
990 992
992 994
994 995 996
995 996
996
999
