#naive2.0.py
# GMT Fri Feb 14 14:28:03 2020
# 
0 1
1
7 8 9
8 9
9
12 13
13
18
20 21 22
21 22 23
22 23
23 25
25
33 34 35
34 35
35 37 650
37 38
38
42 491
48 922
51 52 53
52 53 54
53 54
54 56
56
59 60
60 62
62 63
63 65
65 66 809
66 67
67
70 72
72 73
73
77
80 82
82 84
84 838
87 88
88
93 269
98
109 111 593
111 113 367
112 195
113 370
118 119 120
119 120
120
124 125 126
125
126 128
128 129
129
131 132
132 134
134 135 136
135 136 137
136 137 138
137 138 289
138
143 145
145 146
146 148
148 149 150
149 150
150
153
156 404
159 160 567
160
163 991
168 169
169 517
171 172 789
172 173
173
182 184
184
195 196
196
205 559
208
217 219
219
221
224 225
225
228 230
230
235 237 856
236 237 238
237 238
238
242
249
254 256
256 258
258 259 260
259 260
260
263
267 269
269 270 271
270 686
271
274
277 279
279
282 290
287 289
289 290 291
290 291
291 292
292
295 404
296
299
302 303 304
303 304
304 573
305 306 307
306 307 308
307 308
308 310 798
310 311 312
311 312 313
312 313 314
313 314
314
317 318
318 320 642
320
331 332 333
332 333
333 445
336 337
337
340 342
342
345 346
346
351 353
353
356
359
363 364
364 969
367 368
368 370
370 372
371 372
372 374
374 375
375
379 380
380 382
382 383
383
387
392
398 399
399
404
406 408
408 409
409
413 415
415
418 604
419 421
421 423
423 425
425
430 431
431 886
434 435 436
435 436
436 438
438 439 440
439 440 441
440 441 442
441 442 724
442
445
449 740
451
455 456
456 458
458 459 460
459 460 461
460 461
461 463
463
466 468
468 469
469 471
471 473
473
478 480
480 755
481 483
483 484 485
484 485 746
485
490
491
495 497
497 498 499
498 499 500
499 500 501
500 501 502
501 502
502 740
506 508
508 509
509
511
514 515
515 517
517 838
520 521
521
522 524
524 525
525 527
527 528 529
528 530
529 530
530
533 535 735
535 537 825
537 539
538 539
539 541
541 542 543 553
542 543
543 545
545 547
547 548 549
548 549
549
553 554
554 555
555 557
557 558 559 856
558 559
559 561
561
566 567 568
567 569
568 569 570
569 570
570
573 575
575
578 579 580
579 580 742 741
580 582
582
589 591
591 592 593
592 593
593
597 598
598
601
604 605
605
608 609
609
614 616 831
616 617
617
620 622
622
626 628
627 628 629
628
629
633 634 635
634 635 636
635 636
636 638
638
641 642
642 644
644
647 648
648 650
650 994
652 653
653
656 657
657
661
664
668 669 670
669 671
670 671
671
677 678 679
678 679 680
679 681 783
680 681
681
685 686
686 688
688 690
690 691
691
695 697
697 698
698
702
706 707 708
707 944
708
712 713
713
717
721
724
728 729 730
729 730
730
735 736
736
739 740 741
740 741 742
741 742 743
742
743
746 748
748
749 751
751 752 753
752 753 754
753 755
754 755
755
760 762
762 763 764
763 764
764
767 768
768 770
770 771
771
776 777
777 779
779 780 781
780 781
781 783
783 785 978
785 787
787 789
789
794 796
796
798
799 801
801 803
803 946
804
807 808 809
808 809
809
817
821 822
822 824
824 825 826
825 827
826 827
827
831 832 833
832 833
833 835
835 837
837 838 839
838 839
839 840
840 842
842 844
844
847 848
848 850
850
852
855
856
859
863 864
864
869
873 874
874
877 878
878
882 883 884
883 884 885
884 885 886
885 886
886 887 888
887 888
888
892
900 901
901
905 906
906
910
914 916
916 918
918
922 923
923 924
924
929 930
930 932
932 934
934 935 936
935 936 937
936 937 938
937 938
938 940
940 941
941
943 944
944 946
946
949
952 954
954 956
956
957 959
959 960
960
963
966 967 968
967 968 969
968 969
969
972 974
974
977 978 979
978
979
982
986 987
987
991
994 995
995
