#naive2.0.py
# GMT Fri Feb 14 14:28:09 2020
# 
1
4 6
6 7 8
7 8
8
11 13
13
14
19 20 21 225
20 21 22
21 22
22 784
27 658
33 34 35
34 35 36
35 37
36 37
37
41 42 43
42 43 491
43
46
49
53 54
54 56
56
60 61 62
61 660
62 64
64 766 375
65
67 69
69
72 74
74
77 78 79
78 79
79
83 84 85
84 85 838
85 86 87 163
86 87
87 89 503
89 90
90 197
94
97
100
103 897
104 106
106 108
108 110
110 111 112
111 113
112 195
113 115 370
115
119 121
121 386
123 125 817
125
130 131 850
131 133
133
137
141 142
142 144
144 406
146 147 148
147 148 149
148 149 150
149 150
150 152
152
155 157
156 157
157 158
158 160
160 162 705
161 162 163
162 163
163 991
166 167
167 169
169
172 173 665
173
176 178
178 180
180 181
181
183 185 956
185
191 192 193 736
192 193 194
193 194 195
194 195
195 197
197 199
198 199 200
199 200
200
207
210
213
216 218
218 219
219
221 223
223 225 490
225 227
226 227 857
227 229
229 230
230
233 235
235 237
237
240
245 247
247 249
249 250
250 252
252
256 257
257 259
259
267
273 274
274 276
276 277 278
277 278 279
278 279 280
279 280 281
280 281
281
285 287
287
290
292 293
293
296 298 360
298
301 302
302 304
304
308 309 310 798
309 310
310 312
312
316 317
317
319
323 324 325
324 325
325 327
327
330 540
333 334 445
334 336
336 337
337 339
339 341
341 342 343
342
343 345
345
348 349 350
349 350 351
350 351
351
354 356
356 357 358
357 358 359
358 359 360
359 360
360
363 364 365
364 365
365
369 370
370
375 376
376
383
386 387
387
393 989
396
400
403 405
405 406
406 408
408 409 410
409 410
410
413
417 418
418
421 422 423
422 423 669
423 424
424 426
426 428
428 429 430
429 430 431
430 431 432
431 432
432 434
434 435 436
435 436 437
436 437
437 439
439 441
441 443 724
443 445 646
445 446
446
450 451
451 619
456
462
464 465 466
465 466 467
466 467
467 469
469 471
471 473
473 474
474
479 481
481 483
483
486
487
490 492
491 493
492 493
493 495
495 497
497 498
498
502 503
503 505
504 505
505
509 510
510
518 519
519 829
522 523 524
523 524 525
524 525
525
530 532
532 533 534
533 535
534 535 536
535 536 825
536
540 542
542 543
543 545 723
545 547
547 548 549
548 549 550
549 550 551
550 551 552
551 552
552
555 556 557
556
557
561 562 788
562
565 567
567
568 570
570
575 576 577
576 577
577 579
579 742
581
587 588
588
591 592
592 594
594 596
596 598
598
605 606
606 608
608 610
610 612
611 612 613
612 613
613
618 620
619 620
620 622
622
627 628 629
628 630 819
629 630
630 981
636
640 641 642
641 642 788
642
646
654 660
656 657 658
657 658
658
660 662
662
665
668 669 670
669
670
675 676
676
679 783
682 683
683 685
685
691 693
693 694 695
694 695 696
695 697
696 697
697 865 951
701 702
702 704
704 705 706
705 706 945
706 707
707 709 944
709 710
710 866
717
722 723 724
723 725
724
725
728 729
729 731
731
734 736
736 738
738
742
746
752 754
754 755
755 757
757 758 759
758 759
759 975
762 763 764
763 764
764
766 767
767 769
769 770 771
770 771 772
771 772 773
772 773
773
778 780
780
783 784 785 978
784 785
785
788 790
790
798
800
805 806
806 808
808
812
816 817
817 819
819 821
821 822 823
822 823
823 825
825 827
827 829
829 830 831
830 831
831
837 838
838
841 842
842
845 847
847
850 865
851 853
853 855
855 857
857 858
858
865
866
869 870
870
874
878 896
884
890 891
891 892 893
892 893
893
896
897 899
899 900
900 901
901
907 908
908
911 912 913
912
913
917 919
919 920
920 922
922
925 927
927
933 934 935
934 935 936
935 936 937
936 937
937
944 945 946
945 946 947
946 947 948
947 948
948
951
954 955 956
955 956 957
956 958
957 958
958 960
960 961
961 963
963 965
965 966 967
966 967
967
970
973 975
974 975
975
978 980
980 981 982
981 982 983
982 983
983
988 989
989 991
991
995
