#naive2.0.py
# GMT Fri Feb 14 14:28:04 2020
# 
0 2
2 3
3 5 220
5 6 7
6 7
7
13
14
16 254
18 526
19 20 225
20
23
27 28 29 658
28 29 30
29 30 364
30 31 32
31 32
32 33 34
33 34 35
34 35
35 37 650
37
40 41 42
41 42 43
42 43
43 44
44
47 48 49
48 49 50
49 50 51
50 52
51 52 53
52 53
53
57 59
59 60
60 62
62
67 68
68
71
74 76
76 77 78
77 78
78 80
80 81 82
81 82 83
82 83 84
83 84
84 838
89 90
90 197 585
93
94
97 98 99
98 99
99
102 987
108 110
110 111 112
111 113
112 114 195
113 114 370
114 116 855
116 153
119 120 121
120 121
121
126
130 850 826
135 137
137
139 141
141
145 812
149 150
150 152
152 153
153 155
155 472
156 404
158 160
160 162
162 164
164
168 169 170
169 170 517
170
178 180
180 182
182 183 184
183 184 185 624
184 185 186
185 186 187
186 187 188
187 188 189
188 189
189 191
191 193
193 195
195 196 197
196 197
197 199
198 199
199
206 207
207 209
209 210 211
210 211 212
211 212 213
212 213
213 215
215 216 217
216 217 218
217 218
218 220
220 221
221 223
223 225 490
225 227
226 227 971 857
227 228
228
232 234 951
233 234 235
234 235 236
235 856
236 238
238
243
246
247 249
249 250 251
250 251
251 253
253 254 255
254 255
255
258 259
259
265 342
276
279 280
280
286 287
287
290 291
291 293
293 294
294
297 298
298 300
300 302
302
307 308 309
308 309 310
309 310 311
310 311
311
318 319 642
319 321
321 322 323
322 323 324
323 324
324 326
326 328
328
329 331
331 332 333
332 333 334
333 334 445
334
338 339
339 341
341 342
342 560
346 347 348
347
348 350
350 687
356
360 361
361
364 365 366 969
365 366
366 368
368 370
370
371
375 377
377 379
379
383 384 385
384 385
385
390
395
400
404
406 407
407 409
409
413
420 421
421
424 425 426
425 426 427
426 427
427
430 432
432 433
433
436 438
438 439
439 441
441 724
444 445
445
456
459 461
461 463
463
467 469
469 471
471 472
472
475 477
477 478 479
478 479 480
479 480 481
480 755
481 483
483 484
484 746
487 488
488 490
490
495
499 500 501
500 501 502
501 502
502 740
504 505
505 507
507 934
510
513 514
514
517 518 838
518 519
519 829
521 782
522
525 526 527
526 527
527
530
536 538
538
541 542 553
542
549
552 553 554
553 554
554 555
555
559 561
560 562
561 562 788
562 563
563
566 567
567 569
569
573 574 575
574 575 576
575 576 577
576 577 578
577 578 579
578 579
579 742 741
583
585
588 589 590
589 590 591
590 591
591 593
593 594
594
597
599 601
601
606
610 888
614 831
615
617 619
619 621
621
624
625
630 981
636 637 638
637 638
638 640
640 642
642 644
644 645 646
645 646 647 708
646 648
647 648
648 650
650 651
651 653
653 654
654
658 659
659
662 663 664
663 664
664 666
666
670 671 672
671 672
672 674
674 675
675 676 677
676 677
677
684 685
685 687
687 688
688 690
690 691
691
696 697
697 951
699
708
711
715 717 806
717 719
719
724
726
730 732
732
735 737
737 738 739
738 739
739 740 741
740 741 742
741 742
742
745 746
746
749 750 751
750 751
751 753
753 755
755
758 759
759 975
764 765
765 767
767
772 773
773
776 777 778
777 778
778 780
780 781 782
781 782
782 784
784
786 788
788
792 794
794 795 796
795 796
796
799
805 806
806 808
808 809 810
809 810 811
810 811 812
811 812
812 814
814
817 819
819 821
821 822
822
826
828 829 830
829 830 831
830 831 832
831 832 833
832 833
833
838
842 844
844
850
851 852
852
855 857
856
857
861 862
862 863 864
863 864
864 975
867
871
873 875
875 877
877 879
879 880 881
880 881
881
888
891 893
893
897 898 899
898 899
899
902 903
903 905
905 907
907 908 909
908 909
909 911
911 912 913
912 914
913 914
914 916
916 918
918
919 921
921
924 925
925
928
932 933 934
933 934
934 936
936 937
937 939
939 940
940 942
942 943 944
943 944 945
944 945 946
945 946
946 948
948 949
949 951
951 952
952
962 964
964 965
965 966
966
969
971 973
973 975
975 976
976 978
978
981 982
982
986 987 988
987 988 989
988 989
989
993 995
995 997
997
