#naive2.0.py
# GMT Fri Feb 14 14:28:08 2020
# 
0 999
3 5 220
5 6 7
6 7 8
7 8 9
8 9 10
9 10 11
10 11
11 13
13 531
16 254
17
22 24 784
24
28 29
29 364
32 33
33
36 37
37
41 42 43
42 43
43 44
44
47
51 52 53
52 53 516
53 55
55 56 57
56 57 58
57 59
58 59
59
64 766
65 809
68 69 70
69 70
70 71
71 73
73 74 75
74 75
75
78 80
80 82
82 83 84
83 84 998
84 838
86 87
87 89 503
89
92 94
94
97
100
102 103 987
103
104 106
106 108
108 109 110
109 110
110 112
112 195
115 116 117
116 117
117 119
119 120
120
123 125
125 868
130 850 826
141
144 406
145 812
147
151
155
158 159 160
159 160 567 285
160 162 705
162 164
164 166
166 168
168
171 172 789
172 173 665
173
176
179 180
180
183 184 624
184 186
186 187
187
191 192
192
195 196
196 766
201 203
203 204
204 567
206
209 211
211
215 217
217 218 219
218 219 220
219 220 895
220 221
221
224 225
225
228 230
230 231
231
236 238
238
242 244
244 246
246
249 250
250 252
252 253 254
253 254
254 256
256 257 258
257 258 259
258 259 260
259 260 261
260 261 262
261 262
262 264
264 265
265
268 269 270
269 270 271
270 272 686
271 272 273
272 273
273
277
280
283 284
284 285 286
285 286 287
286 287
287
292 294
294 295 296
295 297 487 716
296 298
297 298 996
298 300
300
305 306 307
306 307
307
310 311 312
311 312 313
312 313
313 315
315 901
318 642
321 322 323
322 323
323 325
325 326 327
326 327 328
327 328 329
328
329 331
331 333
333 334
334
343 345 537
345 347
347
348 350
350 351 687
351 353
353 354
354 356
356 357
357 359
359
364 969
368 369 370
369 370 371
370
371 373
373
376 378
378 379 380
379 380
380 382
382 383
383
387
391 392
392
396
402
406 407
407 409
409
413 414
414
417
424 425 426
425 426
426 428
428 429 430
429 430
430 432
432 433 434
433 434
434
437 438
438 440
440 442
442 443
443
455 457
457 458
458
464 465 466
465 466
466
469
473 474 475
474 476
475 476 477
476 477
477
480 482
481 482
482
485 486 487
486 488
487 488 489
488
489
498
502 503 740
503 505
505
510 512
512 513
513
516 518
518
521 523 782
522 523
523 525
525
531
535 537
537 539
539
543 545
545 547
547
554 555 556
555 556 557
556
557
560 562
562 563 564
563 564
564 948 871
567
574
578 579
579 741
581
586
597
599 600 601
600 601
601 603
603 604 784
604
607
611 612 613
612 613 614
613 614 615
614 831
615
620 621 622
621 622 623
622 623 624
623 624
624
627 628
628 630
630 632
632
635 636 637
636 637
637
641 642 788
642
643 941
647 648
648
652
655
660
663 664 665
664 665 666
665 667
666 667 668
667 668 669
668 669
669 671
671 672
672 674
674
677
682 684
684 686
686 687 688
687 688
688
694
699 700
700
704 705 706
705 706
706 708
708 710
709 710 711
710 711 712 866
711 712
712
715 716
716
730 732
732
738 739
739 740 741
740 741
741
745 746 798
746
750 751 752
751 752
752
756 757
757
760 761
761
763
766
772
775 776 777
776 777
777
780 781 782
781 782
782 784
784 785
785 787
787 788 789
788 789
789 791
791 792 793
792 793
793
798
799
802
809 810 811
810 811 812
811 812
812 814
814 815
815
826
828 830
830 831
831
836 838
838 839
839
842 844
844 845
845 847
847
850 865
851 852 853
852
853 855
855
858 859
859 861
861 862
862 863
863
865
866
868 870
870 871 872
871 872
872
878
881 882
882 884
884
887 889
889 890
890
895
898
901 902
902
905 906 907
906 907
907 909
909
913 914
914 916
916
921 922
922
931 932 933
932 933 934
933 934
934 936
936 937
937 939
939 940 941
940 941 942
941 942
942 943 944
943 944
944
948
952
955
958
961 962 963
962 963
963
969
972 973 974
973
974
977
984 986
986 987 988
987 988
988
993 994
994 996
996 997 998
997 998 999
998 999
999
