#naive2.0.py
# GMT Fri Feb 14 14:28:06 2020
# 
0 999 2
2 4
4 5 6
5 6 7
6 7
7
11
14 15 107
15 16
16
18
22 784
27 29 288 658
29
32 34
34 35
35 37 650
37 38
38 40
40 41
41 43
43
47 48
48 50
50 52
51 52 53
52 53
53 55
55 57
57 59 167
59 61
61 63
63 64
64 766 375
70 71 72
71 72 73
72 73
73 75
75 77
77
80 81
81 83
83 85 998
85 87 163
87 88 89
88 89
89
94 96
96
99 101
101 102 103
102 103
103 105
104 105
105 107
107 448
108
111
114 116
116 153
118 120
120 121 122
121 122
122 124
124 126
126 128
128 129 130
129 130
130 132 826
132 134
134 136
136 137
137 289
142
145
149 150 151
150 151
151
153 155
155 157 472
157
160 162
161 162 163
162 163 164
163
164 166
166 167
167
170
175 176
176
180
183 624
186 188
188
195 196
196 766
198
201
204 567
206 207 208
207 208
208
212 213
213
216
219
222 223 224
223 224 225 490
224 225
225 227
227 228 229
228 229 571
229 231
231 232
232 234
234
244 246 304
246 248 596
248 250
250 251
251 253
253 255
255 257
257 258 259
258 259
259
265 266
266 268 890
268
276 278
278
283 446
285 286
286 288
288 289
289 290 615
290
293 294 295
294 295 296
295 487 716
296
304
305 306 307
306 307
307 309
309 310
310
313
317 985
319 320 321
320 321 322
321 322 323
322 323
323 325
325 326 327
326 327
327 329
329
332 333 334
333 334
334 336
336
340
343 537
347
350 351 687
351 353
353 354 355
354 355 356
355 356 357
356 357 358
357 358 359
358 359
359
368 370
370
374 375
375 377
377 379
379 381
381 383
383 385
385 387
387
392 394
393 394
394
399
402
405 406 407
406 407
407 854
410 411 412
411 412
412 807
414 415 416
415 416
416 418
418 420
420
424 425
425 427
427 429
429 430
430 432
432
437
440 441
441 443
443
446 448
448 449
449
452
453
456 457 458 820
457 458
458
462
468
472 473
473 475
475 477
477
480 755
481 483
483 485
485 486 487
486
487
490
493 495
495 496
496 498
498 499
499
504 505 910
505 506
506
511 513
513
519
522 524
524
531
536 537
537 539
539
542 543 544
543 544 545 723
544 545
545
550 551
551
554 555
555
558 560
560 562
561 562
562 564
564 654 871
565 567
567 569
568 569
569 571
571
572 574
574
577
580 582
582
588 590
590 591 592
591 592
592 594
594 596
596
600 601
601
605 606
606
609
613 614 615
614 831
615
617
621 622
622 624
624 626
625 626
626 628
628 630
629 630
630
631
634
638 639
639
642
643 941
648 649 650
649 650 651
650 651 994
651 652 653
652 653 654
653 654 790
654
656 658
658 659
659 661
661
664 665 666
665 667
666 667
667
676 678
678 679
679 681
681
684
687
690 691
691 693
693 694
694 696
696 698
698
704 706
706 707 708
707
708
711 712 713
712 713
713
715 716
716
721 723
723 725
725
728 729
729
734 735
735 737
737 739
739
743
746 748
748
749 751
751 752 753
752 753
753 755 931
755
758 760
760 761
761 841
763
766 767 768
767 768
768
771 772 773
772 773
773
777
782 784
784
787 789
789 790 791
790 791
791 793
793 794
794
800 802
802
804
807 809
809
814 815
815
820
823 824 825
824 825 826
825
826
828 830
830 831 832
831 832 833
832 833 834
833 834
834 836
836
839 841
841 842 843
842 843
843
846
851
854
857
860
862 863 864
863 864
864
865
868 870
870 871
871
875 876
876 878
878 896
882 883 884
883 884
884
888 889 890
889 890 891
890 891
891 892
892
896
899
901
904
907 908 909
908 909 910
909 910 911
910 911
911
916 917 918
917 918
918
921
926
929 931
931 933
933 934
934
938 940
940 941
941
945 947
947
954
959
962
965 967
967
971 973
973
974
977 979
979
985
988
994 995 996
995 996
996 998
998 999
999
