#naive2.0.py
# GMT Fri Feb 14 14:28:06 2020
# 
1
4 6
6 8
8 9
9 11
11
18 733
19 20 225
20
23 25
25 26
26 28
28 29 30
29 30 364
30 32
32 33
33 35
35 650
36
41 42 43
42 43
43 44 45
44 45
45 47
47 49 205
49 50 51
50
51
54
59 61
61 63 660 528
62 63
63 65
65 66
66 68
68
71 73
73 75
75 77
77
81 82
82 84
84 838
86 88
88 90
90 197 585
101
104 106
106 108
108 109 110
109 110 111 593
110 111 112
111 113 367
112 195
113 370
120
123 125 817
124 125
125 127 868
127 367
130 131 132 241
131 132
132
135 136
136 138
138 139 140
139 140
140
145 146
146 147 148
147 148 149
148 149
149 151
151 344
153 154
154 156
156
159 567
163 991
166
170
177
180 182
182 183
183 956
188
193 195
195 197
197
198 200
200 201
201
204 205 567
205 559
208 210
210
213 214 215
214 215 216
215 216
216
220
224 225
225
230 231 232
231 232
232
237 238 239
238 239
239 241
241 242
242 244
244 245
245
253
256 258
258 260
260
263
266
269
273 275
275 276 962
276 277
277
283 446
288
292 293
293 295
295 297 487
296 298 360
297 298 996
298 299
299
303
305 306 307
306 307
307
311
316
321
325 326 327
326 327
327 329
329
335 336 337
336 337
337
340 341 342
341 342 343
342 344
343 344 537
344
348 349 350
349 350 351
350 351 352 687
351 352
352
355 357
357 358
358 360
360
364 969
367
370
379 380 381
380 381 382
381 382
382
385
388 389 390
389 390
390
393 989
396 398
398 400
400 401 402
401 402
402
405 406
406 408
408 409
409 411
411 412
412 807
414
418 420 604
420 421 422
421 422 423
422 423
423 424
424 426
426
429 430 431
430 431 432
431 432 886
432
437 438
438 440
440 441 442
441 442
442
445 446
446 448
448 450
450 451
451 453 619
453 455
455 457
457 458
458
464 465
465
469
472
475 476
476 478
478
481
484 485 746
485 487
487 488
488 490
490 492
492 493
493
503 505
505 506
506 508
508 510
510 512
512 513 514
513 514 515
514 515
515
519 520
520 521
521 523 782
522 523 524
523 524
524
527 528
528 530
530 532
532 533 534 802
533 535
534 535 536
535 536 537
536 537
537 539
539 540
540
545
550
553
556
557 559
559 561
561 562 788
562 563
563
566 567 568
567 569
568 569 570
569 570
570
573 575
575 576
576 923
579 742 741
582 584
584 585 586
585 586 587
586 587
587 589
589
593 594
594
598 600
600 601 602
601 602
602
604
609
613 615
615 616
616 617 618
617 618 619
618
619
622 623
623 625 860
625
629
631 633
633 634
634 636
636 637 638
637 638
638 640
640
643 644 941
644
648 650
650 651
651 652
652 654
654 660
656 657 658
657 658
658
660 662
662 663 664
663 664 665
664 665
665 667
667 668
668 670
670 672
672 673
673 675
675 676 677
676 677
677
682 683 684
683 684 863
684
687 688
688 689 690
689 690
690 692
692 693 694
693 694
694 696
696
699
702
707 944
708 710
710 866
714 715
715 717
717 718 719
718 720 734
719 720 721
720 721 722
721 722
722
727
730
733 734
734 736
736
741 742 743
742 744
743 744 745
744 745 746
745 746 747 798
746
747 749
749
754 755 756
755 756
756
763
766
769 771
771 772
772
776
781 782
782
785 786
786 788
788 789
789
792
798
801 802
802
804 805
805 807
807
810 811
811
814
817
820 821
821 822
822
827 828
828 830
830 831
831
834 835
835
838 839
839 840
840 842
842 843
843
847 849
849
853 855
855
860
863
865 867
866 867
867 868 869
868 869
869
873 874
874 876
876 877 878
877 878
878 896
881 883
883 884
884 886
886 888
888
894 896
895 896 897
896 898
897 898
898
901
906 908
908 909 910
909 910 911
910 911
911
914 915 916
915 916 917
916 917 918
917 918
918
923 924
924 926
926
931 932
932 934
934 936
936
941
944 946
946
953 954
954 956
956
959 960 961
960 961 962
961 962
962
965 967
967 968 969
968 969
969
971 972
972
976 977
977 979
979
983 985
985 986
986
989 991
991
995 996
996 998
998
