#naive2.0.py
# GMT Fri Feb 14 14:28:04 2020
# 
2 3 4
3 4
4
7
12 14
14 15 107
15 16
16 254
19 225
23
27 288 658
31 32 58
32
35 37
37
41
45 47
47 48 49 205
48 49
49
52 53 54 516
53 54
54
57 59 167
58 59 60
59 60 61
60 61
61 63 660 528
63 64
64 766 375
67 69
69 416
71 73
73
76 78
78 79
79
82
85
88
91
97 98
98 100 556
100
102 987
106 107
107 109 448
109 593
112
113
117
121
123 125 817
125 127 868
126 127 128 447
127 129
128 129
129
131
134 136
136 138 845
138
142 143 144
143 144
144 406
147 148
148
151 152
152 153 154
153 154 155
154 155
155 157
157 159
159
164 165 166
165 166 167
166 167 168
167 168 169
168 169 170
169 170
170 172
172 173
173
180 181 182
181
182 183
183 624 956
186 188
188 189 190
189 190 191
190 191
191 736
194
201 202 203
202 203
203 205 796
205 284 559
206 207 208
207 208 209
208 209
209 211
211 212 213
212 213 214
213 214
214 216
216
219 895
222
225 227
226 227
227 228
228 230
230 231
231 233 764
233 234 235
234 235 236
235 237 856
236 237
237
240
242 243
243
247
254 255
255
258 260
260 262
262 263
263 265
265 266 267 342
266 267 268
267 268 269
268 269
269 271
271 273
273 275
275 962
278 279 280
279 280
280 460
283 284
284
287 288 289
288 289
289 291
291 293
293
296 360
302 304
304 573
305 307
307 308 309
308 309
309 311
311
314 316
316 318
318
321 322
322
327
333 334
334
338 339
339 341
341 342
342
345 346
346 348
348 350
350 352
352 353
353 355
355 356 357
356 357 358
357 358 359
358 359 360
359 360
360
363 365
365
368
371 372
372 374 599
374 375
375
380 382
382
385
393 395 989
395
400
403 404
404
406 408
408 409 410
409 410 411
410 411
411 413
413 415
415 416
416 418
418 420
419 420
420 422
422 669 614
429
432
435
441
444
447
448
455 456
456
459 460
460
463 464 465
464 465 466
465 466 467
466 467
467
474
479 481
481 483
483 485
485 486 487
486 488
487 488
488 490 748
490 492
492 493
493
505
508
513
516 918
519 829
522 523 524
523 524
524
528
531
534 536
536 537 538
537
538 540
540 542
542 543 544
543 544 545 723
544 545 546
545 546
546
549 551
551 553
553
555 556 557 894
556 558
557 558 559 856
558 559
559 561
561 562 788
562 563 564
563 564
564 566 654 871
566
570 572
572 573
573 575
575 576
576 923
582
585 587
587 588
588
593 594
594
599 629
605
610 612 888
612 613 614
613 614
614
618
621
624 626
626 703
627 629
629
631 633
633
644 645
645
648
651
654 660
658
660 661
661 663
663 664
664
668 669 670
669 671
670 671 672
671 672 673
672 673
673
679 681
680 681
681
684 686
686
691
694 696
696 697
697 951
700
703
707 709
709 710 711
710 711 712 866
711 712 713
712 713
713
715 716 806
716
722 723
723
727 729
729
734 735 736
735 736
736 738
738
740 741 742
741 742 743
742 744
743 744
744
748
749 751
751
755
760
764 765
765 766
766
772
775 777
777
782
788 789 790
789 790
790
793 794
794 795 796
795 796
796
800
805 806
806
811 812
812 814
814
817 819
819 821
821 822
822 824
824 826
826
829
834 836
836 837
837 839
839 840
840 842
842 843
843 845
845
846
850
852
853 855
855
856
862 864
864 866 975
866
868 870
870 871 872
871 872
872 873
873
878 880 896
880
885
888 889
889
892 893 894
893 894 895
894 896
895 896 897
896 898
897 898 899
898 899
899
902 904
904
907 908 909
908 909 910
909 910 911
910 911
911 913
913 915
915 916 917
916 917 918
917 918
918 920
920 921
921 923
923
926 927 928
927 928
928 930
930 931
931 933
933 934
934
937 938 939
938 939
939 941
941
946
949 951
951 952 953
952 953 954
953 954 955
954 955 956
955 956
956 958
958
962 963
963
967 969
969
972 973
973 975
975 976
976 978
978
979
985 987
987 989
989
990
995
998
