#naive2.0.py
# GMT Fri Feb 14 14:28:06 2020
# 
1
8 10
10 12
12 14
14 15 107
15 17
17 19
19 20 225
20
23 24
24
27 29 288 658
29 30 364
30 32
32
43
46 47
47 205
51
57 167
60
64 375
65
74
79 81
81 82
82 84
84 85 838
85 86
86 88
88 90
90 197
92 93 94
93 95 269
94 95
95
98 100 556
100 101 833
101
106 107 108
107 448
108 110
110 112
112
115 116 117
116 117
117
122
125 868
126
130 131 132 850 397
131 132
132 134
134
137
139 140
140 142 392 973
142
145 146
146 147
147 149
149 150 151
150 151
151 344
154 155 156
155 472
156
162 164
164
167
172 174
174 176
176 177 178
177 178
178 180
180 181
181 607
188 189 190
189 190
190
193
196 197
197 199
199 201
201 203
203 205
205
206
209
212 214
214 216
216 218
218 220
220 221
221
224 225 226
225 227
226 227 971
227 228 229
228 229 230
229 230
230
235 856
236 238
238
242 243 244
243 244 245
244 245
245 247
247 248 249
248 249
249 251
251 252 253
252 253 254
253 254
254 256
256
260 261 262
261 262
262
265 266
266
269 270
270 686
273 275
275 276 962
276 277
277 279
279 280 281
280 281 344 460
281
288
290 291
291 293
293 295
295 297
296 360
297
299 300 301
300 301
301 303
303
305 306
306
309 310
310 312
312 313
313
317
320 321
321 323
323 324
324 326
326
329 331
331 332
332 334
334 336
336 337
337
340
343 344 345
344 345
345
348 350
350 352
352 354
354 356
356 358
358 360
360 361
361
364 365 969
365 367
367 368
368
372
373 375
375 376
376
379
382 384
384 386
386 388
388 389 390
389 390 391
390 391 392
391 392 835
392 394
394
397
398 399
399
402
406 407 408
407
408 410
410 411
411
416 417 418
417 418 419
418 604
419 421
421
424
428 429
429 431
431 432
432 434
434 435
435 437
437 439
439 440 441
440 441 442
441 442 443
442 443
443 445 646
445 446
446 448
448 450
450 452
452 744
455
460
462
464 466
466 467
467 469
469 471
471 472 473
472 473
473
477 478 479
478 479 480
479 480 481
480 755
481 483
483
494
499
502
504 505
505 507
507
510
514 515 516
515 516 517
516
517 838
520
522 524
524
528
529 531
531
534 536
536 538
538 540
540
543 544
544 546
546 547 548
547 548
548
554 556
556
562 563 564
563 564 565
564 948 871
565 567
567
573
576 578 923
578 579
579 741
582 583
583
586
591 593
593
596
600
603 604 784
604 605
605 607
607
611 613
613
616 617
617
623 624
624 626
626 628 703
627 628 629
628 630 819
629 630
630 632 981
631 632
632
636 637
637
642
645 646
646 648
648 649
649
652
657 658 659
658 659
659 661
661 662
662
667 668
668 670
670 671
671 673
673
678 680
680 682
682 683 684
683 684
684 686
686
696 697 698
697 698 865 951
698 699
699 701
701 702 703
702 703 704
703 704 705
704 705 706
705 706
706
710 712 866
712
717
720 721
721
726 727 728
727 728
728 730
730 732
732 734
734 735
735
741
744 745 746
745 746 747
746
747 749
749
752 754
754 755
755 757
757 758 759
758 759 760
759 760
760 762
762 764
764
767 769
769 771
771 772 773
772 773 774
773 774
774 776
776 777 778
777 778
778 780
780 781 782
781 782
782 784
784
786 787
787
792 794
794
797 799
799 800 801
800 801 802
801 802
802
805
810 811
811 813
813
816
819
822 824
824 825
825 827
827 828 829
828 829 830
829 830 831
830 831
831 833
833 835
835 836
836 838
838
843 844
844
847
850 865
855
856 858
858
861 862
862 864
864 866
865
866
868 869 870
869 870 871
870 871
871
879
888 889
889 891
891
894 896
896
900 902
902 903
903 905
905 906
906
915 916
916
922 923
923
926 927
927 929
929 930
930 932
932
936 937 938
937 938
938
942 943 944
943 944
944
948
951 953
953 955
955
960 961 962
961 962
962
966 968
968 969
969
971 972 973
972 973 974
973
974 976
976
979 981
981
984
987 988
988 990
990
993 995
995
998
