#naive2.0.py
# GMT Fri Feb 14 14:28:11 2020
# 
0 999 2
2 3 4
3 4 220
4
11
16
21
25 26
26 28
28
33 35
35 650
40
45
50 52
51 52
52 54 516
54 55 56
55 56 57
56 57 58
57 167
58 60
60
63 64 65
64 766
65 66
66
69 70
70
73
76 78
78
81
85
88 90
90
94 95 96
95 96
96
99 100
100
102 103
103
107
110 112
112 114 195
113 114 115
114 115 116 855
115 116 117
116 117
117 118 119
118 119
119
122 124
124
131 133
133
139 141
141
145
156 157 404
157 159
159 160
160 705
161
167 169
169
174 175 176
175 176 177
176 177
177
180 181 182
181 215
182 184
184
187 189
189
192
195
200 201 202
201 202 203
202 203
203
209 211
211 213
213 215
215 216 217 748
216 217 218
217 218
218 220
220
222 223 224
223 224
224
227 228 229
228 229 230
229 230 231
230 231 232
231 232
232
235 237 856
236 237 238
237 238 239
238 239
239 241
241 242
242 244
244 245
245
249 250
250 252
252
255 256 257
256 257
257
260
264 266
266
270 272 686
271 272
272
275
277
280 281 460
281 282 674
282 284 290
284
289 290 615
290
292 294
294 295
295 404
298 299
299 301
301
306 307
307 309
309 310
310 312
312 314
314
317 985
319 321
321 323
323 325
325
328
329
333 334 445
334 336
336 338
338 340
340
345 346 347
346 347
347
350 351 687
351
355
358 360
360 361 362
361 362 363
362 363 597
363
369 371
371
376
379 380 381
380 381 382
381 382
382 384
384 386
386 388
388 389
389 391
391 392
392
393 395
395 396
396
402 404
404
406 407
407 409 854
409 411
411
417 418
418
422 423 669
423
430 432
432 434
434 436
436 437
437
441 442 724
442
445 446
446 447
447
451 453
453 455
455 457
457 458 459
458 459 460
459 460 461
460 461
461 463
463
467 469
469 470
470
475
481 482
482 484 949
484 485 486
485 486
486
493 494
494 496
496 497 498
497 498 499
498 499 500
499 500 501
500 501
501
504
506 507
507 509
509
511 513
513 514
514 516
516 918
522
525 526
526 528
528
532 533 802
533 535 735
535 536 825
536
541 542 543 553
542 543 544
543 544 545
544 545
545
549 551
551 553
553
557 559 856
559 561
560
561
563 565
565 566
566
569 570
570
573
576 578
578 580
580 582
582 583 584
583 584
584 586
586 587
587
590 592
592 593
593
596 597 598
597 598
598 599 600
599 600
600
603 784
608
611
615
617
620 621 622
621 622
622 624
624 626
625 626
626
631 632
632
635
638
649 650 651
650 651 994
651 653
653 655 790
655 656
656 658
658 659
659
665 667
667 668 669
668 669
669
674
680 682
682
686 687 688
687 688
688 689 690
689 690 691
690 691
691
694 696
696 697 698
697 698
698
701
705 706 945
706 707 708
707
708 710
710 866
713
718 734
719 721
721 722
722 724
724
728 729 730
729 730 731
730 731 732
731 732 733
732 733 734
733 734 735
734 735 736
735 736 737
736
737 739
739 741
741
744 745
745 747 798
747 749
748
749
752 753 754
753 755
754 755 756
755 756
756
762 763
763 765
765 766
766 768
768 770 861
770
773
776 777
777
780 781
781 783
783 784 978
784
787 789 912
789 790
790
793 794
794
797 798 799
798
799
802
805
808
815
818 820
820 821
821 822 823
822 823
823 825
825 827
827 829
829 830
830
834
837 839
839 841
841 842
842
847 849
849 850 851
850
851 852
852 854
854 855 856
855
856 858
858 860
860 861
861
864 866
866 867
867 868 869
868 869 870
869 870 871
870 871 872
871 872
872 874
874 875
875
878 879 880
879 880 881
880 881 882
881 882 883
882 883
883 885
885
888
892 894
894
900 902
902 903 904
903 904 905
904 905 906
905 906 907
906 907 908
907 908 909
908 909
909
912 914
913 914 915
914 915
915 917
917 918
918
921 922
922
926
932 933
933 935
935 936
936
945 947
947 949
949
953 954
954
958
961 963
963 964
964
966 968
968
971 973
973
974 976
976 977 978
977 978 979
978
979
985
994 995 996
995 996 997
996 997 998
997 998 999
998 999
999
