#naive2.0.py
# GMT Fri Feb 14 14:28:05 2020
# 
0 1 999
1 3 999
3 4 5 220
4 5
5
9
14 15
15
19
25 26
26 28
28 30
30
33
40 42
42
45 46
46 48
48 49
49
52 54
54
57 167
60
64
73 74 75
74 75
75
78 79
79
83 998
87 89
89
93 95 269
94 95 96
95 96 474 899
96 98
98
103 105
104 105 106
105 106
106
111 113 367
113 114 115
114 115 116
115 116 117
116 117 153
117 118
118 120
120 121 122
121 122 386
122 124
124 125 126
125 127 868
126 127 128
127 129 367
128 129 130
129 130
130 131
131
135 136 137
136 137 845
137
139
145
148 150
150 151 152
151 152
152 153 154
153 154
154
159 160
160 162
162
165 166 167
166 167 168
167 168
168
175
180 181 182
181 607
182 183 184
183 184 185 956
184 185 186
185 186
186 188
188 189
189
192 194
194
197
198
201 203
203 205
205 559
208 210
210 212
212
216 218
218 219 220
219 220 895
220 221
221 223
223 224
224 226
226 227 971
227
230
233 235
235 237
237 238 239
238 239
239
244 304
248 250
250 251 252
251 252
252 254
254 255 256
255 256 257
256 257 258 846
257 258 259
258 259 260
259 260 261
260 261
261 263
263 264
264 266
266 267 890
267 269
269 270
270 686
274 276
276 278
278 280
280
288
291 293
293 294
294 296
296
304
306 307
307
312 313 314
313 314
314 316
316 317
317
324 325 326
325 326 327
326 327 328
327 328 329
328 330
329 330 331
330 331
331 332 333
332 333
333 445
337 339
339 340
340 342
342
343 345 537
345
351
354 356
356 357 358
357 358 359
358 359
359 361
361 363
363 365
365 366 367
366 367 368
367 368
368
371
374 376
376 377 378
377 379
378 379
379 381
381 383
383 385
385 386
386 388
388 389
389
394 396
396
404
406
409 411
411 412
412 807
415
421 422
422 669
425 426
426 428
428 430
430 431
431 886
433 434 435
434 435
435 437
437
441 443
443 445 646
445 446
446
449 450
450 452
452 454
454 455 793
455 456 457
456 457 820
457
464 465 466
465 466
466
469 470
470 472
472
474 476
475 476
476 478
478 479 480
479 480
480 755
483
486 488 877
487 488 489
488
489
493
500 501
501
510 511
511 513
513 514
514
521 523
523 524 525
524 525
525 527
527 528
528
531 533
533
536 537
537 539
539
543 723
546 548
548 549 550
549 550 551
550 551 552
551 552 553
552 553 554
553 554
554
559
565 566
566
570 571 572
571
572
575 576 577
576 577 578 923
577 578 579
578 579
579 742 741
582 583
583
587
590 592
592 594
594 596
596 597 598
597 598
598 599
599 629
607 608
608
612 613
613 615
615 616
616
619 621
621 622
622
625 626
626 628
628 819
629
633 635
635 636 637
636 637 638
637 638
638 640
640
643 941
646
647
653 654 655
654 660
655 656
656
660
663
666
669 671
671 673
673
676
680 682
682 683 684
683 684
684 686
686 687 688
687 688
688 689
689
694 695
695 697 889
697
700 701
701
706 708
708
713
717 718
718 734
721 722 723
722 723
723
726 727 728
727 728
728
733 734
734
737 739
739 741
741 742
742
746
750 752
752 753 754
753 755 931
754 755 756
755 756
756
759 760 975
760
767 769
769 771
771
774 776
776
779
784
786 787 788
787 788
788
792 793
793
795
799
802 803
803 805
804 805 806
805 806 807
806
807
814
817 819
819 820 821
820 821
821 822
822
825
829 830
830
834 836
836
841 842
842
845
846
848
851 853
853 854
854
859
868
873 874
874 876
876 877
877 879
879 880 881
880 881
881 883
883 884
884 886
886 888
888 889 890
889 890
890
895
898 899
899
901
904 905
905
908 909 910
909 910 911
910 911
911 913
913 914 915
914 915
915
919 920 921
920 921
921 923
923 924
924 925
925
931 932
932 934
934 936
936 938
938 939
939 941
941
943 944
944
949 950
950 952
952 953 954
953 954 955
954 955 956
955 956 957
956 958
957 958 959
958 959
959
963 964
964
967 968
968
971 973
973 975
975
980
983 984
984
988 989 990
989
990 992
992 994
994
998 999
999
