#naive2.0.py
# GMT Fri Feb 14 14:28:02 2020
# 
0 1 2
1 2
2
5
8 9 10
9 10 11
10 11 12
11 12 13
12 13
13
17 18
18
21 22
22 784
27 29 288
29
32
36 37
37 39
39 40
40
43 44 45
44 45 46
45 46
46 48
48 49 50
49 50
50 52
52 516
55
58
62 63
63
66
72 74
74 75 76
75 76
76
79 80 81
80 81 82
81 82
82
85 163
88 89
89 91
91 92 93
92 93
93
100 101
101
104 105
105
108
114 115
115
119
122 123
123 125 817
125 868
126 447
129 130 298
130 131
131 133
133 135
135
138
141 142 143
142 143
143
150
159 160 285
160 705
163 165
165 166
166 168
168 170
170
176 177
177 179
179
182 183
183 956
187
191
195 196
196
199
202 203
203 205 796
205
212 214
214
218 219
219 895
221 223
223 224 225
224 225
225
229 230
230 232
232 234
234
239 240
240
242 243 244
243 244
244 304
247 248
248 250
250 251
251 253
253
258 260
260 262
262
266 267
267
271
276
285 286 287
286 287 288
287 288
288
290
293 295
295
298
301 303
303 304
304
306
310 311
311 313
313
321
325 327
327 329
329 331
331 333
333 334 335
334 335
335
341
346 348
348 349
349
352
357 358 359
358 359
359
362 363 597
363 365
365 366 367
366 367
367
370
373 374 375
374 375
375
379
382 384
384 386
386 387
387 389
389
393 394 395
394 395 396
395 396
396
400 402
402 403
403
414 415
415
418 604
419
424 426
426 427 428
427 428
428
434
438 439
439
442 443
443
447
451 619
454 852 793
459 460
460
463 465
465 466 467
466 467
467
473 474
474
477 478 479
478 479
479 481
481
485
488
491 964
497
501 503
503
504
512 513 514
513 514 515
514 515 516
515 516 517
516 518
517 518 838
518 520
520
524 525
525 527
527 529
529
532 534 802
534 535
535
541 543 553
543
548
552 553
553
555 556
556 558
558 560
560
564 871
568 569 570
569 570 571
570 571
571
576 578
578 580
580
583 584 602
584 585
585
590 592
592 594
594 596
596 597
597
602
604 605 606
605 606
606 608
608
613
617 618 619
618 787
619 621
621 622
622
625 626
626
630 632
631 632 633
632 633 634
633 634
634 636
636
639 641
641
644
648 649 650
649 650 651
650 651 994
651 652
652
655
660 661
661
664 666
666 668
668 670
670 671
671
676 677 678
677 678
678
683 685
685 686
686
690 691
691
699 700 701
700 701
701
704 705 706
705 706 945
706
709
715
722
725 727
727 728
728
731 732
732
742
747
751 752
752 754
754 756
756
763 764 765
764 765
765
771 772 773
772 773 774
773 774
774
778 779
779 781
781
784
787 789
789 791
791 793
793
796 823
800 801 802
801 802
802
807 808
808 810
810 811
811
815
817 819
819 820
820
823 824
824
832 834
834
838
840 841
841
846
848 849
849 851
851 852
852
857 858
858 859
859
862
867 868
868
871
875
878 879 880
879 880 881
880 881 882
881 882 883
882 883
883 885
885 886 891
886
891 892
892
895 897
897 898
898 900
900 901 902
901 902
902
905 906
906
911 913
913
926 928
928 929
929
933 935
935
938 940
940 942
942
945 946
946
949 950
950
953
956
957 959
959 960 961
960 961
961
964
966
977 978 979
978
979
984 985
985
988 990
990
993 994
994
997
