#naive2.0.py
# GMT Fri Feb 14 14:28:05 2020
# 
0
9 10
10 12
12 13
13 531
16 950
25 27
27 28 288 658
28
31
34
37 38 39
38
39
43 44 45
44 45
45
49 51
51
57
61 660 528
64
65 809
67 68
68
71 72
72
76
81 83
83 85
85 86 87 163
86 87 88
87 88
88 90
90 91 197
91 92 93 328
92 93 94
93
94 96
96
100 833
102 987
105 107
107 109 448
108 109 110
109 110 111
110 111
111
117
121
125 868
130 131 132 850 241 826
131 132
132
135 136
136
140 141 392 713
141 143
143
146 147 148
147 148 149
148 149 150
149 150
150
153
156 404
159 567 285
161 163
163 165 991
165
168 170
170 172
172 173 174 665
173 174
174
178
181 607
182 183
183 185
185 186
186 747
189 190
190
193
196 197
197
198
202 204
204 567
211 212
212 214
214 216
216
220 221
221 222 223
222 223 224
223 224 225
224 225
225 227
227 228
228 230
230 231 232
231 232 233
232 951
233 235
235
236
240 241
241
246
247 249
249 251
251 252 253
252 253
253
263 264 265
264 265
265 267
267
278
281 282
282 284 290
284 285
285
288 289
289 290
290
292 293 294
293 294
294
297
300 302
302 304
304 573
306
311 312
312 314
314 315
315
317
320 321
321
324 325
325 327
327 328 329
328 330
329 330
330
334
337 339
339 341
341 343
343 344 537
344 346
346 347 348
347
348
351 352
352 354
354 355
355 357
357
361 362 363
362 363 364
363 364 365
364 365 366 969
365 366
366 368
368
371 372 373
372
373
379 380
380
383 384
384
389 390 391
390 391 392
391 392
392 394
394 395 396
395 396
396
400
403 404
404
407 409
408 409 410
409 410
410
413 415
415
418
419 421
421 423
423
426 428
428 429 430
429 430
430
433 509
436 437 438
437 438 439
438 439 440
439 440
440
443 445
445
447 449
448 449 450
449 450
450 451
451 453 619
453 454
454 852 793
456
460 461
461 462 463
462 463 992
463 464 465
464 465
465 467
467 469
469
474
475
478 479
479 481
481 482
482 949
485
489
492
495 496 497
496 497
497 499
499 500
500
504
507 509 934
509 510
510
516 918
523
526 528
528 530
529 530 531
530 531
531 533
533
536 537
537 539
539
542
547 548
548 550
550 552
552 553 554
553 554
554 555 556
555 556 557
556 558
557 558
558
561
564 566
565 566 567
566 567 568
567 569
568 569 570
569 570
570
573 574 575
574 575
575 577
577 578 579
578 579 580
579 580 741
580 581 582
581 582 583
582 583 584
583 584
584 586
586
589
594
598
601 603
603
607 608 609
608 609
609 611
611 613
613
619 620
620 622
622
625 627
627
631 632
632 634
634 635 636
635 636
636 638
638 639 640
639 640
640 642
642 644
644 645
645 708
650
652
656 658
658
660
664 665
665
670 671
671
678 679
679
686 687
687
689 690 691
690 691
691 693
693 694 695
694 695
695 697 889
697 698 951
698 700
700 702
702 703 704
703 704
704 706
706 707 708
707 944
708 710
710 866
713
719 721
721 722 723
722 723 724
723
724
726
731 733
733
736 738
737 738
738
741
745 746 747 798
746
747 749
749 750
750
755 756
756
761 762
762 763
763
767 769
769 770
770
773
777 779
779 780
780
785 787
787 789
789 790
790
792 793
793
797 798 799
798
799 801
801 802 803
802 803
803
806
807 809
809 811
811
814 816
816
819
822
826
828 829
829 831
831 833
833 834
834
837 838
838
844
847 848 849
848 849 850
849 850 851
850
851 852
852
855 857
857 858
858 859
859 861
861
863
866
868 869
869
872 874
874 875 876
875 876
876
881 883
883
886 888
888 889
889 891
891
902 903
903
907 909
909
915
918 920
919 920
920 922
922 923
923
926 927 928
927 928
928 930
930 932
932 933 934
933 934
934
937
941
944 945
945
949 950 951
950 951
951 953
953 954
954
958 959 960
959 960
960
963
967 969
969
971
983 984
984
987 989
989 991
991 993
992 993
993 995
995 997
997
