#naive2.0.py
# GMT Fri Feb 14 14:28:02 2020
# 
0 1 999 2
1 2 3 999
2 3 4
3 4 5
4 5 6
5 6
6 8
8
12
15
19 20 21
20 21
21
27 28 288 658
28 30
30
34 35 36
35 650
36 38
38
39 41 155
41
45
48 50
50 52 171
52 54
54 55 56
55 56 57
56 57 58
57
58
67 68
68 70
70 72
72 73 74
73 74
74 76
76 77
77 79
79 80 81
80 81
81 83
83 84 998
84
86 87
87
90 91 197 585
91 93 328
93 95 269
94 95 96
95 96
96
99
103
108 110
110 112
112
116 117
117
120
123
128 129 130
129 130
130 850 241 397 826
133 134
134
139
145 146
146 148
148 150
150 151 152
151 152
152
155
156 404
159 567
161 162 163
162 163 164
163 165
164 165
165
171 172
172 174
174
177
180 181 182
181 215 607
182 183
183 624
188 190
190 191 192
191 192 736
192
197 199
199 201
201 202 203
202 203 204
203 204 796
204 567
207
211 213
213 214 215
214 215
215 217
217 219
219 895
221
226 227 971
227
230
235
241 242
242
246
250 251
251 253
253
256 257
257 259
259 260
260 262
262 263
263
266 890
269 271
271 272 273
272 273 274
273 274
274
277 278
278 280
280 281
281 282
282 290
286 287 288
287 288
288
290
294
300
303
305 307
307 309
309 311
311 312
312 314
314 315 316
315 316
316 317 318
317 318 985
318 642
321 323
323
327 328 329
328
329 331
331 332 333
332 333
333 335 445
335 337
337
340
343
348 350
350 687
353
356
360 361
361
366 368
368 369
369 371
371 372
372 374 599
374
377 379 382
378 379 380
379 380
380 382
382
385 386
386 388
388 389
389 391
391
394 395 396
395 396 397
396 397 398
397 756
398
404
406 408
408 409 410
409 410
410
413 414
414
420 422
422 423 614
423 424
424 426
426
431
435
439 440 441
440 441 442
441 442
442 444
444 445 446
445 446
446 447
447
453 454 455
454 455
455 456 457
456 457
457 459
459
463
469
476 477 478
477 478 479
478 479 480
479 480 481
480 482
481 482
482
485 486 487
486 488 877
487 488 489
488
489 517
492 493
493
496
502
505 506
506
510 511
511 513
513
517
519
521 523 782
522 523
523
526 528
528 530
530 532
532 533
533 535
535 536
536
539
542 543
543 723
546 547 548
547 548 549
548 549 550
549 550
550 552
552 553 554
553 554
554
559 561
560 562
561 562
562 563
563
567
568 570
570 571 572
571
572
576 923
579 741
581 582 583
582 583 584
583 584
584 585
585
592 593 594
593 594
594
599
604 606
606 607
607 609
609 610 611
610 612 888
611 612
612 614
614
615
618 620
619 620 621
620 621 622
621 622
622 624
624 626
625 626
626 628
628 630
630 981
631 633
633 635
635 637
637 639
639 640 641
640 641 642
641 642
642 644
643 644 941
644
647 648 649
648 649 650
649 650
650
653 655 790
655 657
657 658 659
658 659
659
662 663 664
663 664
664
667 668
668
673
680 681 682
681 682 683
682 683 684
683 684 863
684 686
686 687
687
690 691 692
691 692
692 694
694 696
696
699 700
700 702
702
707
712
716
719 720 721
720 721 722
721 722 723
722 723
723
727
730 732
732
736
739 741
741
744
747 749
749 750
750 752
752 754
754 756
756 757 758
757 758
758
761 762
762 763 764
763 764 765
764 765
765
771
774
778 779
779 781
781 782
782
786
790 791
791
794 795 796
795 796 797
796 823
797 799
799 801
801
804 805 806
805 806 807
806 808
807 808
808 810
810
816 818
818
821 822 823
822 823
823
826 827
827 828
828
832 833
833
837
840
843
847 848
848 850
850
851 853
853 855
855
861 862
862 863 864
863 864
864 866 975
866
868 869 870
869 870
870
873 874
874
877 878 879
878 879
879 881
881 882
882 884
884 885
885 891
888 890
890 891
891 892
892
895
905
916 917
917 919
919 920
920
923
928 929 930
929 930
930
939 940 941
940 941 942
941 942
942 943
943
946
952 954
954 955
955
958 959
959 961
961 963
963
966 968
968
971 973
973 975
975 976
976
980 981
981 983
983 985
985 986 987
986 987 988
987 988 989
988 989 990
989
990
998 999
999
