#naive2.0.py
# GMT Fri Feb 14 14:28:11 2020
# 
2
5 7
7 9
9 11
11
16 254
17 19
19 21 225
21
24 26
26
30 31
31 58
33 34 35
34 35 36
35
36
40
45
49
54 56
56 57 58
57 167
58
63 64
64
67 68 69
68 69
69 416
71 73
73 74 75
74 75 76
75 76
76 78
78 79 80
79 80 81
80 81
81 83
83 85 998
85 163
93 95
95 96 899
96
105 107
107 109
108 109
109 111 593
111 113 367
113 115
115 116 117
116 117 153
117 119
119 121
121 122
122
126
131 132
132
135 136
136 138 845
138 140 347
140
143 145
145 146 812
146
149 150 151
150 151
151 344
153 155
155
156 404
159 567 285
161 162 163
162 163
163 165 991
165 167
167 168
168
173 175
175 176
176
179
182 183
183 185 624 956
185 186 187
186 187 188 747
187 188
188 190
190 191 192
191 192 193
192 193 194
193 194 195
194 195
195
200 202
202 203 204
203 204 205
204 205 567
205 284 559
206 207 208
207 208
208
212 214
214 215 216
215 216 217 748
216 217 218
217 218 219
218 219
219
222
225 227
227
231 232 233
232
233 520
236 237
237 239
239
242 244
244 245 246
245 246 247
246 248
247 248 249
248 249 250
249 250 251
250 251
251 253
253 254
254
257 258 259
258 259
259
262 264
264 265 266
265 266 342
266 890
270
271 273
273
279 280 281
280 281 344
281
284 285
285
290
292 293
293 295
295 297 716 404
296
297
300 301 302
301 302
302
311
314 315
315
318 642
321 322
322 324
324 325
325
328
331 333
333 334 335 445
334 335 336
335 336
336 338
338 339 340
339 340 341
340 341 342
341 342 343
342 344 560
343 344
344 346
346 347
347
351 352 353
352 353
353 355
355 357
357 358
358
363 364
364 366
366 367 368
367 368 369
368 369
369
378 380
380 381
381
389 390 391
390 391
391
395 396
396
399
402 404
404
407 854
411
416 417 418
417 418 419
418
419 421
421 422 423
422 423
423 424
424
430 431 432
431 432
432 433 454
433
436 437
437
443 444 445 646
444 445 446
445 446
446
449
451 453 619
453 454 455
454 455 852
455 457
457 458
458
461 462 463
462 463 992
463 464
464
468
473
479 480
480 755
483
486 488 877
488 490 748
490 492
491 493 964
492 493 494
493 494 495
494 495 496
495 496
496 498
498 500
500 501 502
501 502
502
504
507
510 511 512
511 512 513
512 513
513 515
515 516
516 518
518 519 520
519 520 829
520 521
521 523 782
523
526 527
527 529
529
533 535 735
534 535
535
539
542
552
556
559 561
560 562
561 562
562
565 567
567
570 571
571 573
573 574 575
574 575
575
582
585
591 593
593
599 629
602 603
603
605
608
611 612
612
615
618 620
619 620 621
620 621
621 623
623 624 625 860
624 626
625 626 627
626 628 703
627 628 629
628 630 819
629 630
630 632
632
635
638 639
639 641
641 642
642 644
644 646
646 648
648 649
649
652 654
654
658
663 664
664
667 668
668 670
670
677 679
679 681 783
681 682
682 684
684
687 688
688
691 692
692
695 697
696 697
697
699 700
700 702
702 703
703 705
705
707 944
708 710
710 711 712
711 712
712
716 718
718 734
719
724
725
731 732 733
732 733 734
733 734 735
734 735
735
741
744
747 749
748 750
749 750 751
750 751
751
754 755 756
755 756
756
759 760 975
760 762
762
767
770 772
772 773
773
777 778 779
778 779
779
782 783
783
786
789 790
790
797 798 799
798
799 800
800
807
811 812 813
812 813
813
817 818 819
818 819 820
819 820
820
822 824
824
827 828 829
828 829
829 831
831 833
833
839
843 844 845
844 845 846
845
846
849 850
850
852 854
854
857 858
858 859 860
859 860
860
867
870 871
871
877
881 882
882 884
884 885
885
890
892
897 898 899
898 899
899
902 903
903 905
905 906 907
906 907
907
916
919 920
920 922
922
926 927
927 929
929 930
930
933
937
941
943 944
944
948
955 956 957
956 958
957 958 959
958 959
959 961
961 962 963
962 963 964
963 964
964
966 968
968
971
974 975
975
983 984
984 986
986 988
988 989
989 991
991 993
992 993
993 995
995
998 999
999
