#naive2.0.py
# GMT Fri Feb 14 14:28:08 2020
# 
1 999
6 8
8 9 10
9 10
10
15 16
16
18
19 20 21
20 21 22
21 22 23
22 23
23
28 29
29
32 33 34
33 34
34 36
36 37 38
37 38
38 40
40 41 42
41 42 43
42 43
43 44 45
44 45 46
45 46
46
49 51
51
54 55
55
58 59 60
59 60
60
64 766 375
65 66
66 67
67
71 73
73 74 75
74 75 76
75 76
76
80 81 82
81 82 83
82 83
83
86
90 91
91 92
92 94
94 96
96 98
98 100 556
100 833
104 105
105
108 109
109
113
117 118 119
118 119
119 121
121 386
123
127
133 135
135 136 137
136 137 845
137 289
139 140 141
140 141 973 713
141 143
143 144
144 406 381
146
154 155
155 157 472
157
161
168 169 170
169 170
170
174 176
176
180 181 182
181 607
182 183 184
183 184 185
184 185
185
188
192
196 766
202 203
203 205 796
205 559
207 209
209 211
211 213
213
218
223 224
224
230
233 234 520
234
238 239 240
239 240 241
240 241 924
241 242
242
248 249
249 251
251 252 253
252 253
253 255
255 257
257 258 259
258 259
259
263
266 890
270 272
271 272 273
272 273
273
276 277
277
280 281 460
281 282 674
282 290
285
288 289
289 290
290
292
297 298 996
298 299 300
299 300 301
300 301
301 303
303 845
306 307
307 309
309 311
311 312 313
312 313
313
319 320
320
327 329
329 330 331
330 331
331 332
332
337 338 339
338 339 340
339 340
340 342
342 560
343 537
349
352 353
353 355
355 356
356
362
366
371 373
373 374 375
374 375
375
380 381
381 383
383 384 385
384 385 386
385 386
386
390 391
391
394 396
396 397 398
397 756
398 399 400
399 400
400
406 407
407 409
409 410
410
414
418 420 604
420
423
426 427
427
436 438
438
443 444
444 446
446
450
453 454
454 852 793
456
460
462 992
467 469
469 470
470 472
472
476
479 480 481
480
481 483
483
486 877
487 489
489
492 494
494 495
495
499
502 503 740
503
504
506 507 508
507 509 934
508 509
509
511 512
512
516 518
518 519 520
519 520 829
520 521
521
522
527 528 529
528 530
529 530 531
530 531 532
531 532
532 534 802
534
537 539
538 539
539 541
541 543 553
543 544
544
547
551 552 553
552 553
553
556
559 561
560 562
561 562 788
562 564
564 948 871
567
568
571 573
572 573 574
573 574 575
574 575 576
575 576
576 578
578 579
579 742 741
582 583
583 602
587 589
589 590
590
595 596
596 598
598 600
600 602
602 603
603 604
604
607 609
609 610
610 888
616
619 620
620
623 625 860
625
629
632 633
633
637 638 639
638 639
639
642
645
651
655
659 661
661
664 665 666
665
666
672 674
674 675
675
681
684
687
689
692 694
694 696
696
699 700
700
704 706
706
712 713
713
717 719
719
722 724
724 791
725 726
726
730
735 736
736 738
738 739
739 740 741
740 741 742
741 742 743
742 744
743 744 745
744 745
745 798
750 751
751
756
761
764
766 768
768
771 772 773
772 773
773
776 778
778 780
780
783 978
787 788
788
791 792 793
792 793
793
796
798
800 802
802 803
803 805 946
805 806 807
806
807
810 811
811 813
813 815
815
825
829 831
831 832 833
832 833
833
836 837 838
837 838
838
842 843
843 845
845 847
846 847
847 848 849
848 849 850
849 850 851
850
851 852
852
855
858 859 860
859 860
860
862 864
864
867 869
869 870 871
870 871
871
874
877 878
878 896
882
886 888
888 889 890
889 890
890
893
896 898
898 899
899
905
908
911 913
913
916
919
922
924 925
925 927
927
932 934
934 935 936
935 936
936 938
938 940
940
943 944 945
944 945 946
945 946
946 948
948
954
959
962 963
963
966 967
967 969
969 970
970
973
978 980
979 980 981
980 981
981 983
983 984
984
991 993
992 993 994
993 994 995
994 995 996
995 996 997
996 997
997 999
999
