#naive2.0.py
# GMT Fri Feb 14 14:28:04 2020
# 
6 7
7
10 11 12
11 12
12 14
14 15 107
15 16 17
16 950
17 19
19 225
26
29 30
30 31 32
31 32
32 33 34
33 34
34 36
36 37
37 39
39 40 155
40
43 45
45 47
47
51 53
53
56
60 61 62
61 660 528
62
65 809
67
70 72
72 73
73 75
75 76
76 78
78
83 84 85
84 85
85 86 87 163
86 87
87 89
89
92
97 99
99 100
100 833
102 103
103
107 448
108 110
110 111 112
111 113 367
112
113
116 153
121 122
122 124
124
128 129 130
129 130
130 397
133 134
134 136
136 138 845
138 140 347
140 141 392 973
141
149
152 153 154
153 154 155
154 155
155 472
158 160
160 162
161 162 163
162 163 164
163
164 166
166 168
168 170
170
174
178
182 183
183 185
185 187
187 188 189
188 189 190
189 190 191
190 191
191
196 197 766
197 199
199
202 204
204 567
206 207
207
210
213
216 217
217 219
219 895
222 223 224
223 224 225 490
224 225
225 227
227
230 231 232
231 232 764
232 234 951
234
240 924
242
247
250
255 256 257
256 257 258 846
257 258
258
261 263
263
269
274 276
276 278
278 279
279
283
285 286
286
289
292 293 294
293 294 295
294 295
295 487 716
301
305 307
307 308 309
308 309
309
312 314
314
318 320
320 322
322 323
323 325
325 326 327
326 327
327 329
329 331
331
335 336 337
336 337
337 339
339
345 347
347
348
353
358 359 360
359 360 361
360 361
361 363
363
367 369
369 371
371
375 376
376 378
378 379 380
379 380 381
380 381 382
381 382
382 384
384
387 388 389
388 389
389 391
391 392
392
396 397
397
403
407 409 854
408 409 410
409 410
410
414
417 419
419
425 426
426 428
428
432 433 434 454
433 434 509
434
442 444
444 445
445
448 450
450 451
451 453 619
453 454 455
454 455 852 793
455 456 457
456 457 820
457 459
459 460 461
460 461
461
469 470 471
470 471 472
471 472 473
472 473
473 474
474
479 480
480
487
490 492
491 493
492 493
493 495
495 496
496 498
498 499 500
499 500 501
500 501
501
506
509 510
510
518
523 524
524 526
526 527 528
527 528 529
528 530
529 530 531
530 531 532
531 532
532 534 802
534 536
536 537 538
537
538 540
540 541 542
541 542
542 544
544 545 546
545 546
546
549
552 554
554 555 556
555 556 557
556 558
557 558
558
561 562
562
567 569
569
574 575 576
575 576
576
581 582
582
588 590
590
593 594
594
597
599 600 601
600 601
601 603
603 604 784
604 606
606 608
608
614
619
625 627
627
630 981
631
635 637
637 638
638
641
645 646
646
651 652
652 654
654 660
655
659 660
660 662
662 663 664
663 664 665
664 665
665
668 669
669 671
671
674
680 681 682
681 682
682
685
689
692 693
693 695
695 889
696 698
698 699 700
699 700 701
700 701 702
701 702
702
706
712
715 716 717
716
717 719
719 720
720
725 726
726 728
728 729
729
734
738 739
739 741
741 742
742 744
744
751 752 753
752 753
753
758 759
759 975
764 765
765 766
766 768
768
772 773
773 775
775 777
777
781 782 783
782 783 784
783 784 785
784 785
785
789 790
790
793 794
794 796
796
800 802
802
804 805
805
809
814 815
815
818 819 820
819 820 821
820 821
821 822
822 824
824 825
825 827
827 829
829
832 833 834
833 834
834 836
836 837
837 839
839 840 841
840 841 842
841 842
842
845
846
851 852
852 854
854 855
855
858 859
859
862 863
863
865 867
867
870 871
871
874 875
875
884 886
886 887
887 889
889 890 891
890 891
891 893
893 895
895 896
896 898
898 899
899
902 904
904 905
905
910 911 912
911 912 913
912
913
916 917 918
917 918
918
922
924 926
926
934 935
935
939 941
941 942
942 944
944 945
945 947
947 948
948 950
950 951 952
951 952 953
952 953
953
957
961 962 963
962 963
963 965
965 966
966
969 970
970 971 972
971 972 973
972 973 974
973 975
974 975 976
975 976
976
979 981
981 983
983 984
984 986
986
989
993 994 995
994 995 996
995 996 997
996 997
997 999
999
