#naive2.0.py
# GMT Fri Feb 14 14:28:02 2020
# 
0 999 2
2 4
4 5 6
5 6
6 8
8
14 15
15 16 17
16 254
17
21 22
22
26 28
28 30
30 31
31 58
36
39 40 155
40 42
42 43 491
43 44 45
44 45
45
52 53 516
53
57 59
58 59 60
59 60
60 62
62 63
63 65
65 809
68
71 72 73
72 73 74
73 74 75
74 75 76
75 76 77
76 77 78
77 78 79
78 79
79 81
81 82
82 84
84
86 88
88
91 92 93 328
92 93
93 95
95
98 99 556
99 101
101 102 103
102 103 987
103
106
109
112 195
116
120 121
121
125 127
126 127 128
127 129
128 129
129
131
134 135 136
135 136 137
136 137 845
137
141
146 148
148 149
149
155
160
165
168 170
170 172
172 173 174 665
173 174 175
174 175
175
179 180 181
180 181 182
181
182 183
183 624 956
186 188
188
191 193 736
193 194 195
194 195 196
195 196 197
196 197
197 199
199
203 205 796
205 284
207 209
209 210 211
210 211
211
214 216
216
219 220
220
223 224
224 226
226
228 230
230 231
231 233
233 520
239 240
240
242 243 244
243 244 245
244 245 246 304
245 246
246
250 251 252
251 252 253
252 253 254
253 254
254
258
261
264 265 266
265 266 342
266 268
268
271
277 278
278
281
284 285 286
285 286
286 288
288
290 291
291 292 293
292 293 294
293 294 295
294 295
295 297 487
297
299
303 304 845
304
305 307
307
310 312
312 314
314 315
315 901
317 985
320 322
322
325
328
329 331
331 332 333
332 333
333
336
340 342
342 560
345 347
347 349
348 349 350
349 350
350
353 354
354 356
356 357
357 359
359 360
360
365 366
366
373 374 375
374 375 376
375 376 377
376 377 378
377 382
378 380
380 381 382
381 382 383
382 383 384
383 384
384
387
392
397
399 401
401 815
409 411
411 412 413
412 413 807
413 414 415
414 415 416
415 416
416
421
425
433
436 437
437 439
439 440 441
440 441
441 443 724
443 444
444 446
446
449
451 453
452 454 744
453 454
454 852
457 459
459 460 461
460 461
461 463
463
468 470
470 471
471
475
479
483 484 485
484 485 746
485 487
487 489
489 491 517
491 493 909
493
501 503
503
506
510 511
511 513
513 515
515 516 517
516
517
520
522
525
529 530
530
534 536
536 537
537 539
539 540 541
540 541
541 543
543 544 545
544 545 546
545 546 547
546 547 548
547 548 549
548 549 550
549 550 551
550 551 552
551 552
552 554
554 556
556
560
563
579 580 742
580 581
581
584 585
585 587
587 589
589 590 591
590 591
591
597
599 601 629
601
606 608
608
611 612
612
616 617 618
617 618
618
622 624
624 626
626 628
628 630
629 630
630 981
636 637
637
640 642
642 644
643 644 645 941
644 645
645
648 649 650
649 650 651
650 651 994
651 652 653
652 653
653
657
660 662
662 663 664
663 664 665
664 665 666
665
666
669
677 678
678
681 682 683
682 683 684
683 684 863
684 686
686 688
688 689
689
695 697 889
697 698
698
702 704
704
707 709 944
709
714 715
715 717 806
717
720 721 722
721 722
722 724
724
727 728
728 730
730 732
732 734
734 735 736
735 736
736
742 744
743 744
744 746
746
749 750 751
750 751 752
751 752 753
752 753 754
753 755
754 755
755
761 762 841
762
765 767
767 768
768 770
770
775 776
776 778
778 779 780
779 780
780 782
782
785
788 789
789
794 795 796
795 796
796 823
798
799 800
800 802
802
805 806 807
806 808
807 808 809
808 809 810
809 810
810 812
812 814
814 815
815
817 818
818
821 822 823
822 823 824
823 824 825
824 825
825
829 830 831
830 831 832
831 832 833
832 833
833 835
835 837
837 839
839 841
841
845
846
848 849 850
849 850
850
852 854
854 856
856
859 860
860
863
870
873 874 875
874 875 876
875 876
876 878
878
884 885 886
885 886 891
886
889 891
891
898
901 902
902
905
908 909
909
913 914 915
914 915
915
921
925 927
927 929
929 930
930 932
932
938 939 940
939 940 941
940 941 942
941 942
942 944
944 946
946
952 954
954 955 956
955 956 957
956
957 959
959 960 961
960 961
961
968 970
970
973 975
974 975
975
978 980
980 981
981 983
983 985
985 986 987
986 987 988
987 988 989
988 989
989
992 994
994
997 999
999
