#naive2.0.py
# GMT Fri Feb 14 14:28:03 2020
# 
0 999
4 5
5 7
7 8
8 10
10
13 15
14 15 107
15
18 733
20 21
21
24
27 28 29 658
28 29
29
33
38 40 115
40
48 49
49
54 56
56 57
57 167
60
63
69
75 76 77
76 77
77
80
84 85 838
85 86 87 163
86 87
87 89 503
89 90 91
90 91 585
91
94 95 96
95 96 474
96
100 101
101 103
103
107
113 114 115 370
114 115 855
115
118 119 120
119 120
120
123 125
124 125
125 127 868
127 129
128 129 130
129 130
130 131 132 850 241
131 132
132 134
134 135
135 137
137 289
140 713
146 147
147 149
149 151
151
160 705
163 165
164 165
165 167
167 168 169
168 169 170
169 170
170
173 174 175
174 175 176
175 176 177
176 177
177 179
179
183 184 956
184 186
186 188
188
191 192 193 736
192 193 194
193 194 195
194 195 196
195 196
196
200
207
210 211 212
211 212 213
212 213 214
213 214 215
214 215
215 748
218 219
219
223 224 225 490
224 225 226
225
226 971 857
231 233
233 520
237 238
238 240
240 241 924
241
245 246
246 248 596
248 249
249 251
251 252 253
252 253
253
257 259
259 260
260 262
262
266
272 274
274
277 278 279
278 279
279
284 286
286 287
287 289
289 290 615
290
297 996
299 301
301 302
302 304
304
305 306 307
306 307 308
307 308 309
308 309 310 798
309 310
310 312
312 313 314
313 314
314 316
316 317 318
317 318 985
318 319 320
319 320
320 322
322 324
324 326
326 327
327 329
329
332
336 338
338
342
345 347
347
350 351
351
356 358
358 359
359 361
361 362
362
368 369 370
369 370
370 372
372 374 599
373 374 375
374 375
375 377
377 382
380 382
382 383
383
386 388
388
393 395
395
401 402 815
402
407 854
408
413
423 425
425 427
427 428 429
428 429 430
429 430 431
430 431
431 886
438 439
439
446 447
447 449
449
451
455 457
457 458
458 460
460 461
461 463
463 464
464
468 469 470
469 470 471
470 471
471
474 476
475 476 477
476 477
477 479
479 480
480 482 755
482 484 949
483 484 485
484 485 746
485 487
487 489
489 490
490
493 495
495
498
501 502 503
502 503
503
504
506 507 508
507 509
508 509
509
511 513
513
516 518
518 520
520
528
534
540 541 542
541 542
542 544
544 546
546 548
548
554 555 556
555 556 557
556
557 856
561 562 788
562
565 567
567 569
568 569
569 571
571
575 576 577
576 577 923
577 579
579 741
581 582 583
582 583 584
583 584 602
584 585 586
585 586
586 588
588
592 593 594
593 594
594 596
596
599
602
606 608
608 610
610 612 888
612 613
613 615
615
617
621 622
622
626 628
627 628
628
633
637 638
638 640
640 641
641 788
644 645 646
645 646 708
646
650 651 994
651 653
653
656 657 658
657 658
658
660 661
661 663
663 665
665 667
667 669
669
670
677
681
684 686
686
689 690 691
690 691
691 693
693
696 698
698 699
699
702 704
704 705
705
708
709
713
715 716 806
716 718
718 720
720
729 730 731
730 731 732
731 732 733
732 733
733
736 738
738
741
746 748
748
751 752
752
755
760
763 765
765 767
767 769
769
772
775 776 777
776 777
777
780 782
782 783
783 785 978
785
788 789
789
792
797 798
798
802
805 806 807
806
807 809
809 810 811
810 811
811
814 815 816
815 816
816 818
818 820
820
822 824
824
827 828 829
828 829
829 831
831
834 835
835 837
837 838 839
838 839
839 841
841 842
842 844
844 846
846
848 849 850
849 850
850
852 854
853 854 855
854 855 856
855 857
856 858
857 858
858
861 862
862 864
864 975
868 870
870
873
878 879 880
879 880 881
880 881 882
881 882
882
886 888
888
891 893
893
902 904
904 905 906
905 906 907
906 907
907 909
909 911
911
915 917
917 919
919
923 924
924
927
935 936
936 938
938 939 940
939 940
940
943
949 950
950 952
952
955 956 957
956 958
957 958
958
961 962
962
966 967
967
970 971
971
975 976
976 977 978
977 978
978
981 983
983 984 985
984 985 986
985 986
986 988
988
992 994
994 996
996 997 998
997 998 999
998 999
999
