#naive2.0.py
# GMT Fri Feb 14 14:28:05 2020
# 
4 6
6 8
8
11
15
20
24 25
25
28 30
30 31
31
33
40 41
41
44 45
45
49
55
62
65
68
71 72 73
72 73 74
73 74
74
77
80 81
81 83
83 85
85 86 87
86 87
87 89 503
89 90
90 197 585
98 99 556
99 101
101
105
111 113
113
120
124 126
126 127 447
127
130 397 826
133
136 138
138 140
140 141 973 713
141
145 146 812
146 148
148 149
149 151
151 152 344
152
162
165 167
167
170 171
171 789
173
176
179 180
180 182
182 183 184
183 184 624
184
189 190
190
193 194 195
194 195 196
195 196 197
196 197 766
197 199
198 199 200
199 200 201
200 201
201
205 284
209 210
210 212
212
217 218 219
218 219
219 895
221
224 225 226
225
226
236 237 238
237 238
238
245
250
255
258 260
260 261
261 263
263
267 269
269 271
271 272
272
275 276 962
276
279
284
287 289
289 291 615
291
294 295
295 297
297
299 301
301 303
303
308 309 798
309
313
320 321 322
321 322 323
322 323 324
323 324 325
324 325 326
325 326
326 328
328 330
329 330 331
330 331 540
331 332 333
332 333 334
333 334 445
334
337 338
338
344 345 346
345 346
346 348
348 350
350 352
352 353 354
353 354
354 356
356
360 361 362
361 362
362
365
369
376 378
378
382 384
384 386
386 387 388
387 388
388
397
398 399 400
399 400 401
400 401 402
401 402 403 815
402 403
403 405
405 407
407 409 854
409 410
410
413 414
414 416
416 417
417
421
424 426
426 427
427 429
429
433
436 438
438 440
440 442
442
445 446
446 447 448
447 449
448 449 450
449 450
450 451 452
451 619
452 454
454 455
455
459 461
461 463
463 465
465 467
467 468
468 470
470
473
477
480
489 490 517
490 492
492 493
493 495
495 496 497
496 497 498
497 498
498 500
500
503
504 910
507
508
511
515 516 517
516 918
517 838
519 829
524 525
525 527
527 528 529
528 530
529 530 531
530 531
531 533
533
537 539
538 539 540
539 540 541
540 541 542
541 542 543 553
542 543
543
548 549
549
552 553
553
556
561
563 564
564 948 871
568 570
570
574
580 581
581
585
590 591 592
591 592
592 594
594
598
603 784
605 607
607 608 609
608 609 610
609 610 611
610 888
611
615 616
616 617 618
617 618 619
618 620 787
619 620
620
624
625 627
627 628
628 819
633
638 639 640
639 640 641
640 641
641
644
648 649
649 651
651 652
652
655 656 657
656 657 658
657 658
658
660
666 667 668
667 668
668
671 672 673
672 673
673
677 678
678 680
680 681
681
686 688
688 689
689
692
695
698 700
700 702
702
706 707 708
707 944
708
712 713
713
719
724
729 730
730 732
732
739
742
745 798
750 751
751 753
753
757 759
759 760
760
763 765
765 766 767
766 767
767
770
774 775
775 777
777 778
778
781 782
782 784
784 785
785 787
787 789
789 790
790
792 794
794
798
800
803 805
805 807
807 808
808
812
815
819
825
826
829 830
830
833 834 835
834 835 836
835 836 837
836 837 838
837 838 839
838 839
839
844 846
846 847
847
851 853
853 854
854
860
863
865
866
869 871
871
878
881
885 886
886 888
888
892 893
893 895
895
901 902
902 904
904 905 906
905 906
906
909 910 911
910 911
911 913
913 914
914
917 918
918 920
920
923 924
924 926
926 928
928
933
936 937
937
940
943 944 945
944 945
945
948 949 950
949 950
950 952
952 953 954
953 954
954
957 958
958
961 962
962
966 967 968
967 968
968 970
970 972
972 973
973
976 978
978 980
980
983 984
984
988 989 990
989
990
995
999
