#naive2.0.py
# GMT Fri Feb 14 14:28:09 2020
# 
3 5
5
14 15 107
15 16 17
16 950
17
23 25
25 26
26 28
28 30
30
36
40 41
41
44
50
51
56 58
58 59
59
62 64
64 766 375
67
70 72
72
77
81 82
82 84
84 838
88
94 95 96
95 96 97 474
96 97
97
101 103
103
104
107 109
108 109
109 593
112 195
113 370
116
118
122 123 124
123 125 817
124 125
125 868
129
131
135
140 141 142 392 713
141 142 143
142 143 144
143 144
144 406 381
147 148
148
152 154
154 156
156 157
157 158
158
161 162
162
165
168
172 665
175
178 180
180
187
191 192 193 736
192 193
193 195
195 197
197
200 201 202
201 202
202
210 211
211 213
213
219 895
222 224
224
227
231 232 233
232
233
242 244
244 245 304
245 247
247 248 249
248 249 250
249 250
250 252
252 253
253
259
262 264
264
268 269
269
274 275
275 962
281 282 283 674
282 283
283
287 289
289
294 296
296
297
300 301 302
301 302
302 304
304
309 311
311 312
312 314
314
319 320 321
320 321
321
324 325 326
325 326
326 328
328 330
330 331
331 332 333
332 333 334
333 334 335
334 335 336
335 336
336
340 341
341 343
343 345
345 346 347
346 347
347
350
353
362 364
364 366
366 368
368 370
370
373 374 375
374 375
375 377
377 382
380 381 382
381 382
382 384
384
387 388
388
391 392
392 394
394 396
396 397
397 756
400
405 406 407
406 407
407
410 411 412
411 412
412 807
414 415
415
419 421
421
424
427 429
429 431
431
436 437
437
440
443 646
447
451 453
453 455
455
459 461
461
465
470 471 472
471 472 473
472 473
473 474
474 476
476 478
478
482
483 485
485 487
487
490
491 909 964
498
501 503
503 505
504 505
505 506 507
506 507
507 509
509 510
510
517 518 838
518 519
519
522 523
523
528
534 535
535
538 539
539 541
541 542 543
542 543
543
547 549
549 550
550 552
552
555 556
556 558
558 559
559
562 564
564
567 569
569 571
571
576 577 578
577 578
578
582 583
583
591 593
593 594
594 596
596 598
598
601
604 605
605
610 888
611 613
613 614
614 616 831
616 618
618 620
620 621 622
621 622
622
629
632 633 634
633 634 635
634 635
635
640
646 648
647 648 649
648 649 650
649 650 651
650 651 994
651 653
653 655 790
655 656
656 658
658
661
664 665 666
665
666 668
668 670
670 671
671
674
676 677 678
677 678 679
678 679
679 681
681
684
689
693 694
694
697 698
698 700
700 701
701 703
703 705
705
707 944
708 710
710 866
713
715 717 806
717 719
719 720 721
720 721 722
721 722
722
725 726
726 728
728 729 730
729 730 731
730 731
731
736
737
742
750 752
752 753 754
753 931
754 756
756
765 766
766 768
768
771 772
772
775 777
777 778
778 780
780 782
782
785 786
786
789 790 791
790 791
791 792
792 794
794
798
799 801
801 802 803
802 803
803 946
806 808
807 808 809
808 809 810
809 810
810
813
816 817
817
821 823
823
826 827
827
831 832
832
837 838
838
842 843 844
843 844
844 846
846 847
847 849
849 850
850
852
855 857
857 858
858 859 860
859 860
860
862 864
864 866 975
866 867
867 868
868
873 874
874
881 883
883 884
884
888
891 892
892
895
898 900
900
903 905
905 906
906
909 911
911
915 916
916 918
918 920
920 921
921
929 930 931
930 931
931
935
938 939
939
944 946
946 947
947
950 952
952 954
954 955 956
955 956
956 958
958
961 962 963
962 963 964
963 964
964
967
971
975
978 980
980 981
981
987 989
989 991
990 991 992
991
992 994
994 995
995
998
