#naive2.0.py
# GMT Fri Feb 14 14:28:07 2020
# 
1 3 999
3 5 220
5
8
12 14
14 107
16 950
17 18
18 526
20
26 27
27 288 658
30
38
41
47 48 49
48 49 50 922
49 50 51
50 171
51 53
53
56 57 58
57 167
58
62
65 66
66 67 68
67 68 69
68 69 70
69 70 416
70 71
71
74 75
75
78
81 83
83 85
85 87 163
87 88
88 90
90 197
92 93
93
99 101
101 102
102
107
112 114 195
113 114
114
118
122 123 124
123 125 817
124 125
125 127
127 129 367
128 129
129 298
131 132
132 134
134 135 136
135 136
136
140 141
141 143
143 144 145
144
145
154 156
156
160 162 705
161 162 163
162 163
163
167 169
169 170
170 171
171
174
177 179
179 180
180
184 185 186
185 186
186
191 193 736
193 194 195
194 195
195 197
197 199
199 201
201 203
203 204 796
204 567
207 208
208
211
216
220
223 225 490
225
226
230 232
232 234
233 234
234
238 240
240
242
248 249
249 251
251 252 253
252 253
253
257
260
265 266 267 342
266 267 268 890
267 268
268
271 272 273
272 273 274
273 274
274
279 281
281 282 283
282 283 290
283
285 286 287
286 287 288
287 288 289
288 289
289 290 291 615
290 291
291
294
297 298
298 300
300 302
302
306 307 308
307 308 309
308 309 310
309 310
310 312
312 314
314
317 318 985
318 319
319
324 326
326 328
328
329 331
331 333
333 335
335
338 340
340 342
342 344
343 344
344
348 349 350
349 350 351
350 351
351 353
353 355
355
358 359 360
359 360 361
360 361
361 363
363
367
371
374
378 379 380
379 380
380 382
382 384
384 386
386 387
387
390
393
396
400 401 402
401 402 403
402 403
403 405
405
411 412 413
412 413 807
413 414 415
414 415 416
415 416 417
416 417
417 419
419
422 423
423
426 427 428
427 428 429
428 429 430
429 430 431
430 431 432
431 432 886
432
435 436
436
440
443
451
452 744
455 456 457
456 457
457 459
459 460 461
460 461
461
464 466
466 467 468
467 468
468
474
475
479 480 481
480
481
485 486
486 488 877
488 490
489 490 491
490 492
491 493
492 493
493
496 498
498
501
504
507
508
511 512
512
515 516
516 518
518 519
519 829
521 523
523 525
525 526 527
526 527
527 529
529 531
531
535 825
539 540 541
540 541
541 543
543 544 723
544 546
546 547
547
550 552
552
556
557 559
559
564 566 654
565 566 567
566 567 568
567
568 570
570 571
571
574 576
576 577
577
580 582
582 584
584 586
586 587 588
587 588 589
588 589 590
589 590 591
590 591
591 593
593
596 597 598
597 598
598 599 600
599 600 601 629
600 601
601
609
613 615
615
620
626 628 703
627 628 629
628 630 819
629 630
630
638 639
639 641
641
644 645
645 708
648 649 650
649 650
650
654
656 658
658 659
659 661
661 662
662
665
670
676 678
678 679
679 681
681 682 683
682 683
683 863
688 689 690
689 690
690 692
692
696 698
698 699
699
702 703
703 705
705 706
706 708
708 710
709 710
710
714 715
715
719 720
720 722
722 723 724
723
724
726 727 728
727 728
728 730
730 731 732
731 732
732
735 736
736
741
744
749 750 751
750 751 752
751 752
752
756 758
758 759
759 975
762
768 769 770
769 770
770 772
772 773
773 775
775 776
776 778
778 779 780
779 780 781
780 781
781
784
794 796
796
803
807
810
817 818 819
818 819
819
822
825
826
829 831
831 832
832 834
834 836
836 837 838
837 838 839
838 839
839 841
841 842
842
847 848
848 850
850
860
863
869
872
877
881 883
883 884
884 886
886 887
887 889
889 890 891
890 891
891 892
892 894
894 896
895 896
896 898
898 899 900
899 900
900 901 902
901 902 903
902 903
903
912 914
913 914
914
919
922
926 927 928
927 928
928
936 937
937 939
939 940
940 942
942 943
943
950 952
952
958 959
959 961
961 963
963
966
972 974
974 975 976
975 976
976 977
977
982 983
983 985
985
990
993 995
995
999
