#naive2.0.py
# GMT Fri Feb 14 14:28:08 2020
# 
0
4
8 9 10
9 10
10 12
12 13 14
13 15
14 15
15 16
16
19 20
20
27 28 29
28 29
29 364
31
33 34 35
34 35
35
38 40 115
39 40 41 155
40 41
41
46 47 48
47 48
48 922
52 54
54 55 56
55 56
56
61 660
62 64
64 375
65
67
71
76
79 80
80
85
90 91
91
95 96 899
96
100
103 897
106
109 110
110 112
112 195
113 115
115 116
116 153
120
125 127
127 367
131
134 135
135
140 392 973
143 144 145
144 406
145 146
146
149 150
150
153 155
155
160 705
164 165 166
165 166
166
171 172
172 173
173 175
175 177
177 178
178 180
180 181 182
181 215
182 184
184 185 186
185 186
186
192
195
198 200
200 201
201
204
206 207
207 209
209 210
210 212
212 213
213 215
215
223 490
228
231 233
233 234 520
234 236
236 237
237 239
239 240 241
240 241 924
241
243 244
244
247
251 252
252
256
261
267
271
274 275 276
275 276
276
283 446
286 287
287
290 291
291 292 293
292 293 294
293 294
294 296
296 298
297 298
298 299
299 301
301 302 303
302 303
303
310 311
311
315
319 320 321
320 321 322
321 322 323
322 323
323 325
325
331 332 333
332 333
333
337
342 344
344 346
346 347
347
351 352
352
357 358 359
358 359
359 361
361
364 365 366 969
365 366 367
366 367
367 369
369 371
371 372
372 374
374 375 376
375 376 377
376 377
377 379
379
383 385
385 387
387 388
388 390
390 392
392 394
394 395 396
395 396 397
396 397
397 756
399 401
401 402 403
402 403 404
403 404
404
406
410 412
412
419 420
420
423 425
425 427
427
432 433 454
433 435
435 437
437 438
438
441 724
446 447
447 449
449 450
450 452
452 454 744 738
454 455
455 456
456
460
468 469
469
476
479
483 485
485
489 490 491 517
490 492
491 493 909
492 493
493 495
495 496 497
496 497
497 499
499
502
507 934
517 838
520
522 523 524
523 524
524 526
526
529
533 535 735
535 536 537
536 537
537 539
539 540 541
540 541
541 543 553
543 545 723
545
549 550 551
550 551
551 553
553 554
554 555
555 894
558
561 562
562
566 568
568 569
569
572 573
573 575
575
580
583
587 588
588 590
590 591
591
595
598
603 604 784
604 605 606
605 606
606
613 614 615
614 616 831
615 616
616 617 618
617 618 619
618 620
619 620 621
620 621
621
625
631 632
632
636 638
638 639 640
639 640 641
640 641
641
643 941
648
651
654 660
655 657
657 659
659 660 661
660 661
661
664
667 668
668 670
670 671
671 673
673 674
674
676 678
678 679 680
679
680
689 690
690 692
692
696 697
697 951
699 701
701 703
703 705
705
707 709 944
709 710
710
714
718
723
724 791
726
732 733
733 735
735 737
737 738
738
741
744 746
746
749 750
750
753 755
754 755 756
755 756 757
756 757 758
757 758
758 760
760 762
762 763
763
769 771
771 772 773
772 773
773
776 777 778
777 778 779
778 779
779
782 784
784 785
785 786
786
790 791
791 792
792 794
794 795
795 797
797 798
798
800
803
808
813 814
814
819
826 827
827
831 832
832
838
840
843
848
853 854 855
854 855
855
858 860
860 861
861 862
862
869 870
870
874 875 876
875 876
876
879 880 881
880 881
881
884 885 886
885 886
886 887 888
887 888 889
888 889
889
893 894
894 896
896 898
897 898 899
898 899
899
902 904
904
907 908 909
908 909
909 911
911
916 917 918
917 918
918
921 922 923
922 923
923 924
924 925
925
932 934
934 935 936
935 936
936 938
938 940
940 941 942
941 942
942 944
944
947 948 949
948 949
949 951
951 952
952 954
954
960
963
967 969
969
971 973
973
974
982
985 986
986 988
988 989
989
993
997 998
998
