#naive2.0.py
# GMT Fri Feb 14 14:28:09 2020
# 
7 9
9 10 11
10 11 12
11 12 13
12 13
13 531
16 254
18 526 733
20 21 22
21 22
22 784
27 28 658
28
35 650
36 38
38 40 115
40
43 45
45
49 50
50 171
53 54
54 56
56
59
68 69 70
69 70
70 72
72 74
74
77 79
79 81
81 83
83 84 85
84 85 838
85 163
89 91
91 328
94
97 98
98 556
101 102 103
102 103
103 105 897
105 106 107
106 107 108
107 109 448
108 109
109 111 593
111
112 195
115 116 117
116 117
117
120 121
121
124 125
125 127
127
128
133
139
142
146 147
147
154 156
156 157
157
162 163 164
163 991
164 166
166
169 170 517
170 171
171 789
175 176
176 178
178 180
180
184
189
193 195
195 196 197
196 197 766
197 199
198 199
199
202 203
203 205
205 559
207
211 212
212 214
214 215
215
218 219 220
219 220 895
220
224
227 229
229 230
230
233 234
234
239
244 246
246
247
254
260
263 264
264
270 272
272
276
280 344 460
283
286
289 615
298
301 303
303
307 308 309
308 309 310 798
309 310
310
313
317 318
318 320
320
324 325 326
325 326 327
326 327 328
327 328 329
328 330
329 330 331
330 331
331 333
333 335 445
335 337
337
344 345 346
345 346
346 348
348 349 350
349 350
350
353
356 358
358 359 360
359 360
360
364 366
366
371 373
373
377 379
379 381
381
387 389
389 390 391
390 391 392
391 392 835
392
395 397
397
398 399 400
399 400
400
403
407 409
408 409
409
415
419
422 614
424 425
425
428 429 430
429 430
430 432
432 433 434 454
433 434 509
434 436
436 438
438
441 442 724
442
445
448 450
450
454 852 793
456
460 461
461 462
462 992
464
468 470
470
474 476
475 476 477
476 477
477
480 482
481 482
482 484
484 485 746
485
490 492
492
498 499
499
503
509 510
510
513 514 515
514 515
515 517
517 518 838
518 519
519 829
521
524 525 526
525 526 527
526 527
527 529
529 531
531 532
532 534
534 535 536
535 536 825
536 538
538 539
539 541
541
544
547 548
548 550
550 552
552
555 556 894
556
559
560 562
562 563 564
563 564 565
564 566 654
565 566 567
566 567 568
567 569
568 569
569
572
575 577
577 578 579
578 579
579
587 588
588
591 593
593 594
594 595
595 597
597 598
598 599 600
599 600 601 629
600 601
601
607
611 612 613
612 613 614
613 614 615
614 831
615
620 621 622
621 622
622 624
624 626
626 628
627 628 629
628 630 819
629 630
630
633 634 635
634 635
635
641
646 648
648 649 650
649 650 651
650 651
651 652
652 654
654 660
655 657
657 658 659
658 659
659 660 661
660 661 662
661 662 663
662 663
663 665
665 667
666 667
667
670
673 674
674
680 681
681
689
693 695
695
696
699
708
713
715 716 806
716
723 725
724 791
725 726
726 728
728 730
730
733 734
734
737 738
738
744 746
746
747 749
749
757 758 759
758 759
759 761
761 841
765 766
766
770
773
776 777 778
777 778 779
778 779 780
779 780 781
780 781
781
784 785
785 786 787
786 787
787 789 912
789 791
791 793
793
795
798
799 800 801
800 801
801
804 806
806
809 811
811
815
819
825 827
826 827
827 829
829 831
831 832
832
835
838
841 842 843
842 843 844
843 844
844
847 848
848 850
850
852
855 857
856
857
861
866
878 879
879
883
890 891
891 892 893
892 893 894
893 894 895
894
895 897
897
901 902 903
902 903 904
903 904 905
904 905
905
908
912
915 916
916
919 920
920
923
925 926
926 928
928 929 930
929 930
930 932
932
935 936
936
940 942
942 943
943 945
945 946 947
946 947
947
951
957 958
958
961 963
963 964 965
964 965
965 966
966
971 972 973
972 973
973
977 978 979
978
979
984
988 989 990
989 991
990 991 992
991
992
995
