#naive2.0.py
# GMT Fri Feb 14 14:28:08 2020
# 
0 1
1
6
9 11
11
14
18 526
19
23 25
25
29
34 36
36
39 155
42 43
43 44 45
44 45 46
45 46
46
50
51 53
53 54 55
54 55 56
55 56 57
56 57 58
57 59
58 59
59
62 63 64
63 64 65
64 766
65
67 69
69
73 74
74 76
76
79 81
81 83
83 84 998
84
90
92 93 94
93 269
94 96
96 97 98
97 98
98 100
100 833
104 105
105
108
111 113
113 114 370
114 116 855
116 117
117 119
119 121
121
123 817
126 127 128
127
128
131
136
141 142
142
145 146
146 147
147 149
149 151
151 152 344
152
155 472
162 164
164
168
176 178
178
181 607
182 184
184 186
186 187
187
198
201 202
202 204
204 567
208 210
210
214
218 219
219
221 222
222 224
224 226
226 971
228 571
232 234 951
233 234 235 520
234 235 236
235 602
236
243 244
244
247 248 249
248 249
249
253
258 260
260 261
261
266 267 890
267 269
269 270 271
270 686
271 273
273
277 279
279 281
281 283 674
283 284
284 286
286
289 290 291
290 291
291 293
293 294 295
294 295 296
295 297 487 716 404
296 360
297
302
305 306
306
312
315 316
316 318
318 319 642
319 321
321 323
323
328 330
329 330
330
332 333
333 445
336 338
338 339
339
344 345
345
351 352 353
352 353 354
353 354 355
354 355 356
355 356 357
356 357
357
360 362
362 363 597
363
368 369 370
369 370
370 372
372 599
379 381
381 382 383
382 383
383
389
392
395
400
404 405
405 407
407
408
411 412 413
412 413 807
413 414 415
414 415
415
418 420
420
424 425
425 427
427 429
429 430 431
430 431 432
431 432
432 433
433 509
436 437
437
440
443 445
445
455
462 992
464 465 466
465 466 467
466 467 468
467 468
468 470
470 471 472
471 472
472
476 477
477
481
485 487
487 488 489
488 490
489 490 517
490 492
492
497
501 503
503
504 910
506 507 508
507 509 934
508 509
509
511 513
513
517
520 521
521 523
523
526 528
528
529 531
531
537
538
544 545
545 547
547 549
549 550
550
553
557 559
559 561
561 562 788
562 563
563 565
565 567
567
568
571
575
579 580
580
583 584 602
584
589 591
591 593
593 594
594 595 596
595 596 597
596 597 598
597 598
598 599
599
602 603
603
607 608 609
608 609 610
609 610
610 888
613
616
620 621 622
621 622
622
625
628
632 633 634
633 634
634 636
636 638
638 639 640
639 640 641
640 641 642
641 642 788
642 644
644 645
645 647
647 648 649
648 649
649 651
651 652 653
652 653
653 655
655 656 657
656 657
657 659
659 661
661 662
662 664
664
669 671
670 671
671 673
673 674 675
674 675
675
678 680
680
683 684
684 686
686 687
687
689 691
691
696 697 698
697 698 865 951
698 700
700 701 702
701 702 703
702 703 704
703 704 705
704 705 706
705 706 945
706
709
712 713
713
716 718
718
719
722 723
723
727
730
735 736
736
743 744 745
744 745
745
751
754 755
755
759 761
761 762 841
762 763
763
766 768
768 770 861
770 771
771 773
773 774
774 776
776
779 781
781
788 789
789
792 794
794 795
795
801 802 803
802 803
803 805
805 806 807
806 808
807 808
808
811 813
813
817 818
818
823
830 831
831 833
833 835
835 836
836
841 843
843
846 847
847 848
848 850
850 865
851 852 853
852
853 855
855
860 861
861
864
865
872
879
883
887 888
888 890
890
892 894
894 896
896
900
906
910 911
911 913
913 914
914 916
916
920 922
922 923
923
926
930 931 932
931 932 933
932 933 934
933 934
934
937 938 939
938 939 940
939 940
940 942
942 943 944
943 944 945
944 945
945
948 949 950
949 950 951
950 951 952
951 952
952 954
954 955 956
955 956 957
956
957 959
959 960
960
967 968
968
971
976 978
978 980
979 980 981
980 981
981
986 987
987 989
989
992 994
994
997 998
998
