#naive2.0.py
# GMT Fri Feb 14 14:28:03 2020
# 
2 3
3 5 220
5 6
6
9 10 11
10 11 12
11 12
12 14
14 107
16 254 950
17 19
19 21 225
21 22
22 24
24 25
25
31 58
33 34
34 36
36 38
38
39 41 155
41 42
42
44 46
46
49 51
51 52 53
52 53
53
56 57 58
57 167
58
61
65 66 809
66
69 416
71
76
79 81
81
84
86
89
92
95 474 899
101 103
103
107
108 110
110 111 112
111 367
112 195
116 117
117 119
119 120 121
120 121
121 386
124 125
125 127
127 367
132
135 137
137 138 289
138 139
139
143 145
145 812
147 149
149
152
155 157
156 157
157 158 159
158 159 160
159 160 567 285
160 162 705
161 162
162
165 166 167
166 167
167
170 171
171
173 174 175
174 175
175
178 179
179
183 624 956
186 188 747
188 189
189
193 194 195
194 195
195 197
197
198
202 203 204
203 204 796
204 567
207 208
208
213
217 219
219 220
220
223 225 490
225 227
226 227 857
227 228
228 230
230 232
232 234
233 234 235
234 235
235 237
237
242 243
243 245
245 247
247
250
253 254
254 256
256 257 258
257 258 259
258 259
259
263 264
264 266
266 267 268
267 268 269
268 269
269
272 273 274
273 274
274 276
276
282 290
285
288 289
289 290
290
294 295 296
295 297 487
296
297
302 303 304
303 304 845
304 573
306 307
307
311 313
313 315
315
317
319 321
321 323
323 324 325
324 325 326
325 326 327
326 327 328
327 328 329
328 330
329 330
330 540
334 335 336
335 336 337
336 337 338
337 338
338
341
349 350
350
354 355
355 357
357 358
358
366 367 368
367 368
368
374 375 376
375 376
376 378
378 380
380
386 387
387 389
389
393 394
394 396
396 397 398
397
398
406
411 412
412 807
414 416
416
420 422
422 614
425 426
426
429 430 431
430 431 432
431 432 886
432 434 454
434 436
436 437 438
437 438 439
438 439
439 441
441
445
447
452 454
453 454
454 793
461 462
462
464
470
473 474
474 476
476 478
478
481 483
483
487
490
496 498
498 500
500 501
501 503
503
506 508
508
512 514
514
524 525
525
529 530
530 532
532 534 802
534 536
536 538
538 540
540 542
542 543
543 723
547
551 552 553
552 553 554
553 554
554 555 556
555 556 557 894
556
557 559
559
560 562
562 564
564 566
565 566 567
566 567 568
567
568
573 574
574
578
583 584
584 586
586 588
588 589
589
592 593
593
596 598
598 600
600
604
609 610
610
614 616 831
616 618
618 620 787
620 622
622 623 624
623 624 860
624
628 819
632 633 634
633 634
634
637
645 646 708
646
650
655 656
656 658
658
661 662 663
662 663
663 665
665 667
666 667
667
675 677
677 678 679
678 679 680
679
680
683 684
684 686
686
690 691 692
691 692
692 694
694 696
696 697
697
702
705 706 945
706 707 708
707 944
708
714
717 718 719
718 720 734
719 720 721
720 721
721 723
723 725
725 726
726 728
728 729
729
733 734 735
734 735 736
735 736 737
736
737 739
739
743
747
748
753
754
759 761
761 762
762 763 764
763 764 765
764 765
765 766
766
769 770 771
770 771 772
771 772 773
772 773 774
773 774
774
780 781 782
781 782
782
787
790
793 794
794 795 796
795 796 797
796 823
797
801 802
802
807 808 809
808 809
809 811
811 812 813
812 813 814
813 814
814 816
816 817 818
817 818 819
818 819
819
822 823 824
823 824
824
827 829
829 830 831
830 831
831
840 842
842 843 844
843 844 845
844 845
845
850
851 853
853 855
855 857
857
860
864
869
873 875
875 877
877
881 882 883
882 883 884
883 884
884 886
886
889 891
891
894
898 899
899
902
905 906 907
906 907
907
910
913
917 918 919
918 920
919 920 921
920 921
921
924
927 928 929
928 929
929
932 934
934
939
944 945 946
945 946
946
950
953
956 958
958
961
964
968 969 970
969 970
970 972
972 973 974
973
974
983 984
984 986
986 987
987
998
