#naive2.0.py
# GMT Fri Feb 14 14:28:11 2020
# 
3 220
6
10 11
11
16 950
17 18 19
18 526
19 20 21
20 21 22
21 22
22 24
24
29 30 364
30 31
31
33
36 38
38
39 41
41 43
43 44
44 46
46 47
47 49
49 50 51
50 52
51 52
52 54
54 55 56
55 56 57
56 57
57 59
59
62 64
64 766
66
74 75 76
75 76 77
76 77
77
80
83 84 85 998
84 85
85 87 163
87 88 89
88 89 90
89 90 91
90 91 197 585
91 92
92
97 98
98
101
108
111
114 116
116 117
117 118
118 120
120
124
127 129
128 129 130
129 130
130 131 850
131
134 135
135
141 143
143 144 145
144
145 812
147
151
157 158 159
158 159
159 285
162 163
163 991
166
170 172
172 173 665
173
176 177 178
177 178 179
178 179 180
179 180
180
184 185
185
188
192 193 194
193 194
194 196
196 197 766
197 199
199 201
201
204
206
214 216
216 218
218 220
220 221
221 223
223
235 237 602
236 237 238
237 238
238 240
240
244 245 246 304
245 246
246 248 596
248 249 250
249 250
250
257 258 259
258 259 260
259 260 261
260 261
261
268 269 270
269 270 271
270 272
271 272 273
272 273
273 275
275 276 962
276
280 460
283 446
285 286 287
286 287 288
287 288
288
290
297
300 301
301 303
303 304
304
305 306
306 308
308
311 312
312
317 985
323 325
325 326
326
332
336
339 340 341
340 341 342
341 342 343
342 560
343 345
345 346 347
346 347 348
347 349
348 349
349 351
351 352 353
352 353 354
353 354
354
358 359 360
359 360 361
360 361 362
361 362 363
362 363 364
363 364
364 366
366
370
374 376
376 377 378
377
378
385 386
386
394 395 396
395 396
396
399 401
401 402 403 815
402 403 404
403 404
404
411 413
413
418 604
421 422 423
422 423
423 425
425 426
426
429 430
430
434 435 436
435 436 437
436 437 438
437 438 439
438 439 440
439 440 441
440 441
441 443
443 445
445 446
446 447 448
447
448 450
450 452
452 738
455 457
457 459
459 460 461
460 461
461
466 468
468 469
469 471
471
474 476
476
481 482
482
485 486 487
486
487
492 493
493
501
505 507
507
511 513
513
517
521 782
526 528
528
531
534
543 544 545 723
544 545
545
548 549 550
549 550 551
550 551
551
557 559
559
560 562
562 563
563 565
565 566
566
572
575
581
585 586
586 588
588 589
589
594 595 596
595 596
596
602
604 606
606
609 611
611
615 616
616 617
617
621 622 623
622 623
623 625 860
625 626
626 703
630
633 635
635 636 637
636 637 638
637 638 639
638 639 640
639 640 641
640 641 642
641 642 788
642 644
644
647
650
656
659 661
661 662 663
662 663
663 665
665 667
667
670 671 672
671 672
672
675
678 680
680 681
681 683
683 685
685 687
687
690 691 692
691 692
692
695 697 889
696 697 698
697 698 865
698 700
700 702
702 703
703
706 707 708
707 709
708 710
709 710
710 866
713 714
714 715 716
715 716 806
716
721 722 723
722 723
723 725
725
728 729
729 731
731
734 735 736
735 736
736 738
738
740 741 742
741 742 743
742
743 745
745 746 747
746
747 749
749 751
751 752 753
752 753
753
757 758
758
762 763
763 765
765 766
766 768
768 770
770
775
778 779 780
779 780
780 782
782
787 788
788 790
790 791
791
796
800
803 946
804 806
806
807
811 812
812
815 816
816 817 818
817 818 819
818 819
819 821
821 822
822
827
830 832
832 834
834
840 842
842
846 847
847
850 865
853 854
854
857
859 860
860
865 867
866 867
867 869
869 870 871
870 871
871
874
879
885
887 888 889
888 889 890
889 890
890
895 897
897 898 899
898 899 900
899 900
900
906
910
913 914 915
914 915
915 917
917 918
918
921
925 927
927
933
937 938
938 940
940 941
941
945 946 947
946 947
947
950
958
961 962 963
962 963 964
963 964
964
966
970
973
977 978
978
985 987
987 989
989 991
991 993
992 993
993
997 998
998
