#naive2.0.py
# GMT Fri Feb 14 14:28:05 2020
# 
2 3 4
3 4 220
4
7 8 9
8 9 10
9 10 11
10 11 12
11 12
12
19 20 21 225
20 21 22
21 22
22
25
29 364
31 32
32 33
33 35
35
36 38
38
44
50 52
51 52 53
52 53 54 516
53 54 55
54 55
55 57
57 59 167
59 60
60
63
67 68 69
68 69
69
71 73
73
77
85 86 87
86 87
87 89 503
89
93 95 269
94 95
95 97
97 99
99 100
100
102 103 987
103
109 593
112 195
117 118
118 120
120 121
121
125 127
127 367
131 132
132
138 347
141
147 148 149
148 149 150
149 150 151
150 151 152
151 152
152 153
153 155
155 157 472
157 158
158 160
160 162 705
162 164
164 165 166
165 166 167
166 167 168
167 168
168
172 173 665
173 175
175 176
176 178
178 179 180
179 180 181
180 181
181 607
183 624 956
186 187 188 747
187 188 189
188 189
189
192 194
194 195
195 197
197 199
199 201
201 202
202
206 207
207
210 212
212 214
214
219 220
220 221
221 222
222 224
224 225 226
225 227
226 227 971 857
227 228
228 571
232 234 951
233 234 235
234 235
235 237 602
237 238
238
242 244
244 245 304
245 247
247
252 254
254 255
255
259
262 263 264
263 264
264 266
266 267
267 269
269 270 271
270
271 273
273 274 275
274 275 276
275 276
276 277
277
284 286
286 287
287
291 293
293
299
303 304
304
312 313 314
313 314
314
318 642
321 322
322 324
324 325
325 327
327 329
329
334
339
343 537
346 347
347
351 353
353 354
354
359
364 365 366
365 366 367
366 367
367
370
375 377
377 379 382
379 380
380 382
382 383
383 385
385
388
392
397
400 402
402
407
408 410
410 411 412
411 412
412
414 415
415
418
421 422
422
426 427
427
436 437 438
437 438
438
444
449 450
450 452
452
455
458 459 460
459 460
460
462 463 992
463 465
465 467
467
470 471 472
471 472 473
472 473
473 475
475 477
477 479
479 480 481
480 755
481
485 486
486
489 490 491
490 492
491 909 964
492
495 496
496
499
502 503
503 505
504 505
505 507
507
510 511
511 513
513
516
519 829
523 524 525
524 525
525
530 531 532
531 532 533
532 533 534
533 735
534
537
545 546 547
546 547 548
547 548
548 550
550
555 556
556
559
563 565
565 567
567 569
569 570 571
570 571
571
574 575 576
575 576 577
576 577 923
577 579
579 580
580 581
581
585
589 591
591 593
593
595 597
597 598
598 600
600 601 602
601 602 603
602 603
603
607 609
609 611
611 612
612
615 616
616
619 620
620
624
625
628
632 633 634
633 634 635
634 635
635 637
637 638 639
638 639
639
642
645
648
652
656
659
665
670
674 675
675
679 681
680 681
681
687 688
688 689 690
689 690 691
690 691
691 693
693 695
695 697
697 951
699 700 701
700 701
701
704 705 706
705 706 945
706
709 711
711 712 713
712 713
713
715 717
717 718 719
718 734
719
724 791
726 728
728
734 735 736
735 736 737
736
737
743
746
747 749
749 750
750
755 757
757 759
759
762 763 764
763 764
764
766
769 770
770
774 775
775
778 780
780
785 786 787
786 787
787 912
790 791
791 792 793
792 793
793
795 797
797 798 799
798
799 801
801 803
803
808 809
809 811
811 813
813
817 818
818
821
825 827
827 829
829
832 834
834
837 838 839
838 839
839 840
840 842
842 843 844
843 844
844 846
846
850
851 852 853
852
853
857 858
858 859
859
862 863
863
869 870
870
878 879 896
879 881
881 883
883
888
893
896 898
898 900
900
905 906 907
906 907
907 909
909 911
911 912 913
912
913 915
915 916
916
920
923 924
924
938 939
939 941
941
945
948 949
949 951
951 952
952
956 958
958 960
960
963 964 965
964 965
965 966 967
966 967
967
970 971
971
974 976
976
979
985 987
987 988
988 990
990 992
992 993 994
993 994 995
994 995 996
995 996 997
996 997
997
