#naive2.0.py
# GMT Fri Feb 14 14:28:03 2020
# 
0 999
5
10
16 950
18
25
29 30
30 32
32 33 34
33 34
34 36
36
41
45 46
46
50
51
55 56 57
56 57
57 59
59
62 64
64 766
69 70 416
70
73 75
75 77
77
80 81
81
84 85
85 86 87 163
86 87
87
91 328
94 95
95 474
98 100
100 101 833
101 102 103
102 103 987
103
104
107 448
108
111 367
112 114 195
114
118 119
119
122
125
129 130
130 397 826
135
139 140 141
140 141 392 973
141 143
143
146 147 148
147 148 149
148 149 150
149 150 151
150 151 152
151 152
152
155
156
160
163 991
169 517
175 176 177
176 177
177 179
179 180
180
183 624
187
190 191
191 736
195 196
196 766
199 200
200 202
202
206 207 208
207 208 209
208 209
209
218
225 227
227
231 232 233
232
233 235 520
235
236 238
238
242 243
243 245
245 247
247 248 249
248 249 250
249 250 251
250 251
251
263 264
264
268
271 272
272
275 276 962
276 277
277
281
284 285 286
285 286 287
286 287 288
287 288
288
290 291
291
295
296
299 301
301
304 573
306 307
307 309
309 310 311
310 311
311 313
313 314
314 316
316 317
317
320
323 324
324
327 328 329
328
329 331
331 332
332
336 337
337 339
339
343
346 348
348 349
349 351
351
355
358
362 597
366 367
367
376 377
377
380 381
381 383
383 385
385 387
387 388
388 390
390 391 392
391 392
392
393
397
399
406 408
408
412 807
415 416 417
416 417 418
417 418 419
418
419
423 424
424 426
426 427
427
432 434 454
434 435
435
444
447 449
448 449
449
452 454 744
453 454
454 852
456 457 458
457 458 459
458 459 460
459 460
460
463 464 465
464 465 466
465 466 467
466 467 468
467 468
468 470
470 471
471
474
475 477
477
480 755
483 484 485
484 485 486
485 486
486
490 492
491 493 909
492 493
493 495
495
498 500
500
508 509 510
509 510
510
514 516
516 518
517 518
518 519 520
519 520
520 521
521 782
524
527 528 529
528
529
532 533
533
539 541
541 542 543
542 543
543 723
546 548
548 550
550 552
552 554
554
557 558
558
565 567
567 569
568 569
569 571
571 573
573
578 579 580
579 580 741
580
586 587 588
587 588
588
597 598
598 599
599 601
601 603
603 784
605 607
607 608 609
608 609
609
613 615
615 616
616 618
618 787
622 624
624
625
632
638
642 644
644
652 654
654
655 656
656 658
658 659
659
666 667
667
672 673
673 675
675
681 683
683 685
685 686
686
692 693 694
693 694
694
698 699 700
699 700
700 702
702
708
709 711
711 712
712
715
723 725
724
725 726
726 728
728 730
730 732
732 734
734 736
736
737
741 743
743 744 745
744 745
745 798
749 750
750 752
752 753
753 755
755 757
757
760
766 768
768 861
773
776 778
778 780
780 781 782
781 782
782 784
784
787 912
792
798
800
803
807
810 811 812
811 812
812 814
814 815
815
818
821 822
822
825
826
828
832 833
833
840 841
841 843
843 844
844
852 854
854
857
859 861
861
867
873
879 880
880
884 886
886 887 888
887 888 889
888 889
889 891
891 892 893
892 893 894
893 894 895
894
895
900 901 902
901 902
902
906 908
908 909
909
912 914
913 914
914
917
920 922
922
924 925 926
925 926
926 928
928
933 935
935
943
949 950
950
953
957 958
958 960
960 962
962 963
963 965
965 967
967
970 972
972 973 974
973
974
977 979
979
982 983 984
983 984
984 986
986 987
987
991
992
995 996 997
996 997 998
997 998 999
998 999
999
