#naive2.0.py
# GMT Fri Feb 14 14:28:09 2020
# 
1 2
2
5 6
6
11
18 526
21
25 26 27
26 27
27 288
33
36 38
38 40 115
39 40
40 42
42
47 48 205
48 50 922
50 52
52 53 54
53 54 55
54 55
55
59 61
61 528
62 64
64 375
66 68
68
71 72
72 74
74
77
80
83 85 998
85 163
89
92 93
93 269
98 99 100
99 100 101
100 101
101
106 108
108
114 115 855
115 117
117
120
124
127
132
141 143
143 144
144 406 381
147
150
156
158 159 160
159 160 567
160 162
162 163 164
163 991
164
167
170
173
179 181
181
188
192 194
194
198
203 204 205
204 205 567
205 284
210 211 212
211 212
212 214
214
217
220
222 223 224
223 224
224 226
226 227 971
227
230
235 856 602
236
239 241
241
243
246 596
249
252 254
254 255
255 257
257 259
259 260
260
268 269
269
272 273 274
273 274
274 276
276
279
284 286
286 287 288
287 288
288
292 294
294
298
301 302
302
305 306
306 308
308 310
310
313
319 321
321 322
322 324
324 325
325
331 333
333 335
335 337
337 338
338 340
340 341 342
341 342 343
342
343 537
346 347
347
352 354
354 355
355
363 364 365
364 365 366
365 366
366 368
368 370
370
373 374 375
374 375 376
375 376 377
376 377 378
377 379
378 379 380
379 380 381
380 381
381 383
383
387
390 391
391 835
393
396
399 400
400 402
402 403
403
406 407
407
413 414
414
419
426 427 428
427 428
428
432 433 434 454
433 434
434 436
436 437 438
437 438
438
443 444
444
449 450 740
450
454 455
455
461 462 463
462 463
463
466 468
468 470
470 471 472
471 472
472
474
475 477
477 479
479
482 484
483 484 485
484 485 486 746
485 486
486 488 877
488
489 517
492
498 499
499
504 910
506 507 508
507
508
515 517
517 518 838
518 520
520 521
521
522 524
524 526
526 527 528
527 528 529
528
529 531
531 533
533
536 537
537
540 541
541 543 553
543 544
544
547 548 549
548 549
549 551
551 552 553
552 553 554
553 554
554
557 558 856
558
561 788
567
568 570
570 571 572
571
572
577
580
583 602
586 588
588 590
590 591 592
591 592
592
595 596 597
596 597
597
599 600
600 602
602
604 606
606
609 610 611
610
611
619 620 621
620 621
621
625 626 627
626
627
630 632 981
631 632 633
632 633 634
633 634
634
644
647 648
648 650
650 994
652 654
654
655 656 657
656 657
657 659
659
662 664
664 665
665
675 676
676 678
678
681 683
683 684 863
684
687
689
693 695
695 889
696 698
698 700
700 701 702
701 702
702
706 708
708 710
710 711
711
715
718
725 727
727 729
729 731
731 732
732
739 740
740 742
742 744
744 745 746
745 746
746
749 750 751
750 751
751 753
753 755
755 756
756
768 770 861
770
774 776
776 777
777 779
779 780 781
780 781
781 783
783 978
786 787 788
787 788 789 912
788 789
789
792
800 801
801
805 807
807
812 813 814
813 814 815
814 815
815
819
823
826
828 830
830 831 832
831 832
832
835 836 837
836 837 838
837 838 839
838 839
839 841
841 843
843 844 845
844 845
845
849
855
856 858
858 860
860 861
861
863 864
864
865 867
867
870 871 872
871 872
872 873 874
873 874
874 876
876 877
877
880
883 884 885
884 885 886
885 886 891
886 887
887 889
889 890 891
890 891
891 893
893 894
894 896
896
901
904 905 906
905 906
906
909 910 911
910 911 912
911 912 913
912 914
913 914 915
914 915 916
915 916
916
919 920
920 922
922
929 930
930
939 941
941
943
948 950
950 952
952
956 958
958 959
959 961
961 962
962
965
968 970
970 971 972
971 972 973
972 973
973
978
981
984
991 993
993 994 995
994 995
995
998
