#naive2.0.py
# GMT Fri Feb 14 14:28:04 2020
# 
0
5 6 7
6 7 8
7 8
8
11 12 13
12 13
13 15 531
15
19 20 225
20 22
22 24 784
24 25 26
25 26
26 28
28 29
29
31
33 34
34 36
36
41 42 43
42 43
43
51 53
53
57
60 61 62
61 63 660
62 63
63
67 68 69
68 69
69
71
74 75 76
75 76
76
80 81
81 83
83 84 998
84 838
88
91 328
94 96
96
99 100 101
100 101
101 102 103
102 103 987
103
104 106
106
109 110
110 112
112 114
114 115 855
115
119 120 121
120 121
121 386
124 126
126 128
128
131
139 141
141
144 406 381
147 149
149 150 151
150 151 152
151 152
152 153 154
153 154 155
154 155 156
155 157 472
156 157
157 159
159 160
160 705
166 168
168 170
170 171 172
171 172
172 173 174
173 174
174
177 179
179 181
181
182 184
184 185
185
188
191 736
194
197 199
198 199 200
199 200
200
203 204 205 796
204 205
205 284
206 207 208
207 208 209
208 209 210
209 210 211
210 211
211
214 216
216 217 218
217 218 219
218 219
219
222 224
224 225 226
225 227
226 227 971 857
227
230 231
231 233
233 235 520
235 237 602
237
240 241 924
241 242
242 243
243 245
245
250
255 256
256 258 846
258 259 260
259 260 261
260 261 262
261 262
262 264
264 265
265 267
267 269
269 270 271
270 272
271 272
272
280 460
283 284
284 286
286
291 293
293 295
295 297 487 716
296 298 360
297 298
298 300
300
304 573
305 306
306
310 312
312 313 314
313 314
314
317
320 321
321
324 326
326 327 328
327 328
328
331 333
333 334
334
339
343 345
345
351
355 357
357 359
359 360
360 362
362 363
363
368 370
370 372
372 374 599
373 374
374
378 380
380 381
381
384 386
386 387 388
387 388 389
388 389
389 391
391 392 835
392 394
394 395 396
395 396 397
396 397 398
397
398 399
399
402 403
403
406
409 411
411 413
413
417 419
419 420 421
420 421
421 423
423
428 430
430 432
432 433 434
433 434
434 436
436 438
438 440
440
443 444
444
448 449
449 740
451 453 619
452 744 738
453 455
455 456
456 458
458 459 460
459 460
460
462 463
463
466
469 470
470 472
472
478
482
485 486 487
486 488 877
487 488
488
492 494
494 495
495
505 506
506
514
517 518 838
518 519 520
519 520
520
529 530 531
530 531
531
534 535 536
535 536
536
542 544
544 546
546 548
548
553
555 556 557
556
557
560 562
561 562
562 563
563
566 568
568 569
569
573 574 575
574 575 576
575 576
576 923
580 581 582
581 582 583
582 583 584
583 584 602
584 585 586
585 586 587
586 587 588
587 588 589
588 589
589
592
598 599 600
599 600 601 629
600 601 602
601 602 603
602 603
603 604 784
604
608
613 615
615 616
616
619 621
621
624 626
626
627 629
629 630
630
633 635
635 636
636
647
650 651 994
651 652 653
652 653
653
656 657 658
657 658
658
660 661 662
661 662
662
666 667
667
670 671
671
676
681 682
682
688
691
695 889
696 698
698
704 705
705 945
707 709 944
709 711
711 712
712 714
714 716
716
719 720 721
720 721
721
724 791
728 729
729
736 738
738
740 741 742
741 742 743
742 744
743 744 745
744 745
745
750
758
761 762
762
765 766
766 768
768 861
773 774 775
774 775 776
775 776 777
776 777
777
781
784
791 793
793
796
797
801 802 803
802 803
803 946
810 812
812 813
813
816 817
817
822
826 827
827 828
828
832
835 836
836 838
838
845
846
849 850
850
854 855
855 857
857 858
858 860
860 861
861
868
872
875 877
877 879
879 881
881 883
883 884 885
884 885 886
885 886
886 887 888
887 888 889
888 889
889
893
896
899
901 902
902 904
904 905 906
905 906
906 908
908 910
910 911 912
911 912 913
912
913
916
923 924
924 925
925 927
927 928
928
932 934
934 935 936
935 936
936 938
938 939
939
943 944 945
944 945 946
945 946 947
946 947 948
947 948
948 950
950 951 952
951 952 953
952 953 954
953 954 955
954 955
955 957
957 959
959 960 961
960 961 962
961 962
962 964
964 965
965 966 967
966 967
967
970 971 972
971 972
972
978
983 984
984
987 989
989
993 994
994
997 998
998
