#naive2.0.py
# GMT Fri Feb 14 14:28:10 2020
# 
4 6
6 7
7 9
9 10
10 12
12
16 950
17 18
18
22 24
24
28
31 32
32 33
33
37
40
45 46 47
46 47 48
47 48 49 205
48 49
49
52 54
54 55
55 57
57 59
59 61
61 63 660
62 63
63
69 70
70 71 72
71 72 73
72 73
73 75
75 77
77 78
78
82 83
83
88 89
89
92 93 94
93 95
94 95
95
98 100
100 101
101 102 103
102 103 987
103 105
105
110 111
111
114 115 116 855
115 116
116
118
124 126
126 127 447
127
130 132 241 397 826
132 133
133 135
135 137
137 138
138 139 347
139 141
141
144
145 812
148 149 150
149 150 151
150 151
151 344
154 156
156
158 159 160
159 160 285
160 162
162
172
175
180 181
181
184 186
186 187 188 747
187 188
188 190
190 192
192 193 194
193 194
194 196
196
199
204 205
205 559
207
210 211
211 213
213
223 224
224
228 230
230 231 232
231 232 233
232
233
238 240
240 241 924
241 242
242
247 248
248 250
250 251 252
251 252
252
255 257
257 259
259
264
272 273 274
273 274
274
278 280
280 344
283
285
290
293 294 295
294 295
295 487
298
301
307 308 309
308 309 798
309
314 316
316
322
327
331 332 333
332 333
333
338 339
339
342 344
344
347 349
348 349 350
349 350
350 352
352
355 356
356 358
358 359
359
362
365 366
366
372 599
373 375
375 376 377
376 377
377
384 386
386 388
388 389 390
389 390
390
394
397 756
399
402
408 410
410
413 415
415
419
424
428
438 439
439
443
447 449
449
451 453
452 454 738
453 454
454 852
457 458 459
458 459
459 461
461 463
463 464
464
468 470
470
475 476 477
476 477 478
477 478 479
478 479
479
483 484
484
487 488 489
488
489
501 503
503 505
504 505 910
505
509
512 513
513 515
515
518
521
522 524
524 525
525 527
527 529
529 530 531
530 531
531 533
533
534
537
538
542
546 547
547
552 553 554
553 554
554 555
555 894
559
562
565 566
566
569
572 574
574 576
576
579 580 741
580 581
581 583
583
586
593
598 599
599 601 629
601
604 606
606
609 610
610
613
617
620 622
622
627 628 629
628 819
629
631
634 635 636
635 636 637
636 637 638
637 638
638
642
648 649 650
649 650 651
650 651 994
651
654 660
655
658 659
659 660 661
660 661 662
661 662 663
662 663
663
670 671
671 673
673 674 675
674 675
675 676
676 678
678 679
679 783
684 685
685
689 690
690 692
692 694
694
699
702
709 711
711
715 806
719 721
721 722 723
722 723
723
726
738
741
745 747 798
747
750
754 756
756 757
757 759
759 761 975
761 762 841
762 763
763 765
765
769 770
770
773 775
775 776 777
776 777
777 779
779 780
780
783 978
789 791
791 792
792
795 797
797 798
798
800
803
804 806
806
807
812
815 816
816
819
823
826 827
827 829
829 830
830 832
832 834
834 836
836 837
837 839
839 841
841 842 843
842 843
843
847 848
848
852
855 857
857
860
862 863
863
865
869 870 871
870 871
871
875
878
884
889 891
891 893
893 894 895
894
895
901
907
910
915 916
916 918
918 920
920
924 925
925
931
934 936
936 938
938
945
950
953
957 958 959
958 959 960
959 960
960
964 965
965
968 969
969
971 973
973 975
975 976
976 977 978
977 978
978
981 982
982 984
984 985
985 987
987
990
994 995 996
995 996 997
996 997
997
