#naive2.0.py
# GMT Fri Feb 14 14:28:08 2020
# 
1 3
3 4 220
4 6
6 7
7 9
9 10 11
10 11
11
21 22
22 24
24 26
26 27
27 29
29
34 35
35 650
38
41 42
42
44 46
46
50 52
52
64 766
66 67 68
67 68
68
72 73
73
79
84 838
86 88
88
94 95
95 97 474 899
97 99
99 100
100
102 103
103
104
109
112 114 195
114
118 119 120
119 120 121
120 121 122
121 122
122 123 124
123
124
127 367
131 132
132 134
134 135
135 137
137
139 140
140 142
142
147
150 151
151
154 156
156 404
159 567
162 164
164 165 166
165 166 167
166 167
167
170 172
172 174
174 176
176
185 187
187 188
188 190
190
193 195
195
201 203
203
206 207
207 209
209 211
211 213
213 214 215
214 215
215 748
218 219 220
219 220 895
220
222 223
223 225
225
229 231
231 764
236
239 240
240
243 244 245
244 245 246 304
245 246 247
246 248 596
247 248
248
251
254
261 262
262 264
264
267 268 269
268 269 270
269 270
270
274 276
276 278
278
284
287
290
295 404
298 299 300
299 300
300 302
302 303 304
303 304 845
304
305
308 309 798
309 311
311 312 313
312 313
313 315
315 901
318 319 320 642
319 320
320 322
322 323 324
323 324 325
324 325 326
325 326
326
329 331
331 332
332 334
334 335
335 337
337 338
338
341
347
348
354 355
355
360 361 362
361 362
362 597
365 367
367 368
368
371 372 373
372 599
373
378 379
379 381
381 382 383
382 383 384
383 384
384
388 390
390
393 394 989
394
397 756
398
401 403 815
403 404 405
404 405
405
410 411 412
411 412
412 807
415 417
417 419
419 420
420
423 424
424 426
426 427
427
430
436 438
438 439
439 441
441 442 443 724
442 443 444
443 444 445 646
444 445
445
448
453 454
454 852 793
456 458 820
458 459
459
465 467
467
470 472
472 473
473 474 475
474
475 477
477 478 479
478 479
479 481
481 482
482 484
484 746
488 748
489
492 494
494 495
495 497
497 499
499 501
501 503
503 505
504 505 910
505 507
507 509 934
508 509 510
509 510
510
513 514 515
514 515
515
518
521 523 782
523 525
525 526
526
529
532 533 534
533 535 735
534 535
535 825
541 553
545 547
547 548
548 550
550
553
555 557
557 558
558
563 565
565 566 567
566 567
567 569
569 570
570 572
572
575 577
577
580
583 584 602
584 585 586
585 586 587
586 587 588
587 588 589
588 589
589 591
591 592
592 594
594 595 596
595 596 597
596 597
597
599 629
602
604 606
606 607 608
607 608 609
608 609 610
609 610
610
614
615
617 618 619
618
619
622 623 624
623 624 625 860
624 626
625 626
626 628
628 630
629 630
630 632
631 632 633
632 633
633
636 638
638 639
639
642
643 645 941
645 646 647 708
646 648
647 648
648 650
650 994
652
656
660 661 662
661 662
662
666
670 672
672 674
674
676
679
683 685 863
685
688 690
690 691 692
691 692 693
692 693
693
699 701
701 702
702
708
715 717 806
717 718
718 734
722 724
724
725 727
727 728 729
728 729 730
729 730 731
730 731
731
734 735 736
735 736
736
739 741
741 742 743
742 744
743 744 745
744 745 746
745 746 798
746 748
748
751 753
753
756 757
757
761 762 841
762 763 764
763 764
764
766 768
768 769
769 771
771 772
772
775 776 777
776 777 778
777 778
778
781 782
782
786 788
788 790
790
792 793 794
793 794
794
797 798
798
803
806
807
810 811 812
811 812
812 814
814 815 816
815 816
816
820
823 824 825
824 825
825 827
827 828 829
828 829 830
829 830
830 832
832 834
834 835
835 837
837 838
838
840 841
841 843
843 844 845
844 845
845
852 854
853 854
854
858 859 860
859 860
860
862 863
863
865 867
866 867
867 868
868
871
876 878
878 879 896
879 881
881
885 886
886
889
895 896
896
899 900
900 901 902
901 902
902 904
904
910
914
918
921 923
923
926 927
927
933 934
934
941
943 944
944
954 955
955
962
966
977
982 984
984 986
986
989
993 994 995
994 995 996
995 996 997
996 997 998
997 998
998
