#naive2.0.py
# GMT Fri Feb 14 14:28:06 2020
# 
2 3
3 5
5 6 7
6 7
7 9
9 11
11 12
12
15 16 17
16
17
21
24 25
25
31 58
34 36
36 37
37
40
43 44 45
44 45
45 47
47 49
49 51
51 52 53
52 53 54
53 54
54
58 60
60 61
61
67 69
69 70
70 71 72
71 72
72 74
74
80 81
81
86 87
87 89 503
89 90
90 197 585
95 96
96 98
98 99
99 101
101 102 103
102 103
103 105
105 106 107
106 107
107 448
110 111
111 113 367
113
119 121
121
123 817
124 126
126
129 130 298
130 131 132 397
131 132
132
135
139 140 141
140 141 392 973
141 143
143 144
144 381
147 148
148 150
150 152
152 154
154 155 156
155 472
156 404
160
164 166
166 167 168
167 168
168
174 175
175
181
184 186
186 747
192 193 194
193 194
194
197
198
201 202
202 204
204 567
206 207 208
207 208 209
208 209
209 211
211 212 213
212 213
213
217 218
218
225
226 971
230
234 235
235 237 602
237
248 249
249 251
251 252
252
255 256
256
259 260 261
260 261 262
261 262
262 264
264
267
270 272
272 274
274 275 276
275 276
276 277 278
277 278 279
278 279
279 281
281 283
283 284 446
284
287
291 292
292
295 297 487 404
296 298
297 298
298 300
300
303 304
304
306 307
307
312
318 319 320 642
319 320
320
323 324
324
332 333
333 335 445
335 336 337
336 337
337 339
339
342 344 560
343 344
344 346
346
349 351
351 353
353 354 355
354 355 356
355 356
356 358
358 359
359 361
361 363
363 364
364 366
366 367
367
375 377
377 379
379 381
381
384
388
392
393
397
404
407 409 854
408 409
409 411
411 412 413
412 413 807
413 414
414
417 419
419 421
421
428 430
430 432
432 433 434 454
433 434 509
434
438 440
440
444 445 446
445 446
446 448
448
451 453
453 454 455
454 455 852
455 457
457 458 459
458 459
459
462 992
465 467
467 468
468
471 472
472
476 477
477 479
479 480
480
483 484 485
484 485 746
485 487
487
490
493
497 498
498
502 503
503 505
505 506
506
509 510
510 511 512
511 512 513
512 513 514
513 514 515
514 515
515
521 523
522 523 524
523 524 525
524 525
525 527
527 529
529
532
535 536
536
540 541
541 543
543
547 548
548 550
550 551
551
555 557
557 559
559 561
560
561
566 567
567
570 572
572
579
582 584
584 585 586
585 586
586
592 594
594 595
595
599 629
602 603
603 784
605
611
614 616 831
615 616
616 617 618
617 618
618 620 787
620 621
621
624
625
628 819
629
632 633 634
633 634
634 636
636 637
637 639
639 641
641 642
642
648
651 653
653 655 790
655 656
656 658
658 659
659
663 665
665 667
667 668 669
668 669 670
669 671
670 671
671 673
673
679 681 783
680 681
681
688 690
690
694 695
695 697
697 951
700 701 702
701 702
702
707 709 944
709 711
711
720 721
721
724
725
729
734
737 739
739
743 744
744 746
746 748
747 749
748
749
757 758
758
762 764
764
766 767 768
767 768 769
768 769
769 771
771 772
772
776 777 778
777 778
778 780
780
783 784 785
784 785
785 787
787 912
790
792 794
794
797
801
805 807
807 809
809 810 811
810 811 812
811 812 813
812 813 814
813 814
814
817 818 819
818 819 820
819 820 821
820 821
821 822 823
822 823
823
828
831
835 837
837
842
847 849
849 851
851 852
852 854
854
858 859
859
862 864
864 975
867
872 873
873 875
875 876 877
876 877
877 879
879 880 881
880 881 882
881 882 883
882 883 884
883 884 885
884 885 886
885 886
886 887
887
890
893 895
895 896
896 898
898
902 903 904
903 904 905
904 905
905
908 909
909 911
911 912
912 914
914
917 918 919
918 920
919 920
920
927
932
936 938
938
942 944
944 945
945
948
951
957 958 959
958 959 960
959 960 961
960 961
961 963
963
966
970 971 972
971 972 973
972 973
973 975
975 976
976 977
977
981 982
982
988 990
990 991 992
991
992
999
