#naive2.0.py
# GMT Fri Feb 14 14:28:06 2020
# 
1
5
10
15 16 17
16 254
17 18 19
18
19 21
21
25
29
32 33
33 35
35 37
36 37
37 39
39 40 41 155
40 41 42
41 42
42
45
48
51
54 56
56
59 61
61 660
64 766 375
69
74
79 81
81
84 85
85
88 89
89 91
91 328
97 99
99 100
100
102
104
107 109 448
108 109
109 593
112
115 116
116 153
120 121
121 386
123
124 126
126 127 128
127 129 367
128 129
129
134 135
135
139 141
141 143
143 145
145 146
146 148
148 150
150 151 152
151 152 344
152 153 154
153 154 155
154 155 156
155 472
156
159 160 567 285
160 162
162
169
174 175
175
178 180
180
183 624 956
190 191 192
191 192
192
196 197 766
197 199
198 199 200
199 200 201
200 201
201
204 567
206
209 210
210 212
212 214
214 216
216
219
221 222 223
222 223
223 490
226 227 971 857
227 229
229 231
231 764
234 236
236 237 238
237 238
238 240
240
242 244
244
252 253 254
253 254
254
262 263
263 265
265 266 342
266 268
268 270
270 272
271 272
272
277 279
279 280
280 344
282
285 286 287
286 287
287 289
289
292 294
294 296
296 360
297
299 300
300
305 306
306 308
308 310
310 311
311 313
313 314 315
314 315
315 901
317
319 321
321 323
323 325
325 326 327
326 327 328
327 328
328 330
330 331
331 333
333 445
337 338
338 340
340 342
342 344
344 345
345
349 351
351 352
352
359 360
360
363
366 367
367 369
369 371
371 372 373
372 374 599
373 374 375
374 375
375
379 380
380 382
382 383
383 385
385 386
386
389 391
391 392 835
392
395 397
397
398
405 406
406
411 412
412 807
424
429 431
431 432
432 434 454
434 435
435 437
437 439
439
445 446
446 448
448 449 450
449 450
450 451
451
454 455 793
455
458 459
459 461
461 462
462 992
465 466
466
472
477 478 479
478 479
479 481
481
485 486
486 877
490 492
492 493 494
493 494
494
497 498
498 500
500 501 502
501 502 503
502 503
503 505
505 506 507
506 507
507 509
509 510
510 511 512
511 512
512
515
519 520
520
522 523 524
523 524 525
524 525
525
529 530
530 532
532
535 536 537 825
536 537
537
545
551 552
552
555 557 894
557 558 559
558 559
559 561
561
564 566 871
565 566 567
566 567 568
567 569
568 569 570
569 570 571
570 571 572
571 573
572 573
573 575
575 576
576 578 923
578 579 580
579 580 741
580
583 602
588 589
589
592 593 594
593 594
594
598 599
599
602
604
607
610 888
611
616
620
623 624 625 860
624
625
631 632 633
632 633 634
633 634 635
634 635
635
638 639
639
642
643 645
645
648
656 657
657 659
659 660 661
660 661 662
661 662 663
662 663
663
676 677
677 679
679 681 783
681
685 687
687
691
694 695
695 697
697 698 865 951
698
702 704
704 706
706 707
707
710 711 712 866
711 712 713
712 713
713
716
717
721
725 727
727 728 729
728 729
729
734
737 739
739 741
741
745 746
746
750 751 752
751 752 753
752 753 754
753 931
754
757
762 764
764 765
765 766 767
766 767 768
767 768 769
768 769 770
769 770
770
773 774 775
774 775
775 777
777
780 782
782 783 784
783 784 978
784
787 789 912
789 790
790
793 794
794 795
795 797
797
800 801
801 803
803 946
804 806
806
807
810
814 815 816
815 816
816
819 820
820
822 824
824 825 826
825
826
828
831 832
832
835
839 840
840 842
842 844
844 846
846
851 853
853
857
860
862
865
866
869 871
871 872
872
875 876 877
876 877 878
877 878 879
878 879 896
879 881
881 883
883
888
892 894
894 896
896 898
898 899
899
901 902
902
912
915 917
917 918
918
923
925
930 931
931
937
940
946
951 952 953
952 953
953
956
957
961 962 963
962 963
963
966 968
968 970
970 971 972
971 972 973
972 973 974
973 975
974 975
975
978
991
992 994
994
997 998
998
