#naive2.0.py
# GMT Fri Feb 14 14:28:06 2020
# 
1 2 3
2 3
3 5
5
9 11
11 12
12 14
14 15
15
22 24
24 25
25
29 30 364
30
33 35
35 37 650
37 39
39 41 155
41 42
42 491
44 45 46
45 46
46
50
51
54
61 528
62
65
67 68 69
68 69 70
69 70
70 71
71 73
73 74
74 76
76
79 81
81
85 87
87 88
88 90
90
92 93
93 269
97 99
99
102 103 987
103
106 108
108 109 110
109 110 111 593
110 111
111 113 367
113
117
121 122
122
125 127 868
126 127 128
127 367
128
131 133
133 134
134 136
136 137 845
137
140 141 142 392 713
141 142 143
142 143
143
152 154
154 155
155
158
164 166
166 167
167 169
169 517
175
178 179
179
182 183
183 185 956
185
188 189 190
189 190 191
190 191
191
194
200
203 205
205 559
209 211
211
214 216
216 217
217 219
219
221 222 223
222 223
223 490
227 228 229
228 229 571
229
232
236 238
238 239
239
242 244
244 304
247 249
249 250 251
250 251
251 253
253 255
255 256
256 258 846
258 260
260 261 262
261 262
262 264
264 265
265 267 342
267 268 269
268 269 270
269 270
270
273 274
274 276
276
282 290
287 288
288
290 291
291
294 296
296 298 360
298 299 300
299 300
300 302
302 303 304
303 304 845
304
305 306 307
306 307
307
311
317 318 985
318 319 320
319 320
320
325 327
327
331 332 333
332 333
333
341 342
342
347
351 352
352 354
354 355
355
358 359 360
359 360
360
364 969
367
372
376 377
377 379 382
379
382 384
384
387 389
389
392 394
393 394 989
394 396
396 398
398 399
399
407 409
409 410
410
414
419 421
421 422 423
422 423
423 424 425
424 425
425
430 431
431 886
435 437
437
441 442
442 444
444
449
452 454
454
456 457 458
457 458
458 460
460
462 463
463 465
465 466
466 468
468
474 476
476
479 480
480 482
482 949
483 485
485
490
491 493 964
493
496
500 501
501
505 506 507
506 507 508
507
508
512
516
517 838
519 520
520 521
521 782
522 524
524 525 526
525 526 527
526 527 528
527 528
528
533 535
534 535 536
535 536 825
536
539
542 544
544
547 548
548 550
550
554 555 556
555 556 894
556
559 561
561 788
565 566
566 568
568
571
575 577
577
582 583
583
587 588 589
588 589
589
593 594
594 595
595 597
597
603
605 607
607 609
609 610
610 612
612
616 618
618 620
620 622
622
625 626 627
626 628
627 628
628 630 819
630
631 633
633 634 635
634 635
635
639
647 649
649 650 651
650 651 994
651
654
658 659
659 661
661
667 668
668 670
670 672
672 673
673
678 679 680
679
680
684 685
685
689
693 694 695
694 695 696
695 697 889
696 697 698
697 698
698 699 700
699 700
700
705 945
707 709 944
709 710 711
710 711 712 866
711 712 713
712 713 714
713 714
714 715 716
715 716 717 806
716 718
717 718
718 720 734
720 721 722
721 722
722
727 729
729 730
730
733 734
734
739
742
746
750 751 752
751 752
752
756 757 758
757 758 759
758 759
759 975
762 763
763
767 768
768
773 775
775 777
777 778 779
778 779
779 781
781 782
782
786 788
788 789 790
789 790
790
798
799 800 801
800 801
801
805 806
806 808
808 810
810 811 812
811 812
812
815
817 818 819
818 819
819 821
821
824 825
825 827
827
830 832
832 834
834 835 836
835 836
836 838
838
840
845
846
848 849
849
855
856 858
858 859 860
859 860
860
864 866 975
866 867
867 868
868 870
870 871
871
873
876 877
877
881
886 887
887 889
889 890
890
892 894
894
900
905 907
907 908
908
913
916 917
917 919
919
922
924 926
926
929 931
931 933
933
940 941 942
941 942
942 944
944 945 946
945 946 947
946 947
947 949
949 950
950 952
952 954
954 955 956
955 956
956 958
958 959 960
959 960 961
960 961 962
961 962
962 964
964
966 967
967 969
969 970
970
975
983 984 985
984 985 986
985 986 987
986 987
987 989
989
990
994 995 996
995 996 997
996 997 998
997 998
998
