#naive2.0.py
# GMT Fri Feb 14 14:28:10 2020
# 
0 1
1 3
3 4 220
4 6
6
13 531
17 19
19 20 225
20
25 26 27
26 27
27 29 288
29 30
30 31
31 58
33 34 35
34 35
35
39 40
40 42
42 491
44
50
51 53
53 55
55 57
57 59 167
58 59
59 61
61 63
63
67
70 71 72
71 72
72
76
79
82 84
84
86 87 88
87 88 89
88 89 90
89 90 91
90 91 585
91
94 96
96
101 103
103 105 897
104 105 106
105 106 107
106 107
107 448
111 113 367
112 114
113 114 370
114 855
118 120
120 121
121 386
123
124 126
126 128 447
128
131 132
132 134
134
137 138
138
143 144 145
144 381
145 146 812
146 147 148
147 148
148
152 153
153
156
159 160 567
160 162
161 162
162 164
164
167 168 169
168 169
169
173
177 178 179
178 179
179 181
181 607
184 185 186
185 186
186 747
192 193 194
193 194
194 196
196 766
199 200
200
203 204 205 796
204 205 567
205 284 559
209 210
210 212
212 213 214
213 214
214
217
220 221
221 223
223 225 490
225
228 229 230 571
229 230
230 232
232 234
233 234
234
241 242
242 243 244
243 244 245
244 245
245 247
247
252
256 257
257
260 261 262
261 262
262 264
264 266
266 267
267 269
269
273 275
275
277 278
278
283 284 446
284
288
290 291
291
297
302
305
308 310
310 311
311
314 316
316 317
317 985
319 321
321
326
329 330 331
330 331 540
331 333
333
339 340
340
343 344 345
344 345
345
348 349
349 351
351
354 356
356 357 358
357 358
358 360
360
366 367 368
367 368
368 370
370 372
372
373 375
375 376 377
376 377
377 379 382
379 380 381
380 381 382
381 382
382 384
384 386
386
390 391 392
391 392 835
392 394
393 394 989
394
399
402 403
403 405
405
408 410
410 411
411 413
413
417 418 419
418 420 604
419 420 421
420 421 422
421 422
422
424
430 431 432
431 432
432 454
435 436 437
436 437
437 439
439
442 443
443
446 447 448
447 449
448 449 450
449 450
450 451
451 453 619
453 454
454
457 459
459 461
461 462 463
462 463
463 464
464 466
466 468
468 469
469
481 482 483
482
483 485
485
488 490 748
489 490 491
490
491 909
495 497
497 498
498
501
505 506
506
509
511 512 513
512 513 514
513 514
514
521
522
525
529 530 531
530 531
531
534
539 540
540
546
550 551 552
551 552
552
555 894
558 559
559
562 563
563 565
565 566 567
566 567 568
567
568 570
570 571 572
571 573
572 573
573
576 577 578
577 578
578 580
580
584 585
585 587
587 589
589 590
590 592
592
598
604 605
605 607
607 608
608 610
610 612
612 613
613
616
619 620
620
623
626 703
630
631
635
638 639
639 641
641 788
644
647
654
655 656 657
656 657
657 659
659 661
661 662 663
662 663
663
666 668
668
673 674 675
674 675
675 676
676
680
686
689
692 693 694
693 694
694 696
696 698
698 699
699 701
701 703
703
710
714 716
716
721 722
722 724
724 791
726 727
727
730 731
731
734 736
736
743 744
744
747
748
755 756
756
761 762
762
765 766 767
766 767
767
770 771
771 773
773 774
774 776
776 778
778 779
779 781
781
785 786 787
786 787 788
787 788 912
788
791 792
792
795 796
796
803 805 946
805 806 807
806 808
807 808
808 810
810 812
812 814
814 816
816
821
826
828 829 830
829 830
830
835 837
837
840 842
842 843 844
843 844 845
844 845
845 847
847
851
854 855
855
859 861
861 862
862 863 864
863 864
864
865 867
867 868
868
876
882 883 884
883 884 885
884 885
885 891
887
891 892
892 894
894
897 899
899
901 902
902
905 906
906
909
912
913 915
915 916 917
916 917
917 919
919
924 925 926
925 926
926 928
928 929 930
929 930
930
933 934 935
934 935 936
935 936
936 938
938
941
943 944 945
944 945 946
945 946 947
946 947
947
950
965 966
966
969 970
970 972
972 973
973
976 978
978
983 985
985 986 987
986 987 988
987 988 989
988 989
989
993 994 995
994 995
995 997
997 998
998
