#naive2.0.py
# GMT Fri Feb 14 14:28:03 2020
# 
0 1
1
4 6
6 8
8 9 10
9 10 11
10 11 12
11 12 13
12 13 14
13 15 531
14 15 107
15 16
16 254 950
18 733
19
23 24 25
24 25
25
28 29 30
29 30
30 31 32
31 32
32 33
33
36
39 40 41
40 41
41 43
43
46 48
48 49 50 922
49 50 51
50 52 171
51 52 53
52 53 516
53
56 57
57 167
69 416
72 74
74 75 76
75 76 77
76 77
77
80 81 82
81 82 83
82 83 84
83 84 85
84 85
85 87 163
87
90 91
91 328
95 96 474 899
96
99
103 897
106 107
107 448
112
113 370
116 117 153
117 119
119 120
120
124
127
133 135
135 136
136 845
139 141
141 142
142 144
144 406 381
145
147
150 152
152 153 154
153 154
154
159 567
161 162 163
162 163
163 991
166 167 168
167 168 169
168 169 170
169 170 517
170 171 172
171 172 789
172 173
173
177
180 182
182 183
183 185 956
185
188 189 190
189 190
190 192
192
196 766
200 201 202
201 202 203
202 203
203 205
205 284 559
207 208 209
208 209
209 211
211 212
212
216
220
224 226
226 227 971 857
227 229
229 230
230 232
232 951
238
241
244 246 304
246
247
251 253
253 254 255
254 255 256
255 256 257
256 257
257
260 262
262 264
264 266
266
269 270 271
270 272 686
271 272 273
272 273 274
273 274
274
277
280
284
288 289
289
294 295
295 297 487
297 996
299 301
301 303
303 304 845
304 573
307 308 309
308 309
309
313 314 315
314 315 316
315 316 901
316 318
318 319 642
319 321
321 323
323 324 325
324 325 326
325 326 327
326 327 328
327 328
328
333 334
334 336
336 338
338 340
340 341
341
345 346
346 348
348 349 350
349 350
350 352 687
352 354
354 355
355 357
357
360
366 368
368 369 370
369 370
370 372
372
375
379 381
381 382
382
385 387
387 389
389
392
393 395
395 397
397 756
398 399
399 401
401 815
405 406
406
410
416
419 420
420 422
422 423
423 424
424 426
426 428
428
432 433 454
433 509
437 439
439 440 441
440 441 442
441 442 724
442
447 449
448 449 450
449 450
450 452
452 454
454 793
456 457
457
461 462
462
472
474
475
479 481
481 482
482 484 949
484
487 488
488
492
496 498
498
501
504 505 910
505 506
506
509 510
510 511 512
511 512
512 514
514 515 516
515 516 517
516 918
517
520 521
521
522
525
530 531
531
538 539 540
539 540
540
543 544 545 723
544 545 546
545 546
546 548
548 550
550 552
552 554
554
559 561
561 788
564 566 948 871
565 566 567
566 567 568
567
568
571 573
572 573
573 575
575
582 583
583
588
591 592
592
595 597
597
600 601
601
610 612
611 612
612
619 620
620 622
622
627
632 633
633
637
640 642
642 644
644 645
645 647
647 648
648 650
650
653 790
656 658
658
662 663
663
667
673 675
675 677
677 678
678
684 685 686
685 686 687
686 687 688
687 688
688 689
689 691
691
697 698 951
698 699 700
699 700
700 702
702
706 707
707 944
712
715 806
719
723 725
724 791
725
732 733
733
737
747
750 751 752
751 752
752
756 757 758
757 758
758 760
760 762
762 763 764
763 764
764
766 767 768
767 768 769
768 769
769
772 774
774 775 776
775 776
776 778
778
781
786 787 788
787 788 789
788 789 790
789 790 791
790 791
791 793
793
795
803 805
804 805 806
805 806
806 808
808
811
815 816
816
825
828 829
829
832
835
841
845 847
847 848 849
848 849 850
849 850 851
850
851 853
853 854
854 856
856
857
860
864 866 975
866 867
867 868
868 870
870 871 872
871 872
872 874
874 875
875
884 885
885
887
892 893
893 895
895 897
897 898 899
898 899
899
901 903
903 905
905
909 910 911
910 911
911
917 918
918
922
924 926
926 928
928
932 933
933
936 937 938
937 938 939
938 939
939
942 944
944
947 948 949
948 949 950
949 950 951
950 951 952
951 952 953
952 953
953
956
959 960
960 962
962 963 964
963 964 965
964 965
965
969
971 972
972 974
974 975
975
978 980
980 981 982
981 982 983
982 983
983 985
985
988
991
996
