#naive2.0.py
# GMT Fri Feb 14 14:28:08 2020
# 
0 1 999
1 999
8 10
10 12
12 13
13
18 526 733
19 20 21 225
20 21 22
21 22
22 784
25 26
26
31 32
32 33
33 35
35 37 650
36 37
37
40
44
48 49 50
49 50
50 52
52 54 516
54 55 56
55 56 57
56 57
57 167
60
66
71 73
73
76 78
78 79
79
82 84
84 85
85 87 163
87 88 89
88 89 90
89 90
90 197
93 95
94 95 96
95 96 899
96
100 101 833
101
107
110 111
111
114 115
115 117
117 118
118 120
120
125 127 868
126 127 128
127 129
128 129
129
132
136 137 138 845
137 138
138 139
139 141
141 142 143
142 143 144
143 144 145
144 406 381
145 812
147
151
154 156
156 404
160
163 165
165 167
167
170
173
176 178
178 179
179 181
181 607
182
185 187
187 188 189
188 189
189 191
191 736
196 197
197
198
201 202 203
202 203
203 796
206
212
216
222 224
224 225
225
228 229
229
233 235
235 856 602
236
241 242
242 244
244 245 246 304
245 246
246 248
248 249 250
249 250
250 252
252 254
254 256
256 258
258 259
259 261
261 262 263
262 263 264
263 264
264 266
266 267 268
267 268
268
273 274
274 276
276
279 281
281 674
284 285 286
285 286
286 288
288
290
293 295
295 487 716 404
296 360
301 302
302 304
304
307 308 309
308 309 798
309 311
311 313
313
317
320 321
321 323
323
326
329 330 331
330 331 540
331 332
332
336
340 342
342
346 348
348 350
350 687
358 359 360
359 360 361
360 361
361
364 366
366
370
371
374 375
375 377
377 382
378
381 382
382
385 387
387
390 392
392 394
393 394 989
394 396
396 397 398
397 756
398 399 400
399 400
400
404
406
409
412
415
418 604
419
422 669
426 427 428
427 428 429
428 429
429
432 433
433
436
439
443 444 445
444 445 446
445 446
446
450 452
452
455
461 462 463
462 463
463
466 467
467
470 472
472
476
481 482
482 484 949
484 746
487 489
489 490 491 517
490
491 493 964
493
496 498
498 499
499 501
501
506 507 508
507
508 510
510 511
511 513
513 514
514 516
516 518 918
517 518
518 519
519
521 523
522 523 524
523 524
524 526
526 528
528
529
535 536 825
536
539 540
540
545 546 547
546 547
547
550 551
551
556
559
562 563 564
563 564
564 566 948 871
566 568
568
572 574
574 575
575
579 580 742
580 581 582
581 582
582
590 591
591
598 600
600 602
602 603
603 604 784
604
607
615
617
624 626
625 626 627
626 628 703
627 628
628 819
632 633
633 635
635
639 640
640 642
642
643 941
647 648
648 650
650 651 994
651 652
652
656 657 658
657 658 659
658 659
659 660 661
660 661
661 663
663 664
664 666
666 667
667 669
669
673 674
674
676 677
677 679
679 681 783
681 683
683 684 863
684 686
686 687
687
695 889
696 698
698 699
699 701
701 702 703
702 703 704
703 704
704
709 710
710 712 866
712 713 714
713 714
714 715 716
715 716 717 806
716 718
717 718
718 720
720
729
733
736
737
742
743 745
745 746 798
746 748
748 750
750 751
751 753
753 931
754 756
756
761 762
762 764
764
767 769
769 770
770
776 777 778
777 778
778
783 784 785
784 785
785
790 791
791
796
798
799 800 801
800 801
801
805 806
806
811 812
812
815 816
816
819
825
826
828 830
830 831
831 833
833
836 837
837 839
839 840
840
844 845
845 847
847 848 849
848 849
849
852
856 858
857 858
858 859
859 861
861
863 864
864 866 975
866
868 869 870
869 870 871
870 871
871
873
876 877
877 879
879
884 886
886
889
899 900
900 901
901 903
903 905
905 907
907
911 913
913 915
915
918
919 921
921 923
923 924
924 925
925
929 931
931
935
938 939 940
939 940 941
940 941
941
943 944
944 946
946 948
948 949
949
952
955 956 957
956
957 959
959
962 963 964
963 964
964
966 967
967
971
974 975
975
980
986
989
994 995 996
995 996 997
996 997 998
997 998 999
998 999
999
