#naive2.0.py
# GMT Fri Feb 14 14:28:07 2020
# 
0
4
8 10
10 12
12 13
13 15
15 17
17
20 21 22
21 22
22
25 26
26
30
34 36
36 37 38
37 38
38 40
40
43
47 48
48
51
54
58 60
60 61 62
61
62 64
64
65 809
69 70
70 71 72
71 72
72 74
74
81 82
82 84
84 85 838
85 87
87 88 89
88 89 90
89 90
90 585
92
98 99 556
99 101
101
105 106
106
112
116
119 120
120
123
124
127
128 130
130 132 850 397 826
132 133
133 135
135
138 139
139
144 406 381
145 812
147 149
149 150
150
156 404
159 160 567
160 162 705
161 162
162 164
164
167 168
168 170
170 171
171 789
173 175
175
180
183
186 747
190
196
198 199
199
202 204
204 567
206 207 208
207 208 209
208 209
209
223 225
225 227
227
231
234 236
236 237 238
237 238 239
238 239
239
242 243
243
248 249
249 251
251 252 253
252 253 254
253 254
254
257 259
259 260
260
266
269 270
270 686
277
280 281
281 282 674
282
286 287 288
287 288
288
291 293
293 294
294 296
296 360
300 302
302 303 304
303 304 845
304
309 310
310 312
312 313 314
313 314
314 316
316 317
317
319 321
321 322
322
325 327
327
330 331 540
331
334 335 336
335 336 337
336 337
337 339
339
342
349
352 353
353 355
355 356
356 358
358 360
360
363
370 372
371 372 373
372 599
373
378 379
379 381
381 383
383 384
384
389 391
391
395 397
397 756
399 400
400 402
402 403 404
403 404 405
404 405
405 406 407
406 407 408
407 409 854
408 409 410
409 410
410 412
412 413
413 414
414
417 418 419
418 604
419
422 423 669 614
423 425
425 426 427
426 427
427 429
429 430
430
434 436
436 437
437
443 646
448 449 450
449 450
450
453 454
454 793
457 459
459
462
466 467
467
470 472
472 473
473
476 478
478 479 480
479 480 481
480
481
484 485 486 746
485 486 487
486 488 877
487 488 489
488
489 517
492
496 497 498
497 498
498
501 502
502
505
508 509 510
509 510
510
514
517 838
519 520
520
522 523
523 525
525 527
527 529
529
536 537
537
540 541
541 553
545 546
546
549
553 554
554 555 556
555 556
556
559 561
561 562 788
562
567
568
571
575 577
577
580 581 582
581 582
582 584
584 585
585 587
587 588
588 590
590
596 597 598
597 598
598 599
599 601
601
604
610
614 831
618 620 787
620
623 625 860
625
628 630
630 981
631 633
633
638 640
640
644 646
646 648
648 650
650
652 653
653 655
655 657
657 658 659
658 659
659
662 664
664 665 666
665
666
669 671
670 671
671
674 675
675
679 783
682 683
683 685
685 686
686
693 695
695 697
697 865
701 703
703 704 705
704 705 706
705 706 945
706
709
713
716
719 720 721
720 721 722
721 722 723
722 723 724
723
724 791
726 727 728
727 728 729
728 729 730
729 730
730 732
732 734
734 735
735 737
737
741
746
747
752 753
753
756 757
757
763 765
765 767
767 769
769 771
771
774
777 779
779 780 781
780 781 782
781 782 783
782 783
783 978
787 788 789 912
788 789
789 791
791 792 793
792 793
793
795
798
799 801
801 802 803
802 803
803 805 946
805 806
806 808
808 809
809 811
811 812 813
812 813 814
813 814
814 816
816
820
823
826 827
827
830 831
831 833
833
836 838
838
841 842
842
845
849 850 851
850 865
851
854
860 861
861
865
868 870
870
875 877
877 878
878 880 896
880 882
882 884
884
891
895 896
896
901 902
902
912
913
918
923
925 926 927
926 927 928
927 928 929
928 929 930
929 930
930
938 940
940 941
941
945 946
946
949 950
950
957
962 964
964 965
965 966 967
966 967 968
967 968
968
975
978 980
979 980 981
980 981
981
987 989
989 991
991 993
993 995
995 997
997
