#naive2.0.py
# GMT Fri Feb 14 14:28:04 2020
# 
5
9 11
11 12 13
12 13 14
13 15 531
14 15
15 16
16 950
18 526 733
20 22
22
25 27
27 29 288
29 30 364
30 32
32 34
34
37 38
38 40
40 41
41 43
43 44 45
44 45 46
45 46
46 48
48 49 50
49 50 51
50
51
59 60 61
60 61 62
61 660
62
65
67 69
69 416
73
76 78
78 79
79 81
81 82
82 84
84 85
85 87 163
87 88 89
88 89 90
89 90
90 197
94
103
104 106
106
109
112 195
118
121
124
131 132
132
137 289
139 140
140 142 713
142 144
144
146 147
147
153 154
154 156
156 157
157 158
158
162 163
163 991
167
172 173 174 665
173 174
174
179 181
181 607
185 187
187 188
188
193 195
195 196 197
196 197 766
197
200 201 202
201 202 203
202 203
203
208 209
209
220
223 224 490
224 226
226 857
229 230 231
230 231 232
231 232 233
232 234 951
233 234 235 520
234 235
235 856
238 240
240 241
241 242
242
245 246
246 248 596
248 250
250
253 255
255
263
269 270 271
270 272
271 272
272
279 280 281
280 281
281 282 283
282 283
283 446
288 289
289
294 296
296 298
298 300
300
304
311
316
321 323
323 324 325
324 325
325
329
332 333 334
333 334 445
334
337 338 339
338 339
339
342
343 345 537
345 346
346 348
348 349
349 351
351 352
352
355 356
356 358
358
363 364
364 366 969
366 368
368
371 373
373 374
374
383 385
385
388 389 390
389 390
390
393 394 989
394 396
396
400 401
401 815
405
409 410 411
410 411 412
411 412
412
414 416
416
419 421
421
424 426
426 428
428
435 436
436
439 440 441
440 441 442
441 442 443 724
442 443
443 445
445 446
446
452 454
453 454 455
454 455
455 456
456 458
458
465
469 471
471
476 478
478
482
483 485
485 486
486 877
490
493
496 497
497 499
499 500
500
506 508
508 510
510 511
511 513
513 514
514 516
516
520 521
521
522
525 526 527
526 527
527
531 533
533 535 735
535 537
537
542
546 547 548
547 548
548
551
554 555 556
555 556 557
556 558
557 558 559 856
558 559
559 561
561 562 788
562 564
564 948 871
565 567
567 569
569 570 571
570 571
571
574 575
575 577
577 579
579 580 742 741
580 581 582
581 582
582
586
589
592 594
594 596
596 597
597
599 629
604
607 609
609 610 611
610
611 613
613 614
614 831
619 620
620
625 627
627 628 629
628
629
633 634
634 636
636 637 638
637 638 639
638 639 640
639 640
640 642
642
643 645
645 708
648 650
650 651 994
651 653
653 655 790
655 656
656
659 660
660 662
662
665 667
667 668 669
668 669 670
669
670
673
676 678
678 679
679
682
685
688 689
689 691
691 692
692
697 951
700 701 702
701 702 703
702 703
703 705
705 706 945
706 707 708
707
708 710
710 711
711 713
713
715
718
721 722 723
722 723 724
723
724 791
726 728
728 730
730 731
731 733
733 735
735
739 741
741 742
742
745
748 750
750
753 755
754 755
755 757
757 758 759
758 759 760
759 760 761
760 761 762
761 762 841
762 763
763 765
765 766
766
769 770
770 772
772 774
774
778 779
779 781
781
785
788 790
790 791
791 792
792 794
794 795
795 797
797
802 803
803 805
805
808 810
810 811 812
811 812 813
812 813
813 815
815
817
822 823
823
826
829 831
831 832
832
835
841 842
842
846 847
847 848
848
854 856
856
857
860
862 864
864
867 868 869
868 869 870
869 870 871
870 871
871
877 878
878 896
883
890 891
891 892 893
892 893
893 895
895 896
896 898
898
901 902 903
902 903 904
903 904
904
907
917 919
919 921
921
925
928 929
929
935 936 937
936 937 938
937 938 939
938 939 940
939 940
940
943 945
945 947
947 948
948 950
950 951 952
951 952
952
956
959 961
961 962
962 964
964 965
965 966 967
966 967
967 969
969 970
970
977 979
979 981
981 982 983
982 983 984
983 984 985
984 985 986
985 986
986 988
988 989
989 991
991
992 994
994 996
996 997 998
997 998
998
