#naive2.0.py
# GMT Fri Feb 14 14:28:06 2020
# 
1 2 3
2 3 4
3 4 5 220
4 5
5 7
7
11
16 254
17
24 25 26
25 26
26
32
37 38 39
38 40 115
39 40 41
40 41
41
50 171
54
62 63
63
68
71 72
72
80 82
82 83 84
83 84 85
84 85 838
85
91 92
92 94
94 95 96
95 96 474
96 98
98 99 100 556
99 100 101
100 101 833
101 102
102
105 107
107 109 448
109 110 111
110 111
111
115 116
116 153
118 119
119
123 125
125
128 130
130 132 241 397
132
136 845
140 142
142 143 144
143 144
144 406 381
146 147
147 149
149
153 154
154
157 159
159 285
161 162
162
166 168
168 170
170 171 172
171 172
172 173 665
173
176 178
178
182 183 184
183 184 185 624 956
184 185 186
185 186
186 747
190 191
191 193 736
193
200 201 202
201 202 203
202 203 204
203 204 796
204
206
210 212
212 214
214 215
215 217 748
217
220 221
221 222
222
225
226
230 232
232 234
233 234 235
234 235 236
235 237 856
236 237
237
240 241
241
248
253 254
254
259
265 342
268 269
269 271
271
276 278
278 279
279
282 283 284 290
283 284 446
284 285 286
285 286 287
286 287
287 289
289 290 291 615
290 291
291 292 293
292 293
293
297 298 996
298
301 302 303
302 303 304
303 304 845
304
308 309 310
309 310
310
313 315
315 901
317 985
319 320
320
325 327
327 329
329 330 331
330 331 540
331 332 333
332 333
333
338 339
339 341
341 342 343
342 344 560
343 344 345
344 345 346
345 346
346 348
348 349
349 351
351 353
353
361 363
363 364
364
369 370
370
374 376
376
379 381
381 383
383
386 388
388
391 835
397 756
400 401 402
401 402 815
402 404
404
406 408
408 410
410 411
411 413
413 415
415 417
417 418 419
418 604
419 421
421
425
428 430
430 432
432 454
438
441 442 443
442 443
443 646
446 447 448
447 449
448 449 450
449 450
450
453 454 455
454 455
455
458 459 460
459 460 461
460 461
461 463
463 465
465 466
466
470
473 474
474 476
476 478
478
481
484 746
488 748
489 491 517
491 493
492 493
493
496 497 498
497 498 499
498 499
499 501
501
509 510
510 511 512
511 512 513
512 513
513
517 518 838
518
521 523 782
523 524
524
531 532
532 534
534
539 540
540 542
542
545 546 547
546 547 548
547 548
548
551 552 553
552 553 554
553 554
554 555 556
555 556 557
556 558
557 558 856
558 560
560
563
569
572
577
586
589 590
590 592
592
597
603 604
604
609
613 614 615
614 616
615 616
616
619 620 621
620 621
621
624 626
625 626
626 703
629 630
630 632
631 632 633
632 633
633 635
635 637
637 638
638 640
640 642
642
643 645
645 646 708
646
653
659 660
660
665
666 668
668 670
670 671
671
676
681 682
682
687
690 691
691
694 696
696 697
697
699
703 704 705
704 705 706
705 706
706 708
708 710
710 866
714 715
715 806
718 734
725
728
731 732 733
732 733 734
733 734
734 736
736
737 739
739 741
741 742 743
742
743 745
745 746 747
746 748
747
748
753
754 756
756 758
758 760
760 761
761 841
766 767 768
767 768
768
771 772
772
776 777
777 779
779 781
781 782
782
794 795 796
795 796 797
796 823
797 799
799 800
800
806 808
808 810
810 811
811 813
813 815
815
818
821 823
823 825
825
833 834 835
834 835
835
838 839
839 841
841 842 843
842 843
843 845
845 847
847 848 849
848 849
849 851
851
856 858
858
864 866
866
874 876
876 877
877
880 881 882
881 882 883
882 883 884
883 884 885
884 885
885 891
889 890 891
890 891
891 892 893
892 893
893 895
895 896
896
901 903
903 905
905 907
907
910 912
912 914
914 915 916
915 916
916 918
918 920
919 920 921
920 921
921 923
923
925
929
932 934
934 935
935 937
937 939
939
942 943 944
943 944
944
955 956
956
960 961 962
961 962 963
962 963
963
967
976 977
977
985 986
986
989 991
990 991
991
995 996
996
