#naive2.0.py
# GMT Fri Feb 14 14:28:07 2020
# 
0 1 999 2
1 2 999
2
5 7
7
10
13 15
14 15 107
15
20 22
22 23 24
23 24
24 26
26 27 28
27 28
28
34 35 36
35 37
36 37
37 39
39 40 41
40 41
41
45 47
47
50 52
52 54 516
54 55
55
61 660 528
62
67 68 69
68 69
69
71 72 73
72 73
73
76 78
78 80
80 82
82 83
83
86 88
88 90
90 91
91 93 328
93 95
95 97 474
97 98 99
98 99 556
99
102 987
105 106 107
106 107
107 448
111
116 117
117 118 119
118 119 120
119 120
120
123 817
126 127
127 129
129 130
130 131 132
131 132
132 134
134 136
136 138 845
138 139
139
142 143
143 145
145
149
152 154
154
158
161 163
163 165
165 167
167 168 169
168 169
169
172 173 665
173
176 177
177 179
179 181
181 607
183 185 624
185 187
187 188
188 190
190 191
191 193 736
193 195
195 196
196 766
198 199
199
206
209 211
211 212 213
212 213
213
220
224 226
226 971
228 229 571
229
232 234
234 235
235 602
239 240
240 924
243 244 245
244 245 246 304
245 246 247
246 248
247 248
248 250
250
254 255 256
255 256 257
256 257
257
261 262
262 264
264 266
266
276
279 280
280 344
282 283 284 290
283 284
284 286
286 287
287
290 291
291
299 300
300 302
302 303 304
303 304 845
304 573
306 308
308 309 798
309 311
311 313
313 314 315
314 315 316
315 316
316 317
317
320 322
322 324
324 325
325
328 330
330 331
331 332
332 334
334 335
335 337
337 339
339
344 345
345
348 349 350
349 350 351
350 351 687
351
356 357 358
357 358 359
358 359 360
359 360
360
366
369 370 371
370 372
371 372 373
372
373
378 379 380
379 380
380
384
392 394
393 394 989
394 396
396
399 401
401 402 403 815
402 403 404
403 404
404
406 407
407
410 411 412
411 412
412
419 420
420 422
422
424
427 429
429
432 454
437 438 439
438 439
439 441
441 724
448
452 454 738
454 852
457 459
459 461
461 462
462 992
464 466
466 468
468 469 470
469 470 471
470 471 472
471 472
472
474
477 478 479
478 479 480
479 480 481
480
481
484
487
493 494
494 496
496 498
498 500
500 501
501 503
503
511 512 513
512 513
513 515
515 516
516
521
522
525
528
532
538 539
539
543
547 548 549
548 549
549
552 553 554
553 554
554 556
556 558
558
561 562
562 563 564
563 564 565
564 948 654
565 567
567 569
568 569 570
569 570 571
570 571
571 573
573
578 579
579 741
582
586 587 588
587 588
588
591
601 602
602
604 606
606 607
607
612 613
613 615
615 616
616 618
618
622 624
624
625 627
627 628 629
628
629
632 634
634 636
636
641 642
642
645 646 708
646
649
653 654 790
654 660
656
659 660
660 662
662
665 667
666 667 668
667 668
668
671 673
673 674 675
674 675
675 676
676 678
678 679
679 681 783
681
684 686
686 687
687
691 693
693
700 701
701 703
703 704
704 706
706 708
708
711
716
724 791
725 726
726
730 732
732 734
734 736
736 738
738
740 741
741 743
743 745
745 747 798
747 749
749 751
751
754
757
760 761 762
761 762 841
762 764
764
766 768
768
771 773
773 775
775 776 777
776 777 778
777 778
778
781 783
783 785 978
785 786
786
790 791
791
794
798
799 801
801
804 805
805
811 813
813 814 815
814 815 816
815 816
816 817
817
823 825
825 827
827 828 829
828 829 830
829 830 831
830 831 832
831 832
832
835 836
836 838
838 839
839 841
841 842
842
845 847
847 848
848
851 852
852
858 859
859
863
866
868 869 870
869 870
870 872
872 873 874
873 874 875
874 875
875
878
883 884
884
887 889
889 891
891
902 904
904
907
910
913
917 919
919 920
920 922
922 923
923 924
924 925 926
925 926 927
926 927
927 929
929 930
930
937 939
939
942 943
943 945
945 946
946 948
948 950
950
953
959
962 963 964
963 964 965
964 965
965
968 969 970
969 970
970 971
971 973
973
977 978 979
978
979
983 984
984
987 988 989
988 989
989
992 993
993
996
999
