#naive2.0.py
# GMT Fri Feb 14 14:28:10 2020
# 
2 3
3
11 12
12
16 950
21
24 25
25 27
27 28 29
28 29
29
31
34
41
44
50
54
57
67 68 69
68 69 70
69 70
70 71
71
78 79
79
82 83
83
86
92 93
93 95
95 96 97 474 899
96 97 98
97 98 99
98 99
99
102 103 987
103 897
106 107
107 109
109 111
111
114 116 855
116
119 120 121
120 121 122
121 122 386
122 124
124
127
130 241 826
133 134
134 136
136 137
137 289
139
142 143 144
143 144 145
144 406 381
145 812
148 150
150
155 157
156 157
157
161 163
163 165 991
164 165
165
169
176 178
178 180
180 181 182
181 215
182 183 184
183 184 624
184
187 188
188
191 736
194
198
204 205
205 284
206 208
208 209
209
212 213
213 215
215 217
217 219
219
224
232 234 951
233 234
234
240 241
241 242
242 243
243 245
245
250
255
258 259 260
259 260
260
263
266 890
270
271 273
273
276 278
278 279 280
279 280
280 344 460
282 284
284 285
285
289 291 615
291 292
292 294
294
299 300 301
300 301
301 303
303
306
310 311 312
311 312
312
316 317
317 985
320
323 325
325 326
326 328
328
332
335 336 337
336 337
337
341
344 346
346
350
353
357
361
365 366
366 368
368
371 372
372 374
374 375
375 377
377
381 383
383 384
384 386
386
390 391
391 835
395 396
396
399 400
400 402
402 403
403 405
405 406 407
406 407
407 409
409 410
410 412
412
414 415
415
418 420 604
420 421 422
421 422
422 669
426
430
434 436
436 438
438
443 445 646
445 446
446
449 450
450 452
452 454
453 454
454 793
456 820
460 461
461 462 463
462 463 992
463 464 465
464 465
465
469 471
471 473
473 474 475
474 476
475 476
476
481 482 483
482 484
483 484
484
487
491 909 964
494
498
501 502
502
504 910
506 507
507 509 934
509 510
510
513 515
515 516
516
521 782
525 526 527
526 527 528
527 528
528
532
535 536 537
536 537
537
540 541 542
541 542 553
542
545 546
546
549 551
551 552 553
552 553 554
553 554
554 555
555
561
569 570 571
570 571
571 573
573 574 575
574 575
575
578 579
579 742 741
581 582
582
587 588
588
591 592
592
595
600
604 606
606 608
608 609
609
612
615
617 618 619
618
619 621
621 623
623 624 860
624 626
626 703
627
634
638 640
640 642
642 644
643 644 645
644 645 646
645 646
646
649
652
656
659 660
660 662
662 663
663
666 668
668 669
669 671
671
674
676 677
677 679
679 783
682 683 684
683 684
684
689 690
690 692
692 693 694
693 694
694
699 701
701 702 703
702 703 704
703 704
704
707 709
709 711
711 712 713
712 713
713
716
717
720
723 725
725
728 729 730
729 730 731
730 731
731
735 736
736
741 742
742
747
754 756
756 757
757
761
765
768 769 861
769
772
776 778
778
782 783
783
786
790 791
791 792 793
792 793 794
793 794
794 795
795
805 806
806
809 810
810 812
812 814
814 815
815
817 818
818 820
820 821
821 823
823 824
824 826
826 827
827
830 831 832
831 832
832
835 836 837
836 837
837
846
848 849
849
853 855
855 857
857
860 861
861
865
866
868
874 875
875
880 882
882
885
890
892
896
897 899
899
901 902
902 904
904
908 909 910
909 910
910 912
912 914
914 916
916
920 921
921
927 928
928
932 933 934
933 934 935
934 935
935 937
937 939
939 940
940
945 946
946
950 951
951 953
953 955
955 957
957 958
958
961
964
966 968
968 970
970 972
972
975
977
980 981 982
981 982
982
985 987
987 989
989 991
990 991 992
991
992
