#naive2.0.py
# GMT Fri Feb 14 14:28:07 2020
# 
0 1
1 3
3 4 5
4 5
5
8
13 15 531
15 16
16
18 526 733
23 24
24
27 28 658
28
32
35 650
36
39
42
45
48 922
53 54 55
54 55
55 57
57 59
59
63
67 69
69 416
71 72
72
75
79 81
81 83
83 85 998
85 163
89
94 96
96 98
98 99 556
99 101
101
107
110
115 116 117
116 117 153
117 119
119 121
121 122 386
122 124
124
128 129 130
129 130
130 850 397
135 136
136 138 845
138 139 140
139 140
140 392 973
147 148
148 150
150 151 152
151 152
152 153
153
157 159
159
162 163 164
163 165
164 165
165
169
172 174
174 175
175
178 180
180
183 184 956
184 186
186
189 190 191
190 191 192
191 192 193 736
192 193 194
193 194
194 196
196 766
198 199
199
202 203
203
207 209
209 211
211 212
212
216 217
217
225
226
235 856 602
247 248
248 250
250
255 256 257
256 257 258 846
257 258
258
261
265 266 342
266 890
270 272
272 273
273 275
275 276 962
276 277 278
277 278 279
278 279
279 281
281 283 674
283 284 446
284 286
286 287
287 289
289 290 615
290
293
296
297 996
300 302
302 304
304
305 307
307 309
309 310 311
310 311
311
318
321 322 323
322 323 324
323 324
324 326
326
330
332
338 339
339 341
341 342 343
342 560
343 345 537
345 346
346
349 350 351
350 351 352 687
351 352 353
352 353
353 355
355 356 357
356 357 358
357 358 359
358 359
359 361
361 362 363
362 363
363 365
365 366 367
366 367
367
370
371
374 375 376
375 376
376
381 382 383
382 383
383 385
385 386 387
386 387
387 389
389 391
391 392 835
392 394
393 394 395
394 395 396
395 396 397
396 397
397 756
399 400 401
400 401
401 815
404 405
405 407
407 409
408 409
409
412 413
413 414 415
414 415 416
415 416 417
416 417
417
430 431 432
431 432
432 433
433 435
435 436
436
442 443 444
443 444
444 446
446
449
452 744 738
456 457 458
457 458
458
461 462
462
464 465
465
468 470
470
475
486
495
498 500
500
506 507 508
507 934
508
511 512 513
512 513 514
513 514
514
522 523 524
523 524 525
524 525 526
525 526
526 528
528 530
529 530 531
530 531
531 533
533 535 735
534 535
535 537 825
537
538
544
548
552 553 554
553 554
554 556
556 558
557 558 856
558 560
560
561
563 564 565
564 566 948 654
565 566
566
570 572
572
575 576
576 578
578 579 580
579 580 742 741
580 581
581
584 585
585
591 593
593
599 601 629
601 602
602
604 605 606
605 606 607
606 607
607
611 613
613 615
615
617 619
619 621
621 622 623
622 623
623 860
626 628 703
627 628 629
628 630
629 630
630
634
637 639
639 641
641
643 645
645 647 708
647 648 649
648 649 650
649 650
650
652 653 654
653 654 655
654
655 656
656 658
658 659
659 661
661
668 670
670 671
671
674 675
675 676 677
676 677
677
681 683
683 685 863
685 687
687 688
688 689
689 691
691 692 693
692 693
693 695
695 889
698 700
700 701
701 703
703 704 705
704 705
705
707
708
715
718 734
719 721
721 723
723 725
724
725 726
726 728
728 729
729 731
731 732 733
732 733 734
733 734 735
734 735 736
735 736
736 738
738 739
739 741
741 742
742 744
744
749 750 751
750 751 752
751 752
752
756
760 761 762
761 762 841
762 763
763 765
765 766
766
773 775
775 776
776 778
778
783
792 794
794
797
800
803 946
804
808
814 815 816
815 816
816
821 822 823
822 823
823 825
825 827
827 828
828
831 832
832 834
834 835 836
835 836 837
836 837
837 839
839 840 841
840 841
841
844 845 846
845 847
846 847
847 848
848 850
850 865
855
856 858
858 859 860
859 860
860
863
865
866
869
876
883 885
885
889 890
890
893 894
894
900 902
902
905 906 907
906 907
907
910
914 915
915
919 920 921
920 921 922
921 922
922
933 934
934
937 938 939
938 939 940
939 940
940
943
946 947 948
947 948
948
951 952
952 954
954 955 956
955 956
956
962
965 966
966
969 970
970
973
977
980 982
982 983 984
983 984 985
984 985
985 987
987
993
996 997 998
997 998
998
