#naive2.0.py
# GMT Fri Feb 14 14:28:09 2020
# 
3 5 220
5 6 7
6 7
7 9
9
15 16 17
16 254
17 19
19 225
22 23 24
23 24
24
28
31 32 58
32 33 34
33 34
34 36
36 37 38
37 38 39
38
39
42
45 47
47
51 52
52 516
57
58 60
60 61
61
64 375
65 66
66
69
71
74 75 76
75 76
76 78
78 79
79
83 998
86 88
88
91 92
92
98 99 100
99 100
100
107
108 110
110 112
112
113
118 119
119
122
125
126
130 241 397 826
135 136
136 845
143 144
144 406 381
152 154
154 156
156 404
159 567
161 162 163
162 163 164
163 991
164
168 169 170
169 170
170
174 176
176 178
178 179 180
179 180
180 182
182 183 184
183 184 185 624 956
184 185
185
188
194 196
196
198 199
199
203
207 208
208
213 214
214 216
216 218
218 220
220
222 223
223 225
225 227
226 227 971 857
227
234
239 241
241
244
250 251 252
251 252 253
252 253 254
253 254
254
259
263 264 265
264 265 266
265 266 267
266 267 268 890
267 268 269
268 269
269
272 274
274 276
276 277 278
277 278 279
278 279 280
279 280 281
280 281
281 282 283
282 283 284
283 284
284
287 289
289
292
298 300
300 302
302 303
303 845
305 306
306
311 312
312
316 317
317 985
319 320 321
320 321 322
321 322 323
322 323
323
327 329
329
332 333
333
337 339
339 340
340
345 347
347
354 356
356 357 358
357 358
358 360
360
363 364
364 969
368 369
369
375
378 379
379 381
381 383
383 384 385
384 385
385 387
387 388 389
388 389
389
392 394
394 395 396
395 396 397
396 397
397
402 403 404
403 404 405
404 405
405 406 407
406 407 408
407 409 854
408 409
409
413 415
415
419
425 426
426 428
428 429
429 431
431 886
434 436
436 437 438
437 438
438
442 443
443
449 450 740
450 452
452 454 744
453 454
454 793
458
461 462 463
462 463
463 464 465
464 465 466
465 466 467
466 467
467 469
469 470 471
470 471 472
471 472 473
472 473
473 475
475
478 479 480
479 480
480 482
482 484
484 746
487 489
489
493 494 495
494 495
495
498 499
499
503 505
504 505
505
508 510
510 511 512
511 512
512 514
514 516
516 518
518 519 520
519 520 829
520 521
521 782
522 524
524 525 526
525 526
526
533
534
538
542 544
544 545 546
545 546
546 548
548 550
550
553 554
554
560
561
563 564
564 566 948
566 567
567
575 576
576
579 741
584 586
586
589 590
590 592
592 593
593
596 598
598 599
599 601
601
604
607 608
608
619
622 624
624
631 632 633
632 633
633 635
635 637
637
640 641
641
643 645
645
648 649
649
653
657
664 665 666
665 667
666 667
667
672
677
682
686 687
687
695 889
696
700 702
702 704
704
707
710 711 712 866
711 712 713
712 713 714
713 714
714 715
715
720 721
721
724
725
729 730 731
730 731 732
731 732 733
732 733 734
733 734
734
739 740 741
740 741
741 743
743 744 745
744 745 746
745 746 747
746
747 749
749
753 931
754
758
764 765
765
772 773 774
773 774
774
778 779
779 781
781 782
782
786
793
797
801
808 810
810 811 812
811 812
812
815
817 818 819
818 819
819
822
825
826
829
835 837
837 838 839
838 839
839 840 841
840 841 842
841 842 843
842 843 844
843 844 845
844 845 846
845
846
849
854 856
856 858
857 858
858 859
859
862 864
864 866 975
866
869
872 873 874
873 874 875
874 875 876
875 876 877
876 877
877
880 882
882
886 888
888 889 890
889 890 891
890 891
891 892
892 894
894
903 905
905 906 907
906 907 908
907 908 909
908 909
909 911
911 912
912
915 917
917
920
925 927
927 929
929 931
931 933
933 934
934
937 938
938
942 943
943
947 948
948
951
956
960 962
962 964
964 965
965 967
967 968 969
968 969
969
971 973
973 975
974 975 976
975 976
976
982 983 984
983 984 985
984 985
985
989 991
990 991
991 993
993 994
994 996
996 997 998
997 998 999
998 999
999
