#naive2.0.py
# GMT Fri Feb 14 14:28:09 2020
# 
1 3 999
3 4 5
4 5
5 7
7
11 12 13
12 13 14
13
14 107
16 254 950
17 18
18 526
21 22
22 24 784
24 26
26 27 28
27 28 658
28
31 58
33 35
35 37 650
37
40 42
42
44 45
45 47
47 48 49 205
48 49 50
49 50
50 52
52 516
55
58
63 64
64
68 70
70 72
72 73
73 75
75 76
76
81 82 83
82 83 84
83 84
84
86 87 88
87 88 503
88
91 92 93
92 93
93 95 269
95 474 899
100
103
107 109
109 111
111
114
117
124 126
126 127 128
127
128
132 133
133 135
135
138 347
141
144 406 381
146
149
153
157 159
159 567
161 163
163 165
164 165
165 167
167 169
169 517
172 173
173
177 178 179
178 179 180
179 180 181
180 181
181 215 607
185 186 187
186 187
187
190 191 192
191 192
192
196
203 205 796
205 559
206 207
207 209
209 210
210
213 215
215 216
216 218
218 219
219 895
225
226 857
230 232
232 234 951
233 234
234
237 238
238
242 244
244
247 248 249
248 249
249
252 254
254 255
255
264 265 266
265 266 267 342
266 267
267 269
269 270 271
270 272 686
271 272 273
272 273
273
278 279 280
279 280 281
280 281 460
281 283
283
286 287
287
291 292
292
296 298
297 298 996
298
305
310 311 312
311 312 313
312 313 314
313 314
314
317 985
320 322
322 323 324
323 324 325
324 325
325 327
327
330 331
331 333
333 334 335 445
334 335
335
339 341
341 342 343
342
343 345
345 347
347
351 353
353
356 357
357
361
364
368
371 373
373
376 377 378
377 379
378 379 380
379 380 381
380 381
381 383
383 384 385
384 385 386
385 386
386
392
395
400 402
402 403
403
406
410 411
411
415 417
417 419
419
422 614
424
427
430 431 432
431 432
432
436
444 445
445
452
455
460
465
469
473 474
474
479 480
480
483
487 488
488 490
490 492
492
496 497 498
497 498
498
501 503
503
504
507 934
508
512 514
514 515 516
515 516 517
516 518 918
517 518
518 519
519 829
524 526
526
529
532 802
538 539
539 541
541 542
542 544
544
552
555 556
556 558
558 559
559
563 564
564 566 948
566 567 568
567
568 570
570 571 572
571
572
575
578 579
579 742
581 582 583
582 583
583 602
586
589
594 595 596
595 596
596
601 602
602
604 606
606 607
607 609
609
612 613 614
613 614
614 616 831
616 617
617
622
626
627
632 633 634
633 634
634
638 639
639
643 645 941
645 646 647 708
646 648
647 648 649
648 649 650
649 650 651
650 651
651
658
664
667
670
673
676 677
677
681
684 685 686
685 686
686
699 700
700 702
702
706 707 708
707 944
708 710
710 711 712 866
711 712
712
717 719
719
722 723 724
723
724
728
732
735
740 742
742
745 746 798
746
749 751
751 753
753
754 756
756
760 761
761
765
768 769 861
769 771
771 772 773
772 773
773
776 777 778
777 778 779
778 779
779 781
781
784 785
785 786
786 788
788
792 793 794
793 794
794 796
796
798
799 800 801
800 801 802
801 802
802
811 813
813
818 819 820
819 820 821
820 821
821
826
829 831
831
834
837
842
846
848 849
849
857
859 861
861
866
869
874 876
876
879
887
891 892
892
895 896
896 898
898 899
899
905 906
906
909
913 914 915
914 915
915 917
917 918
918
921 923
923 924
924
927 928 929
928 929
929
933 934 935
934 935
935 937
937
940 941
941
943 944 945
944 945
945
948 949 950
949 950 951
950 951
951 953
953 955
955 956
956 958
958
963
970
973 975
974 975
975
977 979
979 980 981
980 981
981
985 986 987
986 987 988
987 988
988
992 993
993 995
995 996
996
999
