#naive2.0.py
# GMT Fri Feb 14 14:28:05 2020
# 
1 999
4 6
6 7 8
7 8
8
11 12
12 14
14 107
16
21 22 23
22 23 24
23 24
24
29
32 33 34
33 34
34
37 39
39 155
43 44
44 46
46 48
48
51 52 53
52 53 54
53 54
54 56
56 57
57 59
59 60 61
60 61
61 660 528
64 766 375
66 67 68
67 68 69
68 69
69 416
71 72 73
72 73
73 75
75 76
76 78
78 79
79 81
81 82 83
82 83
83 85
85 87 163
87
90 197 585
93 95 269
95 474 899
100 101
101
107 109 448
109 110 593
110 112
112 195
115
119 120
120 122
122 124
124
131 133
133 135
135 137
137
139
142 144
144 406
145 146
146 148
148 149 150
149 150
150 152
152
155 157 472
157 158
158 160
160
163 165 991
165
169
171
175 176 177
176 177
177 179
179 180
180 182
182 183 184
183 184 185 624
184 185
185 187
187 188
188
192
195 197
197
203
206
209 210 211
210 211
211 213
213 214 215
214 215 216
215 216 748
216
219 220
220
222 223 224
223 224 490
224 226
226 227 857
227 228 229
228 229
229
232 951
233 235
235 237 856
237
241
246 248
248
251 253
253 255
255
258 260
260 262
262
265 267
267 268 269
268 269 270
269 270
270 272
272
276 278
278 279 280
279 280
280 344
283 284
284 286
286 288
288
291
294 296
296 298
297 298
298 299 300
299 300 301
300 301
301
307
310 311 312
311 312
312
316 318
318 320 642
320 321
321
324
328
333 334
334 336
336 337
337 339
339 341
341
344 345 346
345 346
346 348
348 350
350 351 352 687
351 352
352 354
354 355 356
355 356
356
359 361
361
366 368
368 369 370
369 370 371
370
371
375
386 387
387
391 835
395 396 397
396 397 398
397
398 400
400 401
401
404
406
410 411
411 413
413
416
421 422 423
422 423 614
423
426 428
428
431
433
436
442 443 444
443 444 646
444
447
448
452 454 744
454 455 852 793
455 457
457
463
466 468
468 470
470 472
472 473
473 474 475
474
475
478
481 483
483 484 485
484 485
485
489 490
490 492
492
496 498
498 500
500 501 502
501 502
502 740
505
511 512
512
515
518 519
519
521 782
525
528
529 531
531 532 533
532 533 534 802
533 535
534 535
535
540 541
541 553
544
547 548 549
548 549 550
549 550 551
550 551 552
551 552 553
552 553
553
556
561 562 788
562 563
563
566 567
567
572
575 576
576
583
585 587
587 588
588
591 593
593 594
594
597
599
604 606
606
610
614
617 618 619
618 620
619 620
620
624
625 627
627
631 632 633
632 633
633
637 638
638
641 642 788
642
643 645
645 646 708
646 648
648 649 650
649 650
650
653
660 661
661 663
663 665
665
666 668
668
671 672
672
678
681 682
682
687 688
688 689
689
692 693
693
701 703
703
706 708
708 710
709 710 711
710 711
711 713
713
715 717 806
717 719
719 720 721
720 721 722
721 722
722 724
724 791
729 730 731
730 731 732
731 732
732
740 741 742
741 742 743
742 744
743 744 745
744 745
745 747
747
748
752
757 758
758
762 763
763
766 767 768
767 768
768 770
770
773 774
774 776
776
779 781
781 782 783
782 783
783
788
791 793
793 794
794
799 800 801
800 801 802
801 802
802
805 806 807
806
807
810
813 814
814
817 818
818 820
820
822 824
824
827
832 834
834 835 836
835 836
836
839 840
840 842
842 843 844
843 844
844 846
846
850 865
852
853 855
855 857
856
857
859
864 975
865 867
867 868
868 870
870 872
872 873 874
873 874
874 876
876 877 878
877 878 879
878 879
879 881
881 882 883
882 883 884
883 884 885
884 885
885
892 893 894
893 894
894
897 899
899 900
900 901 902
901 902 903
902 903
903
907 908 909
908 909
909
914
917 919
919 920
920
926 928
928 929 930
929 930
930 932
932
935 936
936 938
938 939
939
942
945 946
946 948
948 949
949 951
951 952 953
952 953
953
957
960 961 962
961 962 963
962 963 964
963 964
964
968 970
970
974 975 976
975 976
976 977
977 979
979 981
981 982
982 984
984
987 989
989 991
990 991
991 993
993
999
