#naive2.0.py
# GMT Fri Feb 14 14:28:09 2020
# 
0 1
1
10 12
12 14
14
17 18 19
18 526 733
19
22 784
25 26 27
26 27
27 288
31 58
35 37
37 38
38 40
40 41 42
41 42 43
42 43 491
43 44 45
44 45 46
45 46
46
50 52 171
51 52
52 54
54
57 59
58 59
59
62 63 64
63 64
64 766 375
71 73
73 74
74
77 78 79
78 79 80
79 80 81
80 81 82
81 82 83
82 83
83 85 998
85
88 89
89 91
91 93
93 95 269
95 97 899
97
101 102
102
104 105 106
105 106
106 108
108
111
112 114
114
119 121
121 122
122
126 127 128 447
127
128
131 133
133 135
135 136
136 138
138
141 142 143
142 143 144
143 144 145
144
145 146
146 147 148
147 148 149
148 149
149 151
151
154
158
164 165 166
165 166
166
171 789
176
180
184
188 189
189
192 193
193
200
203 796
206 208
208 210
210
215 216 748
216 218
218
221 222
222 224
224 226
226 227
227
230 232
232
236 238
238 239 240
239 240
240 924
242
248
251 252
252 254
254 255
255
258
262 263
263
267 269
269 271
271 272 273
272 273 274
273 274
274
277 278
278 280
280 281 460
281 283
283
285
288 289
289 290 291 615
290 291
291
297 996
301
304
305 307
307
311 312
312 314
314 315
315
318 319
319 321
321 322
322 324
324
329
333
336 337
337 339
339 340
340
343 345 537
345 346
346
349 350 351
350 351
351 353
353
357 359
359 360
360
364 969
369
374 375 376
375 376
376 378
378
382 383
383
390 391
391
393 395
395 396
396
400 401
401
405 407
407 409 854
408 409 410
409 410
410
413 415
415 416 417
416 417
417
420
423 424
424
431
433
438 440
440
447
453 454 455
454 455 793
455 457
457 458 459
458 459 460
459 460 461
460 461
461
466 468
468 470
470 471
471 473
473
477 478
478
483
486
487
490
491
498 499
499 501
501 503
503
506
511
517 518
518
521 782
525 526 527
526 527
527 529
529
535 536 537 825
536 537
537 539
539 540 541
540 541
541
544
547 549
549 551
551
555 556
556 558
558 560
560
563
567
570
574 575
575
581
584 585
585
588
592 594
594
597
599 601 629
601
604 605 606
605 606
606 608
608
612 613
613 615
615 616
616 618
618
622 623
623 625 860
625 626
626
629 630
630 632
631 632
632
636
639 641
641 788
655 656
656
660
664 665 666
665 667
666 667
667 669
669
670 672
672 673
673
678 680
680
685 686
686
694
698 699
699
705 706 945
706
710
715 716 717
716 718
717 718
718 734
722 723
723
730 731
731 733
733 734
734 736
736
737 739
739 740
740 742
742 744
743 744
744
747 749
748 750
749 750
750
754
759 761 975
761 841
763 764
764
766 767 768
767 768
768 861
773 774 775
774 775 776
775 776
776
780 782
782 784
784 785
785 786
786 788
788 789 790
789 790
790
793
796
801
804
809 810
810
816 817
817 819
819
822 824
824 825
825
828 830
830 831
831
834
837
840 841
841
844 846
846 847
847 849
849 850 851
850
851 853
853 854
854
860 861
861
864 975
870 872
872 874
874
879 880
880
883 884 885
884 885
885 891
887 888 889
888 889
889 891
891 892 893
892 893
893 895
895
898 899
899
903 904 905
904 905 906
905 906 907
906 907
907
910 911
911 913
913 914 915
914 915 916
915 916
916 918
918
919 921
921 923
923 924
924
928
936 937 938
937 938 939
938 939 940
939 940 941
940 941 942
941 942
942 944
944 945
945 947
947
953 955
955 957
957 958 959
958 959
959
963
966 968
968 969
969
973 975
974 975
975
979 980
980
985 986
986 988
988
993 995
995 996
996 998
998
