#naive2.0.py
# GMT Fri Feb 14 14:28:07 2020
# 
0 1
1
6
9
12
15 16
16 254 950
21
24 25
25
28
37 39
39 40 41
40 41
41 43
43
47 205
52
58
62 63
63
68 69
69
72 73
73 75
75 76
76
82 84
84 85 838
85 163
88
93 269
94
98 99
99
106
111 113 367
112 195
113
117 118 119
118 119
119 121
121 122 386
122 124
124
127 367
128
132 133 134
133 134 135
134 135
135 137
137
140 141 142 392
141 142
142 144
144 406
145 812
147
150 151 152
151 152 344
152 153 154
153 154
154
157
160 162 705
161 162 163
162 163
163
166 167
167 169
169
171
173 174
174
177 179
179 181
181 215 607
183 184
184 186
186
191 193
193 194 195
194 195 196
195 196 197
196 197
197 199
198 199 200
199 200 201
200 201
201
205
208 210
210 211 212
211 212 213
212 213 214
213 214 215
214 215
215 217
217 218
218
221 222 223
222 223 224
223 224 225 490
224 225
225
230 231
231 764
234 235
235 237 602
237 238
238
244 245
245 247
247 248
248
253 254 255
254 255
255
259 261
261
266 268
268 269
269
273
276 277
277 279
279
288
291 292
292 294
294 295 296
295 404
296 298 360
298 300
300 301 302
301 302 303
302 303
303
305
308 309 310 798
309 310 311
310 311 312
311 312
312
315 316
316 318
318 319
319
322 324
324
328 330
330 331 540
331 333
333
336
341 343
343 344 537
344
348
356
360 361
361 363
363 364 365
364 365
365 367
367 369
369
372 374 599
374 375 376
375 376
376 378
378
382 383 384
383 384 385
384 385 386
385 386
386
389 390
390 392
392
393
396 397
397
399 400
400
404
406 407
407
410 411
411
415
419 420 421
420 421 422
421 422
422 669 614
426 427 428
427 428
428
431 886
435
440 441
441
444 446
446
449 740
451
454 793
457 458 459
458 459 460
459 460 461
460 461
461 463
463
467
470 471
471
474
479 481
481 483
483 484
484 486
486
490
496 497 498
497 498 499
498 499
499 501
501 502 503
502 503 740
503
506 507
507 934
512 514
514
519
522 524
524 526
526
532 534
534
537 539
539 540
540
549
560 562
562 563
563 565
565 566
566
574 575
575 577
577 578 579
578 579
579 742 741
581 582
582
586 587 588
587 588
588 590
590
594 595 596
595 596
596
599 600
600 602
602 603
603 604
604 606
606 607 608
607 608
608 610
610
613 614
614 831
620 621
621
625 626 627
626 628 703
627 628
628
632 633 634
633 634
634 636
636 637
637
648 649 650
649 650
650
652 653
653 790
656
662 664
664 665
665 667
667 669
669
670 672
672
675 676
676 678
678 679 680
679 783
680 682
682 683
683 685
685 686 687
686 687 688
687 688
688 689 690
689 690
690
693
696 698
698 699 700
699 700 701
700 701 702
701 702 703
702 703
703 705
705
709 710
710 866
717
723 725
725 726 727
726 727
727 729
729 730 731
730 731 732
731 732
732
735
738 739
739 740 741
740 741 742
741 742
742
745 798
750
755
760 762
762 763 764
763 764
764
771 773
773
776 777
777 779
779 781
781 782 783
782 783
783
787 912
790
792 793
793
795 796 797
796 823
797 798
798
803 805 946
805
808 809 810
809 810
810 812
812 813
813
816
820 821
821 823
823 824
824
828
831 832 833
832 833
833 835
835
838 839
839 840
840 842
842
846
850
861 862
862 864
864 866 975
866
874
880 882
882
886 887
887 889
889 891
891 892 893
892 893 894
893 894 895
894 896
895 896
896
900
903 905
905 906
906
910 911 912
911 912 913
912
913
919 921
921
924 925
925
930 932
932 933 934
933 934 935
934 935
935
938
941 942
942 944
944 946
946 947
947
950 951 952
951 952
952
959 960 961
960 961 962
961 962
962
967
970
975 976
976
980 981 982
981 982 983
982 983 984
983 984 985
984 985
985
992
996 997 998
997 998
998
