#naive2.0.py
# GMT Fri Feb 14 14:28:03 2020
# 
0
3 5
5 6
6 8
8 10
10
14 107
18 733
20 22
22 24 784
24 26
26 27 28
27 28 29 658
28 29
29 364
31
34
38 40
40 41 42
41 42
42
45 46
46
49
54 55 56
55 56 57
56 57
57 167
60 61 62
61 63 660
62 63
63 65
65
68 70
70 72
72 73
73
76 78
78 80
80 81 82
81 82 83
82 83
83 85
85 86 87
86 87 88
87 88 503
88
94 95 96
95 96 97 474
96 97
97
102 103 987
103
106 107
107 109
109 110
110 112
112 195
116 153
120 121
121 386
123 125
124 125 126
125 868
126 128 447
128 129 130
129 130
130 131
131 133
133 134 135
134 135 136
135 136 137
136 137 138 845
137 138 289
138
141 142
142
147 148 149
148 149 150
149 150 151
150 151 152
151 152 344
152 153
153 155
155 157
157
160 705
164 165 166
165 166 167
166 167
167
170 171 172
171 172 789
172 173 174
173 174 175
174 175
175 177
177
181 607
182
186 747
189 190
190
193 195
195 196
196
199 201
201 203
203 796
212 214
214
217 219
219
223 224
224
229 231
231 232
232 951
236 238
238 239
239
242 243
243
246
250
255 256
256
259 260
260 262
262
266 890
269 270 271
270 272
271 272
272
275 276
276
279 281
281 674
287 289
289 290 615
290
292 293
293 295
295 487 716
296
300 301
301 303
303 845
305 306 307
306 307 308
307 308
308 310
310 311 312
311 312
312 314
314 315
315 901
317 318 985
318 320
320 322
322 323
323 325
325 326
326
330 540
334 336
336 337 338
337 338 339
338 339
339 341
341
344 345 346
345 346
346
349 350
350 352 687
352 354
354
357 358 359
358 359
359 361
361 362
362 364 597
364 366
366 368
368 370
370
371 373
373
376
386 388
388 389
389
394 396
396
402
411 412 413
412 413
413
417
422 614
424
427 429
429
432 434
434 435 436
435 436
436 438
438 440
440 441
441
445
447
452
456 457 458 820
457 458
458
465
468 470
470
474
479
482 484 949
483 484
484 486
486
487 489
489 517
492
500 502
502 503 740
503
506 507
507
510
513
516
517 838
519 520 829
520
522 523
523 525
525
529 531
531
534
540
544
548 550
550
554 555 556
555 556 557 894
556
557 559 856
559
563 564
564 654
568 570
570 572
572 574
574 575 576
575 576
576
579 580 742
580 581 582
581 582 583
582 583
583 602
585 586
586 588
588 590
590
595 597
597
600 601 602
601 602 603
602 603
603 604 784
604
607 608 609
608 609
609 611
611 612
612 614
614 831
615
618 620
620 621
621 623
623 624 625
624 626
625 626
626 628
628 630
629 630
630
634
639 640
640
643 941
646 648
648 650
650 651
651 653
653 654 790
654 660
657 658
658
660 662
662 663
663
670 672
672 673 674
673 674
674
678
682 683
683 863
687
689 691
691
695 697 889
696 697 698
697 698 865 951
698 699
699 701
701 702
702 704
704 705 706
705 706
706
716
721 722 723
722 723
723 725
725 726 727
726 727
727 729
729
732 733
733 735
735 736 737
736
737 739
739 740
740 742
742
747
748 750
750 751
751
754 755
755 757
757 758
758
767 769
769
772 773 774
773 774
774 776
776
783 784
784
786
789 790
790
796
799
802 803
803 805 946
804 805
805
808
812
820
825 827
827 829
829 830 831
830 831 832
831 832 833
832 833 834
833 834 835
834 835
835
838
840
843 845
845
848 849
849
856 858
857 858
858 859
859
862 863
863
865
868
875 876
876
879
884 886
886 887 888
887 888 889
888 889 890
889 890
890
894 896
896 898
898
901 903
903 904 905
904 905 906
905 906
906 908
908 909
909
915
920 922
922
925
930 932
932
938 940
940 941
941
943
946
949 951
951 952
952 954
954 955 956
955 956
956
959
964 965
965
968
975
979 980
980
984 985 986
985 986 987
986 987 988
987 988
988
991 993
993 995
995 996 997
996 997
997
