#naive2.0.py
# GMT Fri Feb 14 14:28:04 2020
# 
0 999
5 6
6
9 11
11 13
13 531
16 254 950
18 733
19 21
21 22 23
22 23
23
26 27
27 288 658
31 58
33
36 37 38
37 38 39
38
39 155
42 491
44 45 46
45 46 47
46 47
47
50 52
51 52 53
52 53 54 516
53 54
54
57
58 60
60 61 62
61 63 660
62 63 64
63 64
64 766
68 69 70
69 70
70 71
71
74 75 76
75 76 77
76 77
77
81 82 83
82 83 84
83 84 85 998
84 85 838
85 86 163
86 88
88
93 269
94
97 98
98 100
100 833
104
108 109
109
112 114
114 116 855
116 117 153
117 119
119 121
121 386
123 817
127
128
134 135
135
138 139
139 141
141 142
142 144
144 406 381
146 147
147 149
149
153 154 155
154 155
155 472
159 567 285
161 163
163
168
172 173 174 665
173 174
174
189 190 191
190 191
191 193
193 194
194 196
196 197 766
197 199
198 199
199 201
201 202
202
206
210 212
212 213 214
213 214
214 216
216
219
222 223
223
227 228 229
228 229 230
229 230 231
230 231
231 764
239 241
241
249 251
251 252
252 254
254 256
256 258
258 259
259
262 263
263
269 270 271
270
271
274
280 460
285
288
292
295 297 487 404
296
297 996
300 302
302 303
303
305 307
307 308 309
308 309 798
309 311
311 312
312
316 317
317
324
327 329
329
334
337 339
339 340
340 342
342 560
345
348 350
350 351 687
351
354
357 359
359 361
361 363
363 364 365
364 365 366
365 366
366 368
368
371
374
377
378
381
386 387 388
387 388
388
391 835
394 395
395
398 399
399 401
401 402 403
402 403 404
403 404
404
406 407
407 409
409
412 413
413 414
414
418 420
419 420
420
423
426 427
427 429
429
432 433
433
444 445
445
449 740
451 619
460 461
461 462
462 992
465 467
467 468
468
472 473
473 474 475
474 476
475 476 477
476 477
477 479
479 481
481
485 487
487 489
489 491 517
491 493 964
493 495
495 496
496 498
498 499
499 501
501 502
502 740
505
510 511
511 513
513 514 515
514 515 516
515 516 517
516 918
517 838
522 523 524
523 524
524
529 530 531
530 531
531 533
533 735
536
545 547
547 549
549 550
550 552
552 553 554
553 554
554
560 562
562 563
563
567
572 573
573
582
585 587
587 588
588 590
590 592
592 594
594 595 596
595 596
596 598
598
606 608
608 609
609
612 613 614
613 614 615
614 616
615 616
616
619
625 626
626 703
632 634
634
637 638 639
638 639
639
643 644
644
647 648
648 650
650
653 654 655
654 660
655 657
657 658
658
660 661 662
661 662 663
662 663 664
663 664 665
664 665
665 667
667 668 669
668 669
669
674 675
675
678 679 680
679
680
685 687
687
689 690 691
690 691
691
695 697
697 698 865
698
703 704
704
707 944
708 710
710 711
711 713
713 714
714 715
715
720 721 722
721 722 723
722 723
723
727
731 733
733 734 735
734 735
735 737
737
740 742
742 744
744 745
745 747 798
747 749
748 750
749 750 751
750 751
751
759 761 975
761 762 841
762 764
764 765
765 766
766 768
768 769
769 771
771 773
773 774
774
779 781
781
785 787
787
791 792
792
795 797
797 798 799
798
799
802
809 810 811
810 811
811 813
813 814
814
817 819
819
822
825 827
827
830
833 834 835
834 835 836
835 836 837
836 837 838
837 838 839
838 839
839 840 841
840 841
841
847
850 865
851 853
853 855
855 857
857
860
862 863
863
865
875
880 881
881
885 891
890 891
891 893
893 894
894 896
896
901 902
902 904
904
910
914 915 916
915 916 917
916 917 918
917 918 919
918
919 921
921 923
923
925 926
926 928
928 929 930
929 930 931
930 931
931
934 936
936 938
938
943 944 945
944 945
945
950
954
957 958
958 960
960 961
961 963
963 964
964
968
971 972 973
972 973 974
973 975
974 975
975
979 980 981
980 981 982
981 982
982
987
990 992
992 993
993 995
995 996
996 998
998 999
999
