#naive2.0.py
# GMT Fri Feb 14 14:28:05 2020
# 
1
4 5
5
13 15
15
18
19 21 225
21 23
23 25
25 26
26 28
28 29
29 364
32
35 650
36 38
38
39 155
47 48 205
48
51 52 53
52 53 54
53 54
54
59
62 64
64 375
65
68
71
74
78
81 82 83
82 83 84
83 84
84
88 90
90 91
91 92 93
92 93 94
93 269
94 96
96
100
103 105
104 105 106
105 106
106 108
108 109 110
109 110 111
110 111 112
111 113 367
112
113
119
122 124
124 125 126
125 127 868
126 127
127 129 367
129 130 298
130 131 132 397 826
131 132
132
135
138 139 347
139 141
141 142
142
147 149
149 150 151
150 151 152
151 152 344
152 153 154
153 154 155
154 155 156
155 157
156 157 404
157 159
159 160 567
160 162 705
162
167 169
169 517
171
173 174 175
174 175 176
175 176 177
176 177 178
177 178 179
178 179 180
179 180 181
180 181 182
181 215
182
186 747
190
204 205 567
205
206
214 215 216
215 216 748
216 218
218
221 222
222
225
230 231 232
231 232 233
232 234
233 234
234
238 239 240
239 240
240 924
242 243
243
248 249
249 251
251 252 253
252 253 254
253 254
254
259 260
260
263 264 265
264 265 266
265 266 342
266 268
268 269
269
272 273 274
273 274
274
277
280 344
283
286 288
288
292 294
294 295
295 716 404
298 299
299
303 304
304
307 308 309
308 309
309 311
311 312
312 314
314 316
316
320
323 325
325 326
326
334
337
340 342
342 344 560
344 346
346 347 348
347
348 350
350 351 352
351 352
352
355 356 357
356 357
357
360 361 362
361 362 363
362 363 364 597
363 364 365
364 365
365 367
367 368 369
368 369
369 371
371
375 376
376 378
378 380
380
387 389
389
396 397
397 756
399 400 401
400 401 402
401 402
402 404
404 405
405
409 411
411 412
412
414
417 419
419
422 423 614
423 425
425 426 427
426 427
427 429
429
432 454
438
441 442
442 444
444
454
457
463 465
465 466 467
466 467 468
467 468
468
474 476
475 476 477
476 477 478
477 478
478
481 482 483
482
483
488 748
489 517
494 495 496
495 496
496
499
503 505
505 506 507
506 507
507 934
514
517
519
524
529
532 534
534
541 542 543
542 543 544
543 544
544
550 551 552
551 552
552 554
554 556
556 558
558 560
560 562
562 563
563 565
565 567
567
568
574 575
575
582 583 584
583 584 602
584
587 588 589
588 589
589
595 597
597
599 600 629
600 602
602
604 605
605
608
611
614 616
615 616
616
619 620 621
620 621 622
621 622
622 624
624 626
626
627 629
629 630
630
634 635
635
639 640 641
640 641 642
641 642
642 644
643 644
644
647 649
649 650 651
650 651 994
651 652 653
652 653
653 790
658
661 663
663
666
670 671
671 673
673 674 675
674 675
675 677
677 679
679 783
680
686
690 691
691 693
693
696 697
697
700 702
702 704
704 705 706
705 706 945
706
710 711 712
711 712 713
712 713 714
713 714
714 716
716 718
718 734
722
726
729 730 731
730 731
731
734
737 738 739
738 739
739 741
741 742 743
742 744
743 744 745
744 745
745 747
747
748
751 752
752 754
754 755 756
755 756 757
756 757 758
757 758 759
758 759
759 761
761 841
763
767 769
769 770 771
770 771
771
775 776
776
783 784
784
786 787
787
790
792 794
794
799 800
800
806
813
816 817
817 819
819 821
821 822
822 824
824 826
826 827
827 828
828 830
830 832
832 834
834 836
836 837
837
840 841
841
848
851 853
853
856
863 864
864
867 868
868
871 872
872 873 874
873 874 875
874 875 876
875 876 877
876 877 878
877 878 879
878 879 880 896
879 880 881
880 881 882
881 882
882
889
893 894
894 896
896
900 901
901
905
913 914 915
914 915 916
915 916 917
916 917
917 919
919
924 925
925 927
927 928
928 930
930
933 934 935
934 935
935
938 939 940
939 940
940
943 944 945
944 945
945 947
947
950 952
952
956 958
958 960
960 961
961
972 973 974
973
974
979 980
980
983
986 987
987 989
989
990 992
992 994
994 995 996
995 996
996
