#naive2.0.py
# GMT Fri Feb 14 14:28:07 2020
# 
2 3 4
3 4 220
4 6
6
9 10
10 12
12
19 20 225
20
26
29
38 115
43 45
45 46
46
49 50
50 52 171
52 53 516
53 55
55
59
64 375
65
67 68
68
71 73
73 75
75 77
77 79
79 80 81
80 81
81 83
83
86 88
88 90
90 91
91 92 328
92
95 96 474
96 98
98 556
101
105
110 111
111
114 115
115 117
117
120 121
121 386
123 817
129
132 133 134
133 134
134 136
136 845
143
146
154 155 156
155 157 472
156 157 404
157 159
159 567
161 162
162
165
168
171 172
172
175 176
176 178
178 179 180
179 180
180
183 184 624
184 186
186
190
195
199 200
200
203 205
205
206 207 208
207 208
208
211 212
212
218 219 220
219 220 895
220 221
221 222
222 224
224 225 226
225 227
226 227 857
227 229
229
232 234
233 234
234
238
241 242
242 243
243
249
256
259
264 265
265
269
272 274
274 275 276
275 276
276
279 281
281 283
283
286
293
300
305 306 307
306 307 308
307 308 309
308 309 798
309
312 313 314
313 314 315
314 315 316
315 316 901
316 317 318
317 318
318 320
320 321
321
324 325
325
328
329
336 338
338 340
340
345 346 347
346 347
347
351 352 353
352 353
353
359
363 365
365
368 370
370 372
371 372
372 599
375 377
377 382
378
382 384
384 386
386
391 835
393 394 395
394 395
395 397
397 756
399 401
401 403 815
403 404 405
404 405
405
408
412
415
418 420
420 421 422
421 422
422 669 614
426 427 428
427 428
428
432 434
434 436
436
441 443 724
443 444
444
447 449
448 449
449
451 619
452 744
456 457
457 459
459 461
461 462 463
462 463 992
463
466 467
467
472
474
477 478
478 480
480
481 483
483 484 485
484 485
485
488 490 748
490
496 497
497
501
504 505 910
505 506 507
506 507
507 509 934
509
512 513 514
513 514 515
514 515 516
515 516
516 518 918
518 519
519
521 782
524
528
529 531
531
535 537 825
537
541 543 553
543 723
546 547 548
547 548
548 550
550
553
556 558
558
562 563
563
566 567
567 569
569
572 574
574 575
575 577
577 578
578 580
580 581
581 583
583 584 602
584
587 588 589
588 589 590
589 590
590 592
592 593 594
593 594
594
599 600 601
600 601 602
601 602 603
602 603
603
605 606 607
606 607
607 609
609 610
610 612 888
612 614
614 616
615 616
616 617
617 619
619
624 626
626 628
627 628
628 630
630 981
634 635 636
635 636 637
636 637 638
637 638
638
643 645
645 647 708
647
650 994
652 653
653
656
661 662 663
662 663
663
669
672 673
673 675
675 676
676
680 682
682
686 687
687
692 694
694 695
695 889
700
704 705
705 945
707
708
713
717
720 721
721 723
723 725
724
725 727
727 728
728 730
730 731 732
731 732
732
735 736
736
741 742
742 744
744 745
745 798
748
749
753 931
754 756
756
759 760 761 975
760 761
761 841
763 765
765 767
767
770 772
772
778 779
779 781
781 782
782
785 786 787
786 787
787 912
793 794
794
797 798
798
800 802
802 803
803 805
804 805
805
810 812
812 813
813 815
815 816
816 817 818
817 818
818
822 823
823 825
825
826
830
833 834 835
834 835
835 837
837
841 843
843 844 845
844 845
845
851 852 853
852
853
857
859 861
861 862
862
867 868
868 870
870 871
871
876 878
878 880 896
880
884
888 889
889
892
895 896
896 898
898 900
900 901
901 903
903
906 908
908 909 910
909 910 911
910 911 912
911 912 913
912 914
913 914 915
914 915
915 917
917 918
918
921 922
922
925 926 927
926 927
927 929
929 931
931 932 933
932 933 934
933 934
934
938
945 947
947 948
948
954 955
955
960
963 964
964
966 968
968 970
970
975
981
984 986
986 987
987
990 991 992
991 993
992 993 994
993 994 995
994 995 996
995 996
996
