#naive2.0.py
# GMT Fri Feb 14 14:28:04 2020
# 
0 1 999
1 999
5
9 11
11
14
16 950
17
20 21
21
24
28 29
29 364
33 34 35
34 35 36
35
36 38
38 40
39 40 155
40
43 44 45
44 45
45
48 49
49
54 56
56 57 58
57 59
58 59
59
62 63
63 65
65 66 809
66 68
68 70
70 72
72 73
73 75
75 77
77 78 79
78 79 80
79 80 81
80 81 82
81 82
82
86
91 93
93 95
95
99 100 101
100 101 833
101 102
102 987
104
108
111
112
119
126 128
128 129 130
129 130 298
130 132 850 241 397
132
137 289
140 973
144
145 146 812
146
150 151
151
153 155
155 157
157 158 159
158 159
159 567 285
161
164 165
165
189
194
198 199 200
199 200
200
204 567
206
211 212 213
212 213 214
213 214
214
217
221 223
223 224
224
227 228 229
228 229 230
229 230 231
230 231 232
231 232 764
232 951
236
240 241
241
249 250 251
250 251
251
257 258 259
258 259 260
259 260
260
264 266
266 268 890
268 270
270
271
274
277
280
285
288 289
289 290 291 615
290 291
291 292
292
295 297 487 716 404
297 298 996
298 300
300
304 573
305 307
307 308 309
308 309 798
309 311
311 312 313
312 313 314
313 314
314 316
316 318
318
321 323
323 324
324 326
326
331 332 333
332 333
333 335 445
335 336 337
336 337 338
337 338
338
343 345
345 346
346 348
348 349 350
349 350 351
350 351
351
354 356
356 358
358 359 360
359 360
360
363 364 365
364 365
365
369 370 371
370 372
371 372
372
375 377
377
378 380
380
390 391
391 835
393 395
395 397
397
399 401
401 402
402 404
404
407
408
411
414 415
415 417
417 418
418 420 604
420 421
421
424 425
425 427
427 429
429
437
441 442
442
445 446
446
450 451
451 619
454 455 852
455 457
457 458
458
466 467
467
470
475 476 477
476 477 478
477 478 479
478 479
479
484 486 746
486 488 877
487 488
488 748
491 909
492
495 496
496 498
498 499 500
499 500
500 502
502 503
503
504
506 507
507 509 934
509
513 515
515
519 520 829
520
523 524
524
527 528
528
531 532
532 534 802
534 535 536
535 536 825
536
539 540
540
544 546
546
550
559 561
561 788
563 565
565 566 567
566 567 568
567 569
568 569 570
569 570
570 572
572 573
573
578
585
589 591
591
594
600 601
601
604
610 612 888
612 614
614 616
615 616
616 617
617 619
619 620
620
623 625 860
625
629
631 632 633
632 633
633 635
635
640
646 648
647 648
648
652
655 657
657
660 661 662
661 662
662
667
670
673 675
675 676 677
676 677
677 679
679
680
683 863
689 691
691 692
692 694
694 696
696
699
704
708
709
712 714
714 716
716 718
717 718
718
721 722
722
725 726 727
726 727 728
727 728 729
728 729 730
729 730 731
730 731 732
731 732 733
732 733
733 735
735
742 744
744 746
746 748
747
748 750
750
757
760 762
762 764
764
766 767
767 769
769 770
770 772
772 773
773 775
775 777
777 778
778
781 782
782
785 787
787 788 789 912
788 789 790
789 790
790
794 795
795 797
797 798
798
802
804
809
812 813
813
818 819 820
819 820
820
823 825
825 827
827 829
829
833 835
835 837
837 839
839 841
841
844 845
845 847
847 848 849
848 849 850
849 850 851
850
851 852 853
852
853
858 860
860 861
861 862
862 863 864
863 864
864 866
866
868 869 870
869 870 871
870 871 872
871 872
872 873 874
873 874 875
874 875 876
875 876 877
876 877
877
885 886 891
886 887 888
887 888 889
888 889 890
889 890 891
890 891
891
896 898
898
902 904
904
909 911
911 912
912 914
914 916
916 918
918
921 923
923
925 926 927
926 927 928
927 928
928 930
930 932
932 933 934
933 934
934
938 939
939 941
941 942
942 943 944
943 944 945
944 945
945
949 950 951
950 951 952
951 952 953
952 953 954
953 954 955
954 955 956
955 956
956
959
966 967
967
973
974 976
976 977 978
977 978 979
978 980
979 980 981
980 981 982
981 982 983
982 983 984
983 984 985
984 985 986
985 986 987
986 987
987
990 991 992
991 993
992 993
993
996
999
