#naive2.0.py
# GMT Fri Feb 14 14:28:05 2020
# 
0 1
1 3
3 4
4 6
6
9 11
11 12 13
12 13
13 15 531
15 17
17 18
18 526 733
20
23 24 25
24 25 26
25 26
26
30
34 35
35
39 40 41 155
40 41 42
41 42
42
44 45
45
50 52
52 53 54
53 54
54 56
56 58
58 60
60 61
61 63 528
63
66 68
68
71 72 73
72 73 74
73 74 75
74 75
75
78 79 80
79 80 81
80 81
81
84 838
86 87 88
87 88
88
91 328
96 97
97
102 103
103
104
107
110 112
112
113 370
116
118
122 123 124
123
124 126
126 447
131 133
133 135
135
138 140 347
140 142
142 144
144 381
147 148 149
148 149 150
149 150 151
150 151
151 344
154 155 156
155 157
156 157 404
157 159
159 160 567 285
160 162
162 163 164
163 991
164 166
166 167 168
167 168 169
168 169 170
169 170
170 172
172 665
175 176
176 178
178 180
180 182
182
186 187
187 189
189 190 191
190 191
191 736
194
197 199
198 199 200
199 200
200
204 205 567
205 284 559
207
214
222 224
224 226
226 227
227
231 232 233
232 951
233 520
240
243 244 245
244 245 246 304
245 246
246 248 596
248 250
250 252
252 254
254
257 258
258
261
266 268
268 269 270
269 270
270 686
276 278
278 280
280 344
283 284
284 285
285
290 291
291
294 295 296
295 404
296 360
299
303 304
304 573
305 307
307
311 312
312 314
314 315 316
315 316
316 317
317
319 320
320 322
322
325
328 330
330
332 333 334
333 334
334 336
336 337
337 339
339
342 344 560
343 344 537
344 346
346 347 348
347 349
348 349 350
349 350 351
350 351 352 687
351 352
352
355 356 357
356 357
357
360 361 362
361 362
362
366 367
367 369
369 370
370
374
381 382 383
382 383 384
383 384 385
384 385 386
385 386 387
386 387
387
391
393 394
394
398 399
399 401
401 402 403
402 403 404
403 404
404
408 409 410
409 410
410 412
412 413 807
413
416 418
418 604
422 423 614
423 424 425
424 425
425
431 432
432 433 434
433 434
434 436
436 438
438 440
440
447
452
455 456
456 458
458 459
459 461
461
464 465
465
468
471 473
473 475
475 477
477 478 479
478 479
479
483
486 877
493 495
495 496
496
499 500
500
506
511 512
512
515
518 519 520
519 520 829
520 521
521 523
522 523
523 525
525 526
526 528
528 530
529 530 531
530 531
531 533
533 735
537 539
538 539
539
542 544
544
547
552
555 557
557 558 559
558 559 560
559 561
560 562
561 562 788
562 563 564
563 564 565
564 566 948
565 566 567
566 567 568
567 569
568 569
569
573
577
583 602
588
593
596 598
598 600
600 601 602
601 602
602
604 605
605 607
607 608 609
608 609
609
613 614
614
622 623
623 860
627 628
628 630
630 981
631
635 637
637
644
649 651
651
658 659
659
664 665 666
665 667
666 667
667
671 672
672
675 676
676
679
682
685 686 687
686 687
687
689 691
691 693
693 694 695
694 695
695
698 700
700 701 702
701 702
702
706 707 708
707
708
711
714
717 718 719
718 720 734
719 720
720 722
722 723 724
723
724 791
726 727
727
730
733 734 735
734 735 736
735 736
736
741 742
742
751 752 753
752 753
753 755 931
755 757
757 758 759
758 759 760
759 760 761 975
760 761
761
763
767 768 769
768 769
769
773 775
775 777
777
786 787 788
787 788 789
788 789
789 791
791 792
792 794
794 796
796
799 801
801 802 803
802 803
803
807 809
809
813 814
814
818
821 822
822 824
824 826
826 827
827 828 829
828 829 830
829 830
830 832
832 833
833
837 838
838
842 843 844
843 844
844
847 848
848
851 852
852
855
859 860
860
863
866
869 870
870
873 874 875
874 875
875 877
877 878
878
881 883
883 884
884
895
903 904 905
904 905
905 907
907 908
908
911 913
913 914
914 916
916 918
918
922
926
929 930 931
930 931
931
934 936
936 937
937 939
939 940 941
940 941 942
941 942
942 943
943 945
945
948 949
949 951
951 952 953
952 953
953 955
955 957
957 959
959 960
960
964
968 969 970
969 970
970 972
972 974
974 975 976
975 976
976
981 983
983 984
984
988
991 993
992 993 994
993 994 995
994 995
995
998
