#naive2.0.py
# GMT Fri Feb 14 14:28:11 2020
# 
1
6 8
8 9
9
14 107
16 950
18 733
26 27 28
27 28 29 288 658
28 29 30
29 30
30 32
32 33
33 35
35 650
39 40
40 42
42 43
43 45
45 46 47
46 47 48
47 48 205
48 50
50 52 171
52 54
54 55 56
55 56
56 58
58 60
60 61 62
61 63 660
62 63
63
66 68
68 69 70
69 70
70 71 72
71 72
72 74
74
78 79
79
85 86 87
86 87 88
87 88 503
88 90
90 585
92 94
94 95
95 97
97
102 103
103
104 106
106 107 108
107 448
108
111
117 119
119 120
120 122
122
126 127 128
127
128 130
130 397 826
133 134
134 136
136 137 138
137 138
138 139 140 347
139 140
140
143 145
145
148
151
153
158 160
160 162
162
165 166 167
166 167
167 169
169 170 517
170 171
171 789
173 174 175
174 175
175
178 180
180
185 187
187 188 189
188 189 190
189 190
190
194
199
204 205
205
208
211
214 215
215 217
217 218
218 220
220 221
221
224 226
226 227
227 229
229 230 231
230 231 232
231 232 764
232 234 951
234
237 239
239
242
246 596
250 252
252
256 257 258
257 258
258 260
260 261
261 263
263
268 269 270
269 270 271
270
271
275
279 281
281 674
288
292 293 294
293 294
294
301 302
302 304
304
306 307
307
312 313
313
317
324
327 328 329
328
329
334
337
342 560
345 347
347 349
348 349
349
353
356 357
357
370 372
371 372 373
372
373 375
375
378 379
379
384 386
386 387 388
387 388
388
391 835
393 394 989
394
397 756
398 399 400
399 400
400 402
402 403
403 405
405
418
419
424
427 429
429 430 431
430 431
431
433 435 509
435
439
442 443
443
448
454 455
455 456
456 820
460 461
461 462
462 992
464 465 466
465 466 467
466 467
467
471
476 478
478 480
480 482
481 482
482 484
484 485 486 746
485 486
486 877
489 490 517
490
493 494
494
503
504
507 509 934
508 509
509
513
517
519 829
522
527
531 533
533 535
535 536
536
541 543
543
547 549
549 550 551
550 551
551
555 556
556 558
558 560
560
561
563 564 565
564 566
565 566
566
569
577 578 579
578 579 580
579 580 741
580 581
581
584 585 586
585 586 587
586 587
587
591
594 596
596
601 602 603
602 603
603 784
605 606
606 608
608
612 613 614
613 614
614 616
616 617 618
617 618 619
618 787
619
625 626
626
629
632 633
633 635
635
640 641 642
641 642
642 644
644 645
645 647
647
650 994
655
658
660 662
662
667 669
669
670 672
672 674
674 675
675
679 681 783
680 681
681
688
694
698
701 702
702
709 710
710 866
714
717
720
726
729 730 731
730 731 732
731 732 733
732 733
733
738
740 741
741 743
743 744
744 746
746
747
750 751 752
751 752 753
752 753
753
756 757
757
764 765
765 766 767
766 767 768
767 768
768
778 779 780
779 780 781
780 781
781 783
783 784
784
787 789
789
794 795
795
798
801
804 805 806
805 806
806 808
808 809
809 811
811
815
817
820 821
821
824 826
826 827
827 828 829
828 829 830
829 830
830 832
832
835 836
836
839
843 844
844
847 848
848
853 855
855
856
859 860
860
863 864
864 866
865 867
866 867
867 869
869
873 875
875 877
877
881 882
882 884
884 885
885
889
893
896
901 903
903
906 907 908
907 908 909
908 909
909 911
911
915
919 920 921
920 921
921 923
923
925 926
926
930
933 934
934 936
936
939 941
941 942
942
947
950 951 952
951 952 953
952 953 954
953 954
954 956
956 958
957 958 959
958 959 960
959 960 961
960 961
961 963
963 964 965
964 965
965
969 970
970
974 976
976
980 982
982 983
983
986
989 991
991
992 994
994 995
995 997
997
