#naive2.0.py
# GMT Fri Feb 14 14:28:08 2020
# 
5 7
7 8 9
8 9 10
9 10 11
10 11 12
11 12 13
12 13
13 15
15
18 733
22 23 24 784
23 24 25
24 25
25
33 35
35 37
37 38
38 40 115
40
44 46
46 48
48
52 53 516
53 55
55
58 60
60
63 65
65 66
66 68
68 70
70 71 72
71 72 73
72 73 74
73 74
74
77 78 79
78 79
79
82
86 87
87 89
89
92 93 94
93 95 269
94 95 96
95 96
96 98
98 99 100
99 100
100 833
106 107 108
107
108
114 115 855
115 117
117 118
118
123 125
125 868
126
131 132
132
136 137 138
137 138 289
138
146 147 148
147 148
148 150
150 151
151
153 154 155
154 155
155 157
157 158
158 160
160
163 991
164
168 170
170 171 172
171 172
172 173 665
173
177 179
179 180 181
180 181 182
181 215 607
182 183 184
183 184 185
184 185
185
189 191
191 192 193 736
192 193 194
193 194 195
194 195 196
195 196 197
196 197
197 199
198 199 200
199 200 201
200 201
201
205 559
209 210
210
214 215
215 217 748
217 219
219 220
220
223 225
225 227
227
236 237
237 239
239 241
241 242
242 243
243
246 248 596
247 248 249
248 249
249 251
251
260 261
261 263
263 264
264
268 269
269 271
271 272 273
272 273
273 275
275 276
276 277 278
277 278 279
278 279
279
282 290
286
289 290
290
292 294
294
297
299 300 301
300 301 302
301 302
302 304
304
307 308 309
308 309
309
312 313 314
313 314 315
314 315 316
315 316 901
316 318
318 320 642
320 321 322
321 322 323
322 323
323 325
325 326
326
329
332
336 337 338
337 338 339
338 339 340
339 340
340
349 350
350
354 356
356 357
357 359
359
365
368 369 370
369 370 371
370 372
371 372 373
372 374 599
373 374 375
374 375 376
375 376 377
376 377 378
377 382
378 380
380 381 382
381 382 383
382 383
383 385
385 387
387 389
389 390
390
393
397
401 403 815
403 404
404
406 407
407 409 854
409 410
410 412
412 413
413 415
415 416
416 418
418 420 604
420
423 424
424
427 428
428
431
434
437 438 439
438 439
439
442 444
444
454 852 793
456 457 458 820
457 458
458 460
460 461
461 462
462 992
473 475
475 476 477
476 477
477 479
479 480 481
480
481 483
483 484 485
484 485
485 487
487 488
488 748
491 493 909
493 494
494 496
496 497
497 499
499 500 501
500 501 502
501 502
502
505 506
506 508
508
512 513
513
516
519
522 523
523
533 535 735
534 535 536
535 536 537
536 537
537 539
539
542 543 544
543 544
544
547
550 551
551 553
553
555 894
558 559
559
568 569
569
572
576 923
579 580 742
580 581
581
588 589
589 591
591 592
592
596
599 629
603 604 784
604 605
605 607
607 608 609
608 609 610
609 610
610 612 888
612
617 619
619 620 621
620 621 622
621 622
622
627 628 629
628
629
632
635
639 640
640 642
642
646
651
655
659
665 667
667 668 669
668 669 670
669 671
670 671 672
671 672
672
676 678
678 679
679 681
681
684
688
694 695 696
695 889
696 698
698 699
699
706 707
707
710 711 712
711 712
712 714
714 715 716
715 716 717
716 718
717 718
718 720 734
720 721
721
724 791
725
728
733 734 735
734 735 736
735 736 737
736 738
737 738
738
742
748
752 753
753 931
760
763 765
765 767
767
770
774 776
776 778
778 779 780
779 780 781
780 781
781
784
786 787 788
787 788
788 790
790 791
791 792 793
792 793
793
795 796
796
799
802
804
812 813
813 815
815
820
822 824
824
827
830 831
831 833
833 834
834
837 839
839 840
840
843 844
844 846
846
848
852 854
853 854 855
854 855 856
855
856 858
858 860
860 861
861
863
865
868
871
874
877 878 879
878 879 896
879
885
888 889
889
894 896
896
901 902
902
905 906
906
909 911
911
914 915
915
920 921
921 923
923 924
924 925
925 927
927
931 933
933
936 937
937
941
943
948 950
950 951 952
951 952 953
952 953
953
959 960 961
960 961
961
965 966
966
969
975 976
976 977
977 979
979 980
980
984
987 988
988
991 993
992 993
993 995
995 997
997 999
999
