#naive2.0.py
# GMT Fri Feb 14 14:28:09 2020
# 
0
4
10 12
12 14
14 15
15 16
16 950
18 526
20 21
21
24
29
31
33
37 38
38 40
40 41 42
41 42
42
44 45 46
45 46
46
49
54 56
56 57
57 59
59 60
60 62
62 63 64
63 64 65
64 375
65 66
66
69
72 73 74
73 74
74 76
76 77 78
77 78
78
82
85
90 91 585
91 92 93
92 93 94
93 95 269
94 95
95
98 100
100 101 833
101
105
110 112
112 195
116 153
119 120 121
120 121 122
121 122
122
125 127 868
127 367
128
131 132
132
135 137
137 289
139 140
140 142
142
147 148 149
148 149
149
152 153
153
156 157
157
160 162
161 162
162
169 170
170 172
172 173 174
173 174 175
174 175 176
175 176
176 178
178 179 180
179 180
180
184 185
185 187
187 189
189 190
190
193 195
195
199 200
200
205 284 559
207 208 209
208 209
209 211
211
219 895
221
226 227
227 228
228 230 571
230 232
232 234
234 235
235 856
239 240
240
244 246 304
246
249 251
251 253
253
256 257 258 846
257 258
258
261 263
263 264
264
267 269
269 270
270 686
273
276 278
278
284 285
285
288 289
289 290 291
290 291
291 292
292
296 298
298 299 300
299 300
300 302
302 304
304
305
308
312
315
318
321 323
323
326
330 331 540
331 333
333 334
334
341 343
343 345 537
345 346 347
346 347 348
347
348
352
356 357 358
357 358
358
361 362
362 597
366 367 368
367 368 369
368 369 370
369 370
370
375 377
377 379 382
378 379
379
382 383
383 385
385 387
387 389
389
395
399
402 403
403
406 408
408
412 807
415 417
417 419
419 421
421
426
429 431
431 432
432 434 454
434 435 436
435 436 437
436 437
437
447
450
453 454
454 793
456
459 460
460
463 465
465 466 467
466 467 468
467 468 469
468 469
469 471
471 473
473
476
480
481 483
483
487
493 494 495
494 495
495
498 499 500
499 500
500 502
502 503 740
503
509 510
510 512
512 513 514
513 514
514
518
521
524 525 526
525 526 527
526 527 528
527 528
528
532 533 534
533
534
537
540 541
541 543
543 544 723
544
548 549
549
558 559 560
559
560 562
562 564
564 566 871
566 568
568
571
572 574
574 575 576
575 576 577
576 577 578 923
577 578 579
578 579 580
579 580
580 582
582 584
584 585
585 587
587 588
588 590
590 591
591 593
593 594
594
597
599 629
603
607
613
619
622 623 624
623 624 625
624
625 627
627 629
629
632 633 634
633 634
634
638 639 640
639 640
640
645 647
647
651
655 656
656
660 661
661 663
663 664
664
667 668 669
668 669 670
669
670
680 681
681
686 687
687
693
698
701 703
703
706 707
707 944
710 711 866
711
715 717 806
717 718
718
723
724
728 730
730 732
732
737
740
745
748
751 753
753
754
758
762 764
764 765
765
768 769 770 861
769 770
770
776
783 785
785 786
786
789
793
795 796 797
796 823
797
800
803 946
804 806
806
807
817 818
818
821 822 823
822 823 824
823 824 825
824 825 826
825
826
828 829 830
829 830
830
833 834 835
834 835 836
835 836
836
840
846
848 850
850 865
851 853
853
856 858
858
861
863
865
866
868
871
873
876 877 878
877 878 879
878 879
879
883
888
894
895
902 903 904
903 904
904 906
906
909 911
911 913
913 914
914 916
916 917 918
917 918
918
923
932
935
938
942 944
944 945 946
945 946 947
946 947
947
950
953 954
954 956
956
965 967
967 969
969
972
976
979 981
981 982
982
985 987
987 988
988
991
995
998
