#naive2.0.py
# GMT Fri Feb 14 14:28:10 2020
# 
0 999 2
2 3 4
3 4 220
4
8 9
9
12
16 254 950
17
22 23 24 784
23 24
24
29
32 33
33 35
35 650
39 41 155
41 42
42 491
44 45
45
48 49 922
49
55 56 57
56 57
57 59 167
59 60
60 62
62
67 68
68
75 76 77
76 77 78
77 78
78 80
80 81 82
81 82 83
82 83 84
83 84 85
84 85
85
88
92 93
93
98 100 556
100 833
103
106
110 111 112
111 113 367
112
113 370
118
121 122 386
122 124
124
130 131 132 850 826
131 132 133
132 133 134
133 134 135
134 135 136
135 136 137
136 137 845
137
140 392 973
144
145 146 812
146 148
148 150
150
154 155
155 157
157
167 168
168 170
170 172
172 174
174
179 180
180 182
182 183
183 624 956
186 187
187
190 191 192
191 192 193 736
192 193
193
199
202 203 204
203 204 205
204 205
205 284
209 211
211 213
213 214
214
218 219 220
219 220 895
220
222 223
223 225 490
225 227
227
230 231
231 233 764
233
237 238 239
238 239 240
239 240
240 924
242 243 244
243 244 245
244 245 246
245 246 247
246
247
250 252
252 254
254 255 256
255 256
256 258
258 259
259 261
261
264 266
266 267 890
267
270
274 275
275
278 279 280
279 280 281
280 281
281 674
284 285 286
285 286
286
291 293
293 294
294 296
296
299 300 301
300 301
301 303
303 845
306 308
308 798
313 314 315
314 315 316
315 316
316 317
317
319
324 325 326
325 326
326
329 330 331
330 331
331
336 338
338
343
348 349
349
355
362 363 597
363
366 367 368
367 368 369
368 369 370
369 370
370
374 375
375 377
377 379
379 380
380
383
386 388
388 390
390 391 392
391 392
392 394
393 394 395 989
394 395 396
395 396
396 398
398 399
399 401
401 402 403
402 403 404
403 404
404
407 409
408 409 410
409 410
410 412
412
416
421 422 423
422 423 669 614
423 424
424
428 429
429 431
431 432
432 434
434 435 436
435 436
436 438
438
442
446 447
447
453 455
455
462
464 466
466 467 468
467 468
468
475
478 480
480 482
482 949
483
486 877
487
490
491 493
493 494
494
498 499 500
499 500 501
500 501
501
508 509 510
509 510
510 511
511
514 516
516
517
519 829
521 523 782
522 523
523 525
525
528 530
530 532
532 533 534
533 735
534 536
536
547
552 553 554
553 554
554 555 556
555 556
556
563
568
573 575
575
581 582
582
587 589
589 590 591
590 591
591
594 595
595 597
597 598
598 599
599 601
601 602 603
602 603
603 604 784
604
607 609
609 611
611 612 613
612 613 614
613 614
614 616 831
616 617
617 619
619 620
620 622
622 623 624
623 624 860
624
627
631
636 637 638
637 638
638
641 642 788
642 644
644 646
646
647 649
649 650 651
650 651
651 652 653
652 653
653
658
661 662 663
662 663 664
663 664
664
669
672 674
674
676 677 678
677 678
678
685 687
687 688
688 689
689
692
696
700 702
702 703 704
703 704
704
710 712
712
716 718
717 718
718 720
720 721 722
721 722
722
726 727 728
727 728
728 730
730
733 735
735 736
736
739
742
746
751
758 760
760 761 762
761 762 841
762 763 764
763 764 765
764 765
765 766 767
766 767
767
771 772 773
772 773 774
773 774
774 776
776 777
777
781 782
782 784
784 785
785 787
787 788 789
788 789
789 791
791 792
792
795
798
801
804 806
806
811 812
812 814
814
817 818 819
818 819
819
823 825
825
826
828 829
829 831
831 832 833
832 833
833
839 841
841 842
842 844
844 845
845
850 865
851 852
852
857
859 860
860
862
865 867
867 869
869 871
871
876 877
877
881 882 883
882 883
883
887
890
892 893
893 895
895
900 902
902
907
914
917
920 921 922
921 922
922
924 925
925 927
927
930 931 932
931 932 933
932 933
933
936
940 941
941
945 947
947 949
949 950
950
954 955 956
955 956 957
956 958
957 958 959
958 959
959 961
961
967 968
968 970
970 972
972 973 974
973
974 976
976
979
982 983 984
983 984
984
989 991
990 991
991 993
993
996
999
