#naive2.0.py
# GMT Fri Feb 14 14:28:05 2020
# 
1 999
6 8
8
13
16 254
17 18 19
18 526 733
19 20 21 225
20 21
21 23
23
26
30
35 650
41
44 46
46
52 53 54 516
53 54
54 56
56 58
58
64 766
67
71 73
73 75
75 77
77 78
78
81
88 89
89
93
96 97
97
102 103
103
104
108 109
109 111
111
112 195
115
118 120
120 121 122
121 122 386
122
125
126 128
128 130
130 132 850 241 397
132
135 137
137 289
143 144
144 406
146
153 154 155
154 155 156
155 157
156 157 404
157 159
159 567 285
161 163
163 991
166 167
167 169
169
173
179 180
180
187
192 193
193 195
195 196
196 766
198 199
199 201
201 202
202
207 208
208 210
210 211
211
214
219 220 895
220 221
221 222 223
222 223 224
223 224 225 490
224 225 226
225 227
226 227 857
227 229
229 230 231
230 231 232
231 232 764
232 234 951
234 235 236
235 602
236
240 241
241 242
242 244
244 245 304
245
250 252
252 254
254 255 256
255 256
256
260 261
261
268 270
270
271 273
273 275
275 276
276 277 278
277 278 279
278 279
279 281
281 282
282
285 286 287
286 287
287 289
289
292 293 294
293 294
294
298 300
300
303 304 845
304 573
306 307 308
307 308 309
308 309 310 798
309 310
310 312
312 313 314
313 314
314 316
316 317 318
317 318
318 319
319 321
321
324 326
326 328
328
329
334 335
335 337
337
340 341
341
345 346
346
350 351 352
351 352 353
352 353
353 355
355 356 357
356 357
357
360 361 362
361 362 363
362 363
363 365
365 366
366
369 370
370
377
378
384 386
386 387 388
387 388 389
388 389
389 391
391
397 756
402 403 404
403 404
404
406 407 408
407
408 410
410
415 417
417 418 419
418 420 604
419 420
420 422
422 423 669
423 424 425
424 425
425 427
427
433
437 439
439 440 441
440 441 442
441 442 443 724
442 443 444
443 444
444
448 450
450 451 452
451
452 738
455
458
465 466
466 468
468 469 470
469 470 471
470 471
471
474
475 477
477 479
479 480
480 755
483 484 485
484 485 746
485 487
487 488
488 490
490 492
492
499 501
501 503
503
507 934
508
511
515 516
516 518 918
518 520
520
524 526
526 527 528
527 528 529
528
529
533
537
538 540
540
543 545
545
548 549 550
549 550
550
554 556
556 558
558 559 560
559
560
564 654
567
573 574 575
574 575 576
575 576 577
576 577
577
581 582
582
586
590
594 595
595
598 600
600 602
602 603
603 604
604 606
606
613
616
620
625
628 630 819
629 630
630 981
631
634 635 636
635 636 637
636 637
637
640
645 647
647 649
649 650
650
652 654
654
656 657 658
657 658 659
658 659
659
663
666 667
667 669
669 671
671 672
672
679 681
680 681 682
681 682 683
682 683 684
683 684 863
684
688 689
689
693
696 698
698 700
700 701
701
705 706 945
706
711
714 715 716
715 716 717
716
717
720 722
722 724
724
726
730 732
732 733 734
733 734
734 736
736 738
737 738
738
745 746 747 798
746
747
753 755 931
755 756 757
756 757
757
761 841
763 764 765
764 765
765 766 767
766 767 768
767 768 769
768 769 770 861
769 770
770
777 779
779 781
781
785 786 787
786 787
787 912
793 794
794 795 796
795 796
796
798
799 801
801
805
808
817 818 819
818 819 820
819 820
820
825 827
827 828 829
828 829
829
834 836
836 838
838 839
839 841
841 842 843
842 843
843 845
845
848 850
850
851 852
852
857 858
858
861 862
862 863
863
866 867
867
876 877 878
877 878 879
878 879 880
879 880 881
880 881 882
881 882
882
885 891
887 889
889 891
891 892 893
892 893
893 895
895
900
908
912 914
914
917 918
918
921
925
930 931
931 933
933 934
934 936
936 938
938 940
940 942
942 944
944 945 946
945 946
946
951 952 953
952 953 954
953 954
954 956
956
959 960 961
960 961
961
966
972 974
974
977 978
978 980
980 981 982
981 982 983
982 983
983
989 991
991
997 999
999
