#naive2.0.py
# GMT Fri Feb 14 14:28:10 2020
# 
4
7 8 9
8 9 10
9 10
10 12
12
16
17 18 19
18 526
19 20
20 22
22 24 784
24 25 26
25 26
26
30
35 37
36 37
37 39
39 40
40 42
42 491
44 46
46
50
53
56 57
57
62 63
63 65
65
71
74 75
75 77
77
80 81
81 83
83 998
86
89 90
90 197 585
92
99
102 103
103
104
109 111
111
114 115 855
115
119 120
120
125 127 868
126 127 447
127 129
129 130 298
130 241 397
133 135
135 137
137 289
139 141
141 142 143
142 143
143
149 150
150
154
157 159
159 567
161
165
168
172 173
173
181 607
185 186
186 747
190 191 192
191 192 193
192 193 194
193 194 195
194 195
195 197
197
200
206 207
207
214 216
216 217 218
217 218 219
218 219 220
219 220 895
220 221
221 222
222 224
224 226
226 857
232 234 951
233 234 520
234
241 242
242
246 248
247 248
248
253 255
255
261
264 265 266
265 266 267 342
266 267 890
267
271
276
279 280 281
280 281 344 460
281 282 674
282 284
284 286
286 287
287 289
289 291 615
291 292 293
292 293
293
296 298 360
297 298
298 300
300 301 302
301 302
302 304
304
306 307
307
310 311 312
311 312
312
316 318
318
323 324
324
327 328
328 330
330
332 333 334
333 334 335 445
334 335 336
335 336 337
336 337 338
337 338
338
341 342 343
342 344 560
343 344 537
344
347 349
349
352
357 359
359 360
360
363
371
375 377
377
378 380
380
384 385
385 387
387 389
389
393 394
394
397 756
400 402
402
408 409 410
409 410
410 412
412 413
413 414
414 416
416
421 422
422
425
428
433 434 435
434 435 436
435 436
436
440 442
442
445
447
448 450
450 451 452
451 453 619
452 454
453 454
454 793
458 459 460
459 460
460
463 464
464 466
466 467 468
467 468
468
471 473
473 474
474
477 479
479
483
486
489 490 491
490
491 493 909
493 495
495 497
497 499
499
504 505 910
505
512
516 518
518 520
520
522 523
523 525
525 526 527
526 527 528
527 528 529
528
529
532 533 534 802
533 535 735
534 535
535 537 825
537 539
538 539
539
546
549 551
551 553
553
555 894
558 559 560
559
560 562
562
566 567 568
567
568 570
570
574 575
575
581 583
583 584 602
584 585 586
585 586 587
586 587 588
587 588 589
588 589 590
589 590
590 592
592 594
594
597 598
598 599
599 629
602 603
603 604 784
604 605
605 607
607 609
609 610 611
610
611
615 616
616 617 618
617 618 619
618 787
619 621
621
625 626 627
626
627 629
629
631 633
633 634 635
634 635 636
635 636
636 638
638 639 640
639 640 641
640 641
641
643 644 941
644 646
646
649
652 654
654
656
659
662
667 668
668
671
674 675
675 676
676
679
680 682
682
690 691 692
691 692 693
692 693 694
693 694
694 696
696 697 698
697 698 951
698 700
700
707 709 944
708 710
709 710
710
713
715 716 717 806
716
717 719
719
725
728 730
730 732
732 734
734 735
735
739
742
745 747 798
747 749
748
749
756 757
757 759
759 760 975
760 762
762
767
778 779 780
779 780 781
780 781
781
784
787 912
793 794
794 796
796 823
797 798 799
798
799
802
804 805 806
805 806
806 808
808 810
810 811 812
811 812
812
821 822 823
822 823 824
823 824 825
824 825
825
828 830
830
835 836 837
836 837
837
840 841 842
841 842 843
842 843
843
847 848
848
853 854 855
854 855 856
855 857
856
857
862 863 864
863 864
864 975
868
874 875 876
875 876
876
880 882
882 884
884 886
886 887
887 889
889 890 891
890 891
891 893
893 894 895
894 896
895 896
896
900
903 904
904
909 910 911
910 911 912
911 912
912
915 917
917
922 923
923 924
924 925 926
925 926
926 928
928
931 932 933
932 933 934
933 934 935
934 935 936
935 936
936
941 942
942 943 944
943 944 945
944 945 946
945 946
946 948
948 949
949 951
951 952
952
956 958
957 958 959
958 959 960
959 960
960
965 966
966
970
974 975 976
975 976
976 977 978
977 978
978
981 983
983 985
985
988 990
990
995
998
