#naive2.0.py
# GMT Fri Feb 14 14:28:04 2020
# 
0 1 2
1 2
2 4
4
9 10
10 12
12 14
14 15
15
18
20 21
21 23
23
27 288 658
32 33
33 35
35 37 650
36 37
37
40
44 45 46
45 46 47
46 47
47 49
49 50 51
50 171
51 53
53 54 55
54 55
55
60 61
61 660 528
65 66 809
66 67 68
67 68 69
68 69
69 416
72 73
73 75
75 76
76 78
78
84 85 838
85 86 87
86 87
87 503
94 95
95 97
97 98
98
101 103
103
104 106
106 108
108 109 110
109 110
110
113 370
116 117
117 118 119
118 119
119
122 123
123 125 817
125
126
129
133 134
134 136
136 137 845
137
139 141
141 143
143 144 145
144 406
145 812
150
155
156 404
161
164 166
166
171 172
172 173 174
173 174
174 176
176
181 215
182
185 186
186 188
188 189
189
193 194
194
199 200 201
200 201 202
201 202
202 204
204 567
208 209 210
209 210
210
213 214 215
214 215
215 217 748
217 219
219 220 895
220
222
225
230 232
232
236
239
243 245
245 247
247
252 253
253 255
255 256 257
256 257 258
257 258
258
262 263
263 265
265 266
266 268
268 269
269 271
271
275
279
282 284 290
284 286
286 288
288
290
293
299
302 303 304
303 304 845
304 573
305 306
306 308
308 309 798
309
315
318 642
323
327
333 445
344
347 349
349 351
351 352 353
352 353
353
359 360 361
360 361 362
361 362
362
365 367
367
370 372
371 372 373
372 374
373 374
374
377 379 382
378 379
379
382 384
384 385 386
385 386
386 388
388 389 390
389 390 391
390 391 392
391 392
392
396 398
398 400
400 401 402
401 402 403 815
402 403 404
403 404 405
404 405
405 406 407
406 407
407 409 854
409 411
411 412 413
412 413
413
416
419 421
421 423
423 424
424
429 430
430 432
432 433
433 435 509
435 436 437
436 437
437
440 442
442
445 446
446 448
448 449 450
449 450 740
450 451 452
451 453 619
452 744
453
456 458
458
469 471
471
477
484 485 486
485 486
486 877
489 490 491
490
491
495 497
497
501 502 503
502 503 740
503 505
504 505
505 506
506 508
508 509
509
514 516
516 918
523
528 530
530
533 535 735
535 825
539 540
540
544
547
550 552
552 553 554
553 554
554 555
555 557
557 558
558 560
560 562
562 563 564
563 564 565
564 654 871
565 567
567 569
569 570 571
570 571 572
571 573
572 573 574
573 574 575
574 575
575
580 581
581 583
583
586 587
587 589
589
592 594
594 596
596 598
598
604 605 606
605 606
606
609
612
618
619 621
621
627
631 633
633 635
635 636 637
636 637 638
637 638 639
638 639
639 641
641 642 788
642 644
643 644 645
644 645 646
645 646 647 708
646
647 649
649 650
650
652 654
654 660
656 657 658
657 658
658
660 662
662
667 668
668 670
670
676 677
677
682 684
684 686
686 687 688
687 688
688 689
689
692
698
701
704 705 706
705 706 945
706 708
708
709
712 714
714 715
715
719
726 727
727 729
729 730 731
730 731 732
731 732
732
735 736 737
736
737
740 742
742 744
743 744
744
748
749 751
751 752 753
752 753
753 755 931
755 756 757
756 757
757
760 762
762 764
764
766 768
768 769
769
773 775
775 776
776 778
778
781 782
782
788 790
790 791
791
795 796
796
798
799
804
808 809 810
809 810 811
810 811 812
811 812
812
815
817 818 819
818 819
819
822
825
829 831
831 832
832
836 838
838
840 841
841 843
843 845
845 847
847 849
849 850 851
850
851 853
853 854
854
857 858
858 860
860
869 870 871
870 871 872
871 872
872 873
873
877
881 882 883
882 883 884
883 884 885
884 885 886
885 886
886 888
888
893 895
895
898 900
900 902
902 904
904
907
911 913
913 915
915 916
916 918
918
921 923
923
925 926
926
929 931
931
934 935
935 937
937
940
944 945
945
949 950
950
959 960
960
963 965
965 967
967 968
968
971 972 973
972 973
973 975
975
978
982 984
984
988 990
990
993 995
995 996
996
