#naive2.0.py
# GMT Fri Feb 14 14:28:04 2020
# 
6 8
8
13
14 107
16 950
18 526 733
21 22
22
26 27
27 658
31 32 58
32 33
33
36 37
37 39
39 40 41
40 41
41
44
47 48 49
48 49 50
49 50 51
50
51
55 57
57 59
58 59 60
59 60
60 62
62 63
63 65
65 809
70 71
71
74
77 79
79
82 84
84 838
89
92
96 98
98 556
104 106
106 107
107
110
115 116
116
120 121 122
121 122 386
122 123
123 125 817
125
126 128 447
128 129
129 298
134 136
136 138
138 139 140
139 140 141
140 141 392 713
141
145 812
147 148
148 150
150 151
151
154
157 159
159 160 567 285
160
163 165 991
165
169
172 173
173
179 180
180
189
194 196
196
199
203
207 208
208
211 213
213 215
215 748
218 219
219
224
227 229
229
233 235
235 856 602
240 241
241 242
242 243
243 245
245 246
246 248
248
257 258 259
258 259 260
259 260
260 262
262
268 270
270 686
274 275
275 962
277
281 282 283
282 283 290
283
285 286
286
289 290 615
290
293 295
295 297 716
297 298
298
302 304
304 573
305 306 307
306 307
307
310 311 312
311 312 313
312 313 314
313 314
314
318 319
319
323 324 325
324 325 326
325 326 327
326 327 328
327 328
328
331 332
332
341 342 343
342
343 537
346
349 350
350 687
355
360
366 367
367 369
369 370 371
370 372
371 372
372 374 599
374 375
375
380
383 385
385 386 387
386 387 388
387 388
388
391 392
392
393
396 397
397 756
399 400
400 402
402 403
403
409 410
410
414 415
415
418
421
427 429
429
434
443 444 646
444
447 449
449
451 453 619
453 454 455
454 455 852
455
458 459
459 461
461 462 463
462 463
463 464 465
464 465
465 467
467
471 473
473 475
475 476
476 478
478
482 484 949
483 484
484 746
488 490 748
490 492
491 493 964
492 493
493
496 497 498
497 498 499
498 499
499 501
501 503
503
506 507 508
507 934
508 510
510
513 514 515
514 515
515
523 524
524 526
526
530 532
532 534
534
537
540
543
547 549
549 551
551 553
553
555 556 894
556
565 567
567
573 574
574
577
589 590
590
594
599 629
602
605
608 609 610
609 610 611
610 612 888
611 612 613
612 613
613 615
615
617 619
619 621
621
624 626
625 626
626 628 703
628 630 819
629 630
630 981
635 636
636
639
643 644 941
644 646
646
649 650
650 994
654
657 658 659
658 659
659
664 666
666 667 668
667 668
668
673
676 677 678
677 678 679
678 679
679
683 685
685 686 687
686 687
687
691
697 698 865
698 699
699
703 704
704 706
706 707
707 709 944
709 710
710 866
713
716 718
718 734
719
722 724
724
725 726
726 728
728 729 730
729 730 731
730 731
731 733
733 734 735
734 735
735
739
746 748
747
748
752 753
753
756 757 758
757 758
758
763 764 765
764 765
765 767
767
773 774 775
774 775
775
778 780
780
788 789 790
789 790
790
794 795
795 797
797 799
799
803 946
804
807 809
809
812 813 814
813 814
814 816
816 817
817 819
819
823 824
824
831 832
832 834
834
838 839
839
842 843
843
846
849 850
850 865
852
855
856
860
864 866 975
865
866
875 876
876 878
878 896
881 882 883
882 883
883
886 888
888 890
890 891
891 893
893 894
894 896
896 898
897 898
898
901 903
903 905
905
910 911
911 913
913
916 918
918 920
919 920 921
920 921
921
925
928
934 936
936 937
937 939
939 941
941
944 945 946
945 946
946
949 950
950 952
952 953 954
953 954
954
958 960
960 961 962
961 962 963
962 963 964
963 964
964
966 968
968 969
969
971 972
972 974
974 975 976
975 976
976
980 981
981
984
987
991 993
993 994
994
997
