#naive2.0.py
# GMT Fri Feb 14 14:28:04 2020
# 
0 1
1 3
3 5
5 6
6
9 11
11 13
13
16 950
17 19
19 20 21 225
20 21
21
24 26
26 27 28
27 28 29
28 29 30
29 30
30 31 32
31 32
32 34
34 36
36 37
37
41 42 43
42 43
43 45
45
49 50 51
50
51 53
53
56 57
57
61 528
64 375
68 70
70 71
71 73
73 74
74 76
76 78
78 79
79
82 83
83 85
85 86 163
86
91 328
95 899
101
107
110 111 112
111
112 114 195
114 116
116 117
117 118
118 120
120 122
122 124
124
127
133 135
135 136 137
136 137
137
139
143 144
144
147 148 149
148 149
149
158 159 160
159 160 567 285
160 705
161 163
163 165
164 165
165
169 170
170
173 174
174
177 179
179 181
181 607
185 187
187 188
188 190
190
195
198 199
199 201
201 203
203 205
205
207
211
214 216
216
224 225
225
230 232
232 234
234 235
235 237
237 238 239
238 239
239
243
247 248
248
251
256 257 258
257 258
258
262
268 269
269 271
271 273
273 274 275
274 275
275 962
279 281
281
285
290
297 298
298 300
300
304
306 308
308 798
312 314
314
318 319 642
319
326 328
328 330
330 540
334 335
335 337
337 338 339
338 339 340
339 340
340
343 537
349 350
350 352 687
352 353 354
353 354
354
359
365 366
366
372 599
373 375
375 377
377 379 382
379
382
388
392
395
398
401 403
403 405
405 407
407 409
409 410 411
410 411 412
411 412
412 807
417 418
418 604
423 424 425
424 425 426
425 426 427
426 427
427
432 433 454
433 435 509
435
438 440
440 442
442
445
452 454 744 738
453 454
454 852 793
457
462 992
469 470
470
473
476
481
486
489 490
490
493 494 495
494 495 496
495 496 497
496 497 498
497 498 499
498 499 500
499 500
500
503 505
505
508 509
509
512 514
514
522
527 528 529
528
529
532 534 802
534
537
540 541 542
541 542 543
542 543
543 545
545 547
547 548 549
548 549
549
556
560 562
562 564
564 871
567
575 576
576
580 581 582
581 582 583
582 583
583
585
588 590
590
593
596
599 629
604
607 608 609
608 609
609
613 614 615
614 831
615
621 623
623 624 860
624 626
626 703
627 629
629 630
630 981
633
638 639 640
639 640
640 642
642 644
643 644
644 646
646
647
652 653
653 790
659 661
661
665
670 672
672
676 677
677
684 686
686 687 688
687 688
688 689 690
689 690
690
693 694
694
699 700
700
703 704 705
704 705
705
708
709
715 716 717 806
716 718
717 718
718
725 727
727
730 731 732
731 732 733
732 733
733 735
735
738
742 744
743 744
744
749 750 751
750 751
751
754 756
756 757
757 759
759 760 975
760
765 767
767 769
769
773 774 775
774 775
775
778
782 784
784
787 788 912
788 790
790
793 794
794
797 798
798
800 801 802
801 802 803
802 803
803
804 806
806 808
807 808 809
808 809
809 811
811 813
813
817 819
819 820
820
826
830 831
831 833
833 834
834 836
836 837
837 839
839
844
850
852
853
857 858
858 860
860
866
871 872
872 873 874
873 874 875
874 875
875
880 881 882
881 882 883
882 883
883
886 887
887
890
892
895
898 899 900
899 900
900 901 902
901 902 903
902 903
903 905
905
911 912 913
912 914
913 914 915
914 915
915 917
917 918 919
918
919
922
925 927
927 928
928
933 934 935
934 935
935 937
937 938
938 940
940 942
942 943
943
950
953 955
955
962 964
964
969
975
977 979
979 981
981
984 985 986
985 986
986
989
990 992
992 994
994 995
995
