#naive2.0.py
# GMT Fri Feb 14 14:28:09 2020
# 
0 1
1
4
7 9
9 10
10 12
12 13 14
13 15
14 15
15 16
16
18 526 733
19 225
22 23
23
26
30
33
36 37
37 39
39 41
41 43
43 45
45 46
46 48
48 49 50 922
49 50
50 52 171
52
55 56 57
56 57
57 167
62
65 809
68 69 70
69 70 416
70
74 75 76
75 76 77
76 77
77 79
79 80
80
85 87
87 89 503
89 91
91 93
93 269
94 96
96 98
98 100 556
100 101
101 102
102 987
104 105
105
113 114 115 370
114 115
115 117
117 119
119 120 121
120 121
121
128
131
142
145
148 149 150
149 150 151
150 151 152
151 152 344
152
156 157 404
157 158
158 160
160 705
164 165
165 167
167 168
168 170
170 171 172
171 172
172 173 174 665
173 174 175
174 175
175
180 181
181
185
191 193 736
193 194
194
198 199
199
203
207
210 211 212
211 212
212 214
214
220
222 224
224 225
225
229
235 237 602
236 237 238
237 238
238
242 243
243
247 248
248 250
250 252
252 253
253 255
255 257
257 259
259 260 261
260 261
261 263
263 265
265 266
266 890
269 270
270 686
276 277 278
277 278
278 280
280 281 344 460
281 282 674
282 284
284 285 286
285 286 287
286 287
287
294 296
296 298
298
301
306 307
307 309
309 310 311
310 311
311
314 315 316
315 316
316
319 321
321 322
322
329 331
331 333
333 445
339 340 341
340 341
341
344
347
351 352
352
355 356
356
359
364 365 969
365 367
367
370
375 376 377
376 377 378
377 382
378
381 382
382
389 390 391
390 391
391 835
393 394 989
394
397
398
401 402
402 404
404
408 409 410
409 410 411
410 411 412
411 412
412 807
416 417
417
422 423
423 424 425
424 425 426
425 426
426
429 430
430 432
432 433
433 509
437 438
438 440
440 441
441 443
443 444 445
444 445 446
445 446
446
449 450
450 451
451
460
462 992
465
470 471
471 473
473 474
474 476
476 477 478
477 478
478 480
480
484 485 486
485 486 487
486 877
487 489
489 517
492 493
493
496 497
497 499
499 501
501 502 503
502 503
503 505
504 505
505
509 510
510 511
511
514
517 518
518 519
519 829
522 524
524 526
526 527
527
535 537
537
541 553
544 545
545 547
547 549
549 551
551 552 553
552 553 554
553 554
554 555 556
555 556 557
556 558
557 558 559
558 559
559 561
561
563 565
565 566
566
569 571
571 573
573 574
574
577 578
578
581 582 583
582 583 584
583 584 602
584 586
586 587
587 589
589 590
590
594 595
595
598 600
600 602
602
604 605
605
608
613 615
615 616
616 617
617
621 622 623
622 623
623
626
627
631 632 633
632 633
633
638 640
640 641 642
641 642
642
643 645 941
645 647
647
652
655
658
661 663
663 665
665
670
674
676 677 678
677 678 679
678 679 680
679
680 682
682
686 687
687
693 694
694
697 698 951
698 699
699
705 706
706 707
707 709 944
709 710 711
710 711
711
714 715 716
715 716
716
720 721
721 723
723 725
725
728 729
729
733 734 735
734 735 736
735 736 737
736
737
741 742
742
745 747
747 749
749
752 754
754
763
768 769
769
772
775 776 777
776 777
777
780
787 912
792 794
794
800
804
807 809
809 810
810
813
818 819
819
824 826
826
828 829 830
829 830 831
830 831
831
834 835 836
835 836
836
843
847 848
848
852 854
854
858 859
859
867 868
868 870
870 871
871
874 875
875 877
877 878 879
878 879 896
879 881
881
884
887 888 889
888 889 890
889 890
890
892 893
893
896
897 899
899
904 905
905 907
907
912 914
914 915 916
915 916
916
919 920 921
920 921 922
921 922
922
924 926
926 927 928
927 928 929
928 929 930
929 930
930 932
932 933
933 935
935 936
936 938
938 940
940 941 942
941 942
942 943 944
943 944
944 946
946
949 951
951 952
952
955 956 957
956
957 959
959
962 963 964
963 964
964
967 968 969
968 969 970
969 970
970 971
971
974 975
975
977 979
979 981
981 983
983
986 987 988
987 988 989
988 989 990
989
990 992
992 993
993
996 997
997
