#naive2.0.py
# GMT Fri Feb 14 14:28:07 2020
# 
1
8
13 15
14 15 107
15 16
16
19 20
20
28 29
29 364
31
33 35
35 37 650
36 37 38
37 38
38
41
44 46
46
49 50 51
50
51
56
59 61
61
64 766
66
70 71
71
75
78
82 83
83 998
86 88
88 90
90 91 585
91 328
95 96 97
96 97
97
101 103
103 105
104 105
105 107
107
108 110
110
114 855
123 125 817
125 127
127
128 130
130 132 826
132
135
138 140
140 141 973 713
141
146 147
147
151 152
152
156
158 159
159
161 162 163
162 163
163
166
169 170
170 172
172 665
175 177
177 179
179
183 956
186 747
190
194 196
196 766
202
207 208
208 210
210 211 212
211 212
212 214
214 215
215
221
224
229 231
231 232
232
237
243 245
245
252
255 257
257
261 262
262 264
264 265
265 267 342
267
275
277 279
279
282 284
284 286
286 288
288 289
289 291 615
291
294 296
296
297
300 301 302
301 302 303
302 303 304
303 304 845
304
306
309 311
311 312
312
315 316
316 317 318
317 318 985
318 319 320
319 320
320 322
322 323
323 325
325 327
327 328 329
328
329
334
340 342
342
343
348
351 352 353
352 353 354
353 354
354
357 358
358
361 363
363 364 365
364 365 969
365
370 372
372
373
376 377 378
377 379
378 379
379
391
394 396
396
399
406 408
408
411
414 415
415
418 420 604
419 420
420 422
422 423 669
423
428 430
430
434 435 436
435 436
436 438
438 439 440
439 440 441
440 441 442
441 442
442 444
444 446
446 447
447
451 619
452 744 738
459 460
460
466 467 468
467 468
468 470
470 472
472 473
473 475
475
480 482 755
482 484
483 484
484 746
489 491
491 493 964
493 494 495
494 495 496
495 496
496
501 503
503 505
505 506
506 508
508 509
509
512 513 514
513 514
514 516
516 918
519 520 829
520 521
521 523
522 523 524
523 524
524 526
526 527
527
530
534 536
536 538
538 539
539
544 545
545
554
557 559
559
569 570 571
570 571
571
576 577 923
577
580
583 584
584 585
585 587
587 588 589
588 589 590
589 590
590
593
595 597
597
600
603 604
604
607
610 888
611 613
613 615
615
617 618 619
618 620
619 620 621
620 621
621
626 628 703
628 630 819
630 632
632 633 634
633 634 635
634 635 636
635 636
636 638
638
646
650 994
652 654
654
655 657
657 659
659
662
665
666
669
673 674
674
679 681
681 682 683
682 683 684
683 684
684 686
686 687
687
694
698 700
700 701
701 703
703 705
705
708 710
710 712 866
712 713
713
715 716 717 806
716
717 719
719 721
721 723
723
726 727
727
732
735 736
736 738
738
740 741
741
744 746
746
747 749
749
752
755 756
756
759 760 761
760 761 762
761 762 841
762 763
763
766
769
772
778 779 780
779 780
780
785 786
786
790
793 794
794 795
795
798
803
806 808
808 809
809
812
815 816
816 817
817 819
819 820
820
824 826
826 827
827 829
829 831
831
836 837 838
837 838 839
838 839
839 840 841
840 841
841 843
843 844 845
844 845
845
852 854
854 855
855
859 861
861 862
862
866
871
873 875
875 876
876 878
878 896
884
888 890
890 891
891 892
892
895 896
896
900 902
902 903
903 905
905
908
911
916 918
918 920
919 920
920 922
922 923
923
927
933
937
941 942
942 944
944
948
953 955
955 956 957
956
957 959
959 961
961 963
963 964
964
968 969
969
971 972 973
972 973 974
973
974
978 980
980 982
982
985 986 987
986 987
987
994
997 998
998
