#naive2.0.py
# GMT Fri Feb 14 14:28:06 2020
# 
0 2
2
5 6 7
6 7
7
12
16
17 19
19 21
21 23
23 24
24
27
31
34
39 40 41
40 41
41
44
47 49
49 50 51
50 52 171
51 52
52 516
56
61 63
62 63
63
67
76
79 80 81
80 81 82
81 82 83
82 83
83 85
85 163
89 91
91 93 328
93 269
94
98 100
100
102 103
103 105
104 105 106
105 106
106
109
112 195
115 117
117
120 121 122
121 122 386
122 123
123 125
125 127 868
126 127
127 129
129
133 134 135
134 135
135
144 381
146 147 148
147 148
148 150
150 151 152
151 152 344
152
157 158
158
163 165
165
170 171 172
171 172 789
172
175 177
177 179
179 180 181
180 181 182
181 215 607
182 183
183 956
187 188 189
188 189 190
189 190
190
193 194 195
194 195 196
195 196 197
196 197
197 199
198 199 200
199 200 201
200 201
201 203
203
208 209
209
212 213
213 215
215 216
216 218
218 220
220
224
230 231
231
234 235
235 237
237
241
247
250 252
252 253
253 255
255 256 257
256 257
257
260 261 262
261 262
262
266 267
267 269
269
274 276
276
281 282 283 674
282 283
283 446
285 287
287 289
289
292 293
293
297 996
299 301
301 302 303
302 303 304
303 304 845
304 573
305 306
306 308
308
311 312 313
312 313 314
313 314
314 316
316
319 320 321
320 321 322
321 322 323
322 323
323 325
325
328
331 333
333 334 445
334 336
336 338
338 340
340 342
342 344
344 345
345 347
347 349
349 351
351 353
353 354 355
354 355 356
355 356 357
356 357
357
360 362
362 364 597
364 969
368 370
370 372
371 372
372 374
374 375
375 377
377 379 382
379 380 381
380 381 382
381 382 383
382 383
383
386 387 388
387 388 389
388 389
389 391
391
393
397
399 400
400
404 405
405
409
412
414 415
415
419 421
421
426 427 428
427 428 429
428 429 430
429 430
430
434
437 439
439 440
440
443 445 646
445 446
446
455 456
456 458 820
458 460
460
463 465
465 466
466
475 476 477
476 477 478
477 478
478
484 485 486 746
485 486 487
486 488
487 488 489
488 490
489 490 491
490 492
491
492
495 496
496
500
504
508 509
509
511 513
513 515
515 516
516
519 829
524 525 526
525 526 527
526 527
527
532 533 534 802
533
534 536
536 537 538
537
538 540
540 542
542
549
555 894
558 559
559 561
561 788
564 948 654 871
565
571 573
573 574 575
574 575 576
575 576
576 578
578 579 580
579 580 742
580 582
582 584
584
589 591
591
594 596
596 597
597
600 601
601
604 606
606 607 608
607 608
608 610
610
614 616
616 617
617 619
619 620 621
620 621
621 623
623 860
627 628 629
628 819
629
633 634 635
634 635
635
638
641 788
644 646
646
647 649
649 650
650
654
655
659
662 663
663
666
670 671
671
674
678 679 680
679 783
680
684 685 686
685 686
686
689 690 691
690 691 692
691 692
692
697 698
698 699 700
699 700 701
700 701
701
704
708
711
719 720
720 722
722 723
723 725
725 726
726
729
732 733 734
733 734
734
737
740 742
742
743 745
745 746
746
749
752 754
754 755
755 757
757 758
758
761
763
768 769 770
769 770
770 772
772
775 777
777 778
778
781 783
783 784
784
788 789
789
792 793
793
795
800 801 802
801 802 803
802 803
803 946
804 806
806
809 810 811
810 811
811
815 816
816 818
818 819 820
819 820 821
820 821
821 822
822
825 827
827 828 829
828 829
829
834
837 838
838
843 844 845
844 845
845 847
847 848
848
853 855
855
858 859 860
859 860
860
864 975
868
871 872
872 874
874
878 896
881 882
882
885 891
887
891 893
893 894
894 896
896 898
898
901 902 903
902 903
903
913 915
915 916
916
919 920 921
920 921
921
925
929 930 931
930 931
931
934
937 939
939 940
940
945 946 947
946 947 948
947 948 949
948 949
949
952 953
953 955
955 956
956 958
958 959
959 961
961 962
962
965 966 967
966 967
967 969
969
971 973
973 975
974 975 976
975 976
976 977
977 979
979 981
981
984 985
985
988
992 993
993 995
995 996
996
