#naive2.0.py
# GMT Fri Feb 14 14:28:03 2020
# 
2 3
3 220
7 8 9
8 9 10
9 10
10 12
12
15
18 733
20
24
32
36 37
37 39
39 41
41 42 43
42 43
43 45
45
48 50 922
50 52 171
51 52
52 54
54 55 56
55 56
56 58
58 59
59
67 68 69
68 69
69 416
73 75
75
78
82 83 84
83 84
84 838
87 88 89 503
88 89
89 91
91 93 328
93 95 269
94 95 96
95 96 97
96 97 98
97 98
98 556
102 987
104 106
106 107
107
111 113
112
113 115 370
115 116
116 153
119
125 868
126 128
128
131 132
132 134
134 135 136
135 136
136 138
138 140 347
140 392
144
146
153
157 158
158 160
160 162
161 162 163
162 163 164
163 165
164 165 166
165 166
166 168
168
171
175 177
177 178 179
178 179 180
179 180 181
180 181 182
181 607
182 184
184 185 186
185 186 187
186 187 188 747
187 188
188 190
190 192
192 193 194
193 194
194 196
196 197
197
202
207 208
208 210
210 212
212 213
213
218 219 220
219 220 895
220
228 230
230 231
231 233 764
233 235
235
238 240
240 241
241 242
242 243
243
247 248
248
252
255 256
256 258 846
258 260
260 262
262
266 267 268 890
267 268 269
268 269 270
269 270 271
270
271 273
273
283 284 446
284 285 286
285 286
286 288
288
293 294
294 296
296 298 360
298 299
299
309 310
310
316 318
318 319 642
319
322 323 324
323 324 325
324 325
325
328 330
330 331 540
331
334 335 336
335 336 337
336 337 338
337 338 339
338 339 340
339 340
340 342
342 344
344 346
346 347 348
347
348 350
350 351 687
351
354 355 356
355 356
356 358
358 360
360
363 364
364 969
368 370
370
373 374
374 376
376 378
378 379 380
379 380
380 382
382 383
383
386
392
393 395 989
395 396
396
399
403 405
405 407
407
410 411
411
416
419 420
420
424 426
426
431 432
432 454
436 438
438 439 440
439 440 441
440 441 442
441 442 724
442 444
444 446
446
451
452 454 738
454
456 457 458
457 458 459
458 459 460
459 460
460
462
464
468 469
469 471
471 472
472
476 477
477 479
479
482 484
483 484
484 746
488 748
492 493 494
493 494 495
494 495 496
495 496 497
496 497
497 499
499
503
504 910
506 508
508 509 510
509 510
510 512
512 513
513
522 523
523 525
525
528 530
530 532
532 533 534 802
533 535
534 535 536
535 536 825
536 538
538 539 540
539 540 541
540 541
541 543
543 544
544 546
546 547
547
550
556
563 564
564 948 654
567 569
569 570
570
573 574 575
574 575
575
580 582
582 583 584
583 584
584 585 586
585 586
586 588
588
596 597
597
599 600 629
600
604
607
610 612
611 612 613
612 613 614
613 614 615
614 616
615 616
616 618
618 787
623
627 628 629
628
629
633 634
634 636
636 637
637
642 644
643 644
644
648 650
650 651 994
651 653
653 654 790
654 660
656 657 658
657 658 659
658 659
659 660
660 662
662 663
663
667 668
668 670
670 672
672 673
673 675
675 677
677 679
679
680 682
682 684
684 685
685 687
687
689 690
690
693 694
694 696
696 697
697 951
699 700
700 702
702 704
704 706
706
710 712 866
712
715
718 734
719
724 791
725 726 727
726 727
727
731 733
733 734
734 736
736 738
737 738 739
738 739
739 740
740
746 748
747
748 750
750 751 752
751 752
752 754
754 755 756
755 756 757
756 757 758
757 758 759
758 759 760
759 760 761
760 761
761 841
764
769 770
770
773 774 775
774 775 776
775 776 777
776 777 778
777 778
778
784
787 788 912
788 790
790 791
791
794 796
796
797
800 801 802
801 802
802
805
808 809
809 811
811
815 816
816 817
817
821
825
828 830
830
836 838
838
840 841 842
841 842
842
846
849 851
851
857 858
858
861
864 866
866 867
867 868
868
872 874
874 876
876 878
878 879 880 896
879 880
880 882
882 883
883 885
885
887
890
892
895 896
896 898
898 900
900 901 902
901 902 903
902 903
903 905
905
910 911 912
911 912
912
916
919 921
921 922 923
922 923
923
925 926
926 928
928 930
930 932
932
935 937
937
942 944
944 945 946
945 946
946 948
948
951 952
952
956 958
958 959
959 961
961 962
962 964
964
966 967 968
967 968 969
968 969
969
974
981 983
983 984 985
984 985
985 987
987 988 989
988 989 990
989
990
994 995 996
995 996 997
996 997
997 999
999
