#naive2.0.py
# GMT Fri Feb 14 14:28:06 2020
# 
3 5
5 6
6
11 13
13 15
15 16 17
16 950
17 18
18 526
21 22 23
22 23
23 25
25 27
27 28
28 30
30
34
38 40
40 42
42 43 491
43 45
45 46 47
46 47 48
47 48 205
48
51 52
52
55 57
57
58
61 660
62 64
64 375
68 69
69 416
72
76
81 83
83 85 998
85 86 87 163
86 87
87
90
94
98
106
110 111 112
111
112 195
116 117
117 118 119
118 119
119
122
126
129 130 298
130 131 132 850 241 826
131 132 133
132 133 134
133 134 135
134 135
135
139
142
146 148
148 149 150
149 150 151
150 151 152
151 152 344
152
155 472
159 160 285
160 162 705
162 163 164
163 165
164 165
165
172 173
173
176 178
178 180
180 181 182
181 607
182
185 186
186
189 190 191
190 191
191 193 736
193 194 195
194 195
195
198 199 200
199 200 201
200 201
201 203
203 205
205
206
209
212
219
223 224
224
227 229
229 230
230 232
232 951
233
237
241 242
242 243 244
243 244
244
250 251 252
251 252
252
255
258 259 260
259 260 261
260 261 262
261 262
262
265 266 267
266 267
267
270 272 686
271 272 273
272 273 274
273 274 275
274 275
275 962
278 280
280 281 344
281 283 674
283
285 287
287 289
289 290 615
290
293
298 300
300
303
308 798
311 312 313
312 313 314
313 314
314 316
316 317
317
321
324 325
325 327
327 329
329 330
330
336 337 338
337 338
338
344 345 346
345 346
346 348
348 349
349 351
351 352 353
352 353
353
362 363 597
363
366
369 370
370
373 374 375
374 375
375 377
377
381
385 386
386 388
388 389
389 391
391 392 835
392 394
394 395
395
398 399
399
406 407 408
407 854
408
411 413
413 414
414 416
416
421 422
422
426
429 430
430
434 435 436
435 436
436
441 443 724
443
448 450
450 452
452
453
456
463
467 468 469
468 469
469
472
476 478
478 479 480
479 480
480 755
483 484 485
484 485 486 746
485 486
486 877
489 491 517
491 909
495 496 497
496 497
497
504 505
505 506 507
506 507 508
507
508 510
510 512
512 514
514
517
526
529
537 539
538 539
539 541
541 542 543
542 543
543 545
545 546
546 548
548 549 550
549 550 551
550 551 552
551 552
552 554
554
557 558
558 560
560
561
568 569 570
569 570
570 572
572
575 576 577
576 577 923
577 579
579 742 741
584
588 590
590
594
597 598
598 600
600
604 605 606
605 606 607
606 607 608
607 608
608
612 613
613 615
615
620 621 622
621 622
622
625
628 819
629
633 634
634
638
641
644
647 649
649 651
651
654 660
657
660 662
662 664
664
668
671
674
677
681 683
683 863
686 687
687
689 690 691
690 691 692
691 692 693
692 693 694
693 694
694 696
696 697 698
697 698 865 951
698
704 705
705 945
709 710 711
710 711 712 866
711 712
712
724
725 726
726
729
732
736
737
740 741 742
741 742 743
742
743 745
745 746 798
746
750
753 755 931
755 756 757
756 757
757
760 762
762
767 768
768
771 772 773
772 773 774
773 774 775
774 775
775
778
781 783
783
786 787
787
790
792 793 794
793 794
794
798
799
804 805
805 807
807 809
809 810 811
810 811 812
811 812 813
812 813
813 815
815
817 818 819
818 819
819 821
821 822
822
825
826
829 830
830
833 834 835
834 835
835
839 840 841
840 841
841
844
847 848 849
848 849 850
849 850
850 865
853 854 855
854 855
855 857
857 858
858 860
860
863 864
864 866 975
865
866
869
873 874
874 876
876 877
877
880
883 884 885
884 885
885
888 889
889
894
897 899
899
901 903
903
907 909
909
914 915 916
915 916 917
916 917
917 919
919
923 924
924 925
925
928 929
929 931
931 932
932
936 937
937 939
939 940 941
940 941
941
944 945 946
945 946 947
946 947 948
947 948 949
948 949 950
949 950 951
950 951
951 953
953 954 955
954 955 956
955 956
956
959 960 961
960 961 962
961 962
962
965 966 967
966 967
967 969
969
971 972
972 974
974 975 976
975 976
976
979
983
994
997 998
998
