#naive2.0.py
# GMT Fri Feb 14 14:28:08 2020
# 
2 4
4 5 6
5 6
6 8
8
11
14 107
16
17 18 19
18 526
19 20
20 22
22 24
24
32 33
33
36 38
38
39 155
43
49 50
50 171
55 56
56 58
58 59
59
68 69 70
69 70
70 72
72
75 76
76 78
78 79
79
82
86 87
87 89
89 91
91 92 328
92
95
98
101 102 103
102 103 987
103 105 897
105 107
107 448
113 114 370
114 116 855
116 153
119 120
120 122
122 123 124
123 125
124 125 126
125 868
126 447
129 130 298
130 131 850 241 397 826
131 133
133 134 135
134 135 136
135 136 137
136 137 138
137 138 289
138 347
141 142
142 144
144 406
146
151 152
152 153
153 155
155 157
157
160 705
161 163
163 991
164
170 171
171 789
173 174
174 176
176
182 184
184 186
186 187
187 189
189 190
190
193
197 199
198 199
199
202 204
204 205 567
205 284
208
211
217
220 221
221 223
223
229 230 231
230 231 232
231 232
232
236
240 241 924
241 242
242 243 244
243 244
244 304
250 251 252
251 252 253
252 253
253
256 257 258 846
257 258 259
258 259 260
259 260
260
263 264
264 266
266
272 273 274
273 274 275
274 275
275 962
279 281
281 282 283
282 283 284 290
283 284
284 286
286 288
288 289
289 290 291
290 291
291
294 296
296 298 360
298 299
299
302 303 304
303 304
304 573
306 307 308
307 308 309
308 309 310
309 310
310 312
312
317 985
323 324
324
328 330
329 330 331
330 331
331 333
333
338
341 342
342
345 346 347
346 347
347 349
349 350
350 352
352 354
354 356
356 357
357 359
359 360 361
360 361
361
369 370
370
374 376
376
379
382 383
383
387
390 392
392 394
394
397
399 400
400 402
402 403 404
403 404 405
404 405
405 406 407
406 407 408
407 854
408
413
417 419
419 421
421 422
422
424 425
425
429
432 434 454
434 435 436
435 436 437
436 437
437
440
444
447 449
448 449
449
451
452 454
454 455 793
455 456
456 458
458 459 460
459 460
460
463
466 468
468 469
469
478 479
479
482 484
484 746
487 489
489 491
491
494 495
495 497
497 498
498
501 502
502
504
509
512
518 520
520
523
526 527
527 529
529 531
531 532 533
532 533 534 802
533
534
539
543 544 723
544 546
546 547
547 549
549
554 555
555 557 894
557 558
558
564 654
565 567
567 569
569 570
570
573 574 575
574 575 576
575 576
576
579
584 585
585 587
587
590
594 596
596 597
597
599 600 601 629
600 601 602
601 602
602
604 606
606 607
607 609
609
616 618
618 620 787
620
623 624 860
624
628 630 819
629 630
630 981
637
643 645
645 708
648 649 650
649 650 651
650 651
651
654
655 657
657 659
659 661
661
668
675 676 677
676 677
677
681 682
682 684
684
688 689
689 691
691
695
703 704 705
704 705 706
705 706 945
706 708
708 710
709 710 711
710 711
711 713
713 714
714 715
715 717 806
717 718
718 734
722 723 724
723
724 791
726
730 732
732 734
734 736
736
745 746
746 748
748
752
755 757
757 758
758
762
765 767
767 768 769
768 769 770
769 770
770
774
780
787 789 912
789 790 791
790 791
791 793
793 794
794 795
795
799 801
801 802
802
804 806
806
809
813
818 819
819
822 824
824 826
826
832 834
834 835
835 837
837
846
850 865
854 855
855
859 860
860
862 863 864
863 864
864
865
868 870
870 872
872 873 874
873 874 875
874 875 876
875 876 877
876 877 878
877 878 879
878 879
879 881
881
887 888
888
894
895 897
897 898
898 900
900
905 907
907
911 912 913
912
913 915
915
918 920
919 920 921
920 921
921
924 925 926
925 926
926 928
928 929
929
932
936 938
938
942
945 947
947
955
962
965 967
967
972 973 974
973
974
977 978 979
978 980
979 980 981
980 981
981 983
983 984 985
984 985 986
985 986 987
986 987 988
987 988
988
991 993
992 993
993
998
