#naive2.0.py
# GMT Fri Feb 14 14:28:09 2020
# 
3 4 220
4 6
6 7 8
7 8 9
8 9
9 11
11 12
12
17 18
18 733
22 784
27 29 658
29 30
30 31 32
31 32 58
32 33
33 35
35 37 650
37 38 39
38 40 115
39 40
40 42
42 43 491
43 45
45 47
47 49
49 50 51
50 171
51
54 56
56 58
58 59 60
59 60 61
60 61
61 63 528
63
68 69 70
69 70
70 71 72
71 72
72 74
74
77
80 81 82
81 82
82
86 87 88
87 88 89
88 89 90
89 90
90 585
102
104
108 109 110
109 110 111 593
110 111
111 367
115 116 117
116 117 153
117
126 127
127 129 367
129 298
131 132
132 134
134 135
135 137
137 138
138 140
140 142 973 713
142
145
147
150 151
151 344
153 154
154
159 160 567
160 162 705
161 162 163
162 163 164
163 165
164 165
165 167
167 169
169 170 517
170 171 172
171 172
172 665
175
183
187
190 191 192
191 192 193
192 193 194
193 194 195
194 195
195
202 203
203
206 208
208 209
209 211
211 212 213
212 213
213
218 219 220
219 220
220
226 971 857
231 232 764
232 234 951
234 236
236 237 238
237 238
238 240
240 241
241 242
242
246
247
250
253 254
254
259 260 261
260 261 262
261 262
262 264
264 266
266 268
268
271 272
272
276 277
277
282 283 284
283 284 446
284
287
291 292
292
298
306 307 308
307 308
308 798
313
319 320
320 322
322 324
324
328
333 334
334 336
336 337
337
343 344 345
344 345 346
345 346
346
349 351
351 353
353 354 355
354 355
355 357
357 358 359
358 359
359
362 597
365 367
367 368
368 370
370
375 377
377 379
378 379
379
383
386 387
387 389
389 390
390
393 394 395
394 395 396
395 396 397
396 397 398
397
398 399 400
399 400 401
400 401
401 403 815
403 405
405
417 418 419
418 604
419
423 424 425
424 425 426
425 426
426
429 430
430 432
432 434 454
434 436
436
440 441 442
441 442 443
442 443
443
446
450 451 452
451 619
452 454 744 738
454
457 458
458
462 463
463 464 465
464 465 466
465 466
466
470 471 472
471 472 473
472 473
473
476 478
478
481 483
483 484 485
484 485 746
485
491 493
493 494 495
494 495
495
501 502
502 740
506 508
508 509 510
509 510
510 512
512 514
514 515
515 517
517 518 838
518 519 520
519 520
520
524
528 530
530
535 825
541
545 546
546
555 556 557
556
557 559 856
559
560
563
567
574
577 579
579 742 741
585
588 590
590 591
591 593
593
595 597
597 598
598 599 600
599 600 629
600 602
602
604 605 606
605 606 607
606 607
607
611 612 613
612 613
613 615
615
617 618 619
618 620 787
619 620 621
620 621
621
627 628 629
628 819
629
633 635
635 636 637
636 637 638
637 638 639
638 639
639 641
641 642
642 644
643 644
644
648 650
650 651 994
651
654
655 657
657 658 659
658 659
659
662 663
663 665
665 667
667
672
676 678
678
685 687
687
689 690 691
690 691
691
695 889
699
705 706
706
710 711 712
711 712 713
712 713 714
713 714
714 716
716
717
721 722 723
722 723
723
727
731 733
733
737 738 739
738 739
739 740 741
740 741 742
741 742 743
742 744
743 744 745
744 745 746
745 746 798
746
749 750
750
754 755
755 757
757
760 762
762 764
764
766 767
767
771 772 773
772 773 774
773 774
774
778
782 784
784
786 787
787
790
794
798
800
803
804 806
806
809 810
810
813 815
815
818 819
819
825
834
838
841
844 845 846
845
846
850
853 854
854 856
856 858
857 858
858 860
860
870
875 876
876
879 881
881 882 883
882 883
883
887 889
889 891
891
897 898 899
898 899
899
902 904
904
913 915
915 917
917 918 919
918 920
919 920 921
920 921
921
925 926 927
926 927
927 929
929
932 934
934 936
936
940 942
942 944
944
948 949 950
949 950 951
950 951
951
958 960
960 961
961 963
963
968
971 973
973 975
975 976
976 977 978
977 978
978
982
994
997
