#naive2.0.py
# GMT Fri Feb 14 14:28:08 2020
# 
0 1
1 3
3 220
6
10 11 12
11 12
12
16 254 950
17 18
18 733
20 21
21
26 27 28
27 28 29
28 29
29
32
37
41
44 45 46
45 46
46 48
48 49
49
53
56 58
58
63 64
64 766 375
66 67
67
70
76 77 78
77 78
78
81
84
86 88
88 89
89
92 94
94 95 96
95 96 899
96
100
106 107
107 109
109 110 111
110 111
111
115
119 121
121 386
123 817
124
127
130 850 241 826
133 134 135
134 135
135 137
137
142 144
144 406 381
146 147
147 149
149
154 156
156
160
161
168
172 174 665
174 175
175
178 179
179 181
181 215
184
191 193 736
193 194
194 196
196 766
201 203
203 205
205 284
206 208
208
212 213 214
213 214 215
214 215 216
215 216 217
216 217
217 219
219 220 895
220
222 223
223
229 230 231
230 231 232
231 232
232 234 951
234 235
235
241
245 246 247
246 248
247 248
248
251 252
252 254
254 256
256 257 258
257 258
258 260
260
264 266
266 267 268 890
267 268
268
271 272
272 274
274
278 279
279 281
281 283
283 284
284
294 296
296 360
304
305 307
307 308
308
311 312
312 314
314 316
316 318
318 319
319 321
321 322
322
326 328
328 330
329 330 331
330 331
331
335 336 337
336 337 338
337 338
338 340
340
343 537
346
349 350 351
350 351 687
351
356 358
358 360
360 361
361 363
363
369
372 374
374 375
375 377
377 382
380 381 382
381 382
382
385 386 387
386 387 388
387 388
388 390
390 391
391 835
398 400
400
406 407
407 409
409 411
411 412
412 807
414 415 416
415 416 417
416 417 418
417 418 419
418 420 604
419 420
420
424
430
436 437
437 439
439
444 445
445
449 450
450 451 452
451 453
452 738
453 455
455 456
456
459 460
460
463
467 468
468 470
470 472
472 473
473 475
475
478
482 949
483 485
485
489 491 517
491 493
493 494 495
494 495
495 497
497 499
499
502 503
503 505
505 506 507
506 507
507 934
510
515 517
517 518
518 519
519
522 523 524
523 524
524
533 735
537
543
547
550 551
551
554 555 556
555 556 557
556 558
557 558
558
561
563
566 567
567 569
569 570
570
580
583
585 587
587 588 589
588 589 590
589 590 591
590 591 592
591 592
592 594
594
597 598
598 600
600
604
612 613
613
620 621
621
627 628
628
638
641
644
648 649
649 651
651 653
653
661 662
662
665
668 670
670 671 672
671 672
672
676 677
677
683 684 685
684 685
685 687
687
691
694 695 696
695 889
696 698
698 699
699
703 704
704 706
706 708
708
713
715
718 734
719 721
721
724 791
726
733 734 735
734 735 736
735 736
736 738
738 739
739 741
741
745 746
746
749 750
750
753 931
754 756
756 757
757
765 766 767
766 767
767 769
769 771
771 773
773
782 783 784
783 784 978
784
789 791
791
795
805 807
807 808
808
811 812
812
817
822 823 824
823 824 825
824 825 826
825
826
828 830
830 832
832 834
834 835
835
839
842 843 844
843 844
844
848 850
850 865
855
858 859 860
859 860 861
860 861
861
864 975
865
868 870
870 871 872
871 872
872 873
873
876
880 881
881
884
888 889 890
889 890 891
890 891
891
895 896 897
896
897 899
899 900
900 902
902 904
904 906
906
911 912 913
912
913
918 920
920
924 925 926
925 926
926
929 930 931
930 931 932
931 932
932 934
934 935 936
935 936
936
939
942 943
943 945
945 947
947 948 949
948 949 950
949 950 951
950 951
951 953
953
956
957
960
963 965
965 966 967
966 967
967
973 975
975
977 978
978
981 982
982 984
984 985 986
985 986
986
989
990 992
992
996
