#naive2.0.py
# GMT Fri Feb 14 14:28:03 2020
# 
1 2 3
2 3
3
7 8
8 10
10 11
11
14
16 950
17 19
19 20 21 225
20 21
21
27 28 288
28 30
30
33 34
34
37 38
38 115
42 43 491
43
46 47 48
47 48
48 922
52
58 59
59
63 64
64 375
69
76
86
91 92
92
98 99
99 101
101 102
102
106
115 117
117 119
119 121
121 386
127 367
128 130
130 850 397
136 845
139 140 141
140 141 392
141
144 406
146 148
148 149 150
149 150
150 152
152
158 160
160
161
165 167
167
174 175 176
175 176
176 178
178 179
179
182
185 186 187
186 187 747
187
191 192 736
192 194
194 195
195
198 199 200
199 200 201
200 201
201 203
203 796
206
209
212
216 217
217 219
219
222
225
233 235
235 602
243
248 250
250 252
252 253
253
257
261
270
273 274
274
277 279
279 281
281 282 674
282 290
285 286
286 288
288 289
289 290 615
290
299 301
301 302 303
302 303 304
303 304 845
304 573
306
309 310 311
310 311
311 313
313
316 317
317
319 321
321 322 323
322 323 324
323 324
324 326
326
330
334 336
336 337
337
343 537
349 350
350 352
352 354
354
360
363 364
364 366
366 367
367 369
369
373 375
375
379 380
380 382
382 383 384
383 384
384 386
386 387
387
390 391 392
391 392
392
393 989
397
398 400
400 401 402
401 402 403 815
402 403
403
406 408
408 410
410 412
412 413
413 415
415 417
417 419
419 421
421 422 423
422 423 669 614
423 424 425
424 425
425 427
427 428
428 430
430
436
439 440 441
440 441
441 443 724
443 444 445
444 445
445
448
451 453 619
452
453
459 460 461
460 461
461 462 463
462 463
463
467 468 469
468 469 470
469 470
470
475 477
477 479
479 480
480 482
482
483 485
485 486 487
486 877
487
490 492
491 493 964
492 493 494
493 494 495
494 495 496
495 496 497
496 497 498
497 498 499
498 499
499
506 507
507
511
521
524 525 526
525 526 527
526 527
527
531 532 533
532 533 802
533 535 735
535 536 537
536 537 538
537 539
538 539
539 541
541 542 543 553
542 543
543 545
545
548 549 550
549 550
550 552
552 553
553
557
560
561
563
567 569
568 569
569 571
571 573
572 573 574
573 574 575
574 575
575
579
582 583
583 602
585 586
586 588
588
592 593
593
597
602
604 605 606
605 606 607
606 607 608
607 608 609
608 609
609 611
611
614
615
619 620
620 622
622
625
631 632
632
635 636 637
636 637
637 639
639 640
640 642
642
647 648
648
653 654
654 660
659 660
660 662
662 663
663
666 667 668
667 668 669
668 669 670
669
670
674 675
675 676 677
676 677 678
677 678 679
678 679 680
679 681
680 681 682
681 682 683
682 683 684
683 684
684
689 691
691 692
692
695 697 889
697 698 865
698 699
699 701
701 702
702
706 707
707 709
709 711
711
716
717 719
719
724
725
729 731
731
734 735 736
735 736 737
736
737
745 746 747
746
747
751 752 753
752 753 754
753
754
758 759
759
763
767
771 773
773 774 775
774 775 776
775 776 777
776 777
777
780 781
781
784 785
785 786
786
795 796 797
796 823
797
801 802
802
804 805
805
813 814 815
814 815 816
815 816
816 818
818 819
819
823 824
824
829
838 839
839 840
840
845
846
848 850
850 865
851 852 853
852 854
853 854 855
854 855
855 857
857
862
865
868 869 870
869 870 871
870 871
871
873 874 875
874 875
875 877
877 879
879
882
887 889
889 891
891 893
893 894
894 896
896 898
898 899
899
901
907 908
908
911 912 913
912
913 915
915
919 920
920 922
922 923
923 924
924
929
932
936 937 938
937 938
938
942
945 946
946
950
954 955
955 957
957 959
959 960
960
963 964 965
964 965
965 967
967
971 972
972
976 978
978
979
982 983
983
988 989 990
989
990
993 995
995
