#naive2.0.py
# GMT Fri Feb 14 14:28:09 2020
# 
0 1 999
1 999
4 6
6 7 8
7 8 9
8 9
9
14 15 107
15
19 21 225
21
24 25 26
25 26 27
26 27 28
27 28 658
28
31
36 37 38
37 38 39
38 115
39
43 45
45 46
46 48
48 49
49 51
51
54 55 56
55 56 57
56 57
57 167
64
69
72 73
73
76 78
78 80
80 81 82
81 82
82 84
84
91 93
93 269
96 98
98 100
100
102
104 105
105 107
107
108
113 115 370
115 117
117 118 119
118 119
119
124 125
125
128
132 133
133
139 140
140 392 713
144 406
145
150 151
151 344
153 154
154
158
163
164 166
166 167
167
170 171
171
174 175
175
189 191
191 193
193 194
194 196
196
198 199
199
204
207
211 212
212
215 216 748
216
219 220
220 221
221 222 223
222 223 224
223 224 225
224 225 226
225 227
226 227
227 228
228 230
230 231 232
231 232 233
232 234
233 234 520
234
239 240
240
242 243
243
246
247
250 251 252
251 252
252
255 256 257
256 257 846
257
262 263
263 265
265 342
269
273 275
275 962
277 278
278 280
280 281 344
281 283
283
285 286 287
286 287
287 289
289 291
291
297 298
298 300
300 302
302 303
303
305 306 307
306 307 308
307 308
308 310
310 312
312
317 985
320
324 326
326
330 331
331 332
332
336 337 338
337 338
338
341 342 343
342 344
343 344 537
344 346
346 347
347 349
349 350 351
350 351 352
351 352
352 354
354 355 356
355 356
356 358
358 359
359 361
361
367 368
368 370
370
371 373
373
379 380
380 382
382
385
389
392 394
394 396
396 398
398 399
399 401
401 815
404 405
405 406
406 408
408 409 410
409 410
410
419 421
421 423
423 424 425
424 425
425 427
427
433 434 435 509
434 435 436
435 436 437
436 437 438
437 438
438
444
447 449
449 450
450
455 456 457
456 457 820
457
462
464 466
466 467
467 469
469 470 471
470 471 472
471 472
472
475
482 484
483 484 485
484 485
485 487
487 488
488 748
494 495
495
498 499
499
502 503
503
506 508
508 509 510
509 510
510
513 515
515 516
516 918
520
524 525
525 527
527 529
529 531
531 533
533 535 735
535 537 825
537 539
538 539
539 541
541 542
542 544
544
548 549 550
549 550
550
554
563
566 568
568
572 574
574
577
580 581 582
581 582 583
582 583 584
583 584
584 586
586 587 588
587 588 589
588 589 590
589 590
590
594 595
595 597
597
599 601
601
604
608 609
609 611
611 613
613
620 621
621
624
625
628 630
630
631
635
638 640
640 642
642
645
648 649
649
653 655 790
655 657
657 658
658
661
665
666
669 671
670 671
671 673
673 675
675 677
677
680 681 682
681 682 683
682 683
683 863
688
691 692
692
695 697 889
697 865
699
703 705
705
707 709 944
709
712 713 714
713 714
714
717
724
725
730 731 732
731 732
732
735
741 743
743 744
744
748 750
750 751 752
751 752
752
755
760 762
762
765
768 770
770 771
771 773
773 775
775
778 779
779 781
781 783
783 784
784
786
790
794 795
795 797
797
800 801
801
804
810 811
811
814 815 816
815 816
816
820
822 824
824 825 826
825 827
826 827
827 828 829
828 829
829 831
831
834
839 840
840
843
846
848 849
849
853 854
854 856
856 858
858 860
860
862 863 864
863 864
864 975
865
871 872
872 873
873 875
875 876 877
876 877 878
877 878
878
881 882 883
882 883 884
883 884 885
884 885 886
885 886
886 888
888 889 890
889 890
890
892 893 894
893 894
894
899 900
900 901
901
905 906
906 908
908 909 910
909 910
910
914 915 916
915 916 917
916 917 918
917 918 919
918
919
923
926 927
927 929
929 930
930
936 938
938
944
955 957
957 959
959 960 961
960 961 962
961 962
962
965
970
974 975 976
975 976
976 977
977 979
979
982 983
983 985
985 986
986
989
990
993 994 995
994 995
995
999
