#naive2.0.py
# GMT Fri Feb 14 14:28:08 2020
# 
2 4
4 5
5
9
12 13 14
13 531
14 107
16 950
17 19
19 20 225
20
23 25
25
28 29 30
29 30
30 31 32
31 32
32 33
33
37 39
39 40 155
40 42
42 43 491
43
46 47 48
47 48 49
48 49 50
49 50
50
56 57
57 59
59
65 809
70
74
77 78
78
82 83
83 998
87 89 503
89 90
90 585
95 97 899
97 99
99
102 103
103
104
107 109
108 109
109
112 195
113
123 125
124 125
125
129
132 134
134 136
136 137
137
140 141 713
141
146 147
147
150 151 152
151 152
152 153 154
153 154 155
154 155
155 472
161 162
162
165
168 169
169
175
179 180 181
180 181
181 215
183 184 185
184 185 186
185 186 187
186 187
187
192 194
194 195 196
195 196
196 766
198 199 200
199 200 201
200 201 202
201 202 203
202 203 204
203 204 796
204
207 208
208 210
210
215 216 217
216 217
217 219
219
223 224 225
224 225
225
228 229 230
229 230 231
230 231 232
231 232 233 764
232 234 951
233 234 520
234
238
242 244
244
247
251 252 253
252 253
253
257 259
259 260
260
263 264 265
264 265
265 267
267
271 273
273 274
274
277
280
283 284 446
284 285 286
285 286
286 288
288
294
297
300 302
302
305
309 310 311
310 311 312
311 312
312 314
314 315
315 901
320
323 324 325
324 325 326
325 326 327
326 327 328
327 328 329
328
329
332
336 337 338
337 338
338 340
340 341
341
346 348
348 350
350 352
352 353 354
353 354
354
357 358 359
358 359 360
359 360 361
360 361
361 363
363 365
365
368 369
369 371
371
375 376 377
376 377
377 382
381 382 383
382 383
383
388 390
390 391
391
395
399 400
400
403 404
404
415 417
417 419
419
423 424
424
427 428 429
428 429
429
437 438 439
438 439
439
442
445 446
446 447
447
450 452
452 744 738
455 457
457
461 462 463
462 463
463 464 465
464 465 466
465 466
466 468
468 469
469 471
471 472
472
476
479 481
481 482 483
482
483
486 488 877
487 488
488
491
500 502
502 503 740
503 505
505
510 511
511
514 515 516
515 516
516 518
518 519 520
519 520
520
522 523 524
523 524 525
524 525
525
528
529 531
531
534 535 536
535 536 537 825
536 537
537 539
539 540 541
540 541
541 543 553
543 723
546 547
547 549
549 550 551
550 551
551 553
553
555 556
556 558
558 559
559
562
565 566
566 568
568 569 570
569 570
570 572
572 573 574
573 574 575
574 575
575
578 579 580
579 580 742 741
580 581
581 583
583
585
589 590
590
596
603 604
604 605
605
608 610
610 888
613 614 615
614 831
615
625 627
627
630
634 636
636
639 640 641
640 641
641
644 646
646 648
648
651
654 660
655 656
656
660
664 665
665 667
667
674 675
675
680 681 682
681 682
682 684
684 685
685
689 690 691
690 691
691
694 695
695
699
706
712 713 714
713 714
714
720 721
721 723
723
726 728
728 729 730
729 730 731
730 731 732
731 732
732 734
734 735 736
735 736
736 738
738 739
739 740 741
740 741 742
741 742 743
742 744
743 744 745
744 745
745
750 752
752 753
753 755
755 757
757 758
758
761 762 841
762 764
764 765
765 766
766
771 772
772
775 777
777
782 783
783
787 789
789 790
790
795 796
796 823
802
804 805
805 807
807 808 809
808 809 810
809 810 811
810 811 812
811 812
812
816
819 820 821
820 821
821 822 823
822 823 824
823 824 825
824 825 826
825 827
826 827
827 828
828
831 833
833 834
834
837 839
839 841
841
844
847 849
849 850
850
853
860 861
861 862
862 863 864
863 864
864 866
866
870 871
871
875 876 877
876 877
877
880 881
881 883
883
888
891 892 893
892 893
893
896
899
901 902 903
902 903
903
906 908
908
921
924 925
925
928 930
930 932
932 934
934 935 936
935 936 937
936 937 938
937 938
938
944
947
950 951 952
951 952 953
952 953
953 955
955 957
957
960 961 962
961 962
962
966 967
967
976
979 980
980
983 984
984 986
986 988
988
998 999
999
