#naive2.0.py
# GMT Fri Feb 14 14:28:10 2020
# 
1
4 5 6
5 6 7
6 7
7
12
21
24 25
25
30 32
32 33
33
37
41 42 43
42 43
43 45
45 46
46 48
48 922
51 52
52 54
54 56
56 57 58
57 59 167
58 59
59 61
61 63 660 528
63 65
65 809
68 70
70 71
71
74
77
81 83
83 85
85 86 163
86 88
88 90
90
97 98
98 556
104
108 109 110
109 110 111 593
110 111
111
114 115 116
115 116
116 153
119
122
126 127 128
127
128 130
130 826
134 135
135 137
137 289
140 142
142 143
143
146 148
148 149 150
149 150 151
150 151 152
151 152
152 153 154
153 154 155
154 155
155
159
161 163
163 991
164 166
166 167 168
167 168 169
168 169
169 517
172 173 174 665
173 174 175
174 175 176
175 176
176
179 180 181
180 181
181 607
185
188 190
190
198 199
199
202 203
203 796
207 208 209
208 209 210
209 210
210 212
212
218 219
219 895
221
224 226
226 227 857
227 228
228 230
230 231 232
231 232 233 764
232 234
233 234 235 520
234 235 236
235 856
236
240
242 244
244 245 246 304
245 246
246
251 252 253
252 253
253
257 259
259
262
265 266 267 342
266 267 268 890
267 268
268 270
270 272 686
271 272
272
281 282 283
282 283 284 290
283 284
284
289 290
290
292 293
293
297 298 996
298 300
300 301 302
301 302
302 304
304
307 308
308 310 798
310 311 312
311 312
312 314
314 315 316
315 316
316 317
317 985
322 323 324
323 324
324
327 328 329
328
329 331
331 332
332
335 337
337
340 341 342
341 342 343
342
343 537
347
348
355 356
356
363
366 368
368 370
370
373 375
375 377
377
380
383
386 387
387
390 391
391 835
394 395 396
395 396
396 398
398 399
399
405
408 410
410 411
411
415 417
417 419
419
422 669
425 426 427
426 427
427 429
429
434
440 442
442 444
444
449
453
456 457
457 459
459 460 461
460 461
461 463
463
469
475 476
476
479
482 949
483 485
485 486
486 488
488 748
492 494
494 496
496 497
497 499
499
503 505
504 505 910
505 507
507 509
509
512 514
514 515
515 517
517 518
518 519 520
519 520 829
520 521
521 523 782
523 525
525 527
527 528
528 530
530 532
532
535 536 537
536 537 538
537 539
538 539 540
539 540 541
540 541
541 543 553
543 723
546 548
548 549
549 551
551 552 553
552 553 554
553 554
554 555 556
555 556 557 894
556 558
557 558 856
558
570 572
572 574
574 576
576 923
580 581
581
586 587
587 589
589 590 591
590 591
591 593
593 594
594
599 601 629
601
604
607
610 612 888
612
616 617 618
617 618
618 620 787
620 621
621
624
625 627
627 628 629
628 819
629
632 634
634
637 638
638
641 642
642 644
643 644
644
648 649 650
649 650
650
654 660
657
660 661 662
661 662
662 664
664 665
665 667
667 669
669
672 673
673
676 677 678
677 678 679
678 679
679 681 783
681
686
689
695 697
696 697 698
697 698 865
698 699 700
699 700 701
700 701
701
705
708
711 712
712 714
714
717 718
718
721 723
723
724
728 730
730
733
736
742
748
749 751
751 753
753 755
755 757
757 758 759
758 759
759 761 975
761 841
764 765
765
768 769
769
772
775 777
777 779
779 780 781
780 781 782
781 782 783
782 783
783 978
787
794 796
796
797 798 799
798
799 800
800
803 946
804 806
806
809
812 814
814
817 819
819 821
821 822
822
826 827
827 829
829 830 831
830 831
831
835 837
837
841
847 848 849
848 849
849
852 854
853 854
854 856
856
857
859
862 863
863
865
868 869
869
873 874
874 876
876 878
878 879 896
879
882 883 884
883 884 885
884 885
885
888 890
890
892 893 894
893 894 895
894 896
895 896 897
896 898
897 898 899
898 899
899
905 907
907 908 909
908 909 910
909 910 911
910 911
911
915
918 920
919 920 921
920 921 922
921 922 923
922 923
923
928 929 930
929 930
930 932
932
936 938
938
942 943 944
943 944
944 946
946 947 948
947 948 949
948 949 950
949 950
950 952
952 953
953 955
955 957
957 958
958
962 964
964
966
970
975
978
979
982
985
988
991 993
992 993
993 995
995 996
996
