#naive2.0.py
# GMT Fri Feb 14 14:28:07 2020
# 
2
8
11 12
12 14
14 107
17 18
18
23 24
24
35 650
43 44
44
48
51 52 53
52 53 516
53
56 57 58
57 167
58
61 63 660
62 63 64
63 64
64
67 68
68
73
80
88 89 90
89 90 91
90 91 197 585
91 92 93
92 93
93 95 269
95 96 97 899
96 97
97 99
99 100
100 833
102 103
103 897
104
107 109 448
109 111 593
111 113
113 370
116 117 153
117 118
118 120
120 121
121
123 125
125 127 868
126 127
127
130 850 241 397 826
133 134
134 136
136 137 138
137 138
138 140 347
140 713
150
153 154 155
154 155 156
155 472
156 404
158
163 991
164 166
166 167
167 169
169 517
171 172 789
172 173 174 665
173 174 175
174 175
175 177
177 178 179
178 179 180
179 180
180
184
187 188 189
188 189
189
192 194
194 196
196 197
197
201 203
203 205
205
206 207 208
207 208 209
208 209
209
213 215
215 216 748
216
219
221 223
223 224 490
224
229 231
231 764
234 235
235
238 239
239 241
241 242
242
246 596
247
250 251 252
251 252 253
252 253
253
259 260
260
264 265
265 267
267 269
269 270
270 272 686
272 273 274
273 274
274 276
276 277
277
280 344
282
287 288
288
294
299
302
306
311 312
312
316 317
317 985
324 325 326
325 326
326
329 330 331
330 331
331 333
333 335
335 336
336
339
343 344 537
344 346
346 347 348
347
348 350
350 351 687
351
354 355
355
359
362 364 597
364 365 366
365 366
366
369 370 371
370 372
371 372
372 374 599
374
381 383
383 384
384
389 390 391
390 391
391
393 989
397 756
399 400
400 402
402 403 404
403 404
404
408 410
410 411
411 413
413 414
414 416
416 417 418
417 418 419
418 604
419
424 426
426 428
428 430
430
433 434 435 509
434 435 436
435 436 437
436 437
437
440 441 442
441 442
442 444
444
448 449
449 740
453 455
455 457
457
468
472
475 476 477
476 477 478
477 478
478 480
480 482 755
482 484
484 485 486 746
485 486
486 488 877
488 490 748
489 490 491 517
490
491 909
494 495
495 497
497
503 505
504 505 910
505 506
506 508
508 509
509
514 516
516 518
517 518
518 519
519
523 524
524
529 531
531
536 537
537
541 542 553
542 544
544
547 548
548
553
563 564 565
564 566 948
565 566 567
566 567
567
571 573
572 573
573
578 579 580
579 580
580
584 585
585 587
587 588 589
588 589
589 591
591 593
593 594
594 596
596 597
597
599 600 601
600 601
601 603
603 604
604 606
606 607 608
607 608
608
611
617 618
618
621 623
623 624 860
624 626
626 628 703
628
634 636
636 638
638 640
640
645 647
647
650 994
656 658
658
660 661
661
665
666 668
668
671 673
673 675
675
678 679
679 681
681
685 686 687
686 687
687
689
694 696
696
699 700 701
700 701 702
701 702 703
702 703
703 705
705
712 713
713
715 716 806
716 718
718
721 723
723 725
725
729
739 740
740
744 745 746
745 746 798
746 748
748
749 751
751 753
753 755 931
754 755 756
755 756 757
756 757
757 759
759 760
760
764
769 771
771 772 773
772 773
773
777
781
789
792
797 798
798
800 802
802
806 808
807 808 809
808 809 810
809 810
810
815 816
816
820
822
825 827
826 827
827
833
836
840
843 844
844 846
846
850 865
851
855 857
857
860 861
861
863 864
864
865
868 869 870
869 870
870 872
872 873 874
873 874 875
874 875
875 877
877 878 879
878 879 880
879 880 881
880 881
881
885 886
886 887 888
887 888
888 890
890
893 894
894
897 898 899
898 899
899
901 903
903 904 905
904 905
905
909 910 911
910 911
911
914 916
916 917
917 919
919 921
921 923
923 924
924
927
930 931 932
931 932 933
932 933 934
933 934
934
937 938
938
941 942
942 944
944 946
946 948
948 950
950
954 955 956
955 956 957
956
957
961 962 963
962 963
963
967 968
968 970
970
981
985
988 989 990
989 991
990 991 992
991 993
992 993 994
993 994
994
997 999
999
