#naive2.0.py
# GMT Fri Feb 14 14:28:05 2020
# 
0 1 999
1 3 999
3 4 5 220
4 5
5 7
7 8
8 10
10 11
11
16 950
22 784
25 27
27 288 658
30
35
41 43
43 44 45
44 45 46
45 46 47
46 47
47
53 55
55 57
57 59
59 61
61 63 660
63 64
64 766 375
70 71 72
71 72
72
77
81 82
82
85
91 328
96 98
98 99
99
103 897
104 106
106
112 195
116
118
123 817
124
127
130 131 132
131 132
132 134
134 136
136 138
138 139 140 347
139 140
140 142
142 144
144 406 381
148 150
150 151 152
151 152 344
152
155
156
162
173
177
183 184 624 956
184
188 190
190
195 196 197
196 197 766
197
201 202 203
202 203
203
207 208 209
208 209
209
214 216
216 217
217
220
223 225
225
228 230
230
236 237 238
237 238
238 240
240
242
245 246
246 596
250 251
251
255 256 257
256 257 846
257 259
259
262 263 264
263 264
264 266
266 890
273 274 275
274 275
275 962
278 279
279
282
285 286 287
286 287 288
287 288 289
288 289
289 291
291
294 296
296
297 996
299 300 301
300 301 302
301 302
302
308 309 798
309 311
311 313
313 315
315 901
321
326 328
328 330
329 330
330
332
336
341
344
347
348 350
350 352
352 354
354 355
355
358 359
359
362 364 597
364 366
366
369 371
371
374 375
375
378
381 383
383 384 385
384 385
385
395
399 400
400
406 408
408
411 413
413 414
414
418 420 604
419 420 421
420 421 422
421 422
422 614
426 427 428
427 428 429
428 429
429
433 434
434
441 724
444
449 740
451 453 619
453 454
454 793
456 457
457
460
464 466
466 467
467
474 476
476
482 484
484 485
485 487
487 488
488
493 495
495 497
497 499
499 500
500
505 506 507
506 507
507
511
517 838
520 521
521 523 782
523 525
525 527
527 529
529 530
530 532
532 534 802
534 535 536
535 536 537 825
536 537 538
537
538
541 542 553
542
545 546 547
546 547 548
547 548 549
548 549
549
553 554
554
557 558 559
558 559
559
562 563
563 565
565 567
567 569
569 570
570
577
580 582
582 584
584
587
591 592
592
596 597
597
601 603
603 604 784
604
609 610 611
610 888
611 613
613 614
614 616 831
616 617 618
617 618 619
618 787
619
623 624 860
624
627 629
629 630
630
633 635
635 636 637
636 637
637 639
639 641
641
643 644 941
644
647 648
648
651 652
652
656 658
658
660 661
661 663
663
666 667 668
667 668
668
671 673
673 674
674
676 677
677
683
688
691 692
692 694
694 696
696
699
706 707
707 709 944
709 711
711
714
719
722 723 724
723 725
724 791
725
731 732
732
735
740 742
742 744
743 744
744
747
751
755 756
756
766
769
772
775 776
776
779
782 783 784
783 784
784
787 912
791 792 793
792 793
793
795
798
800 801 802
801 802
802
805 806
806
817
823 825
825 827
827
830 831
831 833
833 835
835
838 839
839 840
840
846
849 851
851 853
853
858 860
860 861
861 862
862 864
864 975
868 869 870
869 870
870
873 874 875
874 875 876
875 876
876 878
878 879 880
879 880
880 882
882 883 884
883 884 885
884 885 886
885 886
886 888
888 890
890
892 893 894
893 894 895
894
895 897
897 898 899
898 899 900
899 900
900 901
901 903
903
906 908
908
911 912 913
912 914
913 914 915
914 915
915 917
917
920
926 928
928 930
930 932
932
935 937
937 939
939 941
941 942
942 944
944 945 946
945 946
946 948
948 950
950
953 954
954 956
956 958
958 959 960
959 960 961
960 961 962
961 962
962 964
964
966 968
968 970
970 972
972
975
980
983
986 987
987 989
989
990 992
992 993
993
996 998
998 999
999
