#naive2.0.py
# GMT Fri Feb 14 14:28:02 2020
# 
0 1 2
1 2
2 4
4 6
6 7
7
10 11
11
19 20 225
20
23 24
24
27 288
30 31
31 58
33 35
35 37
36 37 38
37 38
38
46 47
47 205
52 516
55
58
62
68 70
70
73 74 75
74 75
75
78 79 80
79 80 81
80 81
81 83
83
86
89
92 93 94
93 95 269
94 95 96
95 96 97 899
96 97
97
104 105
105 107
107 109
108 109
109
113 114
114 116
116 117
117 119
119 120 121
120 121 122
121 122
122 124
124
127 367
128 130
130 131 241 397 826
131
134
137 138 289
138 347
141
147 148
148
152 154
154 155 156
155 157
156 157
157 159
159 160 285
160 705
161
164 165
165
168 170
170 172
172 173 665
173
178 179
179 181
181 607
182
186 187 188 747
187 188
188
191
196 197
197
198 200
200 202
202 203
203 205 796
205
208 209
209
212 214
214
220
223 225 490
225
226 857
228 230
230
234
239 241
241 242
242
246 248
248
255
263 264 265
264 265
265 267 342
267 269
269 270 271
270 686
271
278 279
279
283
285 287
287 288 289
288 289
289 290 615
290
293 294 295
294 295
295
298
301
305
309 311
311 313
313
316 318
318 642
322 323
323
327 328 329
328
329
332 333
333
338 340
340 342
342 344
343 344 345 537
344 345 346
345 346 347
346 347
347
351 353
353 354
354
357 358
358
366 367
367
371
374 375 376
375 376
376
381
384 385
385 387
387 388 389
388 389
389
392
393 395 989
395 397
397 756
399 400
400
405 407
407 409
409 410 411
410 411
411
414
419
422 669 614
427
434 436
436 437
437 439
439 440
440 442
442 443
443 646
447 449
449 740
451 619
454 852 793
456 457 458 820
457 458
458
463 465
465 466 467
466 467
467
471
475 477
477
480 482 755
482 484
483 484 485
484 485 486
485 486
486
489 490 491
490
491
496 498
498 500
500
509
511 512
512
515 516
516 918
519 520
520 521
521 523
523 524
524 526
526
529 531
531 532 533
532 533 534
533
534 536
536 537 538
537 539
538 539
539 541
541
545 546
546 548
548 549 550
549 550 551
550 551
551
554
561 788
564 566
566
573 574 575
574 575
575
579 580 742 741
580 581
581
584
587 588 589
588 589 590
589 590
590 592
592 594
594
597 598
598
601 602
602
604
607 608
608 610
610 612 888
612 613 614
613 614 615
614 831
615
618 620
619 620
620
623 624 625
624
625
632 633
633
636
640 641 642
641 642 788
642 644
644 646
646
652
655 656 657
656 657
657 659
659
665
666
669 671
670 671
671 673
673 674
674
676 678
678 679 680
679 783
680 682
682 683
683 685 863
685 686
686
693 695
695 697
696 697
697 865
700 702
702 703
703 705
705 706 945
706 707
707 709
709 711
711
715
718 720
720 721
721 723
723
726 727 728
727 728 729
728 729
729
732 733
733
738 739
739 740 741
740 741 742
741 742 743
742 744
743 744 745
744 745
745 747 798
747
748
751 752 753
752 753
753 755
755 756
756 758
758 760
760 761 762
761 762
762 763
763 765
765 767
767 768
768
771 772 773
772 773
773 775
775 777
777
780
783 978
786 788
788 789 790
789 790 791
790 791
791 792 793
792 793
793
796 823
797 798
798
800 801
801
808 810
810 811
811
817
820
822 823 824
823 824 825
824 825 826
825 827
826 827
827
830 831 832
831 832 833
832 833 834
833 834 835
834 835 836
835 836
836
839
842 843
843
847 848 849
848 849
849
852
853
856
857
859
863 864
864 866 975
865 867
866 867
867 868
868
872
875
880 882
882
885 886 891
886 888
888
891 892 893
892 893
893
896 898
897 898 899
898 899 900
899 900
900 901 902
901 902 903
902 903 904
903 904
904 906
906
911
915
918 920
920 922
922
925 926 927
926 927
927 929
929 930
930
935
938
941 942
942 943
943 945
945 947
947
952 954
954 955 956
955 956
956
960 961
961
965 966
966
969
973 975
974 975 976
975 976
976 978
978
979 981
981 982
982 984
984 985
985
988 989 990
989 991
990 991
991
995 996
996
