#naive2.0.py
# GMT Fri Feb 14 14:28:10 2020
# 
1 2 3
2 3 4
3 4 220
4 6
6 7
7
14 15 107
15 17
17 18
18
22 23 784
23 25
25
28 29
29
34
41
47 48 49 205
48 49
49 51
51 52
52 54
54 56
56
59 61
61 63
63 65
65
70 71 72
71 72
72 74
74 75 76
75 76
76 78
78 80
80 81 82
81 82 83
82 83
83 998
86 87 88
87 88 503
88 90
90 91
91 93
93 95
94 95 96
95 96 899
96
99 100
100 833
102 103
103 105 897
105 106 107
106 107 108
107 448
108 110
110 112
112 114 195
114 115
115 117
117
126 127 128 447
127 367
128 130
130 131 241 826
131 133
133 134
134 136
136 138 845
138 139 347
139
143 144 145
144
145 812
148 149
149 151
151 152
152 153
153
156 404
162 163
163 165
165 166 167
166 167
167 169
169 517
171 172 789
172 174
174 175 176
175 176
176
180 182
182 183 184
183 184 185 956
184 185 186
185 186 187
186 187
187 189
189 191
191
195
200
203 204 205
204 205
205 284 559
210 211 212
211 212 213
212 213
213
219 220 895
220 221
221 223
223 224 490
224 226
226 227 971 857
227 229
229
234
237 239
239 240 241
240 241
241
244 304
248 249
249
255 256 257
256 257 258 846
257 258 259
258 259
259
262 264
264 266
266
270 272
272 273
273 275
275
277 278
278
281 282 283 674
282 283 284
283 284
284 285 286
285 286
286
289
293 294 295
294 295
295 487 404
299 300 301
300 301
301
304 573
307
311
317
321 322
322 324
324 325 326
325 326 327
326 327
327 329
329 330
330 540
332 333
333 335 445
335
346 347 348
347 349
348 349
349
353
357
362
365 366 367
366 367
367
371 373
373
376
379
384 385 386
385 386
386
389 390 391
390 391
391
393 394 989
394 396
396
399
403 404 405
404 405
405
408 409 410
409 410
410
413 414
414 416
416 417
417
421
425 426
426
430 431
431 886
433 434 435
434 435
435
440 441
441 443
443 444 445 646
444 445
445
447 449
448 449
449
453
456 820
460
462
466 468
468 469 470
469 470
470
476
481
485 486 487
486 488 877
487 488 489
488 490 748
489 490 491 517
490
491
496
499
503 505
504 505 910
505
508 510
510 511 512
511 512 513
512 513
513
517 518 838
518
522 523 524
523 524
524
527
534
538 539 540
539 540 541
540 541 542
541 542 543 553
542 543
543 723
546 548
548
552 553 554
553 554
554 556
556
557 559
559 561
561
563 565
565 566
566
571 573
573 574 575
574 575
575
578 579
579 742
581 583
583 584
584
587 588 589
588 589 590
589 590
590 592
592 593
593
595 596
596
599 601 629
601 603
603 604 784
604 605
605 607
607 608
608 610
610 612
612 613 614
613 614
614 831
617 619
619
622
625 627
627 629
629 630
630
633 634
634
637 638
638
641
643 644 941
644 646
646 648
648
654
655 657
657 658
658
664
668
671 672
672 674
674 675
675
679 681 783
681
684 685
685 687
687
691
698
706
712 714
714
718
719
723 725
725 726 727
726 727 728
727 728 729
728 729
729 731
731
735
739
742
746 748
748 750
750 752
752 753 754
753 755 931
754 755
755 757
757 759
759 761
761 762 841
762 764
764 765
765 766 767
766 767 768
767 768 769
768 769 861
769
772 773 774
773 774 775
774 775 776
775 776
776 778
778
783 784
784
789 791
791 792
792
803
806
810 812
812 813 814
813 814 815
814 815 816
815 816
816 817 818
817 818
818 820
820 821
821 823
823
826
831 832 833
832 833
833
837 838
838
841 842 843
842 843 844
843 844 845
844 845 846
845
846
848
853 854
854
857
859 861
861 862
862
865
866
869
873 874
874 876
876 877 878
877 878 879
878 879 880 896
879 880
880 882
882 884
884 886
886 887
887
891
895 896 897
896
897 899
899
902 904
904
907 908
908 910
910 911
911
914
920 921
921
925 926 927
926 927 928
927 928 929
928 929 930
929 930 931
930 931
931 933
933 934
934 936
936 938
938 939 940
939 940 941
940 941 942
941 942
942 943
943
947 948
948
951 953
953 954 955
954 955 956
955 956
956
960 961
961
968
971
976
979
983
988 989 990
989
990
993 994
994
998
