#naive2.0.py
# GMT Fri Feb 14 14:28:10 2020
# 
0 999
6
9
12
15 16 17
16 950
17 18 19
18
19 21 225
21 22
22 784
27 28 29
28 29
29
32 34
34 36
36 37 38
37 38 39
38 115
39 41
41 42 43
42 43 491
43 44
44
47 48 49 205
48 49 50 922
49 50 51
50 52
51 52
52 54
54 56
56 58
58 59
59
64 766
68 70
70 71
71 73
73
77 78
78 80
80 81 82
81 82 83
82 83 84
83 84 85 998
84 85 838
85 86 87
86 87 88
87 88 503
88
91 93 328
93 95
94 95
95 97
97 98 99
98 99 100
99 100
100 833
105 106 107
106 107
107 448
110
113 114 115 370
114 115
115
119 121
121 386
123 125
124 125 126
125 127 868
126 127 128
127 367
128
131 132
132 134
134 135
135
138 139 347
139
142 143
143
148 149 150
149 150
150
157 159
159 160 567 285
160 162
161 162
162 164
164 165
165 167
167
174
177 178 179
178 179
179
183 184 185 624 956
184 185
185 187
187 189
189 190
190 192
192 194
194 195
195
200 201
201 203
203 205
205
206 207
207 209
209 210
210
220
225 227
227
230 231 232
231 232 233 764
232 951
233 235
235 237 602
236 237 238
237 238 239
238 239
239
242 244
244 245 246
245 246
246 248
248 249 250
249 250 251
250 251
251 253
253
257 258 259
258 259
259
262 264
264
268
272 273
273
277 278
278
282 290
285 287
287
290
292
295
296 298
298 300
300
303
305 306
306 308
308 309
309
312 314
314 315 316
315 316 901
316 317 318
317 318
318 319 320
319 320
320
323 324
324
327 328 329
328 330
329 330
330 540
335 337
337 339
339 340 341
340 341
341 343
343 345
345 347
347
350
356 357 358
357 358
358
361
365 367
367
370
371 373
373
376
381
384 385 386
385 386 387
386 387
387 389
389 390 391
390 391
391
395 397
397
398 400
400 402
402 403
403 405
405 406
406 408
408
412
414 415
415 417
417
421 423
423
426
430
433 434 435
434 435
435 437
437
444 445 446
445 446
446 448
448
451 619
454 455 852
455
458
462 463 992
463 464
464 466
466
471 473
473 475
475
483
486 877
491 493
492 493 494
493 494 495
494 495 496
495 496 497
496 497 498
497 498 499
498 499 500
499 500
500 502
502 503
503
506
514
519
522 523 524
523 524 525
524 525
525
534 536
536
540 542
542 544
544
548 549 550
549 550 551
550 551
551 553
553
555 894
558 560
560 562
562 563 564
563 564
564 948 871
567
570
573
577
580 581
581 583
583 602
587
592 594
594
597 598
598 599 600
599 600 601
600 601 602
601 602 603
602 603
603 784
608 609 610
609 610 611
610
611 613
613 614
614
619 620 621
620 621
621
624
625 627
627 628
628 819
631
634 635
635
638 639
639
643 645
645 646 647
646
647 649
649 651
651
655 657
657
662 663 664
663 664 665
664 665
665
670 671 672
671 672 673
672 673
673 675
675 676 677
676 677
677 679
679 681
681 682 683
682 683
683 685 863
685 686
686
690
693 694 695
694 695
695 697
697 865 951
700 702
702
706
709
712 713 714
713 714
714
717 719
719 720 721
720 721
721 723
723
724 791
726
730 732
732 734
734 736
736
737
741 742 743
742 744
743 744
744
748 750
749 750
750
753
758 760
760 761
761 841
763 764
764
766
769
773 775
775 776
776 778
778 779 780
779 780
780 782
782 784
784 785
785
788 789
789 791
791
795 797
797 799
799 801
801
805
811 812
812
815
819 821
821 823
823 824
824
832 833
833
837 838 839
838 839
839 840 841
840 841 842
841 842
842
846 847
847 848 849
848 849
849 851
851 852 853
852
853
858 859 860
859 860 861
860 861
861
863 864
864 866 975
865 867
866 867
867 868
868
871
875 876 877
876 877
877 879
879 881
881 883
883 884
884 886
886 887
887
892 894
894 896
895 896 897
896
897
901 902
902 904
904
907 908
908
911 913
913 914
914 916
916
921 922 923
922 923
923
935 936
936 938
938 939 940
939 940
940 942
942
946 947 948
947 948
948 950
950 951
951 953
953
956 958
958 960
960 961 962
961 962
962
965 966
966 968
968 969 970
969 970
970
973 975
974 975 976
975 976
976 977
977 979
979 981
981 983
983
986 987
987 989
989
992 993
993
998 999
999
