#naive2.0.py
# GMT Fri Feb 14 14:28:03 2020
# 
0 2
2 3 4
3 4 220
4
8 10
10
13 15
15 16
16
18
19
22 23
23 25
25
29 364
31
33 34 35
34 35 36
35 37 650
36 37
37
44 45
45 47
47 49 205
49 50
50
53 55
55 56 57
56 57
57
61
66 68
68 69
69 416
74
77
80
85 163
89 90 91
90 91 197 585
91 328
95
98
101 102 103
102 103
103 897
106 107
107 448
110
113 114 370
114 855
119
122 123
123 817
126 128 447
128 129 130
129 130
130 850 241
138 139
139
142 143
143
146
149 150 151
150 151
151
153 154
154
158 160
160
161 163
163 165 991
165 166
166
172 174
174 175
175
178
181
183 184 185
184 185 186
185 186 187
186 187
187
192 194
194 195
195 197
197 199
198 199
199
205
210 211
211
220 221
221
227 228 229
228 229 571
229
232 234 951
233 234 235 520
234 235
235 237
237
241 242
242 244
244 245
245 247
247 248
248
256
261 262
262
267 268 269
268 269
269 271
271
275 276 962
276 277 278
277 278 279
278 279 280
279 280
280 460
282 283 290
283
287 288 289
288 289
289 290 615
290
292 293 294
293 294 295
294 295
295 297 716 404
297
299 301
301
309
312 313 314
313 314 315
314 315
315
317
319 320
320 322
322 323 324
323 324
324
327 328
328
331 332
332
335 337
337 338
338 340
340 342
342 560
343
346 348
348 349
349 351
351 352 353
352 353 354
353 354
354 356
356
360
364 365
365
368 369 370
369 370
370 372
372 374
374
378
381 382
382 384
384
387 388 389
388 389 390
389 390
390 392
392 394
394 395
395
398 400
400 401
401 403
403 404 405
404 405
405 407
407 854
410 412
412 413
413
416 418
418
422 423 669
423 424
424
428 429 430
429 430 431
430 431
431 886
435
440 441
441 443
443
447 449
448 449 450
449 450
450 452
452 738
453 455
455
460 461
461
464 465
465 467
467
472 473
473
477
483 484 485
484 485
485
489 491 517
491
492
495 497
497
500 501
501
504
507 509 934
508 509 510
509 510
510 511 512
511 512
512
516 918
517 838
519 520
520 521
521 782
522 524
524 525
525
530
534 535
535
540 542
542 543 544
543 544
544 546
546 548
548 549
549
552 553
553
555 557 894
557
560
561
569 570 571
570 571 572
571
572 574
574
577
580 581 582
581 582
582 584
584 585 586
585 586
586 588
588
594 595
595 597
597
600 601
601
608 609 610
609 610 611
610
611 613
613 615
615 616
616 618
618
623 860
630
635 636
636
639
644
648 650
650 994
655
662
667 668 669
668 669 670
669
670 672
672 673
673
680 681 682
681 682 683
682 683
683 863
689
696 698
698 699 700
699 700
700 702
702 703 704
703 704
704
709 710
710 712 866
712 714
714 715 716
715 716 717
716
717 719
719 721
721 722
722
725 726
726
731 732
732
735
738
752
755 757
757 759
759 761
761
763
770 771 772
771 772
772
775 776
776 778
778 779
779
782
785
790
792 793 794
793 794
794
801 802 803
802 803
803 805
805
809 811
811 813
813 814
814 816
816 817 818
817 818
818
821
828
832 833
833
836 838
838
840
843 844
844
847 848
848 850
850
851 853
853 854 855
854 855
855
860 861
861 862
862 863 864
863 864
864 866
866
868 869
869
872 874
874 875
875
878 880 896
880
884 885 886
885 886 891
886 887
887 889
889 890 891
890 891
891 892
892 894
894 896
896 898
897 898
898
903 905
905 906 907
906 907 908
907 908
908
911 912
912 914
914
918 920
919 920 921
920 921 922
921 922
922
928
933 934
934
938
948
951 953
953 954 955
954 955
955
961 962
962
970 972
972 973
973
976 977
977
982 983 984
983 984
984
991 993
992 993 994
993 994 995
994 995
995
