#naive2.0.py
# GMT Fri Feb 14 14:28:10 2020
# 
1 3 999
3 4 220
4
7 9
9 10
10
15
19 225
24
28 29
29
31 32 58
32 34
34
37 38 39
38
39 41
41
48 49 922
49 51
51 52 53
52 53 54 516
53 54
54 56
56 57 58
57
58
61 63 660
63 64
64 375
66
75
78
81
88
92 94
94 96
96 97
97 99
99
102
111
112 195
120 122
122 123 124
123 817
124
127
128 130
130 241
133 135
135 136
136 138 845
138 140 347
140 141 142
141 142 143
142 143
143
147 148 149
148 149
149
152
160 162
162 164
164 166
166
169 170 517
170 172
172
177 179
179 181
181 215
184
187 189
189 190
190
193 195
195 197
197
198 200
200 202
202
205
208 210
210
214 215
215 217 748
217 219
219 220
220
222 223 224
223 224 225
224 225
225 227
227 228
228 571
235 856 602
238 240
240 241 924
241
244 245 246 304
245 246
246 248
248 249
249 251
251 252
252
255
261
270 272
271 272
272 274
274 275 276
275 276
276 277 278
277 278 279
278 279
279
285 287
287 288
288
290 291
291 293
293 295
295 297 404
296
297 996
300
303 304 845
304 573
305 306
306
309 310
310
318 319 320 642
319 320 321
320 321
321 323
323 325
325 326 327
326 327
327
330 540
334 336
336 337
337 339
339 340 341
340 341
341 343
343 344 537
344
347
348
353 354 355
354 355 356
355 356
356 358
358
365
371
375 377
377
380
383
386 387 388
387 388 389
388 389 390
389 390
390
393
399 400
400
404
407 854
408
411 412
412 807
414 415 416
415 416 417
416 417
417
420 421
421 423
423 424 425
424 425
425 427
427 428 429
428 429
429 431
431 432
432 433
433
438 439
439
442 443 444
443 444 646
444 446
446 447 448
447
448 450
450
453
456 820
459
462 463 992
463 464
464 466
466 467
467
470
477 478
478
482
483
489 491 517
491 493 909
492 493 494
493 494 495
494 495
495
500 501 502
501 502
502 740
504 505 910
505 506
506 508
508
511 512 513
512 513
513
516
517
521
527
533 535 735
534 535 536
535 536 537 825
536 537 538
537
538 540
540 542
542 544
544
547 549
549
553 554
554 555 556
555 556 894
556
567
571 573
573 574
574
577 578 579
578 579
579
583 584 602
584
589 590 591
590 591 592
591 592 593
592 593 594
593 594
594 595
595
601 602
602
604 605
605
608 609
609 611
611
614 616
616
621 622 623
622 623 624
623 624 625
624
625
628 819
629
635 636 637
636 637
637 639
639 640
640 642
642
643 645 941
645 646 708
646 648
648 649 650
649 650
650 994
652
655 656
656 658
658
660 662
662
666 667 668
667 668
668
672 673
673
676 677 678
677 678
678 680
680 681
681 683
683 685 863
685
688 689 690
689 690
690
693 694
694
699 701
701 702 703
702 703
703
707 709
708
709 711
711 712
712
717 718
718
723
728 730
730 732
732
735 736
736
739 740
740
744 745
745 798
748 750
749 750 751
750 751 752
751 752
752
755 757
757 759
759 760 975
760
763
767 768
768 861
773
779
784
786
789
793
795
798
799 801
801 802 803
802 803
803 805
805 807
807
810
817 818 819
818 819 820
819 820 821
820 821
821 822
822 824
824 825
825
832
836
842
845 847
846 847
847 848 849
848 849
849
852 854
853 854 855
854 855 856
855
856 858
858 859
859 861
861 862
862 863 864
863 864
864 975
867 869
869 870
870
874 875
875
879 881
881
885 891
890 891
891 892
892 894
894
897 898 899
898 899
899
901
904
909 910
910
914
919 921
921 922
922
924 925 926
925 926 927
926 927
927
930
933
938 940
940 941
941
943 945
945
950 951
951
954 955 956
955 956
956 958
958 959
959 961
961
969
972
975
977 979
979 980
980 982
982
985 986
986
990 992
992 993 994
993 994
994 996
996 997 998
997 998 999
998 999
999
