#naive2.0.py
# GMT Fri Feb 14 14:28:09 2020
# 
0 2
2
5 6
6
11 13
13 15 531
15 16 17
16 254
17
22
25 26
26
30 31
31 58
35 650
38 40 115
39 40
40
43
46
49 50 51
50 171
51 53
53 54
54
58
65 809
68
74
78
85 86 163
86
89 90
90
94 95 96
95 96 899
96
99
105 107
107
110 111
111 113
113 115 370
115 116
116
118 119 120
119 120
120
124 126
126 447
130 132 241 397 826
132 133 134
133 134
134
138 139 140 347
139 140
140 392
149
154 156
156
158 159 160
159 160 285
160 705
161 163
163 991
164 166
166 168
168
171
174 175 176
175 176 177
176 177
177 179
179 180
180 182
182 184
184
188 189
189 191
191 193
193
196
199 200
200
205
210 211 212
211 212
212
217 219
219 220 895
220
222 224
224 225
225 227
227
230 231
231 233 764
233
236 237 238
237 238 239
238 239
239 241
241
244 304
248
251
254 255
255
260 261 262
261 262
262
266
269
275 276
276
280 460
283 446
285
290
292 293 294
293 294 295
294 295
295 297 487 716
297
299 300
300 302
302 304
304
305 307
307 308
308 798
312 313
313 315
315 316
316 317 318
317 318
318 319 320
319 320
320
324 326
326
334
339 341
341 342 343
342 560
343 537
347
348
352 353
353 355
355
361
364 969
368 370
370
371
376 378
378 379
379
382 383 384
383 384 385
384 385
385
388
391 392 835
392
395 397
397 756
400 401 402
401 402 403
402 403
403 405
405 406
406
409 410 411
410 411
411 413
413 414 415
414 415
415
418 604
422 423 669
423 425
425 426 427
426 427 428
427 428 429
428 429 430
429 430
430 432
432 434
434 435
435 437
437
440 441 442
441 442 724
442 444
444 446
446 447
447
450 451 452
451
452 744 738
456 458
458 460
460
462
464 465 466
465 466 467
466 467 468
467 468
468 470
470
475 477
477 478
478 480
480 482
481 482
482 484
484 746
487 488 489
488 490
489 490 517
490
495
502 740
505 507
507 934
512 513
513 515
515 517
517
519
521
524 526
526 528
528 530
530 531 532
531 532 533
532 533 802
533 735
537
538
541 553
545 546 547
546 547 548
547 548
548 550
550
553
557
560 562
562
572
577
581 583
583 584 602
584
589
592 593 594
593 594
594 595
595
598
601 602 603
602 603
603 604
604 606
606 607 608
607 608
608 610
610
620 621 622
621 622
622 624
624
632 633 634
633 634 635
634 635
635
640
645 647 708
647 648 649
648 649 650
649 650 651
650 651 994
651 653
653 655
655 656
656
659 660 661
660 661
661 663
663
669
676
681 682
682 684
684 685
685
688 689
689 691
691
695 889
699
702 703
703 705
705 706
706 708
708
709
712
716
719 720 721
720 721 722
721 722
722 724
724 791
725 726
726
730
733 735
735
738
740 741
741
744 746
746
747
750 751
751 753
753
756 757 758
757 758
758
763 764 765
764 765
765
768 769
769 771
771 773
773
780 781
781
788
791 793
793
796
797 798 799
798
799 801
801 802 803
802 803
803
804
809
813
816 818
818 819
819 821
821 822
822
826
828
831
835
839
848
853 855
855 857
857 858
858 859 860
859 860
860
862 863
863
865
870 871
871
873 875
875 876 877
876 877
877
882 883 884
883 884
884 886
886
889 891
891 892 893
892 893
893 895
895 897
897 899
899 900
900 902
902 903 904
903 904 905
904 905 906
905 906
906
909 911
911 912 913
912 914
913 914
914 916
916
920 922
922 923
923
927 928 929
928 929 930
929 930
930
934 935 936
935 936 937
936 937
937 939
939 940 941
940 941 942
941 942
942 943
943
948
951 952 953
952 953
953 955
955 957
957
960 961
961 963
963 964
964
967 969
969
976
979 981
981 982 983
982 983
983
989 991
991
994 995
995
