#naive2.0.py
# GMT Fri Feb 14 14:28:11 2020
# 
1 2 999
2 4
4 5 6
5 6
6
10 11 12
11 12
12
16 254
18 733
19 21
21 22 23
22 23 24
23 24 25
24 25 26
25 26 27
26 27 28
27 28 288 658
28 30
30
36 37 38
37 38
38
43 44
44 46
46 48
48 49
49 51
51 53
53 55
55
61
62
69
71 72 73
72 73 74
73 74
74 76
76 77
77
80 82
82 83 84
83 84 998
84
88 89
89
92 94
94 95
95
100 101 833
101 103
103 105
105 107
107
110 111
111 113
113 114 370
114
117 119
119 121
121
123 125 817
124 125
125
128
135
138
145 146 812
146 148
148 150
150 151 152
151 152
152 154
154 155 156
155 157 472
156 157 404
157 159
159 160 285
160 162
161 162
162 164
164
167
170
173
176 177 178
177 178
178
181 215 607
182 183
183 624 956
186 187
187 189
189
194 195
195
199
203 205 796
205 284
206
209 210
210 212
212 213 214
213 214 215
214 215
215
220 221
221 222
222
227 229
229 231
231 232 764
232
235 237
236 237
237 239
239 240 241
240 241 924
241
244 245 246 304
245 246
246
249 251
251 253
253 254 255
254 255
255 257
257
260
264 265 266
265 266 267 342
266 267 890
267 269
269 270
270
274 275 276
275 276
276 278
278 279 280
279 280
280
282 283 284
283 284
284 285
285
288 289
289
292
295 716 404
296
300 301
301
304
305 306 307
306 307
307
313 314
314
318 319 320
319 320 321
320 321 322
321 322 323
322 323
323
329 331
331 332 333
332 333
333 445
338 340
340 341 342
341 342
342
346 348
348 349
349 351
351
355
358 359
359 361
361 362 363
362 363
363
366 368
368 369 370
369 370
370 372
372
373
376
381 383
383
390 392
392 394
393 394
394
400 401 402
401 402 403
402 403 404
403 404
404
409 410 411
410 411 412
411 412
412 807
414
417 418 419
418 420
419 420
420 422
422
429 431
431 432 886
432 433 454
433 435 509
435 437
437 438 439
438 439 440
439 440 441
440 441
441 443
443 444 445 646
444 445
445
449 740
451 453 619
453 454 455
454 455 852
455 457
457
461
467
472
476 478
478 480
480 482
482 484 949
483 484
484 486
486 488
488
489
492 493 494
493 494
494 496
496 497
497 499
499 500 501
500 501 502
501 502
502 740
505 507
507 509 934
508 509
509
512 513
513 515
515 516
516
519 520 829
520 521
521
522 524
524
529 530
530 532
532 533 802
533
537
538 540
540
543 544
544
547 548 549
548 549
549
554 556
556 558
558
562 564
564 566 871
565 566
566 568
568 570
570 571
571
578 579
579 742
585
588 590
590 591
591 593
593
595
600
605 607
607 608 609
608 609 610
609 610
610 612
612
616 618
618 787
619 621
621 622 623
622 623 624
623 624 625
624 626
625 626
626 703
634
638
644 646
646
647
651 652 653
652 653
653
658 659
659 661
661 662 663
662 663
663 665
665 667
667
670 672
672 673
673
676 677
677
680 682
682 684
684
687
689 690
690 692
692 693 694
693 694 695
694 695
695 697
697
703
710 711 712
711 712 713
712 713
713
716
720
726
731 733
733
736 738
737 738
738
740 742
742
743 745
745 798
749 750 751
750 751 752
751 752
752
758 759 760
759 760
760
764 765
765 767
767 768
768
774 776
776 777
777
780
783
787 789
789
794 796
796
798
799 801
801 802 803
802 803
803 946
804
807
810 812
812 813
813
817
821
824 826
826
829
833 834 835
834 835 836
835 836 837
836 837
837
842
847 848
848 850
850
852 854
853 854
854
859
864
869 871
871 872
872 874
874 875
875
880 881 882
881 882 883
882 883 884
883 884
884 886
886
890
892 894
894
895
901
905 906
906 908
908 910
910
914 916
916 917
917 919
919
923 924
924 925 926
925 926
926
929 931
931
934 935 936
935 936
936 938
938 939
939
946 947
947 949
949
952 953
953 955
955 956 957
956
957
964 965
965 967
967 968 969
968 969 970
969 970
970 971 972
971 972 973
972 973 974
973
974
977
980 981
981 983
983
986 987 988
987 988
988
993
996 998
998 999
999
