#naive2.0.py
# GMT Fri Feb 14 14:28:09 2020
# 
4 5
5 7
7 8 9
8 9
9
13
14 107
16
20 21 22
21 22
22
26 28
28 29
29
31 32
32 33
33 35
35
36 38
38
39
42 43 491
43
46
49
52 53 54
53 54
54
57
64 766 375
65 66
66
69 70 416
70 72
72 73 74
73 74
74 76
76
79
84 838
88 90
90 585
93 95
94 95
95
98 99 556
99
106 107
107 109
109 111
111 367
117 118
118
122
125 127 868
127 367
130 241 826
138 139 140 347
139 140 141
140 141 392 713
141
144
145 146
146 147 148
147 148
148 150
150 151
151 344
153
159 567
161 163
163 991
166 168
168 169
169
172 174 665
174 176
176 177 178
177 178 179
178 179
179 181
181
183 624
186 187 747
187
190 192
192 194
194
204 205 567
205 284
206 208
208 209
209 211
211 213
213 214
214 216
216 218
218
223 225 490
225
226
228 229
229
235
236
239 240 241
240 241
241
243
247 248 249
248 249
249 251
251 252 253
252 253
253
258 260
260
263 264 265
264 265
265 267
267
271 273
273 274 275
274 275
275
277 278
278
281
284
289
295 716
298 299
299
303
305 306
306
311
315
319
331 332
332
336 338
338 339
339
343 344 537
344 346
346 347 348
347 349
348 349 350
349 350 351
350 351
351
354 355 356
355 356 357
356 357 358
357 358
358 360
360 361
361 363
363 365
365 367
367 368
368 370
370 372
372
373 375
375 376
376
380 382
382
389
392
393 989
399
402
407
408
411 412 413
412 413 807
413 414
414 416
416 417
417
421
424
427 428
428 430
430
433
437
440 441
441 724
445
449 450 740
450
454 455 852 793
455 456
456
459 461
461 462
462 992
464
467
470 471 472
471 472
472
475 477
477 478
478 480
480 482
482
485
488 490 748
489 490 491
490 492
491
492
495 496
496
499 500
500
507 934
511 512
512
518
521 523
523
527 529
529 530
530 532
532 534
534 535 536
535 536 537
536 537
537 539
539
545 546
546 548
548 549
549 551
551 552
552
555 556 557
556
557
562 563 564
563 564 565
564 948
565 567
567
568 570
570
574 575
575
578
582
585 586 587
586 587
587 589
589 591
591 592
592 594
594 595
595 597
597
601
604 605
605
608 610
610 888
614 616
616 617 618
617 618
618 787
622 623 624
623 624 625
624 626
625 626
626
630 981
631
634 635
635
639
642
643 645 941
645
648 649
649
653 790
658
662 663 664
663 664 665
664 665
665
668
678 680
680 681
681 683
683 684 863
684 686
686 688
688 689
689 691
691
695 889
700 701
701
705 945
707 709 944
709 711
711 713
713 714
714 715 716
715 716 717
716
717
720 722
722 724
724 791
725 726
726 728
728 730
730 732
732 733
733
736 738
737 738 739
738 739
739 740
740 742
742
746 748
747 749
748
749
752 753 754
753
754 756
756 757 758
757 758 759
758 759
759 761
761 841
763 764
764
766 768
768 769 770
769 770
770
775 776
776 778
778 779
779
783
786 787
787
790 791
791 792 793
792 793
793
796
797 798 799
798
799
804 805
805 807
807
810 811
811 813
813 814 815
814 815
815
817 818
818
824 826
826 827
827 829
829 830
830
835 836 837
836 837 838
837 838
838
841 842
842 844
844 846
846 847
847 848
848
852
853
862 863 864
863 864
864
867 868 869
868 869
869
872
876 877 878
877 878 879
878 879 896
879
885
888 889
889
895 896
896
900 902
902 903
903 905
905 906 907
906 907
907
911
915 916
916
919 920 921
920 921 922
921 922
922
925 927
927
932 934
934
940 941 942
941 942
942 943 944
943 944 945
944 945
945 947
947 948
948
955 957
957
963 965
965 966
966 968
968 969
969
974 976
976 977
977
980 981
981 983
983 984 985
984 985
985
989 991
990 991 992
991
992
995
