#naive2.0.py
# GMT Fri Feb 14 14:28:04 2020
# 
1 2
2 4
4 6
6 7
7
10
14
19 21 225
21 22
22 784
28 29 30
29 30
30
37 38
38
43
47 48
48
53
56 57
57 59
59 60 61
60 61 62
61 63
62 63
63
66 67 68
67 68
68
71 72
72
76 78
78 80
80 82
82 83
83 998
86 87 88
87 88 89
88 89 90
89 90 91
90 91 585
91 92 93
92 93
93 269
97 98
98
106
109 111
111
112 114
114 855
117
123
124
129 298
131 132
132
136 845
140 392
143 144 145
144 406 381
145 146 812
146 147 148
147 148
148
151 152
152 153
153
156 157
157
163
164
172
176
180
184 185 186
185 186 187
186 187 747
187
191 192
192 194
194
200 201
201
208 210
210 211 212
211 212
212
220
222 223 224
223 224 225
224 225
225
229 230
230 232
232 234
233 234 235 520
234 235 236
235
236
239 240
240
246
252 253 254
253 254
254 256
256 258
258
261 262 263
262 263
263 265
265 266 342
266 268
268 269
269 271
271
274 275 276
275 276
276 277 278
277 278
278
283 284
284
289 291
291 292 293
292 293
293 295
295 487 716
298
306 308
308 309
309
313
317 985
319
324 325
325 327
327
331 332
332
335 337
337 338
338
342 560
349 351
351 353
353 354 355
354 355 356
355 356 357
356 357
357
361 362 363
362 363
363 365
365 366
366 368
368 369
369
378 379 380
379 380 381
380 381
381
384 386
386 387
387
390 391 392
391 392
392
393 989
396 397
397
399
402
406 407
407 409 854
409 410 411
410 411 412
411 412
412
414 415
415
422 423 669 614
423 424
424 426
426 428
428 430
430 431
431
436 438
438
442 443
443
447
454 455 852
455 457
457 459
459
462 992
466 468
468 469
469
472
474
478 479 480
479 480
480 482
482 949
487 488
488 748
491 493 964
492 493 494
493 494
494 496
496 497 498
497 498
498 500
500
504 505
505 507
507
510 511 512
511 512
512 514
514 515
515
519 520
520 521
521 523 782
523 525
525 526 527
526 527
527
530 531
531
534 535
535 537 825
537
538 540
540 542
542 544
544
547 549
549 550 551
550 551
551 553
553
557 558 559
558 559 560
559
560 562
562 563
563 565
565 567
567
568 570
570 571 572
571
572 574
574
577 579
579
581
585
590 591 592
591 592
592
598
601 603
603 604 784
604 605 606
605 606
606 608
608 609
609
614
618
619
623 624
624 626
626 628 703
628
629
631
634 635
635
640 641 642
641 642 788
642
647 648 649
648 649 650
649 650 651
650 651
651
655 656
656
659
662 663
663
666 667
667 669
669
672 673
673 675
675 676 677
676 677
677 679
679
680
683
686
689 690
690 692
692 694
694 695
695
701 703
703 705
705
709 710 711
710 711 712 866
711 712
712 714
714 715 716
715 716 806
716
719 720
720
726 728
728 729 730
729 730
730 732
732
737
740
744 745
745 747
747
748
757
760 761 762
761 762
762 763 764
763 764
764
766 768
768 769
769
773 774
774
777 778
778 780
780 781 782
781 782
782 784
784 785
785 786
786 788
788 789 790
789 790 791
790 791
791
794 795 796
795 796 797
796
797 799
799 800 801
800 801 802
801 802
802
804 805 806
805 806
806
809
812 813
813
818
824 825
825 827
827
830 832
832 833
833
836 837
837 839
839
842 843
843 845
845
848 849
849 851
851 852 853
852 854
853 854 855
854 855
855 857
857 858
858
862 864
864 866 975
865 867
866 867
867 868 869
868 869
869
873 874
874
879
883 884 885
884 885
885
895 897
897 899
899
901
904 906
906
913
917 918
918 920
920 921
921
925 926 927
926 927 928
927 928
928
937 938 939
938 939 940
939 940
940
944
948 949
949
952 953
953
956 958
958 959
959 961
961
964 965
965 966 967
966 967
967 969
969
971
974 975
975
977
981 982 983
982 983
983 985
985 987
987 988 989
988 989 990
989
990 992
992
995 996 997
996 997 998
997 998
998
