#naive2.0.py
# GMT Fri Feb 14 14:28:04 2020
# 
0 999
4 5
5 7
7 8
8
11
14 15
15
18
22 24
24 26
26
30 32
32
35
36
39 40 41
40 41
41 43
43 45
45 47
47
52 53 54
53 54 55
54 55 56
55 56
56 58
58
61 63 660 528
62 63
63
67 68
68 70
70 71 72
71 72
72
75 77
77 78 79
78 79
79
82 84
84 838
88 90
90
92
97 98 99
98 99 556
99 101
101
108 109
109
113
120 122
122 123 124
123 125
124 125
125 127
127 367
128
132 133 134
133 134 135
134 135 136
135 136
136 138 845
138 347
141
144 381
146 148
148 150
150
154 156
156 157
157
160 705
163
166 168
168 170
170 171 172
171 172
172
176 178
178 179
179
183 624
189 190
190
195
199 200
200
203 204
204
207 209
209
222
225 227
226 227 857
227 229
229 230
230
233 520
237
240
244 245 246
245 246
246
249 251
251
254 255 256
255 256 257
256 257
257
261 262
262 264
264 266
266 267
267
270 272 686
271 272
272
275 962
278 279 280
279 280 281
280 281 460
281 283 674
283 446
286 287 288
287 288 289
288 289
289 615
294 295 296
295 297 487
296
297 996
306 308
308 309 310 798
309 310
310
314 316
316
320 321 322
321 322
322
325 326 327
326 327 328
327 328
328 330
330 331
331 332
332
338 339 340
339 340 341
340 341 342
341 342
342
347
348
361
365 367
367 369
369 371
371
376 378
378 379
379 381
381 383
383 384 385
384 385 386
385 386
386 388
388
391 835
395 396
396
401 403 815
403 405
405
408 409
409
413 414 415
414 415
415
418
421
426 427
427 429
429 430 431
430 431 432
431 432
432 433
433 435
435 437
437
441 442 724
442
446 447 448
447
448 450
450
455
458 460
460
462
464 465
465
468 470
470 472
472
474
478
483 485
485 486 487
486
487 489
489 490 491 517
490
491 493 964
493 494 495
494 495
495
498 499 500
499 500
500
505 507
507
510 511
511
514 515
515 517
517 518 838
518 520
520 521
521 523 782
523 524
524
528
529 531
531 533
533 735
536 538
538 539
539 541
541 543 553
543 723
546 548
548 549
549 551
551 553
553
555 556
556
563 564
564 948
572 573 574
573 574
574 576
576 577
577
582 583
583 602
586 587
587 589
589 590 591
590 591
591
594
597 598
598 599
599 629
602 603
603
605 607
607 608 609
608 609
609
612
615
619
622 624
624 626
626 628
627 628 629
628
629
634 636
636
640 641 642
641 642
642
645 647 708
647
655 656
656 658
658
660 661
661
664 666
666
669
673 674
674
676 677
677 679
679
680
684 685 686
685 686 687
686 687 688
687 688
688 690
690 691 692
691 692 693
692 693 694
693 694 695
694 695
695
699
702 704
704 705
705 945
708 710
710 712
712 714
714 715
715 717 806
717 719
719 720
720 722
722 723 724
723 725
724
725 727
727 728 729
728 729 730
729 730
730
735 736 737
736 738
737 738
738
740 742
742 744
744 745 746
745 746 798
746
749 751
751
755
761 841
771
780 781 782
781 782
782
798
799 801
801 802
802
806
807 809
809 811
811 812
812 814
814 815
815
818 820
820
822 823 824
823 824 825
824 825
825
829 830
830
833 835
835 836 837
836 837 838
837 838
838
841 843
843 844 845
844 845
845
848 849
849
854
857
859 861
861 862
862
865
869
875 876
876
881 883
883 884
884
887 888
888
891 892 893
892 893
893
896 898
898 899
899
901
904
908
911 912
912
915 916
916 918
918
919
922
932
936 938
938 939 940
939 940 941
940 941
941
943 945
945 946 947
946 947 948
947 948
948
951
958 959 960
959 960 961
960 961 962
961 962
962 964
964
968
972 974
974 975
975
978
979
983
988 989 990
989
990
994 996
996 997
997 999
999
