#naive2.0.py
# GMT Fri Feb 14 14:28:08 2020
# 
0 2
2
5
9 10
10
14 107
18 733
19
23 25
25 26
26
29 364
31 32
32 34
34 35
35 37 650
37 38
38 40 115
40 41
41
45
48 50
50
51 53
53
57
60 61
61 63 660
63 65
65 66
66
69 70
70 72
72 74
74 75
75 77
77 78
78 80
80 81 82
81 82 83
82 83
83
91 92 328
92 94
94 95
95 474 899
98 99 556
99
102 103 987
103
104
107 109
109
112 114
114 115 855
115
119 121
121 386
123 125 817
125
128 129 130
129 130
130
134
139 140 141
140 141 713
141
148 149 150
149 150
150 152
152 153 154
153 154
154
157 158 159
158 159 160
159 160 567 285
160 705
161
165
169 517
172 174 665
174 175
175
180
184 185
185 187
187 188
188
191 192 736
192
198 200
200
203
210
213 215
215
218 220
220 221
221 222
222 224
224 226
226 971 857
233 235
235 856
240
247
251
254
257 258
258
265 342
270 686
273 275
275 276
276
280 281
281 282 283
282 283 290
283 446
285 287
287 288
288
290 291
291
294 296
296
299
306 308
308 309 310
309 310
310
313 314
314 316
316 317
317
321 322 323
322 323 324
323 324
324 326
326 327 328
327 328
328 330
330 331
331 333
333 335 445
335 337
337
341 342
342
346 347
347 349
349
352 353 354
353 354
354 356
356 357
357 359
359 361
361 363
363 364
364 366 969
366 367 368
367 368 369
368 369
369
372
373
376 377
377 379 382
379 381
381 382
382 384
384 385 386
385 386
386 388
388 389 390
389 390
390
393 394 395
394 395 396
395 396
396
399
403 405
405
409 410 411
410 411 412
411 412
412
415 417
417 418
418 604
424 426
426 428
428 429 430
429 430
430
433 509
442 443
443 445 646
445 446
446
450 451 452
451 453
452
453
458
467 468
468
471 472 473
472 473
473 474 475
474
475
479
482 484 949
484 485 486
485 486
486 877
490 492
492 493
493
497 498
498
502 740
508 509 510
509 510
510 511
511 513
513
517 838
521 523 782
523 524
524
529 531
531 532 533
532 533 534
533
534 536
536
541 542 543 553
542 543 544
543 544
544 546
546
553 554
554 556
556 558
558
561 562 788
562 564
564 948 654 871
567
572 573 574
573 574 575
574 575 576
575 576 577
576 577 578 923
577 578 579
578 579
579 741
581 583
583 584
584
589 590 591
590 591
591
594
598 600
600 601
601 603
603 604
604 605
605
608 609 610
609 610 611
610
611 613
613 614 615
614 616
615 616
616 617
617
620 621
621 623
623 625
625 626
626 628 703
628 630 819
630
634
638 640
640
643 941
646 648
648 649 650
649 650
650 994
652 653 654
653 654 655 790
654 660
655 656
656 658
658
660 661
661 663
663 664 665
664 665 666
665
666
670 672
672
676 678
678 679 680
679
680
683 684 863
684 686
686
691 692 693
692 693
693 695
695 697 889
696 697 698
697 698 865
698 699 700
699 700 701
700 701
701 703
703 704 705
704 705
705
708
709 711
711 713
713
715 716 717
716 718
717 718 719
718 720
719 720
720
726
732 733
733
736
740 741
741
749 750 751
750 751
751
755 756
756 758
758 760
760 761 762
761 762
762 764
764 765
765 766
766
769
772 773
773 775
775
782
785 786 787
786 787 788
787 788 912
788 790
790
792 793
793
799 800 801
800 801
801 803
803 946
808
813
817 819
819 820
820
824
827 828
828 830
830 832
832
835 836 837
836 837 838
837 838
838
844
847 848 849
848 849
849
852
855 857
856
857
859
863 864
864
865 867
867 869
869 871
871
873 874
874 876
876 877
877 879
879 881
881 882
882
889 891
891
894
895
899
901 903
903 905
905
910 912
912
915 916 917
916 917 918
917 918 919
918 920
919 920 921
920 921
921 923
923
925 926
926
931
935
939 941
941
943
946 948
948 949 950
949 950
950 952
952 954
954 955
955
958 959
959
965 967
967 969
969
971
977 978
978 980
980
983
986 987 988
987 988
988
993 994
994
