#naive2.0.py
# GMT Fri Feb 14 14:28:08 2020
# 
2 3
3 220
9
12 14
14 107
16
25
28 29 30
29 30 364
30
35 37
36 37
37
42 43 491
43 44
44
47
50 52
51 52
52
55 56 57
56 57 58
57 59 167
58 59 60
59 60 61
60 61 62
61 660 528
62
65 66
66 68
68
78
83 84 85
84 85 838
85 87
87 88
88 90
90 91
91 92 93
92 93 94
93 269
94
98
104 105
105 107
107 448
108 110
110 111 112
111 367
112 195
115
119 121
121 122
122 124
124
128
131 132
132 134
134 135
135
138 140
140 141 713
141
149 150 151
150 151 152
151 152 344
152 153 154
153 154 155
154 155
155
159 160 567
160 162
161 162
162 164
164
167
175
178 179
179
182
185
189 190
190 192
192
195
198 199 200
199 200 201
200 201 202
201 202
202
210
213 214
214
217 219
219 220 895
220
223 224
224
229 230 231
230 231
231 233
233 234 235 520
234 235 236
235 856
236
239 241
241 242
242 243
243 245
245
249 250 251
250 251
251 253
253 255
255
260
265
269
272 273 274
273 274
274
278 280
280 344
289 291
291
297
301 302
302
306 308
308
312 313
313
316
319 320
320 322
322
325 326 327
326 327
327 329
329 330
330
333 334
334 336
336 337
337 339
339 340 341
340 341
341
344 345 346
345 346
346
349
352 353 354
353 354 355
354 355
355 357
357 359
359
362 363 364
363 364 365
364 365
365 367
367 368 369
368 369 370
369 370 371
370 372
371 372
372
375 377
377 379
379
383 384 385
384 385
385
389
397 756
399 400
400
404 405
405 407
407 409
409 411
411
417 418 419
418 420 604
419 420 421
420 421
421 423
423
427
432 433
433
436 437
437
440 441 442
441 442 443
442 443
443 646
446 448
448
456 457 820
457
462 463
463 464 465
464 465 466
465 466
466
470 471
471 473
473 474 475
474 476
475 476 477
476 477 478
477 478 479
478 479 480
479 480
480 755
483
488 748
491 493
493 494
494
497 499
499 500 501
500 501
501
504 505 910
505 507
507
510 511 512
511 512 513
512 513 514
513 514
514
520
522 523
523 525
525 526
526 528
528 530
530
534 536
536
542 543
543 545 723
545
548 550
550 551
551
554 555
555
558 560
560
561
564 948 871
567
568
573
579 580 741
580 581
581 583
583 584
584 586
586 587
587
590
598
601 603
603 604 784
604
607 608 609
608 609
609 611
611 613
613
616
619
622
626 628 703
628
632
639 640
640 642
642
643 941
646
652
658
660 661
661
664 666
666 667
667 669
669 671
671
674 675
675 676 677
676 677 678
677 678
678
681 683
683 685
685 687
687
689 691
691 693
693 694
694 696
696 697 698
697 698 951
698 699 700
699 700
700 702
702 703
703
707 709 944
709 710 711
710 711 866
711 713
713
715 716 717 806
716
717 719
719 721
721 722 723
722 723
723 725
725
728 730
730 731 732
731 732 733
732 733
733 735
735 736
736
741
744 745
745
748 750
749 750
750
755 756 757
756 757
757
761 762
762
765 766
766 768
768 769
769 771
771
775
779 780
780 782
782 784
784
786 787
787
791
794 795
795
799
803 946
804 806
806
810 811
811
814
820
823 825
825 827
827
830
835 836 837
836 837 838
837 838 839
838 839
839
842
845
848 849
849 851
851
856 858
857 858
858 860
860
864 866 975
866 867
867 868 869
868 869
869 871
871
873
878 896
881
887 888
888
891 892
892
895 896
896
902 904
904 905 906
905 906
906 908
908 910
910 911
911
915 916 917
916 917
917
922
925
929 930
930
933
936 938
938
941 942
942 944
944 946
946 947 948
947 948 949
948 949
949 951
951 953
953 954 955
954 955
955 957
957 959
959 960 961
960 961
961 963
963
966 967
967
971
975 976
976
979 980
980 982
982
985 987
987 988 989
988 989
989 991
991
994
999
