#naive2.0.py
# GMT Fri Feb 14 14:28:06 2020
# 
0
3 4 5 220
4 5
5 7
7 9
9 10 11
10 11
11
16
20 21 22
21 22
22 784
30 31 32
31 32 58
32 34
34 35
35 37 650
37 39
39 41
41 42
42
44
50
51 53
53 55
55 57
57 167
58 60
60
64 375
65 66
66 67 68
67 68
68 70
70 71 72
71 72
72 74
74
77 78
78
82
87 89 503
89 91
91 92
92
96
99 100
100
104 105
105
108
113 370
117 118 119
118 119 120
119 120 121
120 121 122
121 122 386
122
126 127 128
127 129 367
128 129 130
129 130
130 131 850 241 826
131 133
133
139
143 144 145
144
145 812
149 150 151
150 151
151
153
159 567 285
163 165
164 165
165 167
167
170 172
172 174 665
174 176
176 177 178
177 178 179
178 179
179
184 185 186
185 186
186
192
195 196
196
202 203 204
203 204
204 567
207
211
214 216
216 217
217 219
219 220
220
222 223
223
227 228 229
228 229
229 231
231 233 764
233 520
238
241
249 251
251 252 253
252 253
253
257
260 262
262
265 266 267 342
266 267
267
272
275
277 278 279
278 279
279 281
281 282 674
282 290
285
290
294
297 996
300
303
309
313 314
314 316
316 317 318
317 318 985
318
322 323 324
323 324
324 326
326 327
327 329
329 331
331 333
333
336 337
337 339
339
342 560
346
349 350
350 352
352 354
354 356
356 358
358 359 360
359 360
360 362
362
365 366 367
366 367
367 369
369 370
370
373 374 375
374 375
375 377
377 382
378
382 383 384
383 384
384 386
386
390 392
392 394
393 394 395 989
394 395 396
395 396
396
399 400
400
408 410
410 411 412
411 412 413
412 413 807
413
416 417
417
427 428
428 430
430 431
431
433 434
434
437 439
439
442
448 449 450
449 450
450 452
452 454 744
454 455
455 457
457 459
459
462 463 992
463
466 467 468
467 468 469
468 469 470
469 470 471
470 471 472
471 472 473
472 473
473 474 475
474
475 477
477 479
479
482 949
483 485
485 486
486 488 877
488 748
489
494 495 496
495 496
496
500 501
501 503
503 505
505
508 510
510
514 515
515
518 520
520
523
526 527
527 529
529 530
530 532
532 534
534
542
545 546 547
546 547 548
547 548
548 550
550 551 552
551 552 553
552 553 554
553 554
554 555
555
559
560
564 871
565 567
567
568 570
570
574 576
576 577 923
577 579
579 580 742 741
580 581
581
586 587
587
591 592
592
595
598
602 603
603 784
605
608 609
609
612 613
613 615
615 616
616 618
618 620 787
619 620
620
623 624 625
624
625 627
627 628
628 630
630 632
631 632 633
632 633
633
637 638
638 640
640 641
641
645 646 647
646
647
650 651 994
651 652
652
655 656 657
656 657 658
657 658
658
662 663
663 665
665
666 668
668
674
676 678
678 679
679 681
681 683
683 684
684
688
692
697 698 951
698 699
699 701
701 702
702 704
704
711 712 713
712 713
713
716
719 720
720
726
729 730
730 732
732
735
741 742
742 744
744 745
745 798
748 750
749 750 751
750 751
751
754 756
756
759 760
760
764
767 768 769
768 769 861
769 771
771 773
773 774
774
778 779 780
779 780
780
784 785
785 786 787
786 787
787 789 912
789 790
790
792 794
794 795
795
798
801
807 808
808 810
810 811 812
811 812
812 814
814
820 821
821 823
823
826
831
834 836
836 837
837
841 843
843
850
855 857
856
857
861
869 871
871 872
872
875 876 877
876 877 878
877 878
878
881
884 885
885 891
887
891 893
893
897
904
912
917
920
923
926 928
928 929 930
929 930
930
933 934
934
938 939 940
939 940
940
943 944 945
944 945
945
949 951
951 953
953
956
960
964 965
965 966
966 968
968
971 972
972 974
974
979
984 985
985
989
992 993 994
993 994
994 996
996 998
998
