#naive2.0.py
# GMT Fri Feb 14 14:28:03 2020
# 
3 4 5 220
4 5
5 7
7
12 14
14
16 254
21
27 29 658
29 364
31 32
32 33 34
33 34 35
34 35
35
38 40 115
39 40
40 42
42
44 45 46
45 46
46 48
48 49
49
52 53
53
56 57
57 59 167
59 60
60
64 766
66 68
68 69
69
75 76 77
76 77
77
80 81 82
81 82
82 84
84
86 87
87 89
89 91
91 93
93
96 98
98 99 100 556
99 100
100 833
103 105
105 106
106 108
108 109
109 593
112
115 117
117 119
119 120
120
123
124 126
126 128
128 129
129
132
135 137
137
139 141
141 143
143 144
144 381
146
149
152
156 404
160 705
167
170 172
172 174 665
174
179
183 184 956
184 186
186 187 747
187 189
189
192 193 194
193 194
194
198
201 203
203 204
204
209
216 218
218 219 220
219 220 895
220
223 224
224
227 228
228
231 764
235 856
241 242
242 244
244 246
246
247 249
249
254
258
261
266
271
275
277
281 674
285 286
286
291 293
293 295
295 297 716 404
296 360
297 996
299 301
301 303
303
307 309
309 311
311
314 315 316
315 316
316
319 320 321
320 321 322
321 322 323
322 323
323
327
330
332
336 337 338
337 338
338
344 345 346
345 346
346 348
348
355
360
364 365 969
365 367
367 368
368
377 382
380 381 382
381 382
382 384
384 385
385 387
387
390 392
392
393
396
399 401
401 402 403
402 403 404
403 404
404
408
411
414
417 418 419
418 604
419
422 669
425 426 427
426 427
427
430
434
440 442
442 443
443 445
445
449
455 456
456 458
458 460
460
462 992
473 475
475
481 483
483 484
484
489 517
492
495
501 502
502
504
510
517 518
518 519 520
519 520
520 521
521
522
525
530 532
532 533 534
533 535 735
534 535 536
535 536 537 825
536 537
537
542 543
543 545
545 546
546
550
556
559 561
561 788
565
569 570
570 572
572
575 576 577
576 577
577 579
579 741
582 583 584
583 584
584 586
586 587 588
587 588 589
588 589 590
589 590
590
593 594
594
603 604
604 605 606
605 606
606
610 612
611 612
612
615
622 623
623
626 628 703
627 628
628 819
631
634 635 636
635 636
636 638
638
641 788
643
648
653 654
654
656 657 658
657 658 659
658 659
659
664 665 666
665
666
669
672 673 674
673 674
674
681 682 683
682 683 684
683 684 685
684 685 686
685 686 687
686 687 688
687 688
688 689 690
689 690 691
690 691 692
691 692
692
696
701 702 703
702 703
703 705
705 945
709
712
716
717 719
719 720 721
720 721
721
725
728
732 734
734 735 736
735 736 737
736
737 739
739 741
741 743
743 744
744
747 749
748 750
749 750
750
753 755 931
754 755 756
755 756 757
756 757
757 759
759 761
761 762
762 763 764
763 764 765
764 765
765 766 767
766 767 768
767 768 769
768 769 770 861
769 770
770
776 777
777
780
783 785 978
785 786
786 788
788 789
789 791
791 793
793
798
799
805
809
812 813
813
819 821
821 823
823 825
825
833 834 835
834 835
835 837
837
843 844
844
847
851 853
853
856
857
859 861
861 862
862 864
864
867 868
868 870
870 871 872
871 872
872
875 876 877
876 877
877
881 882
882 884
884
889 891
891 893
893 895
895
900 902
902 903 904
903 904
904 906
906 907
907
912 914
913 914 915
914 915
915 917
917
921
928
931 933
933
936 937 938
937 938
938
943 944 945
944 945
945
949
955 956
956
960 961
961
965 966
966 968
968 969
969
971 972
972
977 978
978
981 982
982 984
984 986
986
990 992
992 994
994 996
996 998
998
