#naive2.0.py
# GMT Fri Feb 14 14:28:07 2020
# 
1 3 999
3
11 13
13
16 254
17
20 22
22 23 24 784
23 24 25
24 25 26
25 26
26
30 32
32
37 38
38 115
50
55
59 60
60 62
62
68 69
69 416
73 75
75 77
77 79
79 80 81
80 81 82
81 82 83
82 83 84
83 84 85
84 85
85 86 87
86 87 88
87 88 89 503
88 89 90
89 90
90 197
95 97 899
97 98
98
101 102 103
102 103 987
103
109 111
111 113
112 114 195
113 114 115
114 115 116 855
115 116
116 153
120 121
121 386
124 125 126
125
126 128
128 129
129 298
131
135 136
136 845
141
146
149 150
150
153
156 404
158 159 160
159 160
160
167 169
169
173
181 215 607
187 189
189 190 191
190 191 192
191 192
192
195 196 197
196 197
197
200 201
201
204
208 210
210 211
211
214 215
215
219 895
225 227
227 228
228 230
230 232
232 234 951
234 236
236
240 241 924
241
243 244 245
244 245 246
245 246
246
249 251
251
254 255 256
255 256 257
256 257 846
257
261 263
263 265
265 266
266
269
272 273 274
273 274 275
274 275 276
275 276
276 278
278 280
280 281 344 460
281
284
287 288
288
293
296 298
298 299
299
308 309 310
309 310
310 312
312
319 320 321
320 321
321
325 326
326
329 330 331
330 331
331 332
332 334
334 336
336 337
337
340 341
341
344 346
346 348
348 350
350 352 687
352 353
353
356 358
358 359
359
362 364
364 365 366 969
365 366
366
369 371
371 373
373 375
375 376 377
376 377
377 382
382 383
383 385
385 386
386
392 394
394 396
396 398
398 400
400
404 405
405 406 407
406 407 408
407 854
408
411 413
413
416 417 418
417 418 419
418 420
419 420
420
424
427 428
428 430
430
437 439
439 440 441
440 441
441
445
448
451 453
452 454 744
453 454 455
454 455 852
455
460
462 463
463 464
464
467 468 469
468 469
469
478 479
479
487
490 492
492 494
494
497 498
498
502 503
503 505
504 505
505 506
506
510 511 512
511 512
512
515
518
521 782
527
535
538 539
539
542 543
543
546 547 548
547 548
548
557 558 559
558 559 560
559 561
560
561 788
563
566
572
575
581 582
582
591
599 600 629
600
606 607
607
611 613
613 615
615 616
616 617
617
620 621 622
621 622
622
626
627 629
629 630
630 632
632 634
634 636
636 637
637
642
645 647
647
650
653 655 790
655 657
657 658 659
658 659
659 660 661
660 661 662
661 662 663
662 663 664
663 664
664 666
666 668
668
671
675 677
677 678 679
678 679
679 681
681 683
683 685
685 686 687
686 687 688
687 688
688 689 690
689 690 691
690 691 692
691 692
692
695 889
696 698
698 699
699 701
701 702
702 704
704
711
715 716 717
716 718
717 718
718 720 734
720 721
721
725 726 727
726 727 728
727 728 729
728 729
729 731
731 732 733
732 733 734
733 734
734
739
743 744
744 746
746
750
757 759
759 975
763 764
764
772 773 774
773 774
774
779 780
780 782
782 784
784
787 788
788 790
790
794 796
796 823
797
803
809 810 811
810 811 812
811 812
812
818
823
826 827
827
831 833
833 834
834
837 839
839 841
841
845
846
849 851
851 852
852 854
854 855
855
864 975
865
869 870 871
870 871 872
871 872
872
876 878
878 880 896
880
884 886
886 887
887 889
889
892 894
894 896
895 896
896 898
898 899 900
899 900
900 901
901 903
903
907 908
908
917
922
924 925
925 927
927 929
929
934
939
942 943
943
948 949
949 951
951
954
957 958
958 960
960
964 965
965 967
967 969
969
971
974 975
975
983
987 988
988 990
990
993
999
