#naive2.0.py
# GMT Fri Feb 14 14:28:08 2020
# 
3 220
6 8
8 9
9
12 13 14
13
14
18
20 21
21
31 32 58
32
35 37 650
37
40
48
53 54
54
58 59
59
65 809
67 69
69 70 416
70
76 78
78
81
84 85 838
85 87
87 89 503
89 91
91 93
93
98
101
104
108 110
110
114 116 855
116 153
118 119
119
122 123
123
129 298
131
136 137 138
137 138 289
138 139 347
139 141
141 142 143
142 143 144
143 144
144 406
147
153 154
154
158 159 160
159 160 567
160
168
171 172
172 173 174
173 174
174 176
176 178
178 179 180
179 180 181
180 181 182
181
182 183
183 185 624
185
188 189
189 191
191 193
193 194 195
194 195
195
199 200 201
200 201
201 203
203 204 796
204 567
211 212
212 214
214
218 219 220
219 220 895
220
223 224
224
231 232 233
232 234
233 234 235 520
234 235
235 237 856
237 238
238 240
240 924
243 244
244 304
248
251 253
253 255
255 256 257
256 257
257 259
259 261
261 262
262 264
264 265
265
271
274 276
276 278
278 279 280
279 280 281
280 281 344
281
284 286
286
289
292 293 294
293 294
294 296
296 298 360
298 300
300 301 302
301 302 303
302 303 304
303 304
304
307
312 314
314 315
315
319
329 330 331
330 331 540
331 332 333
332 333 334
333 334 445
334
338 339 340
339 340
340
344 345
345 347
347 349
348 349 350
349 350 351
350 351 687
351
356
360 362
362
365
370
371 373
373 375
375 377
377 382
378
382 383
383
386
391
393 394 395 989
394 395
395
399
402
405 406 407
406 407
407 409 854
409
413 414
414 416
416
421
424 425
425
428
431 432
432 454
435 436
436 438
438 439
439
442 443
443 445
445
447 449
449 450 740
450 451 452
451
452 454 738
454
457 458
458
464 465
465 467
467 469
469 470 471
470 471 472
471 472
472
476
480 755
481 483
483 485
485 487
487 488 489
488
489 491 517
491 909
492
496
499
503 505
504 505
505 507
507 934
510 512
512
516
517 838
520
528 530
530 532
532 533 802
533 735
537
540
547 549
549 550
550
553 554
554 555
555 894
558
561 788
563
566 567 568
567
568
572
576 578 923
578
584 585 586
585 586 587
586 587 588
587 588
588
594 595 596
595 596
596
603 604
604 606
606
611
614 831
617 618
618 787
624 626
625 626 627
626
627 629
629
634 635
635 637
637
644 645
645 647 708
647 648
648 650
650
653 654
654 660
656
660 661 662
661 662
662 664
664
668
675
680 681
681
684 685 686
685 686 687
686 687 688
687 688
688 689
689 691
691 692
692
696 697 698
697 698
698 699 700
699 700 701
700 701
701
704 706
706 708
708
709 711
711
716 718
718 720
720 721 722
721 722 723
722 723 724
723
724 791
726
730
735
738
740 741 742
741 742 743
742
743 745
745 747
747 749
749
753 755
755 757
757 758 759
758 759 760
759 760 761
760 761 762
761 762
762
765
768 769 770 861
769 770
770 772
772
778 780
780 782
782 783
783 978
786 787 788
787 788 912
788
791
794 795 796
795 796
796
799 800 801
800 801 802
801 802
802
805 806 807
806
807 809
809 810 811
810 811 812
811 812
812 814
814
818 819
819 821
821
824
827
830 831 832
831 832 833
832 833
833
836 837 838
837 838 839
838 839
839 840
840
843 844
844
850
851
854 855 856
855
856
859 861
861
866
868
872 874
874 875 876
875 876 877
876 877 878
877 878 879
878 879
879 881
881
884
889 890
890
892 893 894
893 894 895
894
895
899
902
906
909
912
913 915
915
919 920 921
920 921
921 923
923 924
924 925
925
928 929
929
932 934
934 935 936
935 936 937
936 937
937 939
939
942 944
944 945
945
950
953
959
965 966
966
971
976 977 978
977 978 979
978
979
984 985 986
985 986
986 988
988 989
989
992
995 997
997 998 999
998 999
999
