#naive2.0.py
# GMT Fri Feb 14 14:28:07 2020
# 
1 3
3 4 5 220
4 5
5 7
7
11 13
13
14 107
17 19
19 20
20 22
22 23 24
23 24 25
24 25
25 27
27 28
28 30
30 31
31
36
39 155
42
44 46
46
52 53
53 55
55
60 62
62
66
69
71 72
72 74
74
78
83 85 998
85
90 197 585
94 96
96 98
98 100 556
100 101 833
101 102 103
102 103
103 105
105 107
107 109 448
108 109 110
109 110 593
110 112
112 114 195
113 114 370
114 116 855
116 153
119 121
121 386
124 126
126 128
128 130
130 132 850 241 397
132
138 139 347
139 141
141 142
142
145 812
147 148 149
148 149 150
149 150
150
153 154 155
154 155 156
155 157
156 157 404
157 159
159 285
161
164 166
166 168
168
171 172
172
175 177
177
183 184 185 624
184 185
185 187
187
190
194 195 196
195 196 197
196 197 766
197
204
207 208
208 210
210 211
211 213
213 214
214 216
216 217 218
217 218
218 220
220 221
221 222
222 224
224
228 230 571
230 231
231 764
234 235 236
235 237
236 237
237 239
239 240 241
240 241 924
241 242
242
245 247
247 249
249 251
251
257 258 259
258 259 260
259 260
260
263 264 265
264 265
265 267
267 269
269 271
271 273
273
277 279
279
283 284
284 285 286
285 286
286
289 290
290
293 294 295
294 295
295 716 404
299 300 301
300 301 302
301 302 303
302 303 304
303 304 845
304
307
310 311 312
311 312
312
316 317
317
319 320
320
324
327 328 329
328 330
329 330 331
330 331
331
335 336 337
336 337 338
337 338 339
338 339
339
344
347
351
354 356
356
363 364 365
364 365 366 969
365 366
366
370 372
372 374 599
373 374
374
379
382 383
383
386 388
388
391 835
393 989
396 397 398
397 756
398
403 404
404
408 409 410
409 410
410 412
412 413
413 414
414
418
425 426
426 428
428 430
430 431 432
431 432
432
439 441
441 442 724
442 444
444 445
445
448 449 450
449 450 740
450 452
452 744
455
461 463
463
466 467 468
467 468
468
474
475 477
477
482 484 949
484 746
489 517
492 493 494
493 494
494
497 498
498
501 503
503
504
506 507 508
507 509
508 509
509
512 513
513
517 838
519 520 829
520 521
521
522 524
524 525
525 527
527
530
534 535
535 537
537
541
544 546
546
550 551
551
554 556
556 558
557 558
558
561 562
562
565
568
571
575 576
576
580 582
582 584
584 585 586
585 586 587
586 587 588
587 588
588
591 592 593
592 593
593
595 597
597
599 600 601 629
600 601
601
605
609
614 616 831
616
624 626
625 626
626
629 630
630 632
632 633
633
636 638
638 639 640
639 640 641
640 641 642
641 642
642 644
644
648 649
649 651
651
659
662
666 668
668 669 670
669
670
673 674 675
674 675
675 676 677
676 677 678
677 678
678
681 682
682 684
684 685
685 687
687
693 695
695 697
697
699 701
701
705 706
706 707 708
707 709
708
709
713 714
714 715 716
715 716 717
716
717
721 722
722 724
724
725
728
731 733
733
737 739
739 740
740
743 744 745
744 745 746
745 746 747 798
746 748
747 749
748
749 751
751 752 753
752 753 754
753 931
754 756
756
759 760 975
760
763 764
764
766 768
768 769
769 771
771
779 780 781
780 781
781 783
783 785
785 786
786
792 793
793
796 823
798
800 802
802 803
803
810 812
812
817
820
822 823 824
823 824
824
827 829
829 831
831 833
833 835
835 836 837
836 837 838
837 838
838
842 843
843 845
845
848 849 850
849 850
850
855
859
862 863 864
863 864
864 866 975
866 867
867 868
868 870
870
877 879
879
893
896
899 900
900 901
901 903
903 905
905
908 909
909 911
911 912
912 914
914
918 920
919 920 921
920 921 922
921 922
922
924
929 931
931 932
932
935
939 940
940
943
949
952 953
953 955
955
961 963
963
967 969
969
972
975 976
976 977
977 979
979
983 984
984
988 989 990
989 991
990 991
991
994 995
995
998
