#naive2.0.py
# GMT Fri Feb 14 14:28:10 2020
# 
0 2
2
7
11 13
13 15 531
14 15
15 17
17 18 19
18
19 20
20
28
33 35
35
36
41
44 46
46 48
48 50
50 52 171
52 53
53 55
55 56 57
56 57 58
57
58 60
60 61
61 63 660 528
63
66 67 68
67 68 69
68 69 70
69 70 416
70 71 72
71 72
72 74
74
81 83
83 84 998
84 838
91 92 93 328
92 93 94
93 95
94 95 96
95 96 97 474 899
96 97 98
97 98 99
98 99 556
99 101
101
110 112
112 114 195
114 115
115 117
117
123 817
128
132 134
134 136
136 137 138 845
137 138
138 139 140 347
139 140
140 392 713
146
150
153 155
155
158 160
160 162
162 163 164
163 991
164 166
166
171 172 789
172 173
173
177
182 183
183
188 189 190
189 190 191
190 191
191 736
195 196
196 766
200 202
202
208 210
210 212
212 214
214 216
216
219
221 222
222
226 971
233 235
235 237 856
236 237 238
237 238
238
242 244
244 245 246 304
245 246
246 596
250 251
251
254
258
262 263 264
263 264 265
264 265
265
274
278 279 280
279 280
280 344 460
282 284
284 286
286 287
287
293 294 295
294 295
295 487 716 404
298 299 300
299 300
300
304
306 308
308 309
309 311
311 313
313
320 321 322
321 322
322
327 328
328 330
330
332 333
333 445
338 339
339 341
341
344
347 349
348 349 350
349 350
350 687
353 354
354 356
356 357 358
357 358 359
358 359 360
359 360
360
363
367 369
369 371
371 372
372 599
375 376 377
376 377 378
377
378 380
380 381
381 383
383 385
385 387
387 388 389
388 389 390
389 390 391
390 391 392
391 392 835
392 394
394 396
396 398
398
401 403
403 404
404
406 407
407
410
414 415 416
415 416
416
420 421
421 423
423
427 428
428
432 433 454
433
436 438
438
442 443 444
443 444 445 646
444 445 446
445 446
446 447 448
447 449
448 449 450
449 450
450 452
452 454 738
453 454
454 852
459 460
460
462 463
463
467 468
468 470
470
474 476
475 476 477
476 477 478
477 478
478
481
487
490 492
491 493 909 964
492 493 494
493 494
494 496
496 497
497 499
499 501
501
504
506 508
508 510
510
513 515
515 517
517 518 838
518
523 524
524
527 528 529
528
529 531
531 532 533
532 533 802
533 535
535 536
536 538
538 539
539
543
546 547
547 549
549
553 554
554 556
556
557 559 856
559 561
561
564 948 654 871
568 570
570
574 575
575
579 580 742 741
580 581
581 583
583
587 589
589 591
591 592 593
592 593 594
593 594
594 596
596
599
604
608
611
617 619
619 620 621
620 621
621
627
630 981
635 636 637
636 637
637
641 642
642 644
643 644 941
644 646
646
647 649
649 651
651 652 653
652 653 654
653 654
654 660
656 658
658
660 662
662 663 664
663 664
664
667 668
668 670
670 671 672
671 672
672
677 679
679 681 783
681 683
683 684 863
684
687 688
688 689 690
689 690 691
690 691
691 693
693 695
695
699
703 704
704 706
706 707
707 709 944
709
712 713
713
715 716 717 806
716
717 719
719 720 721
720 721
721
726 728
728 729
729
734 736
736 738
738
741 742 743
742
743
747 749
749 750
750
753 755
754 755 756
755 756
756
760
763 764 765
764 765
765 766
766
769 770 771
770 771
771 773
773 774
774 776
776 777 778
777 778
778 780
780
783
787 789
789
794 796
796
797
802
805 806 807
806 808
807 808
808 810
810
817 818
818 820
820
826 827
827 828 829
828 829
829
834 835
835 837
837 838
838
841 842
842
845
846
848 849 850
849 850 851
850
851 852
852
856 858
858 860
860 861
861 862
862 863 864
863 864
864
867 868
868 870
870 871 872
871 872
872 873
873
876
879
883 884 885
884 885
885 891
891
899 900
900 901
901
904 905
905
909
913
916 917
917
921
927
930
934
939 940 941
940 941
941
943 944
944 946
946 947 948
947 948 949
948 949
949
952 953 954
953 954
954
957 959
959 960 961
960 961
961
964 965
965 967
967
970 971
971
981 983
983
987 989
989 991
991 993
993 994 995
994 995 996
995 996 997
996 997 998
997 998
998
