#naive2.0.py
# GMT Fri Feb 14 14:28:05 2020
# 
1 2
2 4
4 5 6
5 6
6 8
8 9
9 11
11 12
12 14
14 15
15 17
17 18 19
18 733
19 225
26 27 28
27 28 29
28 29
29
32
36 37 38
37 38 39
38
39 41
41
45 46
46 48
48 50 922
50 171
54 55 56
55 56
56 58
58 60
60 61
61 660 528
66 67
67 69
69
71 72 73
72 73 74
73 74
74
81 82
82 84
84 85 838
85 86 87
86 87 88
87 88 89 503
88 89
89
92 93
93 95
95 96 474
96
100 833
102 103
103 105 897
104 105
105
108 109 110
109 110 111 593
110 111
111 367
114
117 118
118 120
120 122
122 123
123
126 128
128
131 133
133 135
135 137
137 138 289
138 140 347
140 713
143 144 145
144
145
148 149 150
149 150
150 152
152 153
153
156
158 159 160
159 160 567 285
160
165 166 167
166 167
167 169
169 170 517
170 171
171
175
182 183
183 624
186 187
187
190 192
192 193
193 195
195 197
197
204 567
206 207
207 209
209
212 213
213
216
219 220
220
223 224 225 490
224 225 226
225 227
226 227 971
227
230
233 234
234
237
241 242
242
245 247
247 248
248
253
258
261
264
267
271
275 962
277
280 344 460
282 284
284 285 286
285 286
286
289
297
300 301 302
301 302 303
302 303 304
303 304 845
304
305 307
307 308 309
308 309 798
309 311
311 312
312
315
322 323
323
327
332
335 336 337
336 337 338
337 338 339
338 339 340
339 340 341
340 341
341 343
343 344 345
344 345
345 347
347 349
348 349
349
353 355
355 356 357
356 357
357 359
359
362 363 597
363 365
365 366 367
366 367 368
367 368 369
368 369
369
377 379
379
385 386 387
386 387
387 389
389 391
391 835
394
402
407 409 854
408 409
409 411
411
415 417
417 418 419
418
419
422 669 614
425 426
426
430
436
440 442
442
448 450
450
456 457
457 459
459 460 461
460 461
461 463
463 465
465 466 467
466 467 468
467 468
468
471 472
472
474 476
476
479 480
480 755
485
488 490
489 490 517
490
493 494
494
499
503
507 509 934
509
514 515 516
515 516 517
516 918
517 838
519 829
522
527 528 529
528 530
529 530 531
530 531
531
538 539
539
542 544
544 546
546
550 552
552 553 554
553 554
554
560 562
562
566 567
567 569
569 570
570
575 576 577
576 577 923
577
583 602
585 587
587 588 589
588 589
589
593 594
594 596
596 597
597
600 601 602
601 602
602
613 614
614 831
619 621
621
624
625 627
627
631 632
632
636
639 640 641
640 641 642
641 642
642
645 646 708
646
649
652 654
654 660
656 657
657 659
659 660 661
660 661 662
661 662
662
665 667
667 668 669
668 669 670
669 671
670 671 672
671 672 673
672 673
673
676 677 678
677 678
678 680
680 682
682 683
683 685
685 686
686 688
688
691
694
698
701 702 703
702 703
703
706 708
708
712 713 714
713 714
714 716
716
723
726 727
727
730 731
731 733
733 734
734
738
740 741 742
741 742 743
742
743 745
745 798
755 756 757
756 757
757
760 761
761 841
764 765
765 766
766
770
773 774 775
774 775
775
778 779 780
779 780
780 782
782 784
784 785
785 787
787 912
792 794
794 795
795
798
808
815
819
823 824 825
824 825 826
825
826
829 830 831
830 831 832
831 832 833
832 833
833 835
835 836
836 838
838 839
839 841
841
845 847
846 847
847 848 849
848 849
849
852 854
854
864 866 975
865 867
866 867
867 868 869
868 869 870
869 870
870 872
872 873 874
873 874
874
878 896
882
886 888
888 890
890 891
891
896
897
900
905 907
907 909
909 911
911 912 913
912
913 915
915
918
919
922 923
923 924
924 925 926
925 926
926
929 931
931 933
933 934 935
934 935
935 937
937 938
938 940
940
947 948
948 950
950 952
952 953 954
953 954
954
957 959
959
962 964
964 965
965 966 967
966 967 968
967 968 969
968 969
969
971
975
978 980
979 980
980 982
982 983 984
983 984 985
984 985
985
989
993 995
995
