#naive2.0.py
# GMT Fri Feb 14 14:28:09 2020
# 
1
5
9
15 16
16
20 21
21
26
31 32 58
32 33
33
38 40
40 41 42
41 42
42 491
45 46
46 48
48 50
50 52
51 52 53
52 53 516
53 55
55 57
57
58 60
60 61
61 660
64 375
65 66 809
66 67 68
67 68
68
71 72 73
72 73
73 75
75
78
81
84 85
85 87
87 89
89 90
90 197 585
93 269
100 101
101 102
102
105 106 107
106 107 108
107 448
108 110
110 112
112 114
113 114
114
119
123 125
124 125
125 127
127 129 367
129 130 298
130 131 850 826
131 133
133 134
134 136
136 138
138 140 347
140 713
143 144
144 406 381
146 147 148
147 148 149
148 149
149 151
151
155 157 472
157 158
158 160
160 162 705
161 162
162
165 166
166
169 170
170 172
172 173 174
173 174
174 176
176
180
184
187
191 736
194
197
198
201 202 203
202 203
203 205 796
205
206 207
207 209
209 210 211
210 211 212
211 212
212
217
220
222
231 232
232
236
240
245 247
247 249
249 250
250 252
252 253
253
257 259
259
262 264
264 266
266 267 890
267 269
269
274 275 276
275 276 962
276 278
278 279
279
282 290
285 286
286
289 290 615
290
292 293
293
296 298 360
298 299
299
302
306 307
307
314
317 318
318 320 642
320 321 322
321 322
322
329 330 331
330 331 540
331 332 333
332 333
333
339
342
345 346 347
346 347 348
347 349
348 349 350
349 350
350 687
354 355 356
355 356
356
359 360
360 362
362 363 364 597
363 364
364
367 368
368
371 372
372
375 377
377
378 380
380 381
381
384 385
385
394
398 399
399 401
401 402
402 404
404
406 408
408 410
410 411
411 413
413 414 415
414 415 416
415 416 417
416 417 418
417 418
418 420
420
423 425
425 427
427
431 432
432 433
433 509
436 438
438
441 442 724
442
446 447 448
447
448
452
455 457
457 459
459
462 463 992
463 464 465
464 465 466
465 466
466
471 472
472
476
480 482
481 482 483
482 484 949
483 484
484 486
486 488 877
487 488 489
488
489 491
491
492 494
494 495
495
498 500
500 501
501
504
506 508
508 509 510
509 510
510 511
511
516 518 918
518 519 520
519 520 829
520
525 526 527
526 527
527
532 533 534
533 535 735
534 535 536
535 536 537 825
536 537 538
537 539
538 539 540
539 540 541
540 541 542
541 542 553
542 544
544
548
553
563 565
565
568 569
569
572 573 574
573 574
574
577
580
583
585
588 589
589 591
591 592 593
592 593
593
596 597 598
597 598
598
601
606 607
607
610 612 888
611 612
612
615 616
616 618
618
619
622 623 624
623 624 625
624 626
625 626 627
626
627
630 632 981
632
635 636
636
640 641 642
641 642
642 644
643 644 645 941
644 645 646
645 646
646 648
648 649
649
654 660
656
659 660
660
663
667 668
668
671
675 677
677
680
687
690
693 695
695 889
699
702
705 706
706
710 866
713 714
714 716
716
717
720
723 725
724
725 726 727
726 727
727
734 735 736
735 736 737
736
737 739
739 741
741 743
743 745
745 747 798
747 749
749 750 751
750 751 752
751 752 753
752 753
753
757 759
759 760 761
760 761 762
761 762 841
762
765
771
774 775
775
779 780 781
780 781 782
781 782
782
785 786
786
789 790
790
794 795 796
795 796 797
796
797 798 799
798
799 800
800
804 805
805
809 811
811 812
812
818 820
820 821
821
824 825 826
825
826
828 829 830
829 830
830
834 835 836
835 836
836
839 840 841
840 841
841
844 846
846 847
847 849
849 850 851
850
851 852 853
852 854
853 854
854
859
862 863
863
866 867
867 869
869 871
871
874 875 876
875 876 877
876 877
877 879
879 881
881 883
883 885
885
888 889 890
889 890
890
895
899
901
904
911 912
912
915 916
916 918
918 920
919 920 921
920 921
921 923
923
925
928 929 930
929 930
930
933
939 941
941
944
947 949
949
953
956
957
962
967 968
968
971 972
972
977 978 979
978
979 981
981 982 983
982 983 984
983 984
984 986
986 988
988 989 990
989
990 992
992 993 994
993 994 995
994 995 996
995 996 997
996 997
997
