#naive2.0.py
# GMT Fri Feb 14 14:28:03 2020
# 
0 1 2
1 2 3
2 3
3 5
5 7
7
10
13 15 531
14 15
15 17
17 18 19
18 526
19 20
20
24 25
25 27
27 28 29
28 29
29 364
33
37 39
39 40 155
40
43 44 45
44 45 46
45 46
46 48
48 49 50
49 50
50 171
57
60 61 62
61
62 64
64
66 67 68
67 68
68 70
70 72
72 73
73
77 78
78 80
80 81
81 83
83 85 998
85 163
88 90
90 197
92
95 96 97
96 97
97
101 102
102 987
106 108
108
112
116 117 153
117 118 119
118 119
119 121
121
129 298
135
141
144 406 381
147
150 151
151
153 155
155 472
160
161 163
163
164
171 789
175
182
185 186
186 188
188
194
197 199
199 200
200 202
202
206 208
208 209
209 211
211
214
217
221 222 223
222 223 224
223 224
224 226
226 971
228 230
230
233
236 237 238
237 238
238
241
244 245 246
245 246
246 248
248 250
250 251
251 253
253 254 255
254 255
255
259 260
260 262
262 263
263
269 271
271
277
281 283
283 284
284
289 291 615
291
295 716 404
296 298 360
298 299
299
303 845
310
313 314
314
319
323 324
324
327 329
329 331
331 332 333
332 333 334
333 334 445
334
337 338
338 340
340 341
341 343
343
347
348 350
350
353
358 359 360
359 360 361
360 361 362
361 362
362 364
364 365 366
365 366 367
366 367 368
367 368
368 370
370
371 373
373
377 379 382
378 379 380
379 380 381
380 381 382
381 382
382
387
391 392 835
392
396 397
397 756
401 402 815
402 404
404
406
409 411
411
414
418
421 422 423
422 423 669
423 424
424
427 429
429
432
440
445
451 453 619
452 738
453
458 460
460
463 464 465
464 465 466
465 466
466
470 471 472
471 472 473
472 473
473
479 480 481
480 482 755
481 482
482 949
485 486
486 877
492 494
494 496
496 497
497
500 501 502
501 502
502 740
513 514
514
517 838
522 523 524
523 524
524 526
526 527
527
531 532 533
532 533
533
536
539 541
541 542 553
542
547 548
548
551 553
553 554
554
558 559
559
563 565
565 566
566
572
576 577 923
577
580 582
582 584
584 586
586 587
587
590 592
592
599 600 629
600 602
602
606 607
607
610
615
617 618 619
618 787
619 621
621
624 626
626 628 703
628 630 819
629 630
630
631
636
639
642 644
644 645 646
645 646
646
649 650 651
650 651
651 652 653
652 653 654
653 654 655 790
654
655
662 663 664
663 664 665
664 665
665
669
670 672
672
675 677
677 678
678
684
688 689 690
689 690
690
693 695
695 697 889
696 697
697
700 702
702 703
703
706 707
707
715 716 806
716
721 722
722
727 728
728
736 738
738
740
746 748
748 750
750 751
751 753
753 755
755 756
756
759 975
763 765
765
770 771
771 773
773 775
775 776 777
776 777
777
782
787 788 789 912
788 789 790
789 790 791
790 791
791 792 793
792 793
793
795
798
800 801
801
805 806
806 808
808 810
810
813 815
815
817 818 819
818 819 820
819 820
820
822
826 827
827 828
828
832 833
833 835
835
838
840
843 845
845
846
848
852
853
856 858
858 859 860
859 860
860
867 869
869 870 871
870 871 872
871 872
872 874
874 876
876 877
877
880 882
882
885 886 891
886
889 891
891
898 900
900 901 902
901 902 903
902 903
903
906
911 912
912
915 917
917 918 919
918
919 921
921 923
923 924
924 926
926 928
928
936 937
937
940 942
942
946
949 950
950 952
952
957 959
959 961
961
965 966
966
970 971 972
971 972
972 974
974 975
975
980 982
982
987 989
989
990
996 998
998
