#naive2.0.py
# GMT Fri Feb 14 14:28:08 2020
# 
0 999 2
2 3
3
7 8 9
8 9
9 11
11 12
12 14
14 107
16 254
17
21 23
23
26 27
27 29 658
29 364
32 34
34 35
35 650
39 155
46 48
48 49 50
49 50 51
50 171
51
55 57
57 59 167
59 61
61 63 660 528
63 64
64
66 67
67
70 71
71
75
80
86 88
88 89 90
89 90
90 197
92
100 101 833
101
106 107
107
113 115
115 116
116
118 119 120
119 120 121
120 121 122
121 122 386
122
126 127 128 447
127 129
128 129
129 298
131 133
133 135
135 136 137
136 137 138 845
137 138
138
142 143 144
143 144 145
144 381
145 812
147 149
149 151
151
155 157
157
161 162
162 164
164 166
166 167 168
167 168 169
168 169
169
171 172
172 174
174 175 176
175 176
176
179 180 181
180 181
181
183 185
185
188 189
189 191
191 192 736
192
197
202
205 284
208
211 212
212 214
214 216
216 217
217 219
219 895
222 223 224
223 224 490
224
227 228 229
228 229 230
229 230
230
233 235
235 856 602
236
239 240
240 924
247 248 249
248 249
249 251
251 252 253
252 253 254
253 254 255
254 255
255 257
257 259
259
263 264 265
264 265 266
265 266 267
266 267 268
267 268
268 270
270 686
277 278 279
278 279
279 281
281 283
283 284
284
291 293
293
296 298 360
298
303 845
307 308
308 798
312 313
313
316 317 318
317 318 985
318
323 325
325
333
337
349 351
351
354 356
356
360 361
361
364 365 366 969
365 366
366 368
368 369
369
372 374
374
377
378 380
380 381
381
385 386
386
390 392
392 394
393 394 395
394 395
395
398 399 400
399 400 401
400 401 402
401 402 403 815
402 403
403 405
405
408
411
415
418 420
420 421
421
424 426
426 428
428 429 430
429 430 431
430 431 432
431 432
432 433 434
433 434
434 436
436 437 438
437 438
438 440
440 442
442 443 444
443 444 646
444
447 449
449
453
460
464 465 466
465 466
466
474
475
479
490 492
492 493
493
496 498
498
501 503
503
508 510
510 511
511 513
513 514 515
514 515 516
515 516
516 518 918
518
521
522 524
524 525 526
525 526
526 528
528 530
529 530 531
530 531 532
531 532 533
532 533 534
533 535
534 535
535 825
539
550 552
552
558 560
560 562
561 562
562 564
564 566
566 568
568 570
570
574
578
582 584
584
589 590
590
593
595 596 597
596 597
597
600 601 602
601 602
602
609 610
610 888
613
616
620 622
622
631 632 633
632 633
633
636 637
637 639
639 641
641
645 646
646
650
655 657
657 658 659
658 659
659 660
660
663 664
664
668 669
669 671
671 672 673
672 673
673 675
675 676
676
679 783
684 686
686
690 691
691 693
693 694
694 696
696 698
698 699
699 701
701 703
703
707 709
709 711
711 712 713
712 713 714
713 714
714 715 716
715 716 806
716 718
718 734
721 722 723
722 723
723
726 727
727 729
729 730 731
730 731
731
734 736
736
737
746 748
747
748 750
750 751
751
754 755 756
755 756
756 758
758 760
760 762
762 763
763
767 768
768 770
770
774 775 776
775 776
776
780
783 785 978
785 786
786
791 793
793
798
799
806 808
808
812
815 816
816 817
817
821 823
823 825
825 827
827 828
828
832 833
833 835
835
838 839
839
845 847
846 847
847 848 849
848 849 850
849 850
850
853
856 858
857 858
858 859
859
868 870
870 872
872 873
873 875
875 876
876 878
878 879 880
879 880
880 882
882 883
883 885
885 891
888
891
894
895 897
897 899
899
901 903
903 904
904 906
906
911
916 918
918
919 921
921 923
923 924
924 925 926
925 926 927
926 927
927
931 933
933 935
935 936 937
936 937 938
937 938 939
938 939
939
947 949
949 951
951 952 953
952 953
953 955
955
959
964
967 968 969
968 969 970
969 970
970 971 972
971 972
972 974
974 975 976
975 976
976 978
978
981
985 986
986
990 991 992
991
992
995 996 997
996 997
997 999
999
