#naive2.0.py
# GMT Fri Feb 14 14:28:07 2020
# 
0 2
2 4
4 5 6
5 6
6 8
8 9 10
9 10 11
10 11
11 13
13 531
14
17 19
19 20 225
20 22
22 23 24
23 24
24
30 32
32
38
39
43 45
45 46 47
46 47
47 49
49 50
50 52
52 53 54
53 54 55
54 55
55 57
57 59 167
59 61
61
64 766 375
67
72
75 77
77
80
84
88 90
90 197 585
92 93 94
93 269
94
98 99 100
99 100
100 833
103
104 106
106 108
108 109
109 593
117 118 119
118 119 120
119 120
120 122
122 124
124 126
126 127 128
127
128 130
130 850 397
134
138
141
144 381
148 150
150 151
151
153 154
154 156
156 157 404
157
160 162
161 162
162
166 167
167
170
173 175
175
179
183 184
184
188 189
189 191
191 192
192
195 196 197
196 197 766
197
200
203 796
208
212 213
213 215
215 216 748
216
220
222
225
229 230
230
235 602
240 924
242 243
243
247 248
248 250
250 252
252 253
253
256 258
258 259
259
262 263
263
267 269
269 270 271
270
271 273
273 274 275
274 275
275
280 281
281 283 674
283
285 286 287
286 287
287
291 292
292
295 487 716 404
298 300
300
304 573
308 309 310 798
309 310 311
310 311 312
311 312 313
312 313
313 315
315 901
317 985
325
331
334 335 336
335 336 337
336 337
337
342 560
343 345 537
345
348 349
349
355 356 357
356 357 358
357 358 359
358 359 360
359 360 361
360 361 362
361 362 363
362 363 364 597
363 364 365
364 365
365
368
372 599
375 377
377 379 382
379 380 381
380 381 382
381 382
382 384
384
397
398
403 404
404
407 409 854
408 409 410
409 410
410
413
419 420
420
423
426 428
428 429
429
432 433 454
433 509
439
443 445 646
445
454 852
458
465
470 471
471 473
473 474
474
477 478 479
478 479
479 481
481 482 483
482 949
483 485
485 487
487
490 492
491 493 964
492 493
493 495
495
500 501 502
501 502 503
502 503 740
503 505
505 507
507 509
508 509
509
511 512 513
512 513 514
513 514
514
517
519
524
527 529
529 530 531
530 531
531
534 535 536
535 536 537 825
536 537 538
537 539
538 539
539 541
541 542 543
542 543 544
543 544 723
544 546
546 547 548
547 548
548
551
555 557 894
557 559
559
560 562
562
569
572 573 574
573 574
574
577
580 581
581 583
583 584 602
584 585
585
588 590
590
593 594
594 596
596 597
597
599 600 629
600 602
602
604 605 606
605 606 607
606 607
607
613 615
615
618
619
622
625 626 627
626 628
627 628 629
628
629
631 633
633 635
635 637
637 639
639 641
641 788
643 645
645 646
646
649 650 651
650 651
651 653
653
658 659
659 661
661
666
669 671
670 671 672
671 672
672 674
674 675
675
678 679 680
679 681
680 681
681
689 691
691 693
693 694 695
694 695 696
695 697 889
696 697 698
697 698 865
698 700
700 702
702
709 710
710
716 718
718 720
719 720 721
720 721 722
721 722 723
722 723 724
723
724 791
726 728
728 729 730
729 730
730 732
732
737 738
738
740
744 745
745 798
748 750
750 752
752
760 761 762
761 762 841
762 764
764
766 767
767 769
769 770 771
770 771
771 773
773
777 778
778
781
785 786
786 788
788
791 792
792
795 796 797
796
797 798
798
800
804
807 808 809
808 809
809 811
811
814
818 820
820 821
821
825
830 832
832 833
833
837 839
839 841
841 842 843
842 843 844
843 844
844
847 848
848 850
850 865
852 854
854 855
855
858
861 862
862
865 867
867
871
873 874
874 876
876 878
878 880 896
880
883 884
884
888 889
889
892 893 894
893 894
894 896
896 898
898 899 900
899 900
900 901 902
901 902
902
905
908 910
910
914 916
916
919 920
920
923 924
924 925 926
925 926 927
926 927 928
927 928
928
931 932 933
932 933
933 935
935 936
936 938
938
943 944
944 946
946 947
947 949
949
957 958
958 960
960
964
966
970
973 975
974 975 976
975 976
976 977 978
977 978 979
978 980
979 980
980 982
982 984
984 985
985 987
987 989
989 991
990 991 992
991 993
992 993
993
996 997
997
