#naive2.0.py
# GMT Fri Feb 14 14:28:07 2020
# 
0 1 2
1 2 3
2 3
3 5
5 7
7 9
9 11
11
15 16
16 950
18 526 733
20
24
28 29
29 364
31 58
33 35
35
38
39
47 48 205
48
54
58 59
59
62 63 64
63 64
64
68 69
69
71
74 75
75
79 80 81
80 81
81 83
83 998
90 91 197
91 92
92
97 98 99
98 99 100
99 100
100
102 103
103 897
112 114 195
113 114
114 116 855
116 153
118 119
119
122 124
124
128 129
129 298
132 133 134
133 134
134
141 143
143 144
144 406
153 154
154
158 159
159 567 285
161
164
167
170 172
172 173 174 665
173 174
174 176
176
179 180 181
180 181 182
181 607
182 184
184
187 188
188 190
190 191
191 193
193 194 195
194 195
195 197
197 199
199
202 203
203 205
205
206 208
208 209 210
209 210 211
210 211 212
211 212 213
212 213
213
219
221 223
223 224 490
224 226
226 227 857
227 228
228
232
240 924
244
248 250
250 251 252
251 252 253
252 253
253 255
255 257
257 258 259
258 259
259
262
266 267 890
267
270
273 274 275
274 275 276
275 276
276 278
278 280
280
283 446
285 287
287 288
288
291
295 297 487 404
297 298
298 299 300
299 300 301
300 301
301 303
303 845
307 309
309 310
310 312
312 314
314 316
316 318
318
321 322 323
322 323
323 325
325
335 336 337
336 337
337
341 343
343 537
347
352 353 354
353 354
354 356
356
359
362 363 364
363 364
364 969
367 368 369
368 369
369
373
376 377
377 379
379 380
380
387 388
388 390
390 391 392
391 392
392
393 395 989
395
398 399
399 401
401 402
402 404
404 405
405 406 407
406 407
407 409 854
409 410 411
410 411 412
411 412 413
412 413
413 414 415
414 415
415
418
419
422 423 669 614
423 424 425
424 425
425
431 432
432
435 436 437
436 437 438
437 438 439
438 439 440
439 440 441
440 441 442
441 442 443
442 443 444
443 444 445
444 445 446
445 446
446
451 619
452 744
456 457
457 459
459
465
469 470
470 472
472 473
473 474 475
474
475 477
477 478
478
483 485
485 487
487
490
491 964
497 499
499 500 501
500 501
501
504 910
506 508
508 510
510 511 512
511 512
512
517
519 829
521
524 526
526
530
533
537 539
539 540 541
540 541 542
541 542 543
542 543 544
543 544
544
547 548
548
560 562
561 562
562 563 564
563 564
564 566 948
566 567 568
567 569
568 569 570
569 570
570 572
572 574
574 575
575
578
582 584
584
590
594 595
595
601 603
603 784
607 608 609
608 609
609 611
611 612 613
612 613 614
613 614 615
614
615
617 619
619 620
620 622
622
625 626 627
626 703
627
630 632
631 632
632
637 638
638 640
640
645 647 708
647
652 653
653 790
659 660
660
665
669
672 674
674
676 678
678
683 684
684
688 689 690
689 690 691
690 691 692
691 692 693
692 693
693 695
695 697
696 697 698
697 698
698 700
700 701
701 703
703 704
704 706
706 707 708
707 944
708 710
710 712 866
712 713
713
715 806
721
725 727
727 729
729 731
731 732 733
732 733 734
733 734
734
740 742
742 744
744 746
746 748
748 750
750 752
752 754
754 755
755
759 760 761
760 761 762
761 762 841
762 763
763 765
765 767
767 768 769
768 769 770
769 770
770
773 775
775 777
777 778 779
778 779 780
779 780
780
783 784 978
784
790
792 794
794 795
795 797
797
800 801
801
805 806
806 808
808
811 812
812 814
814 816
816 818
818 819
819
822 824
824
829 830
830
834
839 841
841 842 843
842 843 844
843 844 845
844 845
845 847
847
850
852 854
854 855 856
855 857
856
857
866 867
867 869
869 870
870 872
872 873 874
873 874 875
874 875 876
875 876 877
876 877
877 879
879
883
888 890
890
893 894
894
897 898 899
898 899 900
899 900
900
904 905
905 907
907
910 912
912 914
914 916
916
923 924
924 925 926
925 926 927
926 927
927
930
934 936
936 937
937 939
939
943 944 945
944 945 946
945 946 947
946 947 948
947 948 949
948 949 950
949 950
950 952
952 953
953 955
955
958 959 960
959 960
960
963 964 965
964 965
965 966 967
966 967 968
967 968 969
968 969
969
972 974
974
977 978 979
978
979
982 983 984
983 984
984
988 989
989 991
991 993
992 993
993
998
