#naive2.0.py
# GMT Fri Feb 14 14:28:03 2020
# 
3 4 220
4 6
6 7 8
7 8 9
8 9
9 11
11
14 15
15 16
16 254
18 526
20
25
28
32 33
33 35
35 37
37
44 45
45
49 50 51
50 52
51 52 53
52 53
53
57 59 167
58 59
59 61
61 660 528
69 70
70 71
71 73
73
76
82 84
84
88 89 90
89 90
90 197
92 94
94
100 101
101 102 103
102 103
103 897
110 111
111 113
113 115
115 116
116 153
118
122
125 868
126 128
128 129 130
129 130 298
130 132 850 826
132 133 134
133 134
134 136
136 137 138
137 138
138 139 140 347
139 140 141
140 141 392 973
141
147 148
148
151 152 344
152 153 154
153 154 155
154 155
155
158
167 168 169
168 169
169 517
172 173 665
173 175
175
179 180 181
180 181
181 607
184 185 186
185 186 187
186 187 188
187 188
188 190
190 192
192 193
193 195
195 196 197
196 197 766
197 199
199 200
200
204
208 210
210
217 219
219 220 895
220 221
221 223
223 224 490
224
228 229 230 571
229 230 231
230 231
231 764
234 236
236 238
238
242
247 248
248 250
250 251 252
251 252
252 254
254 256
256 257
257
261 262 263
262 263 264
263 264
264
267
272 274
274 275
275 962
277
281 283
283
288
290 291
291
298 300
300 301
301 303
303
307 308 309
308 309 310 798
309 310
310
313 314
314
317
319 320
320 322
322 324
324 325
325
330 331
331 333
333 335 445
335 337
337 338 339
338 339 340
339 340
340
343 344 537
344
347 349
349 351
351 352 353
352 353
353
356
361 363
363 364
364 969
368 369
369 371
371 372 373
372
373 375
375
379 381
381 383
383 384
384
390 392
392 394
394 395 396
395 396
396 398
398
402 403
403 405
405 407
407 409
409
413 414 415
414 415
415
424
429 430 431
430 431
431
434 435
435 437
437 438
438 440
440
445
449 450 740
450 451
451
455
459 460
460
462 463
463
466 467
467 469
469
474 476
475 476 477
476 477 478
477 478 479
478 479
479 481
481 482
482 949
486 488
487 488
488 490
490
496
499 500 501
500 501 502
501 502
502 740
504
508 510
510 511
511
517
519 829
522 523
523
526 527 528
527 528 529
528 530
529 530 531
530 531
531
536 537 538
537
538
543 544 545
544 545
545
548
552 554
554
557 856
560
561
564 948 871
565
568 569
569 571
571 573
573 574
574
580
583 602
587 588
588 590
590 591 592
591 592
592
595 596 597
596 597
597
602 603
603 604
604 605
605 607
607
613
617
620 622
622 623
623
627 628 629
628
629
631 633
633 634
634
637 638 639
638 639
639
648 649
649 651
651
657
660 661
661 663
663 665
665 667
667 668
668 670
670
673
676 677 678
677 678 679
678 679
679 681 783
681 682
682
685 687
687 688
688
693 694 695
694 695
695
701 703
703 704
704 706
706 707 708
707 944
708
711
714 715
715 717 806
717
720 721 722
721 722
722
725 726 727
726 727
727
730
734 735 736
735 736
736
740 742
742 744
744 745
745 798
749 750 751
750 751 752
751 752
752
755
758
764
766
771 772
772
775 777
777 778
778 780
780
783 785
785 786 787
786 787
787 789
789 790 791
790 791
791 793
793 794
794 796
796
797 798 799
798
799
803 805
805 806 807
806
807
812 813
813
818
822 824
824 825 826
825 827
826 827
827 829
829 830 831
830 831 832
831 832
832
835
840 842
842
850 865
852
856
857
859
863 864
864
865 867
867 868 869
868 869 870
869 870 871
870 871 872
871 872
872
875 876
876 878
878 879
879 881
881
885
887 888
888 890
890
895 897
897 899
899 900
900 902
902 903
903 905
905 907
907 909
909
913 915
915 916
916 918
918
922
924 925
925
929 930
930 932
932 933
933 935
935 937
937 938
938 940
940 941
941
943 944
944
948 949
949
953
957 958 959
958 959
959 961
961 962
962
965 967
967 969
969 970
970 971
971 973
973
974
977 979
979 980
980 982
982 983
983
989
997
