#naive2.0.py
# GMT Fri Feb 14 14:28:02 2020
# 
0 1 999 2
1 2 999
2
5 7
7 9
9 10 11
10 11
11 13
13 531
14 107
16 950
17 18 19
18 526
19 21 225
21 22
22
26
32 33 34
33 34
34
38
39 155
45 46 47
46 47
47 49 205
49 50
50 52
52 53 516
53
58 60
60 62
62 64
64
66 67
67
70 72
72
75 76
76
79 80
80 82
82
85
89
94 95
95 97 474 899
97 98 99
98 99 100
99 100
100
103 105
104 105
105 107
107 109 448
109 110 111
110 111
111 113 367
113
116 117 153
117 119
119 120 121
120 121 122
121 122
122
125
131 132
132 134
134 135 136
135 136
136
141 143
143 145
145
147
152 153 154
153 154 155
154 155
155 472
158 159
159 567
161
168 169
169
173 174
174
179
186
190 192
192
197 199
199 200
200
203 204 205
204 205 567
205 284
206 208
208 209
209
212
216 217 218
217 218 219
218 219 220
219 220 895
220 221
221 223
223 224 225
224 225 226
225
226 857
229 231
231 232 764
232 234 951
234
237
240
244
247 248 249
248 249
249
252
256 257
257 259
259 260
260
263 265
265
270 686
271 273
273 275
275
278
281 283
283 284 446
284
290 291
291
295
298
302 303
303
305
311 312 313
312 313 314
313 314 315
314 315
315 901
317 985
322 323 324
323 324
324
330
332 333 334
333 334 335
334 335
335 337
337 339
339 341
341 343
343 345 537
345 347
347 349
348 349
349
353
358 360
360 361 362
361 362
362 597
365 367
367
372 599
373
376 377 378
377 379 382
378 379
379 381
381 382 383
382 383 384
383 384 385
384 385
385
388 389
389
392 394
394 396
396 397 398
397
398 399
399 401
401 403
403 405
405
409 410 411
410 411
411
414 415
415
421 422
422 614
424
428 429
429
432 434 454
434 435 436
435 436 437
436 437
437
443 646
446 447 448
447 449
448 449 450
449 450
450 451
451 453
453 454
454 852 793
457
464 466
466 468
468 469 470
469 470
470 472
472
474
475
478 480
480 482
481 482
482 484
484
489 491
491 493 964
492 493
493 495
495 497
497 499
499 500 501
500 501 502
501 502
502
508 509
509
512
515 516
516 518
518
522 523 524
523 524
524 526
526
530 531
531
534 535
535 537
537 539
539
543
548 549 550
549 550 551
550 551
551
554 555
555 557
557 558
558 560
560 562
562 564
564
567 569
569
573
578 580
580 581 582
581 582
582
586 587
587
591 592
592
596 597 598
597 598
598 599
599
604 605
605 607
607 608 609
608 609
609 611
611 612 613
612 613 614
613 614 615
614 616 831
615 616
616 617 618
617 618
618 620
620 622
622
628 819
632
636 637
637
640 641
641 788
646
652 653
653 655 790
655 656
656
660 661 662
661 662
662 664
664
667
670
673
679 783
685 686
686
690
700
703 704
704 706
706 707 708
707
708
713 714
714
718 720
719 720
720 722
722 724
724
726 728
728 729
729 731
731
735 736 737
736
737
741 742 743
742
743
749 750
750 752
752 753
753 931
757 758 759
758 759
759
764
769
772 773
773 775
775 776 777
776 777 778
777 778 779
778 779 780
779 780 781
780 781
781 783
783 785
785 786
786 788
788 789 790
789 790
790
792 793 794
793 794
794 795
795 797
797 798 799
798
799
803 946
804 806
806 808
808 810
810 811
811 813
813
816
819
824 826
826
828 829 830
829 830 831
830 831
831
834
838 839
839 841
841 842
842 844
844
847 849
849 851
851 852 853
852 854
853 854 855
854 855
855 857
857
862
866 867
867
870
873 875
875 876
876
880 881
881 883
883 884
884 886
886 887 888
887 888 889
888 889 890
889 890
890
892
895 896
896
899
901 902
902 904
904 905 906
905 906 907
906 907 908
907 908
908
911 912
912 914
914 916
916 917
917 919
919 920
920
926
931 932
932
935
938 940
940 941 942
941 942
942
946 947
947
950 951 952
951 952
952
955 956
956 958
958 959
959 961
961 963
963 964 965
964 965
965 966
966
969
972 973 974
973
974
977 979
979
982 983
983 985
985 986 987
986 987 988
987 988 989
988 989 990
989
990
994
998 999
999
