#naive2.0.py
# GMT Fri Feb 14 14:28:07 2020
# 
2 3 4
3 4 5 220
4 5
5
9 11
11 12
12
17 18
18
21 23
23 25
25 27
27 28 29 288 658
28 29 30
29 30 364
30
33
37 38 39
38 40
39 40 155
40
45 47
47 49 205
49 50
50
53
56 58
58 59
59
62 63 64
63 64 65
64 766 375
65
68
71 73
73 74 75
74 75 76
75 76 77
76 77
77
81 82 83
82 83 84
83 84 85 998
84 85
85
89
92 93
93 95 269
95 96
96
99 101
101
105
108
111 367
117 118
118
121 122
122 123
123 125 817
125
129 130
130 132 397 826
132
138 139
139
143 145
145
147 149
149 151
151 152 344
152
155
156 404
160 162 705
162 164
164 166
166
170
174 176
176 178
178 179 180
179 180
180 182
182 184
184 185
185 187
187 189
189 190
190
195
198 199 200
199 200
200 202
202
205
208 210
210
213 215
215 216 217 748
216 217 218
217 218
218 220
220 221
221
226
228 229 230
229 230
230 232
232
233 235 520
235 237 602
237 239
239 240
240
243
246
251 253
253 254
254
257
261
265 266
266
269 270
270 272
272 274
274 275 276
275 276 962
276 277
277 279
279 281
281 282 283
282 283 290
283 446
286 287 288
287 288
288
290
293 294
294
297
301
304
305
310 312
312 313 314
313 314 315
314 315
315 901
319
323
326 327 328
327 328
328
331 333
333 334 335 445
334 335 336
335 336 337
336 337 338
337 338
338
341 343
343 344
344
348 349
349 351
351 352 353
352 353
353
356 358
358 359
359
362 363 364 597
363 364
364 969
367 368
368 370
370
374 375
375
378 379 380
379 380
380
384 385
385
388
391 392 835
392
397 756
400 401 402
401 402
402 404
404 405
405 406 407
406 407 408
407
408 410
410
413 415
415 416 417
416 417 418
417 418
418
423 425
425
432
435
438 439 440
439 440
440 442
442 444
444 445 446
445 446
446 447 448
447
448 450
450 452
452 738
455
459 460 461
460 461
461
465 467
467 469
469 470 471
470 471
471
476 478
478 480
480 482 755
482 484
484 746
487
492 494
494 495
495 497
497 499
499 500
500 502
502 503
503
504
509
512 514
514 515
515 517
517
519 520
520
523
530 531 532
531 532
532
535 536
536
539 541
541
545
549 550
550
555
558
567
568 570
570
575 577
577 578 579
578 579
579
581 583
583 584 602
584 585 586
585 586
586
589 590 591
590 591 592
591 592 593
592 593 594
593 594
594
597 598
598
601 602
602
609 610
610
615
619
623
626
627 629
629
631
634 635
635 637
637 638
638 640
640 641
641 788
643 645
645 647
647 648 649
648 649
649 651
651 653
653 790
656 657 658
657 658 659
658 659
659
663 664
664
667 669
669
670 672
672
677 678 679
678 679 680
679 783
680 682
682 683 684
683 684 863
684
687
689 691
691 693
693 694 695
694 695 696
695 889
696
700
704 705
705
707 944
711 713
713 714
714 715
715
719 720
720 722
722 723 724
723
724
726
729 730
730
734 735
735
738 739
739
746 748
748
749 751
751 752
752 754
754 755 756
755 756 757
756 757
757
762 763
763 765
765 766 767
766 767
767
770
774 775
775
783 784 785 978
784 785
785 786
786 788
788 789 790
789 790
790
794 795
795
798
800 801
801
804 805
805
811
814
817
821
826 827
827 828
828
831 833
833 835
835 837
837
840 842
842 844
844 846
846 847
847 849
849
852
858 859
859
862 863 864
863 864
864
867 869
869
872 873
873 875
875 876 877
876 877 878
877 878 879
878 879 880
879 880 881
880 881
881
886 887
887 889
889
893 895
895
898
901 903
903
907 908 909
908 909
909
912 914
913 914 915
914 915 916
915 916
916 918
918
921 922 923
922 923
923
927 928
928 930
930
933
937 938 939
938 939
939
942 943 944
943 944
944 946
946 948
948 950
950
953
962 963
963
967 969
969
973
974
978
981 982
982
985
991 993
992 993
993
998
