#naive2.0.py
# GMT Fri Feb 14 14:28:02 2020
# 
0 2
2 4
4
7 9
9
12
21 22 23
22 23
23
26
29 30
30 31
31 58
34
37 38 39
38 40
39 40
40
45
48
52
58 60
60 61
61
64 766
67 69
69 70
70 71
71
75 77
77 78 79
78 79
79 81
81
84 85
85 87
87 88 89
88 89
89 91
91 93
93 95 269
95
100
106 107 108
107 448
108
111 113
113 114 370
114 855
117
121 122 386
122 123
123 817
126 127
127
135
138 139 140
139 140
140 142 392 973 713
142
146
149
152 153 154
153 154
154 156
156 157
157 158
158
161 162
162
165 166 167
166 167 168
167 168
168
172
175 177
177 179
179 180 181
180 181 182
181 607
182
185 186
186 188
188 190
190 191
191 736
194
197
198 200
200 201 202
201 202
202 204
204 205
205
207 208
208 210
210
217 218 219
218 219
219 895
222 224
224
228 229
229 231
231 232 233
232 951
233
236 237 238
237 238
238 240
240 241 924
241
244 246 304
246 248 596
248 249
249 251
251
254 256
256 257 258 846
257 258
258 260
260 261
261 263
263 264 265
264 265
265
269 270
270
275 276 962
276
280 344
282
286
289 615
292 293
293 295
295 297 487 716
296 360
297 996
299 300 301
300 301
301
304 573
305
308 309
309
313
319 320 321
320 321
321 323
323 324 325
324 325
325
329 331
331
340
343 344 345 537
344 345
345
349 351
351 352
352
360 361 362
361 362
362 597
365
370 372
372 599
373
377 379
379
384 386
386 388
388 389 390
389 390
390 392
392
393
396 398
398 400
400 401
401
405 406
406
411 413
413
420 422
422 614
424
427
430 432
432 454
437 438
438
443 646
448 449
449
452 454 744 738
454 852
456 457 458 820
457 458 459
458 459
459
462 463
463 465
465 466 467
466 467
467 469
469 470
470
477 479
479 480
480 755
483 485
485 487
487 489
489 490 491 517
490
491 493 909 964
493 494
494
497 499
499
502
504 910
509
512 514
514
517 518
518
523 525
525 527
527
532 802
536 537 538
537 539
538 539 540
539 540
540
543
546 548
548 550
550
553 554
554
558
562
565
573 575
575 576 577
576 577 923
577 579
579
582
587 588 589
588 589 590
589 590 591
590 591 592
591 592
592 594
594 595 596
595 596 597
596 597
597
599 601 629
601 603
603
606 607
607
614
615
617
620 622
622
625
629
632
635
638
643 644
644 646
646 648
648 649
649
653 655
655
661 662
662 664
664 666
666 668
668
672
676
680 682
682 684
684
687
692 693
693
700 701 702
701 702
702
708 710
710 711 712
711 712 713
712 713 714
713 714
714 716
716
717 719
719 720
720 722
722 724
724 791
730 731
731
735 736 737
736 738
737 738
738
743 744 745
744 745
745
750 752
752 753
753 755
755 756
756
760
763
766 767
767
770 771 772
771 772
772
777 779
779 780 781
780 781 782
781 782
782
785 786 787
786 787 788
787 788 789
788 789
789 791
791
794 795
795
802 803
803 946
804
807 809
809 811
811
816 817
817
820
825 827
826 827
827 829
829
832
839 840 841
840 841
841 843
843 844
844 846
846
849
852 854
853 854 855
854 855 856
855 857
856 858
857 858
858 859 860
859 860 861
860 861
861 862
862
869
873 875
875 876
876 878
878 879 880
879 880 881
880 881 882
881 882
882 884
884
887 889
889 891
891 892
892
895 897
897
902 903 904
903 904
904 906
906
909 910
910
914 915
915 917
917
920 921
921 923
923 924
924 926
926 927 928
927 928
928 930
930 932
932 934
934 936
936 938
938 940
940 942
942
946
951 952 953
952 953
953
956 958
957 958
958
961 962
962 964
964 965
965
969 970
970 971
971 973
973
976 977
977
980 982
982 983
983
990 991
991
996 998
998
