#naive2.0.py
# GMT Fri Feb 14 14:28:04 2020
# 
6
9 10
10
17
20 21 22
21 22 23
22 23 24
23 24
24 26
26 27 28
27 28 29 658
28 29 30
29 30
30 32
32 34
34
37 39
39 40 155
40 42
42 491
45 46 47
46 47 48
47 48 205
48 922
51 52 53
52 53 54
53 54
54
57 59 167
58 59
59 61
61 660
64 766
66 67 68
67 68 69
68 69 70
69 70
70 72
72 73 74
73 74 75
74 75
75 77
77 78 79
78 79 80
79 80
80
84
86
89
92 94
94 95
95
100 101
101 102
102 987
104 106
106
109
113 114 370
114 116
116 153
121
129 130 298
130 241 826
133 134
134
137 138
138
145 812
151
153 154 155
154 155
155 157
157 158
158 160
160
161 163
163 991
167 169
169 170 517
170
173 174 175
174 175
175
178 179 180
179 180 181
180 181
181
190 191 192
191 192 193
192 193
193 195
195 196
196 766
198 200
200
203 205
205 559
207 208
208
211 213
213 214
214
218 219
219
222 223 224
223 224 490
224
229
233 520
236 237
237
241
243 245
245
250
256 258
258 259
259 261
261
266 267
267 269
269 270
270 272
272 273
273 275
275
277
280 281
281 283
283 446
287
290
293 294 295
294 295
295 487
298 299
299
303
305 306 307
306 307 308
307 308 309
308 309 310 798
309 310 311
310 311 312
311 312
312
316 318
318 319 320
319 320
320
324 325 326
325 326
326
330
332
335 336
336
339 340
340 342
342 560
345 346
346
352 353 354
353 354
354 356
356 357 358
357 358
358
363
366 368
368 369 370
369 370 371
370
371 373
373 374
374
379 381
381
387 389
389
394 395
395
398 400
400 401
401 815
406 408
408 410
410 411
411 413
413 415
415
424 425 426
425 426 427
426 427 428
427 428
428
431 432
432 433 434 454
433 434 435
434 435
435 437
437 439
439 440
440 442
442 443 444
443 444
444 446
446 447 448
447 449
448 449 450
449 450
450 451
451 453 619
453 454 455
454 455 852
455 456
456 458
458
461 462 463
462 463
463 464
464 466
466 467
467
470
481 483
483 484
484
487
490
491 493 909
493 494
494 496
496 497
497
500
504 505
505 506 507
506 507
507 934
512 513
513 515
515 517
517
520 521
521 782
525 527
527
531 532 533
532 533 534
533 535
534 535 536
535 536 537
536 537 538
537
538
545
549 550 551
550 551
551
555 556 894
556 558
558 559 560
559
560
564 654
567
571
574 575
575
578 579
579 742
581 583
583
585 586
586 588
588 590
590 591 592
591 592
592
596
599
604 605
605
610 612 888
612
615 616
616
619 620 621
620 621 622
621 622 623
622 623
623 860
626 628 703
627 628
628 630 819
630 981
633
636 637 638
637 638
638 640
640 641
641 788
649 650 651
650 651 994
651 652 653
652 653 654
653 654 655
654 660
655
658 659
659 660 661
660 661
661 663
663 664 665
664 665
665 667
667
670
673 675
675 676 677
676 677
677 679
679
682 683 684
683 684 685 863
684 685
685
688 690
690 692
692
699 701
701 703
703 704
704 706
706 708
708
711 712
712 714
714 715
715
718 720
720 721
721 723
723 725
724 791
725 727
727
731 732
732
742
750 751 752
751 752 753
752 753
753
756
759 760
760 762
762 763
763
766
771
774 775
775 777
777 778
778 780
780 781 782
781 782
782
787 788 789 912
788 789
789 791
791
794
798
799 801
801
805
808
812 813 814
813 814 815
814 815
815
819
822 823 824
823 824
824 826
826
829 831
831 832
832 834
834 836
836 837
837 839
839 841
841 843
843
847 848
848
852 854
854
859 860 861
860 861
861
863 864
864
867 869
869
874
878
882 883
883
888 889
889 891
891
894
897 898
898
902 903
903
906 907 908
907 908 909
908 909
909 911
911 912
912
915
919 920 921
920 921 922
921 922
922
924
928 930
930
934 935 936
935 936
936
939
943 945
945 946 947
946 947
947
950
957
960
965 967
967 968
968
971 973
973
976 977 978
977 978 979
978 980
979 980 981
980 981 982
981 982 983
982 983
983
986 987 988
987 988 989
988 989
989 991
991
994 995 996
995 996
996 998
998
