#naive2.0.py
# GMT Fri Feb 14 14:28:10 2020
# 
1 2 999
2 4
4 5 6
5 6 7
6 7
7 9
9
12 14
14 15
15 16 17
16 254 950
17 18 19
18 526 733
19 21 225
21 22 23
22 23 784
23
27 29 288
29 30 364
30
35 37
37 39
39 155
47 48 205
48 50
50 52 171
52 53
53 55
55
59 60
60
64 766
65
67 68 69
68 69
69 416
71
74
79 80
80 82
82 84
84 85 838
85 86
86
89
95 96 97 899
96 97
97 99
99
102
104 106
106
110 112
112 114
114
117 118 119
118 119
119 121
121 122
122
126 127
127
131
135
140 142
142 143
143 145
145 812
148 149
149 151
151
153 155
155 157
157 158
158 160
160
161
165 166
166 168
168 169 170
169 170 517
170 171 172
171 172 789
172 173 665
173
177 179
179 180
180
183 185 624 956
185 187
187
192 193
193
198 200
200
203 205
205 284
207 209
209
213 214 215
214 215 216
215 216 217 748
216 217
217
222 223 224
223 224 225 490
224 225
225
229
232 951
233
237 238 239
238 239 240
239 240 241
240 241 924
241 242
242 243 244
243 244 245
244 245
245
248 249
249 251
251 253
253 254 255
254 255
255 257
257 258 259
258 259 260
259 260
260
264 265 266
265 266 267
266 267
267 269
269 270 271
270 272
271 272
272
276 277
277 279
279 281
281 282
282 284
284 286
286 288
288
292 293
293 295
295 487
296 298
298
302 303
303
305 307
307
314
318
321
324 326
326 327
327
332
336 338
338
343
346 347
347
350 351 352 687
351 352 353
352 353 354
353 354 355
354 355 356
355 356 357
356 357
357
361
364 366 969
366 368
368 369 370
369 370 371
370
371
379 380 381
380 381
381
384 385
385 387
387
393 395
395 396
396
399 400
400 402
402 403
403 405
405
414 416
416 418
418
419
423
427
431 886
433 435
435 436
436 438
438
441 442
442 444
444 445 446
445 446
446 448
448 449 450
449 450 740
450 451
451 453 619
453 454 455
454 455 793
455 456 457
456 457 820
457 459
459 460 461
460 461
461 463
463
467 468
468
471
475
478 479
479
482
487 488 489
488 490 748
489 490 517
490
493 494 495
494 495
495 497
497 498
498 500
500 502
502 503 740
503 505
505
508
514
517 518 838
518 519
519
522
526 527
527 529
529 530 531
530 531
531 533
533 535
534 535
535 825
538 539 540
539 540
540 542
542 544
544 545
545
551 552
552 554
554
557 856
561 562 788
562 563 564
563 564
564 566 948 654
566 568
568
578 579
579 742 741
581 582
582 584
584 585
585
588 589 590
589 590
590
593 594
594 595
595 597
597
600
603 784
606 608
608 609 610
609 610
610 612
612
615 616
616
619 621
621
624 626
625 626
626
630 632
632
639 640 641
640 641
641 788
645 646
646
654
655
659
662 664
664 665 666
665 667
666 667
667
672 673
673
676
679
680 682
682
685 687
687 688
688 690
690 691 692
691 692 693
692 693
693 695
695 889
699
702
706 707
707 944
712 714
714 715
715
719 720
720
726 727
727 729
729
733 734
734
739 740 741
740 741 742
741 742
742 744
744 745
745 798
748
749
753
757 758 759
758 759 760
759 760 761 975
760 761 762
761 762
762 763
763 765
765 766
766
772 773
773
776
779 781
781
784 785
785
788 789
789 791
791 793
793
795
798
799 800
800 802
802
812
816 817
817 819
819 820
820
822 823
823 825
825
830 831 832
831 832
832 834
834
837 838
838
840 842
842 843
843
846
848 850
850 865
851
854 856
856
860
865 867
867 868
868
872
875 876
876
883
886
889 891
891
899 900
900
903
911
914
919
924 926
926 928
928 929 930
929 930
930 932
932 933
933
936 937
937
940 941 942
941 942
942 943 944
943 944
944
947 948
948 950
950 951
951
955 956 957
956
957
961
964 965
965
968 969 970
969 970
970
974 975
975
979 980
980
983 985
985
988
992 993 994
993 994 995
994 995
995
998 999
999
