#naive2.0.py
# GMT Fri Feb 14 14:28:07 2020
# 
2 3
3 220
8 10
10
17 18 19
18
19 21
21 23
23 24 25
24 25
25
28 29
29
31 32 58
32 33 34
33 34
34
38 115
44
47 48 205
48 50 922
50 52
51 52
52 54
54
58 60
60
63 64
64
66
69
72
78 80
80 81 82
81 82 83
82 83
83 998
88 90
90 197
92
96 97
97
101 102 103
102 103
103 105 897
105 106
106
110 112
112
113 115 370
115 117
117 118
118
122 123 124
123
124
128 130
130 131 241 397 826
131 133
133
136 137 138
137 138
138 139 140 347
139 140 141
140 141 973
141 143
143
149 150
150
154 155
155
158 159 160
159 160 285
160 705
161 163
163 165
164 165
165
169
173 174
174
181
183 184 185 624
184 185 186
185 186
186
191 193 736
193 194
194 196
196 197
197
198
201 203
203 205
205
208
211 213
213
218 220
220
224
227
230
234 236
236
239 241
241 242
242
248 249
249
253
257 258
258
263
268
274 275
275
279 281
281
285 286 287
286 287
287
290 291
291 292 293
292 293
293
296 360
299 300
300 302
302 304
304 573
305 306 307
306 307 308
307 308
308 798
311 312
312 314
314 315 316
315 316 901
316 317
317
320 322
322 324
324 325 326
325 326 327
326 327
327 329
329 330
330
332 334
334
338 339 340
339 340
340
343 344 345
344 345
345 347
347 349
348 349 350
349 350
350
353 354
354
358 360
360 361
361 363
363
366 368
368 370
370 372
371 372 373
372 599
373
377 382
380 381 382
381 382 383
382 383 384
383 384 385
384 385
385 387
387 389
389
393 395
395 396 397
396 397
397
401 402 403 815
402 403 404
403 404
404
407 409
408 409
409 411
411 413
413 415
415 417
417
420
425
431
433
437
440 442
442
445 446
446 448
448 450
450
453
456 457
457 459
459
465 467
467 468 469
468 469
469
474 476
475 476
476 478
478
481
484 746
487 488 489
488
489
496
499 501
501 502
502 740
504
508
511
514
518 519
519 829
521 782
527 529
529 531
531 533
533
534 536
536 538
538
541 553
544
547 548
548
552 553 554
553 554
554 555
555 894
558
561 788
563 564
564 566 871
566 568
568 569
569
573
577 579
579
581 582
582
586
593
596 597
597
599
603 784
606 608
608 609 610
609 610
610
615 616
616 617 618
617 618 619
618 620
619 620
620 622
622 624
624
627 628
628
631 632
632
637 638
638
641 642 788
642
646
647 649
649 650
650 994
653
656 657
657
661
672 673
673
676 677
677
683 684 685
684 685
685
690
695 697 889
696 697
697 951
699 700 701
700 701
701
704 705
705 945
707 709
709
717
720 721
721
724 791
726 727
727
731
736
737 739
739 740
740
744 745 746
745 746 798
746
749
752 753
753 931
757 759
759 760
760 762
762 763 764
763 764 765
764 765
765
768 770
770
773 775
775 776 777
776 777
777 779
779 780 781
780 781 782
781 782 783
782 783 784
783 784 978
784
786 788
788
791 792
792 794
794 795
795
798
805
809
812 813
813 815
815
822
826
829
835
838 839
839 840
840
843
847
851 853
853 855
855
864
869 871
871 872
872
876 878
878 879 896
879
882
889 891
891
894 896
896
897 899
899 900
900 901 902
901 902
902 904
904 906
906
909
916 917 918
917 918
918
921 922
922
926 927 928
927 928
928
931
934 936
936
945 946
946
949 950 951
950 951
951
959 960
960
964
968
972 973
973
978
982
990
994 995
995
998 999
999
