#naive2.0.py
# GMT Fri Feb 14 14:28:10 2020
# 
0 1
1
5
9 10 11
10 11 12
11 12
12
15 17
17 19
19 20 21 225
20 21 22
21 22
22
25 27
27 29 288 658
29 30
30 31 32
31 32
32 33
33 35
35 650
38 115
39 41 155
41 42
42
44 45
45 47
47
50
51
54 55 56
55 56 57
56 57
57 167
61 63
63
68
71
78 79
79 81
81 82
82
86 87 88
87 88 89
88 89 90
89 90 91
90 91
91
95 97 899
97
100 101 833
101 102 103
102 103
103 897
106
109 110
110
114 115
115 117
117
120 122
122 123 124
123 817
124
127 367
132
135 136
136 845
139
142
145 812
147 149
149 150 151
150 151
151
153 154 155
154 155 156
155 472
156
158 160
160 162 705
161 162
162 164
164 165 166
165 166 167
166 167 168
167 168 169
168 169
169 517
172 173 665
173 175
175 177
177 178
178 180
180 181 182
181 215 607
182 184
184 185
185 187
187 188
188 190
190 191
191 193 736
193 195
195 196
196 766
198 200
200 201 202
201 202
202 204
204
210 212
212 213
213 215
215
218 219
219 895
221 223
223 225 490
225
228 229 230
229 230 231
230 231
231 233 764
233 235
235 237 602
236 237 238
237 238
238 240
240 924
242 243 244
243 244 245
244 245 246 304
245 246
246 248 596
248 249
249
257
260 261 262
261 262
262 264
264
267
271 273
273
276
279
282 283 290
283
285
288
290 291
291 292 293
292 293 294
293 294
294
297 298 996
298
302 303 304
303 304 845
304 573
305 306
306 308
308 798
319 320
320 322
322
327
330 331 540
331
335 336
336
339
346 347 348
347 349
348 349
349
352
356
361 362 363
362 363 597
363
366 367
367
371 372
372 599
375
378 379 380
379 380 381
380 381 382
381 382 383
382 383
383 385
385
388 389
389 391
391 392
392
397 756
401 402 403
402 403
403 405
405 407
407 409
409 410 411
410 411 412
411 412 413
412 413 807
413 414
414
418 420
419 420
420
425 427
427
430 432
432
437 439
439
445
447
452 738
456 820
460 461
461 462 463
462 463 992
463
466 467
467
470 471 472
471 472
472
475 476
476
479 480
480
486 877
489 490 517
490
498 500
500
506 508
508 510
510 512
512 513
513 515
515 517
517 518
518 519
519 829
523 525
525 526 527
526 527
527 529
529 530 531
530 531 532
531 532 533
532 533 534 802
533 735
534 536
536 537
537 539
539 540 541
540 541
541 543
543 723
547 548 549
548 549 550
549 550 551
550 551
551
555 556 557 894
556 558
557 558
558
573
576 577 578
577 578
578
586 587 588
587 588 589
588 589
589
592
596 597
597
599 601 629
601 602 603
602 603
603
606 607
607
611
615
617 618 619
618 620
619 620
620
625
629
631 632 633
632 633
633
637 638
638
642 644
644
650 651
651 653
653 654 655 790
654
655 656 657
656 657 658
657 658 659
658 659
659 661
661 662
662
665
668 670
670
673 674
674
677
680
687
689 691
691 692
692
700 701
701 703
703 705
705 706
706 707 708
707 944
708
711 712
712
716
717
721 722 723
722 723
723
729 730
730
735 736
736 738
738
740
745 798
749 751
751
754 756
756
759 760 761 975
760 761
761
764 765
765 766
766
769 771
771 772 773
772 773
773
778 779
779
782
790
793 794
794 796
796 823
798
802
805 807
807 809
809
812 813
813
817 819
819 820
820
823 824 825
824 825 826
825
826
829 830
830
833
839
843 844 845
844 845 846
845
846
848 849
849
852
861 862
862 864
864 866 975
866
869
872
877 878 879
878 879 896
879 881
881 882 883
882 883
883
887 888
888
893 894 895
894 896
895 896 897
896 898
897 898 899
898 899
899
904 905 906
905 906 907
906 907 908
907 908 909
908 909 910
909 910 911
910 911
911
915 916 917
916 917 918
917 918 919
918 920
919 920 921
920 921 922
921 922
922
924
929
932 934
934 936
936 938
938 939 940
939 940
940 942
942 943 944
943 944
944 946
946 947 948
947 948 949
948 949 950
949 950
950
953
956
959 960
960 962
962
967 969
969
971
974 975
975
981 982 983
982 983 984
983 984
984 986
986
990 991 992
991 993
992 993
993 995
995 996 997
996 997 998
997 998
998
