#naive2.0.py
# GMT Fri Feb 14 14:28:10 2020
# 
4
8 10
10 12
12 14
14
19 20 21
20 21
21 23
23 24 25
24 25 26
25 26 27
26 27
27 658
30 32
32
37
41 42 43
42 43
43 44
44 46
46
51 52
52 54 516
54 56
56 57
57
61 63 660 528
62 63
63
69 416
75 77
77 79
79 80
80 82
82 84
84
89
93
96 98
98 100 556
100 833
102
109 111 593
111 367
112
117 118
118
123 125 817
124 125
125
130 850 826
133 134 135
134 135 136
135 136
136 138
138 139 140 347
139 140 141
140 141 392 973
141
144 406 381
145 146
146 148
148 149 150
149 150
150
154 156
156 157 404
157
160 162
161 162
162
165
168 169
169
172 665
175 176 177
176 177
177
182 183
183 624 956
188 189
189 191
191 193 736
193 194
194 196
196 766
198 200
200
205 284 559
206 207
207
210 211
211 213
213
216 217 218
217 218
218 220
220
223 224
224 226
226 857
231 233 764
233 520
236 237
237
240
244 304
252 253
253 255
255 256
256 258
258
263
266 267 890
267
275 962
278 280
280
284 286
286
290
292 293 294
293 294
294
297 298
298 300
300
303 304
304 573
306 307
307
310 312
312 313 314
313 314 315
314 315 316
315 316
316
319 320 321
320 321 322
321 322 323
322 323 324
323 324
324
327
331 333
333 334
334 336
336 337
337
340 341 342
341 342 343
342 560
343 537
346 347
347 349
349 351
351 352
352
355 357
357 359
359 360
360
367 368 369
368 369
369 371
371
375 377
377 379
378 379
379 381
381
387 389
389
392 394
393 394 395
394 395 396
395 396
396 398
398
403 404
404
406 407 408
407 409 854
408 409
409 411
411 413
413
416
423
429 430
430
433 435
435 437
437 438
438
444 446
446
449 740
451 619
454 455 793
455 456
456 458
458
462 463
463 465
465 466
466
477 479
479
482
489
493 494 495
494 495
495
499
502 740
507 934
508
515 516
516 518
518 520
520
522 523 524
523 524 525
524 525
525 527
527 528
528 530
530 531
531
534
537
540 542
542 543 544
543 544 545
544 545 546
545 546
546
549 551
551 552
552
555 556
556 558
558 559 560
559 561
560
561
563 565
565 566 567
566 567 568
567
568
571 573
573 574
574 576
576 577
577 579
579 741
581 582
582
585 586
586
591 593
593
596 597
597
600 602
602
604
607 608
608
611
614 831
619 620 621
620 621 622
621 622
622 624
624
627 628
628 630 819
630
633 634
634 636
636 638
638 639 640
639 640
640 642
642
643 645
645
648 649 650
649 650
650
653 655
655 657
657 658 659
658 659
659 660
660
664 665 666
665 667
666 667 668
667 668 669
668 669
669
674
678 679
679 681
681 682 683
682 683
683 863
686 687 688
687 688
688 690
690 692
692
695
696 698
698 699
699
702 704
704
711
714 716
716
719
722
726 728
728 729
729 731
731 732
732 734
734 736
736 738
738 739
739 740 741
740 741
741 743
743
750
754 755 756
755 756 757
756 757
757 759
759 975
764
766 767
767 769
769 770 771
770 771
771 773
773 774
774
778 779 780
779 780
780
784 785
785 786
786
792 793 794
793 794
794
797
800 802
802
808 809
809 811
811 813
813 814 815
814 815 816
815 816
816 817
817 819
819 821
821 823
823
826 827
827 829
829 830 831
830 831
831 833
833
836
844
847
850
854 855
855 857
857
863 864
864 866 975
866
869
875 877
877 878
878
882 883 884
883 884
884 886
886 887 888
887 888
888 890
890 891
891 893
893 895
895 897
897 899
899
902 903 904
903 904
904
907 909
909 910
910 912
912
917
921
932 933 934
933 934
934
940 942
942 944
944 945 946
945 946 947
946 947 948
947 948
948
953 955
955 956 957
956 958
957 958
958 960
960 961 962
961 962 963
962 963 964
963 964 965
964 965
965 966
966 968
968 969 970
969 970
970 972
972 973
973 975
975
978 980
979 980
980
983 984
984
988
999
