#naive2.0.py
# GMT Fri Feb 14 14:28:10 2020
# 
2
7 8
8 10
10 11 12
11 12
12 14
14
20
24
34 35
35 650
38 40 115
40 41
41
44
48
52 516
55 57
57 59
59 60
60
65 66
66
69 70 416
70 72
72 73
73
76 77
77
82 83
83 998
86 88
88
91 93 328
93
97 98
98
102 987
104 105
105
108 110
110 112
112
113 115 370
115
118
122 124
124 125 126
125
126 447
129 130 298
130 131 850 826
131
134 135
135 137
137 289
139 140
140 142 973
142 144
144 406
147 148 149
148 149
149 151
151
154 156
156 404
158 160
160 705
169 170
170 172
172 173 174
173 174
174 176
176 178
178 179
179
183 185
185 186 187
186 187
187
194
198
202 204
204
206
209 211
211 213
213 215
215 216
216
219
228
232
233 520
238
243 244 245
244 245
245
248
251
254
258
261
265
271 272 273
272 273 274
273 274 275
274 275
275 962
277 279
279
283 446
285 287
287 289
289 291
291 292 293
292 293
293 295
295 716 404
296 298 360
298
301 302
302
314 315 316
315 316 901
316 317 318
317 318 985
318 320 642
320
323 325
325 327
327 328 329
328 330
329 330
330
333 335 445
335 337
337
341 343
343 537
348 349 350
349 350 351
350 351 687
351
355 357
357
360 362
362 597
370
371
374 375 376
375 376 377
376 377
377 382
380 382
382 383 384
383 384
384 386
386
389 390
390
393 395 989
395 396
396 398
398 400
400 401 402
401 402 815
402 404
404 405
405 406 407
406 407
407 409 854
409
413 414 415
414 415 416
415 416 417
416 417
417 419
419 420 421
420 421
421
426
429 430 431
430 431
431
433
437
440 441
441 443
443 444 445 646
444 445 446
445 446
446 447
447 449
449
451 619
452 454 738
454 852 793
456 457 458
457 458
458
461
464
468
471 472 473
472 473
473
477 478 479
478 479
479
489
498 499 500
499 500
500 502
502 503
503 505
504 505 910
505 506 507
506 507 508
507 934
508 510
510 511 512
511 512
512
516
519 520 829
520 521
521 782
522 524
524 525 526
525 526 527
526 527
527
531 532
532
535 537
537 539
539 541
541 542 543 553
542 543 544
543 544
544 546
546 547 548
547 548 549
548 549 550
549 550 551
550 551
551 553
553 554
554 555
555 557
557
560
563 564
564
568
572
582 583
583 602
591 592 593
592 593
593
595 597
597
600 602
602 603
603 604
604 606
606 607 608
607 608
608
611 613
613 614
614
618 787
619
627 628
628 630 819
630 632 981
631 632
632
638
642 644
644 646
646 648
647 648
648 650
650 651 994
651
655 656 657
656 657 658
657 658
658
661 663
663 664
664 666
666
669 671
671 672 673
672 673 674
673 674
674
678
681 682
682 684
684 685
685 687
687 688
688
691
694
698
701
705 706
706 707
707 944
711
716 718
718 720 734
719 720 721
720 721
721
726 728
728 729 730
729 730 731
730 731
731 733
733 734 735
734 735 736
735 736
736 738
738
742
745 746 798
746
751 752 753
752 753 754
753
754 756
756 758
758 759
759
763
766 767
767
772
777
782
785 787
787 788
788
793
796
797 798 799
798
799 801
801 803
803 946
804 806
806 808
807 808
808
811 812 813
812 813 814
813 814 815
814 815
815
819 821
821 822
822 824
824 826
826 827
827 828 829
828 829
829
841
846 847
847 849
849 850
850 865
852 854
854 855
855
858 859
859
865
869
872 873
873 875
875 877
877
891 893
893
900 901 902
901 902 903
902 903
903 905
905
910 911
911
914 916
916 917
917
920
924 925 926
925 926 927
926 927
927 929
929
932 934
934 935
935 937
937 938
938 940
940
943 944
944 946
946
950 952
952 953
953
957
962
967 968
968
973
974
977 978
978 980
980 981 982
981 982 983
982 983 984
983 984 985
984 985 986
985 986 987
986 987
987 989
989
993 994 995
994 995
995
998
