#naive2.0.py
# GMT Fri Feb 14 14:28:06 2020
# 
0 1 2
1 2
2
7
11
15 16
16
22 784
27 288
30 32
32 33
33 35
35 37
36 37 38
37 38 39
38 115
39
46 47 48
47 48
48
53 54
54
57 59
58 59 60
59 60 61
60 61
61 63 660
63 64 65
64 766 375
65 66
66
69 70
70 71 72
71 72
72
76 78
78 79
79
82 84
84 85 838
85
88 89
89 91
91 93 328
93 95 269
94 95
95 474
100
107 109
108 109 110
109 110
110
115 116
116
124 125 126
125 868
126 128 447
128
133
136 137 138
137 138 289
138
142 144
144 381
146 147 148
147 148 149
148 149 150
149 150 151
150 151 152
151 152
152 154
154 156
156 157 404
157 159
159 567 285
161 162
162
166
169
171 172 789
172 174 665
174 176
176 178
178
181
184 186
186 188 747
188 190
190 192
192 193 194
193 194 195
194 195
195
200 202
202
207 209
209 211
211 213
213
220
224
227 229
229 230
230
234 235
235 856
238 240
240 924
242
246 248
248
253 255
255 256
256
261 262
262 264
264 265
265 342
268 269
269 271
271 272 273
272 273
273
277 279
279
285 286
286 288
288 289
289
292
298
302 303
303
305
310
314 316
316
320 321
321 323
323 324 325
324 325 326
325 326
326 328
328
331 332
332
336
340 342
342
346 348
348 349 350
349 350 351
350 351 687
351 353
353 355
355 357
357 358 359
358 359
359 361
361
366 368
368 369
369
375 377
377
378 380
380 381
381
385 386
386 388
388
398 399 400
399 400
400
404 405
405 407
407 854
408 410
410 411 412
411 412 413
412 413
413 415
415
418
419
427 429
429
433 434 435
434 435
435
438
442 443 444
443 444 646
444
447 449
449
451 453
452 454 744 738
453 454 455
454 455 852 793
455 457
457 459
459 460 461
460 461
461 463
463 465
465
470 472
472
474 476
476 477
477
480
483 485
485 486 487
486 488
487 488 489
488 748
489
492
499
504
511
515 516
516 518
518 519
519
522 524
524
527 529
529
532
537 539
538 539 540
539 540 541
540 541
541
544 546
546 547
547
550 552
552 554
554 555 556
555 556 557
556 558
557 558 559 856
558 559
559
563 565
565 567
567 569
569 571
571
574 576
576 577 923
577
582 583
583
586 588
588 590
590
594 595
595 597
597
600 601
601 603
603 784
606
609 610
610
613 614
614 831
617 618
618 620
620 621
621
624
625 627
627 628 629
628
629
631 632 633
632 633
633 635
635 636 637
636 637 638
637 638
638 640
640 641 642
641 642
642 644
643 644
644 646
646 648
648 649
649 651
651 652 653
652 653
653 655 790
655 657
657
660 661
661
665
668
671
677 678
678
681
685 687
687 688
688 690
690 691
691 693
693 695
695 697 889
697 698 865 951
698 700
700
704
707 944
710
713
715 716
716
720 721 722
721 722
722
726 727
727
730 732
732 734
734 735 736
735 736
736 738
738
742 744
744 745
745 747 798
747 749
748 750
749 750
750 752
752 753
753
758
761 841
764 765
765 766
766 768
768 861
771 772
772
780
783 784 978
784
789 790 791
790 791
791 793
793
798
803
804
808 810
810
815
825
826
828 830
830 831
831
834
838
840 841
841
844
849
852 854
853 854 855
854 855 856
855 857
856
857
861 862
862
865
868 869
869
872
875 876
876
881 882 883
882 883
883
886
889 891
891
895 897
897
903 904
904
907 908 909
908 909
909 911
911
916 917
917
923 924
924 925 926
925 926 927
926 927
927 929
929 930
930 932
932 933 934
933 934
934
937
944
951 952
952
955
960 962
962 964
964 965
965 966
966 968
968 969 970
969 970
970 972
972 973 974
973 975
974 975
975
978 980
980
983 984 985
984 985 986
985 986 987
986 987
987
990 992
992 993 994
993 994 995
994 995 996
995 996
996 998
998
