#naive2.0.py
# GMT Fri Feb 14 14:28:07 2020
# 
1
8 10
10 11
11
17 18
18 733
20 22
22 23 784
23
26 27
27 29 288
29 30
30 32
32 33 34
33 34
34 36
36 37
37 39
39 40 41
40 41 42
41 42
42
45
49 50
50 52
52 54 516
54 55
55
58 59 60
59 60 61
60 61 62
61 63 660
62 63
63
71 73
73 75
75 76
76 78
78 79
79
83 84
84 838
86 88
88 90
90 91 197 585
91 92 93
92 93
93 95 269
95 96 97
96 97 98
97 98 99
98 99 556
99 101
101 103
103 897
107 109
108 109
109 111 593
111 113 367
112 114
113 114 115 370
114 115 116
115 116
116
119
123
124
129
131 132
132 134
134
139
147
154
158 160
160 705
161 163
163
167 169
169
172 173 174
173 174
174 176
176 177 178
177 178 179
178 179
179 181
181 607
182 184
184
187 188 189
188 189
189 191
191 193
193
197 199
199 201
201 203
203 204 205
204 205 567
205 559
206 207
207
210 212
212 213 214
213 214
214 216
216 217
217
220 221
221
225 227
227 228
228 571
233
239 240
240 924
248 249
249
252 254
254 255 256
255 256
256
259 260 261
260 261
261
265 342
269
276 277
277 279
279 280 281
280 281 460
281 282 283 674
282 283 290
283 446
286 287 288
287 288 289
288 289
289 290 291
290 291
291
300 301
301
310
315
317
319 320 321
320 321
321
324
327
330
332
336
339 341
341 342
342
345 346 347
346 347 348
347
348 350
350 351
351
355
358 360
360
363
367 369
369 370 371
370 372
371 372
372
376 377
377 379
379
389
392
393 989
396 397
397 756
399 401
401 403
403 404
404
409 410
410
414 415 416
415 416 417
416 417 418
417 418 419
418 420
419 420
420
425 427
427 428
428
431 886
437 438 439
438 439
439 441
441 443
443 444
444 446
446
449
453 455
455 456
456 458 820
458 459 460
459 460
460
462 992
465 466
466
470
475
481
484 485 486 746
485 486 487
486 488 877
487 488
488
493
499 501
501 503
503 505
505
508 510
510 512
512 514
514 516
516
519 829
521 523
523 524 525
524 525
525 527
527 529
529
534 535
535
538
542
545 546
546 548
548
551
554 555 556
555 556 557
556
557 559 856
559 561
561 562 788
562 563
563
566 567
567
571
575 576
576 578
578 580
580 582
582 583 584
583 584 602
584 585 586
585 586 587
586 587
587
590
593
595
600 602
602 603
603 784
605 606 607
606 607 608
607 608
608 610
610
611 613
613 614
614 616
616
620 622
622
629
631 632 633
632 633
633
639
644
647 649
649
653
657
660 662
662 663 664
663 664
664 666
666 667 668
667 668 669
668 669
669 671
671 672
672 674
674
678
682 683
683 685 863
685 686
686
691
694 695
695 889
698 699 700
699 700 701
700 701 702
701 702 703
702 703
703 705
705
710 712 866
712
716
717
720 721 722
721 722 723
722 723
723
726 727 728
727 728
728 730
730 732
732 733
733 735
735
741 742 743
742 744
743 744 745
744 745 746
745 746 747
746
747 749
749 750
750
755 756
756 758
758 760
760 762
762 764
764
767
772
775 776
776 778
778 779
779 781
781
784 785
785
788 789
789
793
795 797
797 799
799 800
800
806 808
808
811 813
813
816
819 820 821
820 821
821 822 823
822 823 824
823 824
824
827 829
829 830
830
833 834
834 836
836 838
838
842
845 847
847
851 852
852
856 858
858 859 860
859 860
860
863 864
864 866
865
866
869 870 871
870 871 872
871 872
872
875 876 877
876 877 878
877 878 879
878 879 880
879 880
880 882
882 883
883
886
889 891
891 893
893 895
895 897
897
900
903
906 907
907 909
909 910
910
913 914
914 916
916
922
924 926
926
929 931
931 932 933
932 933
933 935
935
941 942
942 944
944
949
952
956 958
958 960
960
964
967 969
969
973
974
979 980 981
980 981
981
984
988 989
989
992 994
994 996
996
