#naive2.0.py
# GMT Fri Feb 14 14:28:04 2020
# 
3
10 11 12
11 12
12
16 254
18 526 733
20
26
29 364
32
36
39 155
42
44
48 49 922
49
54 56
56 57
57
60 61 62
61 660 528
62
69
71 72 73
72 73 74
73 74 75
74 75 76
75 76
76
79 80 81
80 81 82
81 82
82 84
84 85
85 86
86
89 90
90
92 93 94
93
94
100 833
102 103
103
104
107 109 448
109 111 593
111 113
113 115
115
118 119 120
119 120 121
120 121
121 386
123 125 817
125
128 129 130
129 130 298
130 132 397
132 133
133
136 137 138
137 138
138 139 347
139
142 144
144 406
146 147 148
147 148
148
154 155
155 472
159 160
160 162 705
161 162
162
168 170
170 171
171 789
174 175
175 177
177 178 179
178 179 180
179 180 181
180 181
181 215
183 184 624 956
184 186
186 187
187
191 736
194 195
195
199 200
200 202
202 203
203 796
206 207 208
207 208
208 210
210 211
211
215
218
221 222
222 224
224
227 228 229
228 229 571
229
232 234 951
233 234
234 236
236 237
237 239
239
245 246
246 248
248 249 250
249 250 251
250 251
251
254 255 256
255 256
256 258 846
258 259
259 261
261
267 268
268 270
270 686
273 274 275
274 275
275
277 278
278
290 291
291 292
292 294
294
298 299 300
299 300 301
300 301 302
301 302
302 304
304
308 310
310 312
312 313 314
313 314
314
318 319 642
319 321
321 322 323
322 323 324
323 324 325
324 325
325
329
333
337
343 344
344
347
350 351
351 353
353
358 360
360 362
362 363 364 597
363 364 365
364 365 366 969
365 366
366
373 375
375
378 379
379
384 385 386
385 386
386 388
388
391 835
394
397 756
400
406
414
417 418
418 420
420
424 425
425
429 430 431
430 431
431
433 434 435
434 435
435
438 439 440
439 440 441
440 441
441 443 724
443
448 450
450 451
451 453
453 455
455 457
457 458
458 460
460 461
461 462 463
462 463
463 465
465 466
466
470 471 472
471 472
472
475
478 479
479
482
485
489
492 493
493
496 497 498
497 498
498
503
504
507
511 512 513
512 513
513
519 829
521
522
525 526
526 528
528
533 735
539 541
541 542 553
542 544
544 545 546
545 546
546
553 554
554 556
556 558
557 558
558
562 563
563 565
565
569 570 571
570 571
571
574
577
581 583
583 584 602
584 586
586
589
592 593
593
595 597
597 598
598 599
599 601 629
601 602 603
602 603
603 784
606 608
608
613 614 615
614 831
615
617 618
618 620 787
620 621
621 623
623 624
624 626
626
629
631 632 633
632 633
633 635
635 637
637
642 644
643 644 941
644
649
654 660
657
660 661 662
661 662 663
662 663 664
663 664
664
667 668
668
671 672 673
672 673
673 675
675 676
676
679 783
680
684 686
686
690
696 697 698
697 698 951
698 699
699 701
701 702
702 704
704 705
705 945
710 711
711 713
713
716
721 722 723
722 723 724
723 725
724 791
725 727
727 728 729
728 729 730
729 730 731
730 731 732
731 732 733
732 733 734
733 734 735
734 735 736
735 736 737
736 738
737 738 739
738 739
739
745 746
746
749 750 751
750 751 752
751 752 753
752 753 754
753 755 931
754 755 756
755 756 757
756 757
757 759
759 761 975
761 762 841
762 764
764 765
765
770 771 772
771 772
772 774
774 775
775
779 780 781
780 781
781 783
783 784 785 978
784 785
785 786 787
786 787
787 789 912
789 790 791
790 791
791
795 796
796 823
799 801
801 802
802
807 808
808 810
810 811 812
811 812
812 814
814 815
815
817 819
819 820 821
820 821
821 822 823
822 823
823
829 830 831
830 831 832
831 832 833
832 833 834
833 834 835
834 835 836
835 836 837
836 837
837 839
839 840 841
840 841 842
841 842 843
842 843
843
846
848 849
849
852
857 858
858 859
859
871
875 877
877 879
879
883 884 885
884 885
885
887 888
888
892
895
898 899 900
899 900
900 901 902
901 902 903
902 903
903
911 912 913
912
913
920 921 922
921 922 923
922 923
923 924
924
931 932
932
935 936
936
939 941
941 942
942 944
944 945 946
945 946 947
946 947 948
947 948
948
951
956
957
961 963
963
966 968
968 969 970
969 970
970 972
972 973 974
973 975
974 975
975
978
982 983 984
983 984 985
984 985 986
985 986
986 988
988 989 990
989
990
993 994
994
997 998
998
