#naive2.0.py
# GMT Fri Feb 14 14:28:04 2020
# 
0 1 999
1 3 999
3 220
6 8
8 9
9 11
11 12
12 14
14
17 18 19
18
19 21 225
21
25
28 30
30 31 32
31 32
32 34
34
37
42 43
43 44 45
44 45
45 47
47
51
57 59
59 61
61 528
66 67
67 69
69 70 416
70 71 72
71 72 73
72 73 74
73 74
74 76
76 77
77
82 83
83 85
85 87
87 503
93 269
100 833
102 103
103 105
105
111 113 367
113 115 370
115 116 117
116 117
117 119
119 121
121 122 386
122 123
123 125
125
128
132 134
134
137
139 140
140 142 973
142 143
143
146
149
152 154
154
157
160 705
161
165
169 517
172 665
177 179
179 180
180 182
182 184
184
187 189
189 190 191
190 191 192
191 192 193
192 193 194
193 194
194 196
196 197
197 199
198 199 200
199 200
200
203
208 209
209
212 213 214
213 214
214 216
216 217
217
220
223 225
225 227
227 228 229
228 229
229
234 235 236
235 237
236 237 238
237 238 239
238 239 240
239 240 241
240 241
241
244 246
246 596
247 249
249 250 251
250 251 252
251 252
252
256 846
262 264
264
269 270 271
270 686
271 273
273 274
274 276
276
280 281 460
281 282 283 674
282 283
283
286 287
287
291 293
293 295
295 404
298
301 302 303
302 303
303
308 309
309
312 313 314
313 314 315
314 315
315
317 318
318 319
319
323 324 325
324 325
325
338 339 340
339 340
340
343 537
350 352 687
352 353 354
353 354
354
357 359
359
362 363 364
363 364
364
367 368
368 370
370
371 373
373 374
374
380 382
382 383
383 385
385 386 387
386 387 388
387 388 389
388 389
389 391
391
393
397
399 400 401
400 401
401 403 815
403 404
404
406 407 408
407 409 854
408 409 410
409 410 411
410 411
411 413
413 414 415
414 415 416
415 416
416
422 423 614
423 424 425
424 425
425 427
427 429
429 431
431 432 886
432
437
440 442
442 443
443 445
445
447 449
449 740
451 619
452 744 738
457 458 459
458 459 460
459 460 461
460 461
461 463
463
466
469 471
471 472 473
472 473
473 474 475
474 476
475 476 477
476 477
477 479
479
485 486
486
489 517
492
497 499
499
502 503 740
503 505
504 505
505
508 509 510
509 510
510
515 517
517 518
518 519
519
528
529 531
531 533
533
534 536
536 537 538
537
538 540
540 541
541
544 545
545 547
547 548
548
555 556
556
563
574 575
575 577
577
582 583 584
583 584
584
587 588
588
591 592
592
596 598
598 599
599
606
611 612
612 614
614 831
618 620 787
619 620 621
620 621 622
621 622
622 624
624 626
625 626
626 628 703
628
633 634
634
638 640
640 641
641
643 644 941
644
649
653 654
654
656 657 658
657 658 659
658 659
659 661
661
664 665 666
665
666
670 671 672
671 672
672 674
674 675
675 677
677 678
678
682
685 686 687
686 687 688
687 688
688 690
690
695 697 889
696 697
697 865 951
700
703 705
705 706
706 708
708 710
710 711
711
717 718
718 734
724
726
729
732 734
734
738 739
739 740
740
743 744
744 746
746 748
747 749
748
749
754 755
755
758 760
760
765 767
767 768 769
768 769 770
769 770 771
770 771
771
774 776
776 778
778 779 780
779 780
780 782
782
785 786 787
786 787
787 789
789
794
799 800
800
804 805
805 807
807 808
808
811 812
812
815 816
816 818
818
821 822 823
822 823 824
823 824
824 826
826 827
827 828
828
831 832 833
832 833 834
833 834
834
837
842
846 847
847 849
849
854
858 860
860
865
869 870 871
870 871
871
875
879 881
881 882 883
882 883
883
886 888
888 889
889 891
891 892
892
903 904 905
904 905
905 907
907
913 914
914
921 922 923
922 923
923
926
930 931 932
931 932
932 934
934 935
935 937
937 938
938 940
940 941 942
941 942
942 944
944
947
951 952 953
952 953 954
953 954
954 956
956
961 963
963 964 965
964 965
965
968
971 972 973
972 973
973 975
975
977 978
978 980
980 982
982 983
983
986 988
988 990
990
994 995 996
995 996 997
996 997
997 999
999
