#naive2.0.py
# GMT Fri Feb 14 14:28:11 2020
# 
0 999
7 8
8 10
10 12
12 14
14 15
15 17
17 18
18 733
21 23
23 25
25 26 27
26 27
27 29 288 658
29 30
30
33 34
34 36
36
39 155
42
44 46
46 48
48 49 922
49
52 54 516
54 56
56 57
57 167
60 61 62
61 63 660 528
62 63
63 65
65 809
71
75
78 80
80 81 82
81 82 83
82 83
83 85
85 86
86 88
88 89
89 91
91 92 328
92
96 97
97
104
109 110 111
110 111 112
111 113
112 195
113 115
115 116 117
116 117
117
120 121 122
121 122
122 124
124 125 126
125 868
126
129 130
130 850 241 397 826
135 137
137 138 289
138 139 347
139 141
141 142
142 144
144 406
145 812
149 150 151
150 151 152
151 152 344
152
155 157 472
156 157
157 159
159 567
161
165 167
167 169
169 517
171 789
175
180
183 184 185 956
184 185 186
185 186
186
189
192 193 194
193 194 195
194 195 196
195 196
196 766
199 201
201
204 567
206
209
214 215
215 217 748
217 218 219
218 219
219
222 223 224
223 224 490
224 226
226 227
227
230 231 232
231 232
232 234 951
234 235
235 237
237 238
238 240
240 241 924
241
243 244
244
252
255
258
264 265
265 267 342
267
273 274 275
274 275 276
275 276 962
276 278
278
281 282 283 674
282 283 284 290
283 284 446
284 286
286 288
288 289
289 290 615
290
296
302 303
303 845
306 308
308 309 310 798
309 310
310
313 314
314 316
316
319
327 328
328 330
330
333 334
334
338 339
339
342 344
343 344 345 537
344 345 346
345 346 347
346 347
347 349
349 350
350 687
353
356 357
357 359
359
363
366 368
368 369
369
373
383 385
385
388
393 394
394
397 756
398 399 400
399 400
400 402
402
406 407
407 854
411 412
412 807
421 423
423
427 428
428
433 435 509
435
442 443
443 646
446 448
448 450
450 451
451
460
462 992
465 467
467 469
469 470
470 472
472
478
483 485
485 487
487 489
489 490 517
490
493
500 501 502
501 502 503
502 503 740
503
504 910
507 509 934
509
511
514 516
516
517 838
519 829
521
528
529 531
531 532 533
532 533 802
533
536 537 538
537 539
538 539
539 541
541 542 543 553
542 543
543 545 723
545 546
546
550
553 554
554 555
555
558 559
559 561
561
565 566 567
566 567 568
567 569
568 569 570
569 570 571
570 571 572
571
572
577 579
579 742 741
581
584 585
585 587
587 589
589 590 591
590 591
591
594 596
596 597
597
599 601
601
605 607
607 609
609 610
610 612 888
612 613
613 615
615 616
616 618
618 620 787
620 621 622
621 622
622
625 626
626 703
630 981
634 635 636
635 636
636 638
638
643 644 645
644 645 646
645 646 708
646
652 653
653 655
655 656 657
656 657 658
657 658 659
658 659
659 660 661
660 661 662
661 662 663
662 663
663
667 669
669
674
677
680 681 682
681 682
682 684
684
687
689
692 694
694 695
695
702 703 704
703 704
704 706
706 708
708 710
710 711
711
715
721 723
723
726 728
728 729 730
729 730
730 732
732 733
733
736
737 739
739 740 741
740 741 742
741 742 743
742 744
743 744 745
744 745
745 798
748 750
749 750
750
753
754 756
756 757 758
757 758 759
758 759 760
759 760 761
760 761
761
763
766 768
768 769 861
769
773 775
775
780
785 786 787
786 787
787 789
789
793
798
799
802 803
803 805
804 805
805 807
807 808 809
808 809 810
809 810
810 812
812
817
820
822 823 824
823 824 825
824 825 826
825
826
829 831
831 832
832
837 838
838
842
845 847
846 847
847 848
848 850
850
852 854
853 854 855
854 855
855
859 860 861
860 861
861 862
862 863
863
868 869 870
869 870
870
874 876
876 877
877
880 881
881 883
883 885
885 886 891
886 888
888 890
890 891
891 892 893
892 893
893
897
900 901
901
904
908 909 910
909 910 911
910 911
911 913
913 914
914
919
922
924 925
925
928
934 935 936
935 936 937
936 937 938
937 938 939
938 939
939
942 943
943
947 948
948
951 953
953 955
955 956 957
956
957
960 961 962
961 962
962 964
964 965
965 966
966 968
968 970
970 972
972
977 978 979
978
979 981
981 982
982
986 987 988
987 988
988 990
990 992
992 994
994
999
