#naive2.0.py
# GMT Fri Feb 14 14:28:04 2020
# 
0 999
3
6 8
8
12 13 14
13 531
14 107
20 21 22
21 22
22 24 784
24 25 26
25 26 27
26 27 28
27 28 29 288 658
28 29
29 364
33 34
34
37 39
39 40 41 155
40 41
41 43
43 44
44
48
55 56 57
56 57
57 59 167
59
62
67 68
68 70
70 72
72 73
73
78 79 80
79 80
80 82
82 83 84
83 84 85
84 85 838
85 86 87 163
86 87
87
90
93 95 269
94 95
95 474 899
99 101
101 102
102
106 107
107
114 115 116 855
115 116 117
116 117
117 119
119
122 123
123 125 817
125 127
126 127
127
130 132 850 826
132
136 137 845
137 289
139 140
140 392 973
144
146 147
147
151 152
152 154
154 155
155 157
157 159
159
161 163
163 165 991
165 166 167
166 167 168
167 168 169
168 169 170
169 170
170 171 172
171 172
172 665
175
178 179 180
179 180
180
184 185
185
190 191
191 193
193
198 199
199 201
201 203
203 204 205
204 205
205 284 559
206
211
214
218 219
219 895
223
230 231
231 233
233
238 239 240
239 240
240 924
243
246 248
248
251
255 256 257
256 257 846
257
260 261
261
266 267 268 890
267 268 269
268 269
269
273
277 279
279
284
288 289
289 290 291
290 291
291 292
292
296 298
298 299 300
299 300
300 302
302
305 307
307
312
318 642
325 327
327 328
328
331 333
333 335
335
338
348 349 350
349 350 351
350 351 352
351 352 353
352 353 354
353 354 355
354 355
355 357
357 358 359
358 359
359
362 363 364 597
363 364 365
364 365
365
370 372
371 372
372 374 599
374
378 379 380
379 380
380 382
382 383
383 385
385
388 389
389
392 394
394 395
395
399 400
400
405
408
413 414
414
421 423
423 424
424 426
426
430 432
432 434 454
434 435
435
443 646
449 450
450 452
452 454 738
454
456
460
462
464 466
466 467 468
467 468 469
468 469
469 471
471 473
473 474
474 476
476 478
478 479
479
483 484
484 746
488
492 494
494
501
505 506
506 508
508 509 510
509 510
510 511
511
515 516
516
521 523 782
523
530 531
531
534 535
535 537
537 539
538 539
539
547 548 549
548 549
549
554
558 559 560
559
560 562
562 564
564 566 948 654 871
566 568
568
571
572
575 576
576
579 580
580 581
581 583
583
587 588
588 590
590
593
595 597
597 598
598 599 600
599 600 601
600 601
601
605
608 609
609
612 614
614
617
623 625
625 627
627
630 632
632 633
633
636 637 638
637 638
638
641 642 788
642
646
647 649
649 651
651
654
655 656 657
656 657 658
657 658 659
658 659
659 661
661
665 667
667 669
669
670 672
672
676 677 678
677 678 679
678 679
679 681 783
681 683
683 863
686 688
688 690
690
694
698 699 700
699 700 701
700 701 702
701 702
702
705
711 712
712
718 734
719
724
726 727 728
727 728
728 730
730 731
731 733
733 734 735
734 735
735 737
737 738
738
746
747
750 751
751
754 756
756 757 758
757 758 759
758 759 760
759 760
760 762
762 763
763 765
765
769
772 774
774 775
775
779 781
781 782 783
782 783 784
783 784 978
784
787 788
788
792
795
798
801 803
803 805 946
804 805 806
805 806
806 808
808 809 810
809 810 811
810 811
811 813
813
816 817 818
817 818
818
826
828 829 830
829 830
830
833 834
834
837 838 839
838 839
839 840
840 842
842 844
844 845 846
845
846
848 849 850
849 850
850 865
855
859 861
861
863 864
864 866
865
866
870 871
871
877 878
878 880
880 881 882
881 882
882 884
884
890
892 893
893 895
895 897
897 899
899
901
904 906
906
909 911
911
915 916
916
919 920
920
924 925 926
925 926 927
926 927
927
930
934 936
936
940 941
941
943
946 947 948
947 948
948
951 953
953
958
961 963
963 964 965
964 965
965 966 967
966 967
967
970
973
974
978 980
980 982
982
986 988
988
991
996
999
