#naive2.0.py
# GMT Fri Feb 14 14:28:05 2020
# 
2 3
3
6 7
7 9
9 11
11
15
18
19 20 21
20 21 22
21 22
22
26 27 28
27 28
28 30
30 32
32
37 38 39
38 115
39
44 46
46 47 48
47 48 49
48 49 50
49 50
50
58
62
68 69 70
69 70 416
70 72
72 73 74
73 74 75
74 75
75 77
77 78
78
81 82 83
82 83
83 85
85 87
87 88 89 503
88 89
89 91
91 92
92
95 96 899
96 98
98 100
100 101
101 102
102
107 109 448
108 109 110
109 110 593
110
113 115
115 116
116
119 120
120
123
124 126
126
130 131 132 241
131 132
132
136 137 138 845
137 138
138 139 347
139
142 143
143
146
151 152
152
156 404
159 567
165 166 167
166 167
167 169
169 170
170
173 174 175
174 175 176
175 176
176 178
178 179
179 181
181 215 607
182 184
184 185
185 187
187 188
188
192
195 196 197
196 197 766
197
198 200
200 201
201
209 210
210 212
212
215 216 217
216 217 218
217 218 219
218 219
219
224 226
226
229
232 951
236 238
238 240
240 241
241 242
242 243 244
243 244 245
244 245 246
245 246 247
246 596
247
253 254 255
254 255
255 257
257
260 261
261
265 266
266
270 272
271 272
272
277 278
278 280
280
283 284 446
284
287
290
294
298
301 302 303
302 303
303 845
305
310 312
312 314
314 315 316
315 316
316
319
324 325
325
329
332 333
333 335 445
335 336 337
336 337 338
337 338 339
338 339
339 341
341 343
343 345
345 346 347
346 347 348
347
348
351
358 359 360
359 360 361
360 361
361 363
363 365
365 366
366
369
372
373
376 378
378 380
380 381
381 383
383 384 385
384 385
385 387
387 388 389
388 389 390
389 390
390 392
392 394
394 395 396
395 396
396
401 402 815
402 404
404
406 407
407
410
413 414
414 416
416 418
418 420 604
419 420 421
420 421 422
421 422
422 614
426 427
427 429
429
432 454
436 437
437
442
445 446
446 448
448
454 793
458 459
459 461
461
476
480 755
483
487 488
488 490
490 492
491 909
492 494
494 495 496
495 496
496
500
503
504 910
507 934
511
514 515
515
519
523 524
524
532 533
533
540 541
541 553
547 548
548
552 553 554
553 554
554 555
555 557
557
560
563 564 565
564 566 948 654
565 566 567
566 567 568
567
568 570
570 572
572 573
573
580 582
582 583
583 602
585
588
593
596 598
598
602
604
607
610 888
613 614
614
620 621 622
621 622
622
625 627
627
638
644 646
646
647
650 651
651 653
653 654 790
654 660
657 659
659 660 661
660 661 662
661 662 663
662 663
663
666 667 668
667 668
668 670
670 671
671
676 678
678 679
679
682
685 687
687
689
698
701 702
702 704
704 705
705
707 709 944
708
709
713 714
714
719 720
720
725 726 727
726 727 728
727 728
728 730
730 731
731
737 739
739 740 741
740 741 742
741 742 743
742
743
747
751
755
759 760 761
760 761
761
764
766 767
767
770
774 776
776
782
788 790
790 791
791 793
793
800
804
808 809 810
809 810 811
810 811 812
811 812
812
815 816
816 818
818 819
819
823 824
824
828
834
837 839
839
842 843 844
843 844 845
844 845 846
845
846
848 849
849 851
851 853
853 855
855
858
861 862
862 863 864
863 864
864
865 867
867 868
868
876 877
877 879
879
884 885
885 891
887 888
888
891
897 899
899 900
900
907 909
909 910 911
910 911
911
915 916 917
916 917
917 919
919 920 921
920 921
921 923
923
927 928 929
928 929 930
929 930
930
933 934 935
934 935 936
935 936 937
936 937 938
937 938 939
938 939 940
939 940 941
940 941 942
941 942
942 943 944
943 944
944 946
946 947 948
947 948 949
948 949
949 951
951 952 953
952 953 954
953 954
954
960 961
961 963
963
967 968
968 970
970
973
977 978
978 980
980 981 982
981 982 983
982 983 984
983 984 985
984 985
985
988
991
996
