#naive2.0.py
# GMT Fri Feb 14 14:28:09 2020
# 
0
3 4 220
4
7 8 9
8 9
9 11
11
14 107
18 733
22 24
24 25 26
25 26
26
33 34 35
34 35 36
35 37
36 37 38
37 38
38 115
46 47 48
47 48 49 205
48 49
49
54 55 56
55 56 57
56 57 58
57 59 167
58 59
59
67
71 72 73
72 73
73
81
84
86 87 88
87 88 89
88 89
89 91
91 93
93
100 833
104 106
106 107 108
107 109
108 109
109
112
113 115 370
115 116
116
118 119
119
122
125 127
127 129
129 130
130 850 241 397 826
137 138 289
138 139 140
139 140
140 142 392 973 713
142
145
147 149
149 151
151 152
152
156 404
158 160
160
163 165
165 167
167 168
168
176 177 178
177 178 179
178 179
179 181
181
182 184
184 185 186
185 186 187
186 187 747
187 189
189 190
190
197
204 205 567
205 284
207 208
208 210
210 212
212
220
222 223 224
223 224 225 490
224 225
225 227
227 228 229
228 229
229 231
231 233 764
233 234 520
234
238 240
240 241 924
241 242
242 243 244
243 244
244 246 304
246 248 596
248 250
250 251
251 253
253
259 260
260 262
262 263 264
263 264
264
270 686
276 277 278
277 278
278
284
287 289
289
293 294 295
294 295 296
295 297 487 716 404
296
297
299 300
300 302
302 304
304
305 307
307 308 309
308 309 310 798
309 310 311
310 311 312
311 312
312 314
314 316
316
319 320 321
320 321 322
321 322
322 324
324 325 326
325 326
326
329
332 333 334
333 334 335 445
334 335
335
340
349
353 355
355 357
357 358 359
358 359
359
362 363 597
363
370
371
374 375 376
375 376 377
376 377 378
377 382
378
382 383
383 385
385
391 392
392
395 397
397 756
399 401
401 402
402 404
404 405
405 407
407
408
411 412 413
412 413 807
413 414
414 416
416 417
417 419
419
422 423 614
423 425
425 427
427 428
428
431 432
432 433 434 454
433 434 435
434 435 436
435 436
436 438
438 440
440
444 445 446
445 446
446
451
452 454 744 738
454 455 852 793
455 456 457
456 457 458 820
457 458
458
462 463
463 464 465
464 465 466
465 466
466
473 475
475 477
477
480
483 484
484
487
490 492
492 493
493
496 497 498
497 498
498 500
500 501
501
506 508
508 510
510 512
512 513
513 515
515
518 520
520
522 524
524
527 528
528 530
530 532
532 802
535 537
537
540 542
542
547
552 554
554
557 558 856
558
562 563 564
563 564
564 948 654 871
567
570
577
581
584 585
585 587
587 588
588
591
594 595 596
595 596 597
596 597
597
600
606
611 613
613 614
614 616
616 617
617
621 622
622
629 630
630 632
632 633 634
633 634 635
634 635
635
638
643
646 648
648
651 653
653 654 655
654
655 657
657 658 659
658 659
659 661
661 663
663 664 665
664 665
665 667
667 668
668
673 675
675
682 684
684 685 686
685 686 687
686 687
687
689 690 691
690 691 692
691 692
692
696 697
697
702 703
703
707 944
708
711 712 713
712 713
713
716 718
718
721 722 723
722 723 724
723
724 791
733
738
740 741 742
741 742
742 744
744 745
745 747 798
747
750
753 931
756 758
758 759
759 761
761
764
768
772 773 774
773 774 775
774 775 776
775 776
776
779 780
780 782
782
789 791
791 792 793
792 793 794
793 794
794 795 796
795 796 797
796 823
797 798
798
800 801 802
801 802 803
802 803
803
807 808 809
808 809 810
809 810
810
814 816
816
819 820 821
820 821
821 823
823
826 827
827 828 829
828 829
829
833 834
834
840 842
842
849 850
850
852
853 855
855
856
860
864
870 871 872
871 872
872
876
882 884
884 885
885
887
892 894
894
899
901 902 903
902 903 904
903 904
904
907
910 911
911
914
920
923 924
924 926
926 928
928 930
930 931
931
934 935 936
935 936 937
936 937
937
943 944
944
948 950
950 952
952
955 956 957
956 958
957 958 959
958 959
959
963
967
971 973
973
974 976
976
982 984
984
987 989
989
990
994
997
