#naive2.0.py
# GMT Fri Feb 14 14:28:05 2020
# 
0
3 5
5 7
7
12 13
13
16 950
17
20 21
21 23
23
26 27
27 288
30 32
32 33
33 35
35 650
39
43 44 45
44 45
45
49 50
50 52
52 516
55 57
57 59 167
58 59
59
65 66
66
72 73
73 75
75 76 77
76 77 78
77 78 79
78 79
79 81
81 82
82
85 86
86
89 91
91 92 93
92 93
93 95
95 97
97 98
98 100
100 101 833
101 102
102 987
104 105 106
105 106
106 108
108 109 110
109 110
110
113 114 370
114 116
116 153
118 119
119 121
121 386
123 817
124
128 130
130 131 132 241 397
131 132
132
135 137
137
143 145
145
149 150
150 152
152 153
153
157 158 159
158 159
159
161 162
162
167 168
168
175
179 181
181 607
182 183 184
183 184 185 624
184 185
185 187
187 188 189
188 189
189
192 193 194
193 194
194
197
200 201
201
205 284
206
209 211
211
217 219
219 895
221
226 227 971
227 228
228 230 571
230
235 237 856 602
236 237
237
241
243 244
244
248
252
257 259
259 260
260
265 266 267 342
266 267 268
267 268
268
271 272 273
272 273
273 275
275
277 279
279 281
281 282 283 674
282 283 284 290
283 284 446
284 286
286 288
288
290
296 360
299 300
300
303 845
305
308 309 310
309 310
310 312
312 313
313
322
326
330 331 540
331
335 336 337
336 337 338
337 338
338 340
340 342
342 344
343 344 345
344 345
345 347
347
350 687
353 354 355
354 355
355
359 360
360
368 370
370
376 377
377
380 381
381 383
383 384
384 386
386 387
387 389
389 390
390 392
392
397
399 400 401
400 401
401 403
403 404 405
404 405
405 406 407
406 407
407 854
411
414 416
416 417 418
417 418
418 604
422 423 669 614
423 424
424
429
432
437 439
439 441
441 442 724
442 444
444 446
446 447
447 449
449 450
450
456 458
458 459 460
459 460 461
460 461
461 462 463
462 463
463 465
465 466 467
466 467
467
470 472
472
477 479
479 480
480
483
492
497 498
498
501 502 503
502 503
503 505
505 506
506 508
508 510
510 511
511
516 518
517 518 838
518
522 524
524 525 526
525 526 527
526 527
527
533 535
535
538 540
540
544
547 548
548
551 553
553 554
554 555
555
558
562
565
568 569
569 571
571
574 576
576 577
577 579
579 742 741
582 583
583 602
586 587 588
587 588
588 590
590
594 595 596
595 596
596 598
598 599 600
599 600 629
600 602
602 603
603 604 784
604 605
605 607
607 609
609 610 611
610 612 888
611 612 613
612 613 614
613 614 615
614 616
615 616
616 617
617
620 622
622 624
624
627 629
629 630
630 632 981
631 632
632
635
638 639 640
639 640
640
643 644 645
644 645
645
648 650
650 651
651
655
659
663 664 665
664 665
665
668 669
669
673 674 675
674 675
675 676
676 678
678
683 684 863
684
687
689
693 694
694 696
696
699 701
701 702 703
702 703 704
703 704
704 706
706
709
712 713
713
720 721 722
721 722 723
722 723 724
723 725
724 791
725 726
726
729
732
737
741 742 743
742 744
743 744
744 746
746
749 750 751
750 751
751 753
753 931
754
758 759 760
759 760 761
760 761 762
761 762
762 763
763
766
770 771 772
771 772
772 774
774 775
775
778
782 783 784
783 784 785 978
784 785
785 786 787
786 787
787 789
789 790 791
790 791
791
794
802
804 806
806
807
813
816 817 818
817 818 819
818 819
819
828 830
830 832
832 833
833 835
835
838
842 843 844
843 844 845
844 845 846
845 847
846 847
847 849
849
852 854
853 854
854 856
856 858
858 859 860
859 860 861
860 861
861
863
866 867
867
876 877 878
877 878 879
878 879
879
884 886
886 887 888
887 888 889
888 889
889
895 897
897 898
898 900
900 901
901
904 906
906
913 914 915
914 915 916
915 916
916
922
926 927 928
927 928
928
931 932
932
936 937
937
942 943 944
943 944
944 946
946 947 948
947 948
948 950
950 952
952
958 959
959
967 968 969
968 969
969
971 972 973
972 973 974
973
974 976
976 978
978
979 981
981 982
982
986 987 988
987 988
988 990
990
993
998
