#naive2.0.py
# GMT Fri Feb 14 14:28:06 2020
# 
0 1 999
1 3 999
3 220
7 8 9
8 9
9 11
11
15 16
16 950
24
29 30
30 32
32 34
34 35 36
35 650
36
39 41 155
41 42 43
42 43 491
43 45
45 46
46
50 171
55 57
57 59
58 59
59
63 64
64
74 75 76
75 76
76
83
89
92 93 94
93 95
94 95
95 474 899
98 99 100
99 100
100
103 897
104
107 109 448
108 109 110
109 110 593
110 112
112
113 115 370
115 116 117
116 117
117 119
119 120 121
120 121 122
121 122
122
127 129
129
134 136
136 137 138 845
137 138 289
138
142
145 146 812
146 148
148 150
150 151 152
151 152
152 154
154 155
155 472
160 162 705
162
165
169
171 172
172 173
173 175
175 176
176
180
185 187
187 188
188 190
190 192
192 193
193
196
198
201 203
203 204 796
204 567
206
209 210
210
213 214
214
218 220
220 221
221 223
223 224 490
224 226
226 227 971 857
227
230 232
232 234 951
234 235
235 602
238 239 240
239 240
240
242 243
243
246 248 596
247 248 249
248 249 250
249 250
250
255
258 259 260
259 260
260 262
262 263
263 265
265 266
266 268
268
273
276 277 278
277 278
278
281 282 674
282
287 288 289
288 289
289 291
291 292
292
301 302 303
302 303 304
303 304 845
304 573
305 306 307
306 307 308
307 308
308
312 314
314 316
316 317
317
320
325 327
327 329
329 331
331 332
332 334
334 335 336
335 336
336
339 341
341
346
349 351
351 352 353
352 353 354
353 354
354
357
362
366
370
376 377
377 379
379
387
392
397 756
398 399 400
399 400 401
400 401 402
401 402 403 815
402 403 404
403 404
404
406 407 408
407 854
408
411 412 413
412 413 807
413
416 418
418 420
419 420
420 422
422 423 669
423 424 425
424 425 426
425 426
426 428
428 430
430 431 432
431 432 886
432 434
434 435 436
435 436
436
440 442
442 443 444
443 444
444
447 449
448 449 450
449 450
450 451 452
451
452 738
455
458 460
460
462 992
465 466 467
466 467 468
467 468 469
468 469
469 471
471 472 473
472 473
473 474 475
474 476
475 476 477
476 477 478
477 478 479
478 479
479
482 949
487 488
488 490 748
490 492
491 964
492
495 496
496 498
498 500
500 501 502
501 502 503
502 503
503
504
507 509
508 509
509
514 515
515
518
522 523 524
523 524
524
527 529
529
533 535
535 536
536
539 540
540
543 545
545
548 549 550
549 550
550 552
552 553
553
555 894
558 560
560
567 569
568 569
569 571
571 573
572 573
573 575
575
580
586 587
587 589
589 590
590
593
596
599 629
602 603
603
607 609
609
613
617 618
618
621 622 623
622 623
623
627 629
629
631
636 638
638 640
640 641
641
643 644 941
644
650 994
655 657
657 658 659
658 659
659
663 664
664
668 669
669 671
671 672 673
672 673 674
673 674 675
674 675
675 676 677
676 677 678
677 678 679
678 679 680
679 681
680 681 682
681 682
682
687
689 690
690
695 697 889
697 951
699 700 701
700 701 702
701 702 703
702 703
703 705
705
710 711
711 713
713 714
714 716
716 718
718 734
727 728
728
731
734 736
736 738
737 738 739
738 739
739 741
741 742 743
742
743
746 748
748 750
749 750
750 752
752
756 757 758
757 758 759
758 759 760
759 760 761
760 761
761
763 764 765
764 765
765
768 769 770
769 770 771
770 771 772
771 772
772
775 776
776
780
786
790 791
791
796 823
801 802
802
804 805 806
805 806 807
806
807
810 812
812 813
813 815
815
817 819
819 820 821
820 821
821 823
823 824
824
827 829
829
832
836 837 838
837 838
838
840 842
842
845 847
847
851 853
853 854 855
854 855
855 857
857
870 872
872 873 874
873 874 875
874 875
875
879
884 886
886
889
893 894 895
894
895 897
897 899
899
903 905
905 907
907 908
908
911 912 913
912 914
913 914
914
917 918
918 920
920
923
925 926 927
926 927 928
927 928 929
928 929
929
932 933
933
936 937 938
937 938
938
941 942
942 943
943
946 947
947 949
949 950 951
950 951
951 953
953 954 955
954 955
955 957
957 959
959 961
961
964
970 971 972
971 972 973
972 973 974
973
974 976
976 977
977
982 984
984
988
991 993
992 993 994
993 994 995
994 995
995
999
