#naive2.0.py
# GMT Fri Feb 14 14:28:07 2020
# 
1 2 3
2 3
3
6
9
14 15 107
15 16
16 254
21 22
22 784
26
29 364
32 33
33
36 37
37
42
47 48
48
54 56
56 58
58 60
60 62
62 63
63
66
70 71
71
74
78
86
94 95
95 474
98 99 100
99 100
100
105 106 107
106 107 108
107 109
108 109 110
109 110
110 112
112 114 195
114 116 855
116 117 153
117 118 119
118 119
119 121
121 122 386
122 124
124
129 130
130 241 397
133 134 135
134 135
135
140 392 973
144 406 381
146
149 150
150
153 154
154
157 159
159
161 162 163
162 163 164
163 165 991
164 165 166
165 166 167
166 167
167 169
169
173 175
175 177
177 178 179
178 179 180
179 180
180
183 184
184 186
186 187
187
191 192 193
192 193 194
193 194 195
194 195 196
195 196
196
198
201 203
203
206 207
207 209
209
212
215 217
217 219
219
225
228 229 230 571
229 230 231
230 231 232
231 232
232 234
234 235 236
235 237 602
236 237 238
237 238 239
238 239
239 241
241 242
242 244
244
247
250
254
257 259
259 260
260 262
262
266 267 268
267 268
268
272
277 278 279
278 279 280
279 280 281
280 281 460
281 282
282
287 288
288
291 293
293 295
295 297 487
297
299
305 306
306 308
308
319 320
320
323 324 325
324 325 326
325 326 327
326 327
327
334 335 336
335 336 337
336 337
337 339
339 341
341 342 343
342
343 345 537
345 347
347 349
348 349
349 351
351
354
358
361 362 363
362 363 364
363 364 365
364 365 366
365 366
366
370
371
374 375
375
378 380
380 381
381 383
383
386 388
388 389 390
389 390 391
390 391 392
391 392 835
392 394
394 396
396 397 398
397 756
398
401 403
403 405
405 406 407
406 407 408
407 854
408 410
410 412
412 413 807
413 415
415 416
416
419
422 423 614
423 424
424 426
426 427
427 429
429
434
437
441 442
442 444
444 445
445
449 740
451 453 619
452 454 744 738
453 454 455
454 455
455
460
462
465 466
466
469 470
470
474 476
475 476
476 478
478 479
479 481
481 482
482 484 949
484 486
486 877
487 489
489 490
490 492
492
498
501
504
508 509 510
509 510
510 511
511
514 515 516
515 516
516 518 918
518 519
519
522 524
524 526
526 528
528 530
530
536 537
537 539
539 540
540 542
542 543
543 723
550 551 552
551 552 553
552 553
553
558
561
564 948
565
568 570
570 571
571 573
573 574
574 576
576 577 923
577 579
579 741
581 583
583 602
586
591
595
598 600
600 601 602
601 602 603
602 603
603 604 784
604
611
614 616
616 618
618 787
619 621
621 622
622
627 628 629
628 630 819
629 630
630
633 634
634 636
636 637 638
637 638
638
642 644
644 645 646
645 646 708
646 648
648
651 652
652
657 658 659
658 659
659 660
660
665
666 668
668 670
670 671 672
671 672 673
672 673
673
676
679 681 783
680 681
681 683
683 684
684
688
696 697
697
704 706
706 708
708
709
714
717 718
718 720 734
720
723
726 727
727 729
729
732 734
734
738
740 741
741
744
751 752
752 754
754 756
756 757 758
757 758 759
758 759
759
763
767 769
769 771
771
776
779 780
780 782
782 783 784
783 784 978
784
786 787
787 789
789
792 794
794
801 802 803
802 803
803 805
805 806 807
806
807
810 811
811
814
817 819
819
822
828
834 835 836
835 836 837
836 837 838
837 838 839
838 839
839 841
841
846 847
847
854 855
855 857
857 858
858 859 860
859 860
860
864
868
872
876 877
877
881 883
883
887 889
889 891
891 892
892
896
897
902 904
904 906
906 908
908
915
918 920
920
923
927 928
928
931
936 937 938
937 938
938
942 944
944 945
945 947
947 948 949
948 949
949
953 954 955
954 955
955
958 960
960 962
962 963
963
966 967 968
967 968
968 970
970
973
976 977 978
977 978
978 980
980
984 985 986
985 986 987
986 987
987
991 993
993 994 995
994 995
995
