#naive2.0.py
# GMT Fri Feb 14 14:28:03 2020
# 
0 999
4 6
6
10 11 12
11 12
12 14
14 15
15
22 23
23
27 29 288
29
32
36 37 38
37 38
38 40 115
40
43 44
44
48 50
50 52
52 53
53
56
61
64 766 375
68
71 72 73
72 73 74
73 74
74
77
80 81
81
84 838
86 87 88
87 88 89
88 89
89
92 93
93
96 97 98
97 98
98
104 105
105
110 112
112
113 115 370
115
119
122 124
124 125
125 127
127 129 367
128 129
129
131 132
132
136 137 138
137 138
138 140
140 142 392 973 713
142 143
143
146 147
147 149
149 150 151
150 151 152
151 152
152 154
154 155 156
155
156
158 160
160 162 705
162 163
163 165
165 166 167
166 167 168
167 168
168 170
170 172
172 174 665
174 176
176 177
177
185
188
191 192
192 194
194 196
196 197 766
197
198
201 203
203 204 205
204 205 567
205 284
206 207 208
207 208
208
211
216
224 226
226 971 857
228 229 571
229
235 856
239
244 304
248 250
250
254 256
256 846
259 260
260
263 265
265 342
272
276 278
278 279 280
279 280 281
280 281 460
281 282 283
282 283 284
283 284 446
284 286
286 287 288
287 288
288
291 292
292
296
300 301 302
301 302 303
302 303 304
303 304
304
310 311 312
311 312
312 314
314 316
316 317 318
317 318
318
321 322 323
322 323 324
323 324 325
324 325 326
325 326 327
326 327
327
331
338
341 342
342 560
348 349 350
349 350 351
350 351 687
351 353
353
367 368
368 370
370
373 375
375
378
381 382 383
382 383 384
383 384
384 386
386 387
387 389
389 390
390 392
392 394
394 395 396
395 396 397
396 397
397
403
410 412
412 413
413 415
415 417
417 418
418 604
421 423
423
426 428
428
432 433
433 435
435 437
437
442 443 444
443 444 646
444 446
446 447
447 449
449 450
450 451
451 619
455 457
457 458
458 460
460
463 464
464
467 468 469
468 469
469 471
471
475 477
477 478
478 480
480 482
482 484
484 485 746
485
488 490
489 490 491 517
490 492
491 909
492
496
499 500 501
500 501 502
501 502
502
504
507
508
512 514
514 515
515 517
517 518 838
518 519
519 829
522 523 524
523 524
524 526
526
530 532
532 534
534 535
535
539
542 544
544 545 546
545 546 547
546 547
547
553
557 856
560
563 564
564 948 654
567
568
571
572 574
574 576
576
579
584
590 592
592 594
594 596
596 597
597
599 629
604
608 609
609 611
611 613
613 614
614
617 618 619
618
619 621
621 622 623
622 623
623 625
625 626 627
626 628 703
627 628 629
628
629
631 633
633
636 637 638
637 638
638 640
640 641
641 788
643 644 645 941
644 645 646
645 646
646 648
648
652 654
654
656
659
665
666 668
668 669
669
673 675
675
680 681 682
681 682
682 684
684
687
689 690
690
694
697 698 865
698 700
700
703 705
705 706 945
706 707
707 709 944
709 711
711 712 713
712 713
713
715 806
718
725 726 727
726 727 728
727 728 729
728 729
729 731
731 733
733
738 739
739
744 745 746
745 746
746
753
757 758 759
758 759 760
759 760
760
763 764
764
766 767
767 769
769 771
771 772 773
772 773
773 775
775
783 978
786 788
788 789
789 791
791 793
793
795 797
797
800 801
801
806
810 812
812 813
813
816 817 818
817 818
818 820
820
822 823 824
823 824
824 826
826 827
827 828 829
828 829 830
829 830
830 832
832
835
838
846
848 850
850 865
851 852 853
852
853
856 858
857 858
858 859
859 861
861 862
862 864
864
865
870 872
872 874
874 875
875 877
877 879
879
883 885
885
887 888
888 890
890
892 893
893
896 898
897 898 899
898 899
899
901
904 906
906 907 908
907 908 909
908 909
909
913 914
914 916
916
919 920
920
924 925
925
928 929 930
929 930
930
935 937
937 938 939
938 939
939 941
941 942
942 943 944
943 944 945
944 945
945 947
947 948
948
952 953
953 955
955 956
956
960
963
967 968
968
971 972 973
972 973 974
973
974 976
976 978
978
982 983
983
987
993
997 999
999
