#naive2.0.py
# GMT Fri Feb 14 14:28:09 2020
# 
3
6 8
8 9
9
12 13 14
13
14 107
18
19 20 225
20 22
22
25 26 27
26 27 28
27 28 29 288 658
28 29
29 364
34 35
35 37
37 38 39
38 40
39 40
40 42
42 43
43
48
53 54
54
58
61 660 528
62 64
64 766
68 70
70 72
72
77 78
78
83 85
85 86
86
89 90 91
90 91 585
91
94 95 96
95 96 97
96 97
97 99
99 101
101 103
103
107 448
110
118
121
127 367
132 133
133 135
135
139
142
146 147 148
147 148
148 150
150
158
165 166
166
174 175
175 177
177
181 215 607
186 187 188 747
187 188
188
191
196 766
198 199
199
205 559
208
214 215
215 217
217
222 223
223 225
225 227
227 229
229
232 951
233 520
237
244 304
247 248 249
248 249
249 251
251 253
253 255
255
258 259
259
265
269
275 962
279 281
281 282 674
282
285
288 289
289 291
291 292
292
295 297
297
299 300
300
303 304
304 573
310 311 312
311 312 313
312 313 314
313 314 315
314 315 316
315 316 901
316
319
326 327
327 329
329
333 334 445
334 336
336 337
337 339
339 341
341 343
343 345
345 347
347
351 353
353 354
354
360 362
362 363 364
363 364 365
364 365
365 367
367 369
369 370
370 372
372 599
378 380
380 382
382
387
391 835
394 396
396
399 401
401 403 815
403 405
405 407
407 409
409 411
411 413
413
416
419 421
421 422 423
422 423 669
423 425
425
429
432 433 434 454
433 434 509
434
437 439
439
442
445 446
446 448
448 449
449
451 453
452 454 738
453 454 455
454 455 793
455 456 457
456 457 458
457 458 459
458 459 460
459 460 461
460 461
461 462 463
462 463
463
470 471
471
476 477 478
477 478 479
478 479
479 481
481
484 485 486
485 486
486 877
489
494
497 499
499 500 501
500 501 502
501 502 503
502 503
503
504
507 509
508 509
509
513 514
514
519 520
520
524 525
525
528 530
529 530
530 532
532 534 802
534 536
536 538
538 540
540 541 542
541 542 553
542 544
544 545
545
548 550
550 551 552
551 552 553
552 553
553
558 559
559
563
566 567 568
567
568
572 573 574
573 574
574
579 580 742 741
580 581 582
581 582
582
585
588 590
590
594
599 600 629
600
605 607
607 609
609 610 611
610 888
611 613
613
620 621 622
621 622 623
622 623
623
626 628
627 628 629
628 630
629 630
630 632
632 633
633 635
635 637
637 639
639
643 644 645
644 645 646
645 646 647 708
646 648
647 648
648
652 654
654 660
658
660 661
661 663
663 665
665 667
667 668 669
668 669
669 671
671 672
672 674
674
677 679
679
680
683 685 863
685 687
687
689
693 694
694
697 698 865 951
698
704 705
705
707 709 944
708
709 711
711 712 713
712 713 714
713 714
714
717 718 719
718 720
719 720 721
720 721 722
721 722 723
722 723
723
726
730
735
738
741 742
742
747 749
749 750 751
750 751
751
755
758
762 763
763
766
772 773
773
777 779
779 780 781
780 781
781
786 787 788
787 788 789
788 789
789
793
795 797
797
801 802
802
804 806
806
807
810
813 814 815
814 815
815
824
832 833
833 835
835 836 837
836 837
837 839
839 840 841
840 841
841 843
843
847 848
848 850
850 865
851 853
853
856
857
859 861
861
863
865
873 875
875 876 877
876 877
877
880 881 882
881 882 883
882 883
883 885
885 886 891
886 888
888 890
890 891
891
894 896
896 898
898 900
900 901 902
901 902
902
907
913 914 915
914 915
915 917
917 919
919 920
920
923
930 931
931 933
933
936 937 938
937 938 939
938 939
939
943 944
944 946
946 948
948 950
950 951
951
955
960 962
962
965 966 967
966 967
967
971 972
972 974
974 976
976 977
977 979
979 980
980
987
995
