#naive2.0.py
# GMT Fri Feb 14 14:28:10 2020
# 
4 5
5 7
7 9
9 11
11 13
13 531
14
17 18
18 526 733
23 25
25 27
27 28 29
28 29
29 364
31 58
33 34
34
37 38 39
38
39 41
41
44 45
45 47
47 205
50 52
52 54 516
54 56
56 58
58 59
59
63 64
64 766
66
69 70
70 71
71
76 78
78 79 80
79 80
80 82
82 84
84
89
92 93
93
100 101
101
105
109 110 111
110 111
111
116
119
122 123
123 125 817
125 127 868
127
133 134
134
137 138
138 139 347
139 141
141 143
143
146 147
147 149
149 150
150 152
152 154
154
157 158
158 160
160 705
163 991
164 166
166 167 168
167 168 169
168 169
169
173 174
174
178
181 607
185 186
186 188 747
188 190
190 192
192 194
194 195
195 197
197 199
199
202
205 284 559
206 207 208
207 208 209
208 209
209 211
211
216
219 220 895
220
224 225
225
229
237
240
242 243
243
246 248
247 248 249
248 249
249 251
251 252
252 254
254
257
262 263
263
273 275
275 276 962
276 278
278 280
280 281 344 460
281 282 283
282 283 284
283 284
284 285 286
285 286 287
286 287
287
291 293
293 294 295
294 295 296
295 716 404
296
303
306 307 308
307 308
308 310 798
310 312
312 314
314 316
316
319 320 321
320 321 322
321 322 323
322 323
323
328 330
329 330 331
330 331 540
331 332 333
332 333
333 335 445
335
338 339
339 341
341
344
347
350 351 352
351 352 353
352 353
353
356
361 363
363 364 365
364 365 366
365 366
366 368
368 369 370
369 370 371
370
371
374
378 380
380
383
389
393
396
399 400
400
404 405
405
408
412 413 807
413 414
414
420 421
421
424
428 429 430
429 430
430
434 435
435
440 441 442
441 442 443
442 443
443 445
445
447 449
449 450
450
454 455 793
455
459 460
460
462 463
463 464 465
464 465 466
465 466 467
466 467
467 469
469 470
470
474
475
480 755
481
489
492
495
498 500
500 502
502
508 509
509
514 516
516
519
521 782
522 524
524 525 526
525 526 527
526 527 528
527 528
528
531 532
532 802
536
540
549 550 551
550 551 552
551 552 553
552 553
553
555
558 559
559 561
561 562
562 563
563
569 570 571
570 571
571
575
585 586 587
586 587
587 589
589 591
591
595 597
597 598
598
601
604 606
606 607 608
607 608
608 610
610 612 888
611 612
612 614
614 831
617 618
618 620 787
620
623 625
625
628 630 819
629 630
630 632 981
631 632 633
632 633 634
633 634 635
634 635 636
635 636
636
639
643 644
644
647 648 649
648 649
649 651
651
655 656 657
656 657
657 659
659 660
660
668 669
669 671
671 672
672
675
678 679 680
679 783
680
695 697
696 697 698
697 698 951
698
701 703
703 704 705
704 705
705
707
708 710
710 712 866
712 714
714 716
716
719 721
721 722 723
722 723
723 725
725 727
727 728 729
728 729 730
729 730 731
730 731 732
731 732 733
732 733
733
737
743 744
744
747
748
753 755
755 756 757
756 757
757 759
759 760
760 762
762
765 766
766 768
768 770
770 771 772
771 772 773
772 773 774
773 774 775
774 775
775
781 782 783
782 783
783
787 912
791 792 793
792 793 794
793 794
794 796
796 823
798
799
802
804 805
805 807
807 809
809 810
810 812
812 814
814 815 816
815 816
816 817 818
817 818 819
818 819
819
823 825
825 827
827
831 832
832 834
834 835 836
835 836 837
836 837
837 839
839 840
840
843 844
844
853 854 855
854 855 856
855 857
856 858
857 858
858
862 863 864
863 864
864 866
866
868 870
870
876 877 878
877 878
878 896
881
887 888
888 890
890
892
895 896
896
903
906 907 908
907 908 909
908 909
909
912
917 919
919
922
925 926 927
926 927 928
927 928
928
932 934
934 935
935 937
937
942 943
943
946 947
947 949
949 951
951
955 956
956 958
958 960
960 961 962
961 962
962
965 966 967
966 967 968
967 968
968 970
970 971 972
971 972
972 974
974
980 981 982
981 982
982
985
990 991
991 993
993 994 995
994 995
995 997
997 999
999
