#naive2.0.py
# GMT Fri Feb 14 14:28:09 2020
# 
0 999 2
2 3
3 220
6 7
7 9
9
12 13
13
17 18 19
18
19
26 27 28
27 28 658
28 30
30 32
32 33 34
33 34 35
34 35 36
35 37
36 37
37
40 41 42
41 42
42
47 48 49
48 49 922
49 51
51
55 57
57
62 63 64
63 64
64 375
67 69
69 70
70
73 74 75
74 75 76
75 76
76 78
78 79 80
79 80
80 82
82 83
83 998
86 87
87
90 91 197
91 93 328
93
94
100 101
101 102 103
102 103
103 105
104 105 106
105 106 107
106 107
107
112 114
113 114 115 370
114 115 855
115 117
117 118
118
122 123
123
127 129
128 129 130
129 130
130 131 132 850 397 826
131 132 133
132 133
133 135
135 136 137
136 137 845
137
139 140 141
140 141 973 713
141 143
143 144
144 406 381
148 150
150 151 152
151 152 344
152 154
154 155 156
155
156
158 160
160 705
165 166
166 168
168
171 172
172 173
173
178 179
179
183 184
184 186
186 187
187 189
189 190
190
194
197
202 203 204
203 204
204
208 209
209
213 214
214 216
216 218
218 219 220
219 220
220
222 224
224
227 229
229 230
230 232
232 234
233 234
234 236
236
240 924
242
245 247
247 248
248 250
250 251 252
251 252
252 254
254 255 256
255 256 257
256 257 258
257 258
258 260
260 261
261
270 272 686
271 272 273
272 273
273 275
275 276
276 277 278
277 278 279
278 279
279 281
281 282 283 674
282 283 284 290
283 284 446
284
290 291
291 292 293
292 293
293
296 360
301
304
308 798
311
314
317 985
320 321
321 323
323
326 327 328
327 328
328 330
330
333 335
335 337
337 339
339 341
341
344 345
345
348 349 350
349 350
350 352 687
352 353
353
359 360 361
360 361 362
361 362
362
365
368 370
370
373 375
375 376 377
376 377
377 379 382
379 381
381 382 383
382 383
383 385
385
388 389
389 391
391 835
395 397
397
398 399 400
399 400
400 402
402 403
403 405
405 406 407
406 407 408
407
408
413 415
415 417
417
420 421 422
421 422
422 669
425 426
426 428
428 429
429
437 438
438 440
440 441 442
441 442
442
446 447
447
460
463 464
464
468 469
469
474
477 479
479 481
481 483
483 484 485
484 485 746
485
488 490
489 490
490
495 496
496
500 502
502 740
505
510
519 829
523 524
524
528
529
533
537 539
538 539
539 541
541 543
543 544 545
544 545
545
548 549 550
549 550
550
554
557 558
558 560
560
563 565
565 566
566
570 572
572 574
574
578 579
579 741
583 584 602
584 586
586 588
588
591
596 598
598 600
600 601 602
601 602
602
605 606 607
606 607 608
607 608
608
611
615
618 620
620 621
621 623
623
627 628
628 630 819
630 632
631 632
632
635 636 637
636 637 638
637 638 639
638 639
639
645
648
654 660
656 657 658
657 658
658
660 661
661
664
668 669 670
669
670
673 674
674
678 680
680 682
682 683 684
683 684 685
684 685 686
685 686 687
686 687 688
687 688
688 689
689
692 694
694
697 865
699 701
701 702
702
705 706 945
706
709 710
710 866
713
716 718
718
719 721
721 722
722
728
738
740 741
741
746
751
754
757
760 761
761
763
767 768
768
771
776 777 778
777 778 779
778 779 780
779 780 781
780 781
781 783
783 978
786 788
788 790
790
793
797 798 799
798
799 800
800 802
802 803
803 805 946
805 806
806
809 811
811
814 816
816
819 821
821 822 823
822 823 824
823 824
824 826
826 827
827 828 829
828 829 830
829 830
830
834 835 836
835 836
836
839 840
840 842
842 843
843 845
845
848 850
850 865
855 857
857
859
865 867
866 867
867 868 869
868 869
869 871
871 872
872 873
873
876 877
877
881 882
882
887 889
889
892
898
901 902
902
905
910 911
911 913
913
918
922
924 925
925 927
927 928
928 930
930
933 935
935 936 937
936 937 938
937 938
938
941
943 945
945 946
946
952 953 954
953 954
954
959 961
961 963
963
966
970 971 972
971 972 973
972 973
973
977 978 979
978
979
982 984
984 985
985
990
994
997 998 999
998 999
999
