#naive2.0.py
# GMT Fri Feb 14 14:28:05 2020
# 
2 4
4 5
5 7
7 8 9
8 9
9 11
11 12 13
12 13 14
13 531
14
17
20 22
22
30 31 32
31 32 58
32 33
33 35
35 37 650
36 37 38
37 38
38 115
44 46
46 47
47
51 52 53
52 53 54 516
53 54 55
54 55 56
55 56
56 58
58 59
59 61
61 63
63
66
69 70
70 72
72 74
74 75
75 77
77 78 79
78 79 80
79 80 81
80 81
81
85 86 87
86 87
87 89
89
92
96 98
98 99 100
99 100
100 833
102
104 105
105
108 109
109 593
112
115
125 127 868
127
128
131 132 133
132 133
133 135
135
140 973 713
143 145
145 146
146 148
148
152
158 159
159
164 166
166
170
173 175
175
178 180
180 181 182
181
182 183
183
186 187 188 747
187 188
188 190
190 191 192
191 192 193 736
192 193 194
193 194
194
198 199
199
204
206 207
207
211 212 213
212 213
213
216
220
224
229 230 231
230 231
231 233
233 234 235
234 235
235
238
241
246 596
247
252 253 254
253 254
254 256
256 257 258
257 258 259
258 259
259
264 265
265 267 342
267 268
268 270
270
271
274 275 276
275 276 962
276
279
286
290
292
296
297 996
302
306
310 312
312 314
314
317 318
318
321
328
329 331
331
337
341 342
342 560
345 346
346
349 350
350
355 356 357
356 357 358
357 358
358
362 363
363
366 368
368 370
370
377 379
378 379
379
384
389
397
401 403 815
403 404 405
404 405
405 406
406
409 410 411
410 411
411
419 420 421
420 421 422
421 422
422 669 614
426 428
428 429
429
432 433 454
433 435
435 436 437
436 437
437
443 444 445 646
444 445 446
445 446
446 447 448
447
448
451 453
452 454 738
453 454
454 852
456 457 458
457 458 459
458 459 460
459 460
460
462 463 992
463 464
464
468 469
469 471
471 472 473
472 473
473 474 475
474 476
475 476 477
476 477
477 479
479 480 481
480 755
481
485 486 487
486 877
487
491 909
495 496
496
499 501
501 502
502
506 507
507 934
510 511 512
511 512 513
512 513
513
516
517 838
519
525
529 531
531 532
532 534 802
534
537
538
543 545 723
545 547
547
552 554
554
558 560
560 562
562 563 564
563 564 565
564 654 871
565
569 570 571
570 571
571
575 577
577 579
579 580 742 741
580 582
582
586 587
587
590
593 594
594 596
596 598
598
601 603
603
605 606
606 608
608
612 613 614
613 614
614 831
617
620 622
622
628
629
633 634
634 636
636 638
638
643
646
649 650
650 994
652 654
654
655 657
657 658
658
661 662 663
662 663 664
663 664 665
664 665 666
665
666
669
675 677
677 678
678
683 685 863
685
693 694 695
694 695
695 697
697 698 865 951
698 699
699
706 708
708 710
709 710 711
710 711
711 713
713 714
714 716
716
720 722
722 723 724
723
724 791
727 729
729 731
731 732
732 734
734 736
736 738
738
741 742
742
745 746 747
746
747 749
749 750
750
753 755
755
758 759
759 761 975
761 841
763
766 767
767
770
773
778 779
779 781
781 782 783
782 783
783
787 788 912
788 790
790 791
791 792
792
802 803
803
804
807
814 815
815
817
825 827
827
830 831 832
831 832 833
832 833
833 835
835
838
841 842
842 844
844 845
845
848 849
849
852
860 861
861 862
862 863
863
865 867
867 868
868 870
870 871
871
873
877 879
879 880
880
883 884
884 886
886
896 898
898
902 904
904
907 908 909
908 909
909
912
913
916
919 920 921
920 921 922
921 922
922
925 927
927 928
928 930
930
934 936
936
939 940
940 942
942 943 944
943 944 945
944 945
945 947
947 949
949 951
951 953
953 955
955
962
971 972 973
972 973 974
973 975
974 975
975
977 979
979 980 981
980 981
981 983
983
989
992 993 994
993 994 995
994 995 996
995 996
996
999
