#naive2.0.py
# GMT Fri Feb 14 14:28:05 2020
# 
0
6 7 8
7 8
8
11
16
17 19
19 20 21
20 21 22
21 22
22
26 27 28
27 28 288 658
28 30
30
35
40 41 42
41 42
42
47 49 205
49
53
56 57
57 59 167
59
63
66
69
72 73
73
80 81 82
81 82 83
82 83 84
83 84 85
84 85 838
85 87
87 89
89 90
90 197
92
96 98
98 99 100 556
99 100 101
100 101 833
101 102 103
102 103
103
106
109 110
110 112
112
113
118 120
120 122
122 124
124 125
125 868
128 130
130 397
133 134 135
134 135 136
135 136
136 845
139
142
145 146 812
146
151 152
152 154
154
158
161
164 165
165 167
167 168
168 170
170
174 176
176
180
186 747
190 191 192
191 192 193
192 193 194
193 194
194 196
196 197 766
197
200 202
202 203
203 205 796
205 559
212
219 220 895
220
223 224 490
224
227 228
228 571
232 951
233
236 237
237 239
239
248
257
261 263
263 265
265 266 267
266 267
267 269
269 270 271
270 686
271
276 278
278 280
280
282 283
283 446
285 286
286 288
288 289
289
295 297 487 716
297 298 996
298 299 300
299 300 301
300 301
301 303
303 304 845
304
307 309
309 311
311 312
312
316
320
323 325
325 326 327
326 327 328
327 328
328 330
330 331
331 332
332 334
334 335
335 337
337 338
338
345
349 350
350 352
352 353 354
353 354
354
360 362
362 597
365 366
366
373 374 375
374 375
375 377
377
380 381
381
384 385 386
385 386 387
386 387
387 389
389 390 391
390 391
391
395 397
397 756
398
401 403
403
410 411
411
415
419
424 425 426
425 426
426 428
428 429 430
429 430
430
433 434
434
445 446
446 447 448
447 449
448 449 450
449 450 740
450 452
452 454
454 793
457 459
459 461
461 463
463 464 465
464 465 466
465 466
466
469 471
471 472 473
472 473
473
476 478
478 479
479 481
481 482 483
482
483 485
485 487
487 488 489
488 490 748
489 490 517
490
495 497
497 498
498 500
500
504 505
505 507
507
508 510
510
513 514 515
514 515 516
515 516 517
516 918
517 838
522
527 528
528 530
530 531
531 533
533 535 735
534 535
535 825
539
542 543
543
549
552 554
554 556
556 558
557 558 559
558 559
559 561
561
563 564 565
564 654
565
568 569 570
569 570 571
570 571 572
571
572 574
574
578
584
587 588
588
592
597
599 629
604
609 610 611
610
611 613
613 614
614
619 620 621
620 621
621
625
628 819
629
632 633 634
633 634
634
637 638 639
638 639 640
639 640
640
643
646 648
648
651
654 660
657 658
658
660 662
662 664
664 666
666 668
668 670
670 671
671 673
673 674 675
674 675
675 676 677
676 677 678
677 678
678 680
680 681 682
681 682 683
682 683
683
686 688
688 689
689
696 697
697 951
700
703
706
710
714 716
716
717 719
719 720 721
720 721
721
726
731 732 733
732 733
733 735
735
740 741
741
745 746 747
746 748
747
748
751 752 753
752 753
753
756
759
766 767
767
772 773 774
773 774
774 776
776 777 778
777 778
778
781 782 783
782 783
783 785
785 787
787 912
790
793
795 796 797
796 823
797 799
799 801
801 802
802
805 806 807
806
807
810 811 812
811 812
812 814
814 816
816 818
818 819
819
823 825
825 827
827 828
828
833
836 838
838 839
839 840
840
843 845
845 847
846 847
847 849
849
853 854 855
854 855
855
858 860
860
862 864
864
867 868
868
876 878
878 879 880 896
879 880
880
886
895 896
896 898
898
906
909 911
911 912 913
912
913 915
915
918 920
920 922
922 923
923
927 928
928
933 935
935 937
937 939
939
942 944
944 945 946
945 946
946
951 952
952
955 956 957
956
957
970
973
974
979 980 981
980 981
981 983
983 984 985
984 985
985
988
992 993
993
996
