#naive2.0.py
# GMT Fri Feb 14 14:28:07 2020
# 
2
5 7
7 8
8
13
16
17 18 19
18 526
19 225
24
27 28 29 288 658
28 29 30
29 30 364
30 32
32 33
33
42 491
44 46
46 47 48
47 48
48
52 54
54
63 64 65
64 766
65 809
67 68
68
71 72
72
76 78
78 80
80 81 82
81 82
82
88 89
89 91
91 92 328
92 94
94
99 100
100
102 987
106 108
108 109 110
109 110 111 593
110 111
111 113
113 114
114
118
125 127
127 129
128 129
129
134 136
136
139
143 145
145 146 812
146
149
152 154
154 156
156
162 163
163
166
169 170
170 172
172
175 176 177
176 177
177 179
179 180 181
180 181 182
181 215 607
182
190 191
191 736
195 196 197
196 197 766
197 199
199 200 201
200 201 202
201 202 203
202 203
203 796
207
212 213 214
213 214 215
214 215
215 217 748
217 218
218
221 223
223 225 490
225
226 857
228 229 230
229 230
230
233
236 238
238 239 240
239 240 241
240 241
241
250 252
252 253
253 255
255 256 257
256 257 258 846
257 258
258 260
260 261 262
261 262
262 264
264 265 266
265 266 342
266 890
269 271
271 273
273 274 275
274 275
275
279
284 285 286
285 286
286 288
288 289
289
292
296
297 996
301
308 310 798
310 311 312
311 312 313
312 313
313
318 319
319
322 323
323
326 327 328
327 328
328 330
330
334 335
335
339 341
341 342
342 560
347
351
357
361
364
369
374 376
376
379 380
380
384 386
386 387 388
387 388 389
388 389
389 391
391
393
396 397
397 756
399 400 401
400 401 402
401 402 403
402 403
403 405
405 406 407
406 407 408
407 409 854
408 409
409
412 413
413 414
414
420 421
421 423
423 424 425
424 425
425
428 429
429 431
431 432 886
432 434
434
438 439 440
439 440
440
446 448
448 449
449 740
453
456 458 820
458 459 460
459 460 461
460 461
461 463
463
466 468
468 470
470
473 475
475
478
481
488 490 748
490 492
491 964
492 494
494
497 499
499 500
500 502
502 503 740
503 505
505 506
506
509 510
510 511
511 513
513 515
515
526 528
528
529
533 535
535 537
537 539
538 539
539
546
550 551
551
556
557
560 562
562 564
564 566
565 566 567
566 567
567
570
575 576
576
579 580 742
580
586 587
587
590
593
598 599 600
599 600
600 602
602 603
603 784
605 607
607 608
608
612 613
613
616 618
618
621 623
623 624
624
627
632 633
633
637 639
639 640
640
643 644
644
648
651 652 653
652 653
653
657 658
658
661
667 668 669
668 669 670
669
670
674
676 678
678 679
679 783
682 684
684 686
686 687
687
690 692
692
698 699 700
699 700 701
700 701
701 703
703 705
705
707 709 944
708 710
709 710
710 866
714 715 716
715 716 717
716 718
717 718
718 720
720
723
728
732
736
737
740 742
742
748
752
756 757 758
757 758
758
766
769 771
771
776 778
778
783 784
784
788 789
789 791
791 792
792
795 796 797
796
797 798
798
801 803
803 805 946
805
808 809
809 811
811 812 813
812 813
813
816 817
817 819
819 820 821
820 821
821 822
822 824
824
829 831
831 832
832
836 837 838
837 838
838
846
848 850
850
853 854
854
857 858
858
863 864
864 866
866
869
876
879 880
880
886 888
888 890
890
892
895 897
897 899
899
903 904 905
904 905
905 907
907
910 912
912 914
914 915 916
915 916
916
919
925 926 927
926 927
927 929
929 930 931
930 931 932
931 932 933
932 933
933 935
935
942 944
944 946
946 947
947 949
949 951
951 953
953 954
954 956
956
957
961
964 965
965 966
966
970
973
974
980
984
987
993 995
995 996 997
996 997
997 999
999
