#naive2.0.py
# GMT Fri Feb 14 14:28:03 2020
# 
1 2
2 4
4
8 10
10 11 12
11 12 13
12 13 14
13
14 107
16 254 950
19 225
23 25
25 26 27
26 27 28
27 28 29
28 29 30
29 30
30 32
32 33 34
33 34 35
34 35
35 37 650
37
44 45 46
45 46 47
46 47 48
47 48 49 205
48 49 50
49 50 51
50 52
51 52
52 54 516
54 56
56 58
58 60
60 62
62 63
63
67 69
69
71 73
73
81 82
82
89 90 91
90 91
91 93
93 95
94 95 96
95 96 899
96 98
98 99
99 101
101
107
108 110
110 112
112 195
116 117 153
117
122 123
123 817
126 127
127 367
130 131 132 850 826
131 132 133
132 133 134
133 134
134 136
136
139
143 144
144 381
147 149
149
153
156 157 404
157 159
159
166 168
168 169
169 517
174 175 176
175 176
176
180
183 624 956
188 189 190
189 190
190
193 194 195
194 195
195
200 201 202
201 202
202
205 559
217 218
218 220
220 221
221
225 227
227 228 229
228 229 230 571
229 230
230
234 235 236
235 237 856
236 237
237
242 243
243
246
247
252 253 254
253 254
254
257 258 259
258 259
259
262 263
263 265
265 267 342
267 268
268
274 275
275 962
278 280
280 344 460
283 446
289 615
297 996
303
308 309
309
314 315
315 901
318 642
321
324 325
325
330 331 540
331
334 335 336
335 336 337
336 337 338
337 338
338
341 342 343
342 344 560
343 344 345
344 345
345 347
347 349
348 349
349 351
351 352
352
355 357
357 359
359
362 363 597
363 365
365 367
367
371
374
377 382
378
381 382 383
382 383 384
383 384 385
384 385
385
392
393
398 400
400
403 404 405
404 405
405 407
407 409
409 410
410 412
412 807
418
421
425 427
427 428
428 430
430 432
432 433
433
436 437 438
437 438
438
443 445 646
445 446
446
449 450
450
460
462
465 466
466
469 470
470
475 476
476
479 480
480
488
492 493
493 495
495 496
496 498
498 499 500
499 500
500
504 910
506 507
507 934
513 514 515
514 515 516
515 516 517
516 518
517 518
518 520
520 521
521 523 782
523 524
524 526
526 528
528 530
529 530
530
535 536 825
536 538
538 540
540 541 542
541 542 543 553
542 543 544
543 544 723
544
552 553
553
555 557 894
557 559 856
559 561
560 562
561 562 788
562 563 564
563 564
564 566 948
566
569 571
571
574
579 742 741
581
586
592 593 594
593 594
594
597
600 601
601 603
603 784
608 609 610
609 610
610
613 615
615 616
616 617
617
622 623 624
623 624 625
624 626
625 626
626 703
629
636 638
638 639
639
642 644
643 644 645
644 645 646
645 646 647
646
647
650
652 653
653 790
656 657
657 659
659
662
670 672
672 673 674
673 674 675
674 675
675
678 679 680
679 783
680
683 685
685
690 691
691 693
693 695
695
696
700 701 702
701 702 703
702 703
703
706
711 712
712
715 716 806
716
720
723
724 791
729 730 731
730 731 732
731 732 733
732 733
733
738
741 742 743
742 744
743 744 745
744 745
745
749 751
751 752
752
757 758 759
758 759 760
759 760 975
760 762
762
765 766 767
766 767
767
770 771
771 773
773
776 777 778
777 778
778 780
780 782
782 783 784
783 784
784
786 788
788 790
790 791
791 793
793
796
797
800 801 802
801 802
802
805 806 807
806 808
807 808
808
811 812
812 814
814 816
816 817 818
817 818
818
822 824
824 825 826
825
826
829 831
831 833
833 835
835 837
837
842 843
843
846
849 850 851
850 865
851 852
852
856 858
857 858
858
864 975
865
868 869
869
874 876
876 878
878 879 880 896
879 880
880 882
882 883 884
883 884
884
887
890 891
891 893
893 894 895
894 896
895 896 897
896
897 899
899
901 902
902 904
904 905 906
905 906 907
906 907
907
910 912
912
923
925 926 927
926 927
927
931 932 933
932 933 934
933 934 935
934 935
935 937
937 939
939 940
940
944
948 950
950 951
951 953
953 954 955
954 955 956
955 956
956 958
958 959
959 961
961 962
962 964
964
970 971
971
974 975 976
975 976
976
979 980
980
985 986
986 988
988
993
996
