#naive2.0.py
# GMT Fri Feb 14 14:28:05 2020
# 
2 3
3 5
5
9 10
10 12
12
15 17
17
22 23 24 784
23 24
24
27 658
30
35 37
36 37 38
37 38 39
38 40
39 40 155
40
43 44 45
44 45 46
45 46 47
46 47
47 49 205
49 50
50 171
55
60 61 62
61 63 660
62 63 64
63 64
64
69
73 75
75 77
77 78 79
78 79 80
79 80 81
80 81
81
84 838
87 88 503
88 90
90 91 585
91 92 328
92 94
94 95
95 97 474 899
97 98 99
98 99
99 101
101 102 103
102 103
103 897
108 109
109 111
111 113
113 370
117 118
118
121 122
122 123 124
123 125
124 125
125
128 129 130
129 130
130 131 132 850
131 132
132 134
134 135 136
135 136
136 138 845
138 139
139 141
141
146 147
147
150 151
151 344
155
156
158
161
164 166
166 167
167 169
169 170 517
170 171
171
180 181 182
181 215 607
182 183
183
187
191 193 736
193 195
195 196
196
204 205
205
207
211 212 213
212 213
213 215
215 216 217 748
216 217
217 219
219
222 224
224 225 226
225 227
226 227 971
227 229
229 230
230 232
232 951
233 235
235 856 602
236
244 245 246 304
245 246
246
251 253
253 254
254
257
261 262
262 264
264 265
265 267 342
267 268
268
272 274
274 275
275
277 279
279 280 281
280 281 344
281 282
282 290
285 286 287
286 287
287
290 291
291
297
300
303 304 845
304 573
311
314 316
316 318
318 319 320
319 320 321
320 321
321 323
323
328
329
332 334
334
342 344
343 344 345 537
344 345 346
345 346
346 348
348
352 354
354
358
361 362 363
362 363 364 597
363 364 365
364 365 366 969
365 366
366 368
368 370
370
371
374 376
376 378
378 379
379
385
388 390
390 391 392
391 392 835
392
395 396
396 398
398 399
399 401
401 402 403 815
402 403
403 405
405
408 409 410
409 410
410 412
412
414 415
415
419 420
420
424
427
431 886
434
437 438
438 440
440
444 446
446
450 452
452
453 455
455 456 457
456 457 458
457 458 459
458 459
459
463
471
474 476
476
479 480 481
480
481
484 485 486
485 486
486
493
496 497
497 499
499 500
500
503 505
504 505 910
505 506
506
509
511
515 516 517
516 518
517 518 838
518 519
519 829
522 524
524 525
525
530
533 535
534 535 536
535 536 537
536 537 538
537
538 540
540
545
549 550
550
554 555
555
562 563
563
569 570 571
570 571 572
571 573
572 573
573
577 579
579 741
582
585
589 590 591
590 591 592
591 592
592 594
594
597 598
598 600
600 602
602
606 607
607
611 612
612
615 616
616 618
618 620
620 621
621
625
628 630 819
630 981
634 635 636
635 636 637
636 637 638
637 638
638 640
640 641
641
643 644
644
647 648
648
652
657 658
658
660 661 662
661 662
662
665 667
667 669
669 671
671
675 676
676
679 783
680
683 684 685 863
684 685
685 687
687
690 691 692
691 692 693
692 693 694
693 694 695
694 695
695 889
698 699 700
699 700 701
700 701 702
701 702
702
707 944
708
711 712 713
712 713 714
713 714
714 715
715 806
720 721 722
721 722
722
727
731
734 736
736
737 739
739 740 741
740 741
741
745 798
748
751 752 753
752 753
753
757 759
759
765 767
767 769
769
776 778
778
782 783 784
783 784 978
784
792 793 794
793 794
794 795 796
795 796 797
796
797 798
798
800 802
802 803
803
806
811 812
812 814
814 815 816
815 816
816
819
827 829
829
832 834
834 835
835
838
842 844
844 845
845
848 849 850
849 850
850
852 854
853 854 855
854 855 856
855
856 858
858
861
863
867 869
869
872
878 879 880
879 880 881
880 881 882
881 882
882
886 887 888
887 888 889
888 889
889
897 898 899
898 899 900
899 900
900 901
901 903
903
906 908
908 910
910 911 912
911 912 913
912 914
913 914
914
917
920 921
921
925
928
932 933
933 935
935
938
944
949 950 951
950 951 952
951 952 953
952 953
953 955
955
958 959 960
959 960
960
964
969 970
970 971
971
974
977 978
978
981 983
983
992 993
993 995
995
998
