#naive2.0.py
# GMT Fri Feb 14 14:28:05 2020
# 
0 1 999 2
1 2 3 999
2 3 4
3 4 5
4 5 6
5 6
6
10 11 12
11 12 13
12 13 14
13 531
14
19 225
23 24 25
24 25 26
25 26 27
26 27
27 29 288
29
32 34
34 36
36 38
38
39
42
44 45 46
45 46
46
53
56 57
57 167
60 62
62
66
71 73
73 74 75
74 75
75
80 81 82
81 82
82
88 90
90 91 197
91
95 97 899
97 98
98 100 556
100 833
103
112
113
117
120 122
122
127 367
128
133
138 140
140 141 392 713
141
145
148 149
149
153
157 159
159 160 567
160
163 991
166 167 168
167 168 169
168 169 170
169 170 517
170 171 172
171 172
172
175 177
177
180
183 956
187
190 191
191 193 736
193 194
194 196
196 197
197
198 200
200 202
202 203 204
203 204
204 567
206 208
208 209
209 211
211 213
213 214 215
214 215 216
215 216 748
216
222
225 227
226 227 971 857
227
230 232
232 234
233 234 235
234 235
235 237 602
237 239
239 241
241 242
242 243 244
243 244
244
253 255
255 257
257
260 261 262
261 262 263
262 263
263
266 890
269 271
271 273
273
283 446
288 289
289 290 615
290
292 293 294
293 294 295
294 295
295 297
297 996
300 302
302
305 307
307 308
308
311 312 313
312 313
313 315
315 316
316 318
318 319 642
319 321
321
326
329
334 335 336
335 336
336
342 344 560
344 345 346
345 346
346 348
348 349 350
349 350 351
350 351 352 687
351 352
352
355 357
357
360
365 366 367
366 367
367
371 373
373
376 377
377
380
386 387
387 389
389
392 394
394
398 400
400 401 402
401 402 403
402 403
403
406 407 408
407 409 854
408 409 410
409 410
410
416 418
418 604
421 422 423
422 423 614
423 425
425 426 427
426 427
427 429
429 430
430
433 435
435 436 437
436 437
437
441
445 446
446
449
452 454 738
454 455 793
455
458 460
460 461
461 462
462
465 466 467
466 467 468
467 468 469
468 469 470
469 470 471
470 471 472
471 472
472
479
482 949
483 485
485 486
486 488
488 748
493 494 495
494 495 496
495 496 497
496 497
497
500 501
501
504 505
505 506
506
514 516
516 918
517 838
521 782
524 526
526
529 531
531
536 537
537
540 541 542
541 542
542
545 546
546
551
556
560 562
562
567 569
568 569
569
574
577 578
578
582
586 588
588
591
598 599 600
599 600 601 629
600 601 602
601 602
602
604 605
605
609 611
611 613
613 614 615
614 616 831
615 616
616 617
617
621 622
622
627 628 629
628 630
629 630
630 981
631
634 635
635 637
637
640 642
642
646 648
648
659 660 661
660 661 662
661 662
662
667 668
668
672 673
673 675
675 676 677
676 677 678
677 678
678
681
685 687
687 688
688 690
690
693 694 695
694 695 696
695 889
696
699 701
701 702
702
706 707 708
707
708 710
710 712 866
712 713 714
713 714
714 715
715
721 722 723
722 723
723
728 730
730 731
731
734 735 736
735 736
736 738
738
746 748
747
748
752 754
754 755
755
758 760
760 761
761 841
763 764 765
764 765
765
768
771 772 773
772 773 774
773 774 775
774 775
775
781 782 783
782 783 784
783 784 785 978
784 785
785 787
787 912
790 791
791 793
793
797 799
799 800
800
804 805
805
814
822 823
823
830 831 832
831 832 833
832 833
833 835
835 837
837 838 839
838 839
839 840 841
840 841
841
845 847
847 849
849 851
851 853
853 854
854
857
866 867
867
871
878
882
888 889 890
889 890 891
890 891
891
898 899 900
899 900
900
907
912 914
914 916
916 917 918
917 918 919
918
919 921
921 923
923 924
924 926
926 927 928
927 928 929
928 929
929
933
936
939 941
941 942
942 943
943 945
945 946
946 948
948 949
949
953 955
955 956
956
960 961
961
964 965
965
969 970
970 971
971
974 975
975
978 980
980 981 982
981 982
982
987 988
988
991
996 997 998
997 998 999
998 999
999
