#naive2.0.py
# GMT Fri Feb 14 14:28:09 2020
# 
0 1 2
1 2
2 4
4 6
6 7
7 9
9 10
10
13 15 531
14 15
15 16
16 254
20 21 22
21 22 23
22 23 784
23 25
25
28 29
29
36
40 41
41 43
43 44
44 46
46 47
47 49 205
49
54 55 56
55 56 57
56 57
57 167
60 62
62 63
63 65
65 66 809
66 68
68 70
70
74 76
76 77
77 79
79 80 81
80 81
81
85 87 163
87 88
88 90
90 91
91 328
101
104
108
111 113 367
112
113 370
117 119
119 120
120 122
122 123
123 125
125 127
126 127 128
127 367
128
132 134
134
138 139
139
142
145 146
146
151 152
152 153
153 155
155 157 472
157 158
158 160
160
161 163
163 991
167
170 172
172 174 665
174 175
175
178 180
180 182
182
186 187 747
187 189
189
192 193
193
196
199 201
201
204 205
205
207
210
213 214
214
220
222 223 224
223 224
224
230 231 232
231 232 233
232 234 951
233 234 235
234 235 236
235 856 602
236 238
238 239 240
239 240
240
243 245
245 246 247
246 596
247
252 254
254
259 261
261 262 263
262 263
263
269
272
276
279
282 290
286 287 288
287 288 289
288 289
289 290
290
293 295
295 716 404
296 298 360
298 300
300 301
301
305 306
306
310 312
312
316 318
318 320 642
320 321
321
325 327
327 328
328
331 332
332
336 337
337 339
339 340
340
348 349 350
349 350
350
359 360
360 362
362
365 367
367
370
371
375
378 379
379
383 384 385
384 385 386
385 386
386 388
388 390
390
393 989
396 397 398
397
398 399 400
399 400
400
403 404
404
407 854
408 410
410
413
420 421
421
425 426
426 428
428
432 433 434
433 434
434 436
436
441 442
442 444
444
448 449 450
449 450
450 452
452 738
453
459
465
468 469 470
469 470 471
470 471 472
471 472 473
472 473
473 474 475
474
475
480 482 755
482
485 486
486
489
492 493
493
497 498 499
498 499 500
499 500
500 502
502
504 505 910
505 507
507
510 512
512 514
514 516
516 918
519 829
522
525
528 530
530 531
531
534 536
536 538
538 539
539 541
541 543 553
543 544
544 546
546 547
547
551 553
553
555 556 557
556 558
557 558 856
558 560
560 562
562 564
564
565
569 570
570
575 577
577 578 579
578 579 580
579 580
580 581 582
581 582
582 584
584 586
586 588
588
591 592
592 594
594 595 596
595 596
596
602 603
603 604 784
604 605 606
605 606
606
609 611
611 613
613 614
614 831
619 621
621 622
622
625 627
627
631 633
633 634
634
637 638 639
638 639 640
639 640 641
640 641 642
641 642 788
642 644
644
647 649
649 650 651
650 651 994
651 653
653 655
655 656
656
659 660
660
664 665
665 667
667 668
668
672 673
673
678
681 682
682
688
691 692 693
692 693
693
696 698
698 699 700
699 700 701
700 701 702
701 702 703
702 703
703
706 708
708
709
713 714
714 716
716
719
722
725 727
727 728
728 730
730 731 732
731 732
732 734
734 735 736
735 736 737
736 738
737 738
738
745 747
747 749
749 751
751 752
752
755 757
757 759
759 975
762
767 769
769 770 771
770 771 772
771 772 773
772 773
773 775
775 777
777 778
778
781 782
782 784
784
786 787 788
787 788 789
788 789
789 791
791 792 793
792 793
793
801 802 803
802 803
803 946
804
807 809
809 811
811 813
813 814
814 816
816 818
818
821 822 823
822 823 824
823 824 825
824 825 826
825 827
826 827
827 829
829 830 831
830 831 832
831 832
832
835 837
837 839
839 840
840
844 845 846
845
846
848
854 856
856
859 861
861
864 975
869 870
870
873 875
875 876
876
879 880 881
880 881
881
885 891
887 888
888
891 892
892
896
897
907 908
908 910
910
914 915
915 917
917 918 919
918
919
922 923
923
925 926
926 928
928 930
930 931
931 933
933
936 937
937 939
939 940
940
944 946
946
951 952 953
952 953 954
953 954
954 956
956
963 965
965
973 975
974 975
975
977 979
979
983
987 989
989 991
991 993
992 993 994
993 994 995
994 995 996
995 996
996
