#naive2.0.py
# GMT Fri Feb 14 14:28:04 2020
# 
0 1
1 3
3 5
5
9 10
10
13 15 531
15
25
30 32
32 33
33
36
39 40 155
40
44 46
46 47 48
47 48
48
53 54
54 56
56 57 58
57
58 60
60 61
61 63
63 64 65
64 766 375
65
67 68
68
71
75 76
76 78
78
82 83
83
87 88 503
88
93 269
94 96
96 97
97 99
99 100
100 833
104
111 113 367
112 195
113
116 153
120 121
121
127 367
131 133
133
136 137 138
137 138
138 139 140
139 140
140 142 392 713
142
145
147
150
153 155
155 157
156 157
157 158 159
158 159
159 567
161 162
162 164
164 165
165
168 169 170
169 170 517
170 171 172
171 172 789
172 173
173 175
175 176 177
176 177
177 179
179
182 184
184
187 188
188
194 195 196
195 196 197
196 197 766
197
200
204 567
206
209 210 211
210 211
211
214 216
216 217 218
217 218 219
218 219
219 895
221
224 225
225 227
227 229
229
233 234 235 520
234 235 236
235 237 856 602
236 237 238
237 238 239
238 239
239
245
250 252
252
255 256
256 258 846
258
266 267 890
267 269
269 270 271
270 686
271 273
273 275
275 962
277 279
279 280 281
280 281
281 282 674
282 284
284 286
286
291 293
293
301
304
305
309
316 318
318 319 320
319 320 321
320 321
321 323
323
328
329 331
331 332 333
332 333 334
333 334 445
334
338 339 340
339 340 341
340 341
341 343
343 345
345 346
346
349 350
350 687
355 356
356 358
358 359 360
359 360
360 362
362 364 597
364 365 969
365 367
367 368 369
368 369
369
373 375
375
378 379 380
379 380 381
380 381 382
381 382
382
385 387
387 388
388 390
390 392
392 394
393 394 989
394 396
396 398
398 399 400
399 400 401
400 401
401 403 815
403 405
405
410 411 412
411 412 413
412 413
413
416 418
418 420 604
420 421
421 423
423 425
425 427
427 429
429 430
430
434 435 436
435 436
436
445 446
446 448
448
459 461
461 462
462 992
464
468
474
478 479 480
479 480 481
480 482
481 482
482 484
484 485
485
490 492
492 493
493 495
495 497
497
500 501 502
501 502 503
502 503
503
507
508
512 513
513
516 518
517 518 838
518 520
520
526
529 531
531 532
532 802
536
539 541
541 542 543
542 543
543 545
545 547
547 549
549 550 551
550 551 552
551 552
552 554
554 556
556 558
557 558 559 856
558 559
559
564 654 871
565 567
567 569
569 571
571
572
576 578
578
583 602
585 586 587
586 587
587
590
593
595 597
597
601 602
602
604
607 608
608
611
619
622
628 630 819
630 632 981
632
640
652 654
654
657 658
658
661 663
663 664
664
667
670 672
672 673 674
673 674 675
674 675
675 676 677
676 677
677 679
679 783
680
683 863
686 687 688
687 688
688 689 690
689 690
690
698 699
699
704 705
705
708
711 713
713
715 716 717 806
716 718
717 718
718 720
720 721
721
726 727
727
736 738
738
741 743
743 744 745
744 745
745 747
747 749
749 751
751 752
752 754
754 756
756 757
757
761 841
766 768
768 769 770 861
769 770
770 772
772 774
774 776
776
780 782
782 783
783
786 788
788 789 790
789 790
790
794 796
796
802
806
810
814 815 816
815 816
816 818
818 819 820
819 820
820
824 825
825
830 831 832
831 832 833
832 833
833 835
835
838
841 842
842 844
844 846
846 847
847
850
852
856 858
857 858
858 859 860
859 860 861
860 861
861
863 864
864 866 975
866
870 871
871
873
876
881 883
883
886
890
892 894
894 896
895 896 897
896 898
897 898
898
904 905 906
905 906
906 908
908
911 913
913 915
915 916
916
919 920 921
920 921
921
924 925 926
925 926
926
932
938 939
939
942 943
943
946
953
956 958
957 958 959
958 959 960
959 960
960 962
962 964
964 965
965
968 969
969
972 974
974 975
975
977 979
979 981
981
985 986 987
986 987 988
987 988 989
988 989
989
992
997
