#naive2.0.py
# GMT Fri Feb 14 14:28:06 2020
# 
1 2 3
2 3
3
8 9 10
9 10 11
10 11 12
11 12
12
15 16 17
16
17
21 22
22 24
24 26
26
29 364
32 33
33 35
35 37
36 37
37
40 42
42 491
50
51
55 56 57
56 57
57 59 167
59 60 61
60 61 62
61 528
62
65
67
70 71
71 73
73
77 78 79
78 79 80
79 80 81
80 81 82
81 82
82 84
84
93
98 100 556
100
102 103
103 897
106 108
108 110
110 112
112 114
114 855
118 120
120 121
121
125 127 868
126 127 128 447
127 129
128 129
129 298
131
138 139
139 141
141 142 143
142 143 144
143 144 145
144 406 381
145
148
152 153 154
153 154
154
159 160 567 285
160 705
161
164 165
165 167
167 169
169 170
170 172
172 174 665
174 176
176 177 178
177 178
178 180
180
184 185
185
193
197 199
199 200
200 202
202 204
204 567
210 212
212
216 217 218
217 218 219
218 219
219
226 227 857
227
235 237 856 602
237
240
243 244
244 304
247 248 249
248 249
249
256 258
258 259
259 261
261 262
262
265 266 267
266 267 890
267
270 686
271
275 276 962
276 277
277
281 282
282 284
284 285 286
285 286
286 288
288
293 295
295 297 716 404
297 298 996
298
302 303 304
303 304 845
304
305
313
316
320 321
321 323
323 324
324 326
326
332 334
334 335 336
335 336 337
336 337
337
341 343
343 344
344 346
346
349 350 351
350 351 687
351
356 357
357 359
359 361
361
364
368 370
370 372
372
377 379 382
379 381
381 382
382
385
388 389
389
393 394
394 396
396 397 398
397
398 399 400
399 400 401
400 401
401 403
403 404
404
406
409 410
410
413 415
415
421
424
427 429
429 430
430
435 436 437
436 437
437
440 442
442 443
443 646
446 447
447
452 738
456 820
460 461
461 463
463
466 467 468
467 468
468 470
470 472
472
476 477
477
482
483
488
491 909
492
495 497
497 499
499
502 503
503
504
506 508
508 509
509
512
516
520 521
521
527 528 529
528
529 531
531 532 533
532 533 534 802
533 535
534 535 536
535 536
536
540
545 547
547
551 552 553
552 553
553
556 558
558 559 560
559 561
560
561
563
566 567
567 569
569
576 577
577 579
579
582 584
584 585
585
589 590
590
594
602 603
603
606 607 608
607 608 609
608 609
609 611
611 613
613 614 615
614
615
619 620 621
620 621
621
625
628 630
630 981
637
641
643 644 645
644 645 646
645 646 647 708
646
647
653
657 658
658
663 665
665 667
666 667
667
671 672 673
672 673
673
677
686 687 688
687 688
688 689 690
689 690 691
690 691
691 693
693
697 865 951
700 702
702
705 945
707 709 944
708
709
712 713 714
713 714
714 716
716
719 720
720
723 725
724
725 727
727 728
728
731 732
732
737 738 739
738 739
739
746
750 751 752
751 752 753
752 753
753 755 931
755 757
757 758
758
765 766
766 768
768 770 861
770 771
771 773
773
776 778
778 779 780
779 780 781
780 781
781 783
783 785 978
785 786
786
793 794
794
802
804 805 806
805 806
806
810 811
811
814 816
816
820
822 823
823
829
842 843
843 845
845
853 855
855 857
856
857
859 861
861 862
862 863
863
865 867
866 867
867 868
868 870
870
874
877 879
879 880 881
880 881 882
881 882
882
886 887 888
887 888 889
888 889 890
889 890 891
890 891
891
894
897 898
898
901 902 903
902 903
903 905
905
908 909
909 911
911
914 915 916
915 916 917
916 917
917 919
919 920 921
920 921
921
926 928
928
931
935
939 940
940 942
942 944
944 945
945
948
951
955
958 959
959
962
970
973
976 978
978 980
980 981 982
981 982
982
985 986
986
991 993
993 994
994 996
996 997
997
