#naive2.0.py
# GMT Fri Feb 14 14:28:04 2020
# 
0 1 2
1 2
2
5
8
11 12
12 14
14 107
17
20 22
22 24 784
24 25 26
25 26
26 28
28
31
33 34
34
37 38
38
43
47 48 49
48 49 50
49 50 51
50 52
51 52
52
57 59
59 60
60
65 809
70
75
80
83 84 85
84 85
85 86 87
86 87 88
87 88 503
88 90
90 91
91 92
92 94
94 95
95 474
98 100
100 101
101 103
103
107
112 114 195
113 114
114 855
119 121
121 122
122 124
124 125 126
125
126 128
128 129
129 298
134
137
141 143
143
147 149
149 150
150
155 472
156 404
158 159 160
159 160 567
160
166
170 172
172 173
173 175
175
178 179
179
183 184 185 956
184 185 186
185 186
186
190
193 195
195
198 199
199
203 204 796
204 567
208 209
209
212 213 214
213 214
214
217
221 222
222 224
224 226
226 227 857
227 228 229
228 229
229 231
231 232 764
232 951
235 856 602
238
243 245
245 247
247 249
249 251
251
254 256
256 257
257
260 261
261 263
263 264 265
264 265 266
265 266 342
266 268 890
268
272 274
274
277 279
279 280
280 460
284
287
290 291
291
298
303 304 845
304 573
305 306 307
306 307 308
307 308 309
308 309
309
312 314
314 315
315 901
317 985
320 322
322 324
324
331 332
332
336 337 338
337 338
338 340
340 341 342
341 342 343
342
343 345
345
350 352
352
356 358
358 359
359
363 365
365 366 367
366 367 368
367 368 369
368 369
369
375 377
377
378
383 384 385
384 385
385
388 389
389
393 394 395 989
394 395 396
395 396
396
399 400
400
404 405
405 406 407
406 407
407
410 411 412
411 412
412
414
419 420
420 422
422
424 425 426
425 426
426
433 434 435
434 435 436
435 436 437
436 437
437
442
450 451 452
451
452
455
459 460
460
462 463 992
463
466 467
467 469
469
472
474 476
475 476 477
476 477
477 479
479
482 484 949
483 484 485
484 485
485
489
493 495
495 497
497 498 499
498 499
499
503 505
505 507
507 934
510
513 514
514
520 521
521 523
522 523
523
527 529
529 530
530 532
532 533
533
536
539 540
540
546 547
547 549
549 551
551
554 555
555 894
561
564 566 654
566 567
567
570
573
580 581 582
581 582
582 584
584 586
586 587
587 589
589
594 595 596
595 596
596
599 600 601 629
600 601 602
601 602
602
604 605
605
610
611 613
613
620 621 622
621 622
622
625 627
627 629
629 630
630 981
631
634 635 636
635 636
636 638
638
641
644 646
646
647 649
649 651
651 652
652 654
654
656 657
657
670
674
676 678
678 679
679
682 683 684
683 684
684 686
686 688
688 690
690 692
692 693
693
696 697 698
697 698 865 951
698
702 703
703
709 710
710
718 720
720 722
722 723
723
726 728
728
736
740 741 742
741 742 743
742
743 745
745
748
752 753 754
753 755
754 755
755 757
757
760 762
762 764
764 765
765
769
772
777
781
784 785
785
789 790
790
794 796
796
799 801
801
806 808
808 809
809
814
819 820
820
822 824
824 825 826
825
826
832 834
834
841 843
843 845
845
851 852 853
852
853 855
855 857
856 858
857 858
858 859 860
859 860
860
865 867
867 869
869 870
870
874 875 876
875 876
876 878
878 880
880
884 885
885
890
892 894
894
895
898 900
900 901 902
901 902
902
907
911 913
913 914
914 916
916
921 923
923 924
924
927 929
929 930
930 932
932 933 934
933 934 935
934 935
935
938 939 940
939 940 941
940 941 942
941 942
942
949 951
951 952
952
956
957 959
959 960
960
964 965
965 967
967 968 969
968 969 970
969 970
970 972
972 974
974 975
975
977 978 979
978
979 981
981
984 985 986
985 986
986
989 991
990 991 992
991
992
995
