#naive2.0.py
# GMT Fri Feb 14 14:28:06 2020
# 
1 999
6 7
7 9
9 10 11
10 11 12
11 12
12 14
14
19
22 23 24 784
23 24 25
24 25
25
29 364
31 32
32 34
34 35 36
35 650
36
41 43
43 44
44 46
46
50 171
53 54
54
57
61
64
65 66 809
66
69
71
74
77 78
78 80
80 82
82 84
84 85
85 87 163
87 503
90 585
95 97 474
97
100 101
101 102
102 987
104 106
106 108
108 110
110 111
111
120
124 125 126
125 868
126
130 131 132 850
131 132
132 134
134
138 139 140
139 140
140 142 973 713
142 144
144 406 381
145 146
146 148
148 149
149 151
151 152
152 153
153
156 157
157 158
158
163
168
171 172 789
172 174 665
174 176
176
182 183
183 185 624 956
185 187
187 188 189
188 189 190
189 190
190
194 196
196
200 201 202
201 202 203
202 203 204
203 204
204
206 207 208
207 208 209
208 209 210
209 210 211
210 211 212
211 212
212
221
227 228
228 230
230 231 232
231 232 233 764
232 234 951
233 234 235 520
234 235
235
239
243 244
244
247
253 254 255
254 255
255
258 259
259
264 265 266
265 266 267 342
266 267 268 890
267 268 269
268 269
269 271
271 273
273 275
275 276 962
276
279
282
285
291 292 293
292 293
293 295
295 487
299 301
301 303
303
305 306 307
306 307 308
307 308
308 798
312
315 901
321 322
322 324
324 325 326
325 326
326
329
332 334
334 335
335
339 340 341
340 341 342
341 342 343
342 560
343 537
348
351 352
352
356
360 361 362
361 362
362 364
364 366
366
369
372 374
373 374
374
379 380 381
380 381 382
381 382
382
385 386 387
386 387
387 389
389 390
390
393
399 400 401
400 401 402
401 402 403 815
402 403
403
406
410 411 412
411 412
412 807
414
420 421 422
421 422
422 669
425
431
433 435
435 437
437 438 439
438 439
439
444
449 450 740
450
453
459 461
461 462 463
462 463 992
463 465
465 467
467
472
474
481 483
483 485
485 486 487
486
487
490
494 495 496
495 496 497
496 497
497
501 503
503 505
505 506 507
506 507 508
507
508 510
510 512
512 513 514
513 514 515
514 515 516
515 516 517
516 518
517 518
518 519 520
519 520
520
526 527
527
537
538 540
540
545 546
546
549
552
559
560
563 565
565 566
566 568
568 569 570
569 570
570 572
572 574
574 575
575 577
577 578 579
578 579
579
581 583
583 584
584 585 586
585 586
586
590 592
592 593 594
593 594
594 596
596
605 606 607
606 607 608
607 608
608 610
610 612 888
611 612
612
616 618
618 620
620
623 624 625
624
625
630 981
635 636 637
636 637 638
637 638
638 640
640 642
642 644
643 644
644
647
650
653 654
654
657 658
658
663 665
665
666
669
670
673 675
675
682
687 688
688 689
689
694
699 701
701 703
703 704
704
710 711 712
711 712 713
712 713
713
717 718
718
722 723
723 725
725 727
727 728 729
728 729
729
733
740
744
747
748 750
750 752
752
757 758
758
761 762
762 764
764
767
770
773 774 775
774 775 776
775 776 777
776 777 778
777 778 779
778 779 780
779 780 781
780 781
781 783
783 784 978
784
786
789 791
791 792 793
792 793
793
798
801
805 807
807 808 809
808 809
809 811
811
815
819 821
821 822
822
827
842 843 844
843 844
844
847 848
848 850
850
853 854
854
857 858
858
862
868
871
873 874 875
874 875
875
879
883 885
885
888 889 890
889 890
890
893 895
895 897
897
901 903
903
911
916 917
917
920
925 926
926 928
928 929
929 931
931 932 933
932 933
933
936 938
938
942 943 944
943 944
944
947
950 951
951 953
953 955
955 956 957
956 958
957 958
958
961 962
962
967 968
968 970
970 972
972 973
973
976 977 978
977 978 979
978
979 981
981
984
987
992
996 998
998 999
999
