#naive2.0.py
# GMT Fri Feb 14 14:28:05 2020
# 
1 3
3 5
5 6 7
6 7
7
11 12
12
16
17
30 31
31 58
33 35
35 37 650
36 37
37 39
39 155
42 43 491
43
47 48
48
51 52
52 54 516
54
58 60
60 62
62
65 809
69 70
70
73 74 75
74 75
75
79 80 81
80 81
81 83
83
86
91 92 328
92
97
100 833
102 103
103 897
107
110
113 370
118 119
119 121
121 386
123 125 817
124 125 126
125 127 868
126 127 128
127
128 130
130 132 850 241
132 133 134
133 134
134 136
136 137 138 845
137 138 289
138 139
139
146 148
148 149
149
154 155 156
155
156
159 160
160
164 165
165 167
167 168
168
173 175
175 177
177 178
178
181 215
182 183 184
183 184
184 186
186 187 188
187 188
188
191 192 736
192
200 201 202
201 202 203
202 203 204
203 204 796
204
206 207 208
207 208 209
208 209 210
209 210 211
210 211
211
215 216 217
216 217 218
217 218 219
218 219
219
221 223
223 224 225
224 225 226
225
226
228 230
230 231 232
231 232 233
232
233
240 241 924
241
243 244
244 304
247 249
249 250
250
255 256 257
256 257 258 846
257 258
258 260
260 261
261
265 266 267
266 267 268
267 268
268
271 272
272
276 277 278
277 278
278
281 674
287 289
289 290 291
290 291
291 292
292
296 360
300
303 304 845
304
308
315 901
317
319 320 321
320 321 322
321 322
322 324
324 325 326
325 326
326 328
328 330
330 331
331 332
332 334
334 336
336
339 340
340
343 345 537
345 346
346
352 353 354
353 354
354 356
356 358
358 360
360 361
361 363
363 365
365 366
366 368
368 369 370
369 370 371
370
371 373
373 375
375 376
376 378
378 379 380
379 380 381
380 381 382
381 382 383
382 383
383 385
385 386 387
386 387 388
387 388
388
395 396
396 398
398 400
400 401
401 403 815
403
406 407 408
407 409 854
408 409
409 411
411 413
413 414
414
417
420 422
422 423 669
423
426
429 430
430
433 509
437 439
439 440
440
443 445
445
450 452
452 454 744 738
454 793
456 458 820
458 460
460
464 465 466
465 466 467
466 467 468
467 468
468
473 474
474 476
476 477 478
477 478
478
482
483
486 488
487 488
488
491 493
493 494
494 496
496
500
503
506
509 510
510 511 512
511 512 513
512 513 514
513 514 515
514 515 516
515 516 517
516 518 918
517 518
518
522 523 524
523 524 525
524 525 526
525 526
526
534 536
536 537
537
541 553
544 546
546 548
548 550
550 552
552 553 554
553 554
554
558 560
560
561 788
568 570
570
577 578
578
582
585 587
587 588 589
588 589
589 591
591
594 595
595
600 601
601
609 610
610 612 888
612
617
620
625
629 630
630 981
631
634 635
635 637
637 638
638 640
640 641
641 788
645
650 651
651
657 658
658
663 664 665
664 665
665
669
670
674
678
681 682 683
682 683
683
687 688
688 689
689 691
691
694
697
701
706
710 711 866
711 713
713 714
714 716
716 718
717 718
718 720 734
720
723
724 791
728 729
729
734 736
736 738
738
740
744 746
746
749 750 751
750 751
751
760 761
761 841
763 765
765 767
767 768
768
772 773
773
777 778 779
778 779 780
779 780
780
784 785
785 786
786 788
788 790
790 791
791 793
793
795 796 797
796
797 799
799 800 801
800 801 802
801 802 803
802 803
803
804 806
806 808
807 808 809
808 809
809 811
811 813
813 815
815
817 818
818 820
820 821
821
824
830
833 834
834 836
836
839 840 841
840 841
841
845 847
846 847
847 849
849 850
850
854 856
856 858
858 859
859
864 866
866
868 869 870
869 870
870
874
878 880
880 881 882
881 882
882
885
887 888 889
888 889
889
892 894
894
897 899
899 900
900 901 902
901 902 903
902 903 904
903 904
904
907
910
913 914 915
914 915
915 917
917 918
918
921
924 925
925
929 930 931
930 931
931
934 936
936 938
938 939
939 941
941 942
942 944
944
947 948
948
952 954
954
958 959 960
959 960 961
960 961
961 963
963
966 968
968 969 970
969 970
970 972
972 974
974 976
976 978
978
981 983
983 984
984 986
986 988
988 989
989
992 993
993 995
995 996 997
996 997
997
