#naive2.0.py
# GMT Fri Feb 14 14:28:09 2020
# 
0 999
3 5 220
5 7
7 8
8
11
14 107
16
24 26
26
29
31 32
32 33
33 35
35 37 650
36 37
37 39
39 41 155
41 42
42
44 46
46 47 48
47 48 205
48 50 922
50 52
51 52 53
52 53
53 55
55
60 61
61
65
68 69
69
72 74
74 76
76 78
78 79
79 81
81 82 83
82 83
83
86
89 90
90 585
93 269
96 98
98 99 100 556
99 100 101
100 101
101 102
102 987
107 109
108 109 110
109 110 111 593
110 111
111 113 367
113 370
120 122
122 123
123 125 817
125 868
128 130
130 131 132 850 397
131 132
132 134
134
137 138
138
142
145 146
146
149
152
155 472
156 404
165 166
166
169 170 517
170
173 174 175
174 175 176
175 176 177
176 177 178
177 178
178
182
185 186 187
186 187 188
187 188 189
188 189
189 191
191 192 193 736
192 193 194
193 194
194
202 203
203 205
205 559
206 207 208
207 208
208 210
210
217
220
222
230 232
232 234 951
233 234 520
234 236
236 238
238 239 240
239 240
240 924
242
246 248 596
247 248 249
248 249
249 251
251 252
252
256 257 846
257 259
259 260 261
260 261
261 263
263 265
265 342
268 269 270
269 270 271
270 272
271 272 273
272 273 274
273 274
274 276
276 277
277
283
287
290
292 294
294 295
295 297 487 404
297 996
299
303 304
304
309
315
323
328
335 337
337
342 560
345 346
346
350 352
352
356 358
358
363
367 368 369
368 369 370
369 370
370 372
372 599
373
376 377 378
377 379 382
378 379
379
382 383
383 385
385 386 387
386 387
387 389
389 391
391 392 835
392
395 397
397
399 400
400
403 404 405
404 405
405 406 407
406 407
407 409 854
409 410 411
410 411 412
411 412
412 807
415 417
417
423
426 427
427
430 431
431
433 509
437 439
439 441
441 442 443 724
442 443
443 646
449 450
450 451
451 619
456 457 458
457 458 459
458 459 460
459 460
460
463 465
465
471 472
472
474 476
476 477
477 479
479
483
487 488 489
488
489 517
494 496
496
499 500
500 502
502
506 508
508 509
509
511 512 513
512 513
513 515
515 517
517
519 520 829
520
522
531
534 536
536 537
537
540 542
542
545 546 547
546 547 548
547 548
548 550
550
556 558
558 559 560
559 561
560 562
561 562 788
562 563
563
566 568
568 569 570
569 570 571
570 571
571
574 575
575
578
582 584
584 585
585
588 589
589
593
596 598
598 599
599 601
601 603
603 604
604
607 608
608
612 614
614
615
619 620
620
623 625
625 626
626 703
630 981
631
635
640 641
641 788
644 646
646 648
647 648 649
648 649 650
649 650
650
653 655
655
661
664 665
665 667
667 668 669
668 669 670
669
670
674
677 678
678 680
680 681 682
681 682
682
689
693
696 697 698
697 698 951
698 700
700 701 702
701 702 703
702 703
703
706 708
708
711 713
713 714
714 715
715 717
717 718 719
718 720 734
719 720 721
720 721 722
721 722
722 724
724
725
731 732 733
732 733 734
733 734
734 736
736
739 741
741 742 743
742
743 745
745 798
750 751 752
751 752
752 754
754 755
755
761
763
770
776 777 778
777 778
778
783 785 978
785 786 787
786 787 788
787 788 789
788 789
789
792 793
793
797 798 799
798
799 800
800
804
807
810 811
811
815
817
822
825
828 829 830
829 830
830
835
842
846 847
847 848 849
848 849 850
849 850 851
850
851 853
853 854
854
861
863
867 868
868
871
873 874 875
874 875
875 877
877 879
879 881
881
885 891
888
891 893
893 895
895 896
896
899 900
900 902
902 903 904
903 904
904 906
906 908
908 910
910 911
911 913
913
916 918
918
921 922 923
922 923
923 924
924 925
925 927
927 928
928
932 933 934
933 934 935
934 935
935
940 941
941
943 945
945
949 951
951 952 953
952 953
953
956 958
957 958 959
958 959 960
959 960 961
960 961 962
961 962
962 964
964 965
965
968 969
969
974 975
975
977 978
978 980
980 981 982
981 982 983
982 983
983
986 987
987 989
989 991
991 993
992 993
993
996 997
997 999
999
