#naive2.0.py
# GMT Fri Feb 14 14:28:06 2020
# 
2 4
4
10 11
11 13
13
16
17 18
18 526 733
21 22
22 24 784
24 25 26
25 26
26
30 32
32 34
34 36
36 37
37 39
39 40
40
45 47
47 205
51 52 53
52 53
53
58 60
60 61
61
64
72 73
73
76 78
78 80
80
87 88 89 503
88 89 90
89 90
90 197 585
95 96 474
96 98
98 100
100
103
109 111
111
114 116 855
116 117 153
117 119
119 120 121
120 121 122
121 122
122 123
123 125 817
125
126
132 133 134
133 134
134
143
148 149 150
149 150
150
153 154
154
158 160
160 705
167 168 169
168 169 170
169 170
170 171 172
171 172
172 173 174 665
173 174
174 176
176 178
178
181 215 607
183 185
185 186
186 188
188 189 190
189 190 191
190 191
191 193 736
193 194
194 196
196 197
197
198 200
200 201
201
205
206 207
207
210 212
212 213
213 215
215 216 217
216 217
217 219
219
222 223
223 490
227 228 229
228 229 230 571
229 230
230
236
241 242
242
246 248 596
247 248 249
248 249
249 251
251
255 256
256
260 262
262 263 264
263 264
264 266
266 267
267 269
269
275 962
278 280
280 460
282 283
283
287
291 293
293 294
294 296
296
299
304
308 309 310
309 310 311
310 311 312
311 312
312
316 317 318
317 318 985
318 320 642
320
324 325 326
325 326 327
326 327 328
327 328
328 330
330
332 334
334 335 336
335 336 337
336 337 338
337 338 339
338 339 340
339 340
340 342
342
343
346 347
347 349
349 351
351 352 353
352 353
353
356 357
357
361
364
369 370
370
373
377 379
379
389
393 395
395
402 403 404
403 404 405
404 405
405 407
407
410
415 416
416 418
418 420 604
420 421 422
421 422
422 669
424 425 426
425 426 427
426 427 428
427 428 429
428 429
429 431
431
433 435
435 436 437
436 437 438
437 438
438
441 442 443
442 443
443 445 646
445
453 454
454
460 461
461
464 466
466
474
475
479 480
480
483
486 877
487
490 492
492 493
493
496 497 498
497 498
498 500
500 501
501 503
503
506 508
508
512 514
514 515
515
520
524 526
526 527
527
532 533 802
533 535
535
541 542 543 553
542 543
543 545
545 546
546
550 551 552
551 552 553
552 553
553
555 894
561 562
562
565 567
567 569
568 569
569 571
571
575
578 579
579
583
585 586 587
586 587 588
587 588
588 590
590 592
592 594
594 595 596
595 596 597
596 597 598
597 598
598
604 605 606
605 606 607
606 607
607
610 888
619 621
621 623
623 625
625
628 630 819
630 632
631 632 633
632 633 634
633 634
634 636
636 637 638
637 638
638 640
640 642
642
643 941
646 648
647 648 649
648 649
649
653
662 664
664 665
665
669 671
670 671
671 673
673 675
675 676
676 678
678
681
688 690
690 692
692 693 694
693 694
694
697 698 865
698 699 700
699 700
700 702
702 703 704
703 704 705
704 705
705
708 710
709 710 711
710 711
711 713
713
716
719 720
720 722
722
725 727
727
733 734
734 736
736 738
737 738
738
740
746
750
758 759
759 975
763 764
764
767 768
768
771
774 776
776 777
777
780 781
781
784
787 912
796
799
802
808
813 815
815 816
816 817 818
817 818 819
818 819 820
819 820
820
822
826 827
827
834 836
836 837 838
837 838
838
840 842
842
847 849
849 850 851
850 865
851
855
856
862
865 867
867 869
869
872
877 878
878
881 883
883
888 889
889
893 894
894
904 906
906 907 908
907 908 909
908 909 910
909 910
910 912
912
913
917 919
919 920
920 922
922
925 927
927 928 929
928 929 930
929 930 931
930 931 932
931 932 933
932 933
933
941 942
942 944
944
952 953
953 955
955 957
957 959
959 960 961
960 961 962
961 962
962 964
964
970 971
971 973
973 975
974 975
975
977 978
978 980
980
984 985 986
985 986 987
986 987
987
990
994 995
995
999
