#naive2.0.py
# GMT Fri Feb 14 14:28:10 2020
# 
4
7 9
9 10
10
13 15 531
14 15 107
15
19 20 21
20 21
21 23
23 24
24
29 30 364
30 31
31
33
37 39
39 155
43 44 45
44 45 46
45 46 47
46 47 48
47 48 49
48 49 50 922
49 50
50 52 171
52 53 516
53
56
59
62
68 69
69 416
73 74
74
79 81
81 82
82
86 88
88 90
90 585
93 269
96
100
103 105 897
105 106 107
106 107 108
107
108
112
115 116
116
120 122
122 124
124 125 126
125 868
126 128
128 129 130
129 130
130 131 850 397
131
135 137
137
141
144 406
147 148 149
148 149 150
149 150 151
150 151 152
151 152
152
155
156
158
161
167 168 169
168 169
169 517
171 172 789
172 173 174 665
173 174
174 176
176 177
177
180 181
181 607
188 189 190
189 190 191
190 191
191 736
196 766
198 200
200 201
201
208
211
216
219 895
222 223
223 490
226 227 971
227 229
229 230 231
230 231 232
231 232 764
232
235 237
237 238
238 240
240 924
244 245 246
245 246
246 596
250 251
251 253
253 254 255
254 255
255 257
257
261 263
263 265
265
268 269
269 271
271 272
272
275 276 962
276 277
277 279
279
283
286 288
288
292 293
293
300 302
302
310 311 312
311 312 313
312 313 314
313 314 315
314 315 316
315 316
316
322 323
323 325
325 326 327
326 327 328
327 328
328 330
330 331 540
331
334
338 339
339
343 345 537
345 347
347 349
349 351
351
354 356
356 358
358
363 364
364
367 369
369 371
371 372
372 374
374
383 385
385 387
387 389
389
394 396
396 397
397 756
400 401
401
406 407 408
407 854
408
411
415 416
416 418
418
423 425
425 426
426
429 431
431 886
433 434
434 436
436 437 438
437 438
438 440
440
443 445 646
445
451
452 738
455 456 457
456 457 458
457 458
458 460
460
464 465
465 467
467 469
469 471
471
474 476
476 477
477 479
479
482 484
484 486
486 488
487 488
488 490 748
490
491 493 964
493
497 498 499
498 499
499 501
501
504 505
505 506
506
511 513
513 514
514 516
516
517 838
519 520
520 521
521 523
523 524
524 526
526 527
527
531 533
533
534
537 539
538 539 540
539 540
540 542
542 543 544
543 544 723
544
549 551
551 553
553
558 559
559
562 563 564
563 564
564
570 572
572
580
583 584
584 585 586
585 586
586
590 591
591
596 598
598 600
600
606 607 608
607 608
608 610
610 612 888
611 612 613
612 613 614
613 614
614 831
617 618
618 620 787
620
626 628 703
628 630 819
630
631 633
633
636 638
638 639
639 641
641 642 788
642 644
644 646
646
652
656
660 661 662
661 662
662
665
669
673 674
674
676 677 678
677 678
678 680
680 682
682
686 687 688
687 688
688
691 693
693 694
694 696
696 697
697 865
699 701
701 702 703
702 703
703 705
705 706 945
706 707
707 709
709 711
711 713
713
715 717
717 718 719
718 720 734
719 720
720
723
724
726
729 730
730
734 736
736 738
737 738 739
738 739
739
742
747 749
748
749 751
751 752 753
752 753 754
753 755
754 755 756
755 756 757
756 757 758
757 758
758
762 763 764
763 764
764
766
769 771
771 773
773 774
774 776
776
781 783
783 785
785 787
787 788 789 912
788 789 790
789 790
790
793
795 797
797 798 799
798
799 801
801
810 811 812
811 812
812 814
814 816
816 817
817 819
819 821
821
824
828
831
834 836
836 837 838
837 838
838
840
843 845
845
846
849 850
850 865
852 854
854
858 859
859 861
861
863
865
866
868 869
869
874 876
876 878
878 896
882 883
883
886 888
888
891 892
892 894
894 896
895 896 897
896 898
897 898
898
902 904
904 905
905
908
912
915 917
917 919
919 921
921 922 923
922 923
923 924
924
928
932
937 939
939 940 941
940 941
941
943 945
945 947
947
952 954
954 955
955 957
957 958 959
958 959
959 961
961 962 963
962 963 964
963 964
964
966 967
967
970 971
971 973
973
979 980
980 982
982
985 986 987
986 987
987 989
989
992 993
993
997
