#naive2.0.py
# GMT Fri Feb 14 14:28:10 2020
# 
0 1
1 3
3 5
5 6
6 8
8 9
9 11
11 12 13
12 13 14
13 15 531
14 15
15 17
17
22 23
23 25
25
29
33 35
35
36
39
42
44 46
46 48
48 49 50 922
49 50
50
54
59 60
60
64
68
81 83
83 998
90
92 94
94 95
95 474 899
99 100
100 833
106 108
108 110
110 111
111 113
113
116 117
117 119
119
123 817
124
127
132
136 137 138
137 138
138 140
140 142
142 144
144
146 147
147 149
149 150
150 152
152 154
154 156
156
160
161 163
163 165 991
165
174 175
175
178 179
179 181
181 215
182
185
188 189
189 191
191 193 736
193
201
204 205
205
207 208 209
208 209
209
212 213 214
213 214 215
214 215
215 217
217 219
219
221 223
223 225
225
226
229
232 234 951
233 234
234
237 238
238
241
244 245 246 304
245 246
246 248 596
248
251 253
253 254
254 256
256 257
257
261 262
262
265 267
267 268 269
268 269
269 271
271 272
272 274
274 275 276
275 276
276 277 278
277 278 279
278 279
279 281
281 283
283 446
286 288
288
292 293
293
297
299 300 301
300 301
301
304
305 306
306
309 310
310
313
316 317
317
321 322
322
325 326
326 328
328
337
340 341
341 343
343 344 345 537
344 345
345
350 352 687
352 354
354 356
356 358
358 359
359
363 365
365
368 369
369 371
371
376 377 378
377 379 382
378 379
379
382 384
384
388
394
399
408
412
414 415 416
415 416 417
416 417
417 419
419 420 421
420 421 422
421 422 423
422 423
423 424
424
428 429
429
432 434
434 435 436
435 436
436 438
438 440
440 442
442 444
444 445 446
445 446
446 448
448 449
449
453
456 820
459 461
461 463
463 465
465 466
466
470
474
475 477
477 478 479
478 479
479
482
485
489 517
493 494 495
494 495
495
498
503
504
510 511
511 513
513
516
517
521
524 525
525
528 530
529 530 531
530 531
531 533
533 735
536 537
537 539
539 540
540
545
550 551
551
554 555
555
558
561 788
564 948
569 570
570 572
572 574
574 575
575 577
577 578
578
586 588
588 589
589 591
591 592
592
595 596 597
596 597
597
601
604
610 612 888
611 612 613
612 613
613
616 617 618
617 618
618
621
624 626
625 626 627
626 628
627 628 629
628
629
631
634 635 636
635 636 637
636 637
637
640
644 645
645
652 653
653
656 658
658 659
659 660
660
663 664
664 666
666
673 675
675 676
676 678
678
683 863
687
689 691
691
696 697 698
697 698 865 951
698
702 704
704 706
706
710 711
711
716
717 719
719
722 723
723 725
725 726
726 728
728 729 730
729 730 731
730 731 732
731 732 733
732 733 734
733 734 735
734 735 736
735 736 737
736
737
741 743
743 745
745 747
747
752 753
753
756 757
757 759
759 761 975
761 762
762 763 764
763 764
764
767 768 769
768 769
769
772
776 778
778 779
779 781
781
788 789
789 791
791 792
792 794
794 795 796
795 796
796
801 803
803
806
810
813
817 818
818 820
820 821
821
826
829
832 833
833 835
835 836
836
843
847 848 849
848 849 850
849 850 851
850 865
851 852
852 854
854 856
856
859
863
865
869 870
870
874 875
875 877
877
880
885 886
886 888
888
896
897 899
899 900
900
903
911 913
913 914
914
920 922
922
924
929 930
930 932
932
935 936 937
936 937 938
937 938 939
938 939
939
947 948
948 950
950 951 952
951 952
952 954
954
958 959 960
959 960 961
960 961
961 963
963 964
964
966
969
972
975
977 978 979
978 980
979 980
980 982
982 983 984
983 984
984 986
986 987
987
990 991 992
991
992 994
994
998
