#naive2.0.py
# GMT Fri Feb 14 14:28:08 2020
# 
0 2
2 4
4
7 9
9 10
10
13 15 531
14 15
15 16
16 254 950
19 20
20 22
22
25 26
26
29
31 32
32 34
34
37 39
39
43 45
45 46 47
46 47 48
47 48 205
48 50 922
50
53
56 57
57 167
61 660
65 66 809
66 68
68 69
69
77
81 83
83 85 998
85 86 87
86 87
87 503
90 91 197
91
96
100
102 103 987
103 897
104
109
112
115 116
116 153
119 121
121 122
122
125 127 868
127 367
130 241 397
133 134
134 136
136
139 141
141 143
143 144
144 406
148 149 150
149 150
150 152
152 153 154
153 154
154
159 285
164 165
165 167
167 168 169
168 169
169
173
177 178 179
178 179 180
179 180
180
184 186
186 747
194
197 199
199 201
201 202
202
205
207 209
209 210
210 212
212
216
219 220
220
226 971
228 229 230
229 230 231
230 231 232
231 232 233
232 234
233 234
234 236
236 237
237
240 241 924
241 242
242 243
243
246
254 256
256 258 846
258 260
260 262
262 263 264
263 264
264 266
266 890
269 271
271 272 273
272 273
273 275
275
277 278 279
278 279
279
283
285 286
286 288
288
290
292 293 294
293 294
294 296
296
297
304
305 306 307
306 307
307
310 312
312 314
314 316
316 317
317 985
321 322 323
322 323 324
323 324
324 326
326
333 334 335 445
334 335 336
335 336 337
336 337 338
337 338 339
338 339 340
339 340
340 342
342
343 537
346
350 351 352
351 352
352 354
354
359
363 365
365 366 367
366 367
367
372
375
379 380
380
387 388
388
391 392 835
392
395 397
397 756
399 400 401
400 401 402
401 402
402 404
404
406 407
407 409 854
409 410 411
410 411 412
411 412
412
420 421 422
421 422
422 669
424 426
426
430 431 432
431 432 886
432 434
434 435 436
435 436 437
436 437
437
440 442
442 443 444
443 444 445
444 445
445
447
452 744 738
453
456
460
464 465
465 467
467 468 469
468 469
469 471
471 472 473
472 473
473 474
474
477 478 479
478 479
479
482 484
483 484 485
484 485
485
490
493 494
494 496
496 497
497
502 503
503 505
505
510 512
512 514
514 515 516
515 516
516 518 918
518
522
525 526 527
526 527
527
531
537 539
539
542 544
544 545
545 547
547
550 552
552
562 563
563
569
574 575 576
575 576
576 578 923
578 579 580
579 580 742
580
588
592 594
594
598 600
600
608
611
616 617
617
621
624
625 627
627 629
629 630
630 632 981
632 633 634
633 634
634
641 642
642
651 652
652
655 656
656 658
658 659
659 660
660 662
662 663
663 665
665
666
669
672
676 677
677 679
679
683 685 863
685
689 691
691
694 696
696 698
698 699
699 701
701 703
703
706 708
708
709
712 713
713
715 716
716
719 720 721
720 721 722
721 722 723
722 723
723 725
725 726
726 728
728
734
737 738
738
742 744
743 744
744
747
748
755 756 757
756 757 758
757 758
758
765
768 770 861
770 771 772
771 772 773
772 773
773 775
775 777
777
780
786
790
794 795 796
795 796 797
796 823
797 799
799
802 803
803
804
809 810
810
822 823 824
823 824
824
827 829
829
834 835
835 837
837 839
839
842 843 844
843 844
844 846
846
849 851
851
854 856
856
860 861
861
863
867 868 869
868 869 870
869 870 871
870 871 872
871 872
872
875 877
877
882 884
884 885 886
885 886 891
886 887 888
887 888
888 890
890 891
891 893
893
896
897
900 901 902
901 902
902
908
911
914
918
919
922 923
923 924
924 925
925
929 930
930 932
932 933 934
933 934
934 936
936 937 938
937 938 939
938 939
939 941
941
943 944
944
948 950
950
954
957
961
964
968
971 972 973
972 973 974
973 975
974 975 976
975 976
976 977
977 979
979 981
981 982
982 984
984 985
985 987
987 988 989
988 989 990
989 991
990 991
991
994
997 998
998
