#naive2.0.py
# GMT Fri Feb 14 14:28:05 2020
# 
3 220
9 10
10
13 15 531
15 16
16 254
18 526
19 225
25 26
26
29
31 32
32
35 650
41 42 43
42 43 491
43
47 49 205
49 50
50 52
52 53
53
57
60 61
61 63 528
63 64
64 766 375
68 69
69 416
74 76
76 78
78 80
80 81
81 83
83 85 998
85 86 87 163
86 87 88
87 88 89
88 89
89
92 94
94 95
95 899
103
104 106
106
109 593
114 116 855
116 153
119
122 123
123 125
125 868
126 128
128 130
130 131 132 850 241 826
131 132 133
132 133 134
133 134 135
134 135
135
139 140 141
140 141 973
141
145 812
148 150
150 151 152
151 152
152 153
153 155
155 157
157
161 162 163
162 163
163 165
165 166
166 168
168 170
170 172
172
183
186 187
187 189
189 190 191
190 191
191 193 736
193
197
198
202 203 204
203 204 205
204 205 567
205 284 559
207 209
209 210
210
213 214 215
214 215
215 217 748
217 219
219 220 895
220 221
221 222 223
222 223 224
223 224 225
224 225 226
225
226 971
228 230
230 231 232
231 232
232 951
238 239
239 241
241
245
249 250
250 252
252 253 254
253 254
254 256
256 846
259
268 270
270 272 686
271 272
272 274
274 275
275 962
277 278 279
278 279 280
279 280 281
280 281
281
284 286
286 287
287 289
289 615
293 295
295 404
296 360
300 301
301
305
308 309 310 798
309 310
310
313 314
314 316
316 318
318 642
322 324
324
331 332 333
332 333
333 335
335
340 342
342
347
351 352
352 354
354
357 358
358 360
360 361 362
361 362
362 597
369 370 371
370 372
371 372
372 374
374 375
375
379
382 383
383 385
385
393 989
396 398
398 400
400 402
402 403 404
403 404 405
404 405
405 406
406 408
408
411 412
412
415 416 417
416 417 418
417 418 419
418
419 421
421
424 425
425 427
427
430 431
431 886
433 434 509
434
438 439
439 441
441 442 443
442 443
443
446 448
448
451
452 738
455
459 461
461
464
469 470
470
473 475
475 476
476 478
478
491 909
494 495
495
500 501 502
501 502
502
504 505 910
505 506 507
506 507
507 509
509
512 513 514
513 514
514
520
523
526 527 528
527 528
528
531 532 533
532 533 802
533 535
535 536 825
536
541 542
542 544
544 545
545
548 550
550 551 552
551 552
552
559
565 566 567
566 567
567
573 574 575
574 575 576
575 576 577
576 577 578 923
577 578
578 580
580
583 584 602
584
588 590
590
593 594
594
597 598
598
601 602 603
602 603
603 784
606
609 610 611
610 612
611 612
612 614
614
615
618 620
620
623 625
625
629 630
630 981
638 639 640
639 640
640 642
642 644
644
647 648 649
648 649 650
649 650
650
652 653
653
657
663 664
664 666
666 667
667
671 672
672
675 676
676 678
678 679 680
679 681 783
680 681
681 683
683 684
684 686
686
690
695
698 700
700 701 702
701 702
702 704
704 705
705
710
714
717 718
718
721
725 726
726
736 738
738 739
739
743 745
745 746 798
746 748
748
749
753
754 756
756 757 758
757 758
758
761 841
765 766
766
769 770
770
773
776
783 784 785
784 785
785 786
786 788
788 789
789
794
798
799 800 801
800 801 802
801 802
802
805
810 812
812 813 814
813 814
814 816
816
819
824 825 826
825 827
826 827
827 829
829
832 834
834 835 836
835 836
836 838
838
841 843
843 844 845
844 845 846
845 847
846 847
847 848 849
848 849 850
849 850
850
852
855
858 859
859
864 975
868
871 872
872
875 876 877
876 877
877 879
879 880
880 882
882 883
883
886
890
895
898 899
899
902 903 904
903 904
904
909 910
910
913
917
921 922 923
922 923
923
926 927
927
932
936 937 938
937 938
938
944 946
946 947
947 949
949 951
951 953
953
962
965 966
966
969 970
970 971
971 973
973 975
975
981
987 988 989
988 989
989
992
996 997 998
997 998 999
998 999
999
