#naive2.0.py
# GMT Fri Feb 14 14:28:07 2020
# 
1
4
7 9
9 10
10 12
12 13
13 531
16 950
17 19
19
23
26 27
27 29 288
29 30
30 31
31 58
35 37
36 37 38
37 38
38 115
41 42 43
42 43 491
43 44
44
47 49
49
53
56 57 58
57 167
58 60
60 62
62
65 66 809
66 67
67
73 75
75 76
76
80
83 84 998
84
89
94
98 99
99 101
101 102
102
108 110
110 111
111 113 367
113 114 115
114 115 855
115
119 120
120
124 126
126 447
129 298
131
134 135 136
135 136 137
136 137 845
137
144 406
145
147 148 149
148 149
149
153 155
155
156 404
158
162 163 164
163 991
164
167 169
169 170
170 172
172 173
173
176
182
186 188 747
188 190
190
193 194 195
194 195
195
198 200
200 201
201
206 208
208 210
210 211
211
214 215 216
215 216
216
223
228
233 234 235 520
234 235 236
235
236 238
238 240
240
243 244 245
244 245 304
245
248 249 250
249 250
250
258 260
260
264 266
266 267 268
267 268
268
273 274 275
274 275
275 962
279 281
281 282 674
282
285 286 287
286 287 288
287 288
288
291 293
293 295
295 404
296 298 360
298 299
299 301
301 302
302 304
304 573
306 307 308
307 308 309
308 309
309
312
316 317
317
322 323 324
323 324
324 326
326
329 330
330 540
334 336
336 337
337
341 342 343
342
343
346
350 352 687
352 353
353
360 361
361 363
363
367 369
369 371
371 372 373
372 374
373 374
374 376
376 378
378
386 387 388
387 388 389
388 389 390
389 390 391
390 391 392
391 392
392
397
398 399 400
399 400 401
400 401
401 403 815
403 404 405
404 405
405 406 407
406 407 408
407 409 854
408 409 410
409 410
410 412
412
414 416
416 417
417
421 422 423
422 423 614
423 424
424
427 428
428
431 886
434
439
442 443
443 445
445
447 449
449 740
453 454
454 852
461 462 463
462 463 992
463 464 465
464 465 466
465 466
466
469 470 471
470 471
471
475 476 477
476 477
477
480 755
488
489 491
491 493 909 964
492 493 494
493 494
494 496
496 497 498
497 498
498
502 503 740
503 505
505 507
507
511
515
518 519 520
519 520
520 521
521 523 782
522 523 524
523 524
524
529 531
531 532
532 802
535 825
539 540 541
540 541
541 543 553
543 723
547 548
548 550
550 552
552 553
553
558 559
559
562 564
564
565 567
567 569
568 569
569
572 573
573
578 579
579
586
593
595 596
596
600 601
601
606 608
608 609 610
609 610 611
610
611 613
613 614
614
617 618 619
618 620
619 620
620
623 624
624
629
632 633 634
633 634
634 636
636
639
642
645 647 708
647
653 655
655 656 657
656 657
657
660
664
668
672 674
674
680 681
681
685 687
687 688
688 689 690
689 690 691
690 691
691 693
693 694 695
694 695
695 697
697 698 865 951
698 699 700
699 700
700
708 710
710 711 712 866
711 712 713
712 713
713
715 717 806
717 719
719
722 723 724
723 725
724 791
725
733 735
735
738 739
739 740
740
746
747
750 752
752
755
759
763 764 765
764 765
765
768 861
771 772
772 774
774 776
776 778
778 779 780
779 780
780 782
782 783 784
783 784 785
784 785
785 786
786
789 791
791 792
792
797 799
799
802 803
803 946
804 806
806
809 811
811 813
813 814 815
814 815
815
819 821
821 822
822 824
824 825
825
828
832
836 837
837
844 845 846
845
846
848 849 850
849 850 851
850 865
851 852 853
852 854
853 854 855
854 855
855
858
861
865
866
872 873 874
873 874 875
874 875 876
875 876
876
882 884
884 886
886
895 896 897
896
897
902
906
909 910 911
910 911 912
911 912 913
912 914
913 914 915
914 915
915 917
917 918
918
921 922 923
922 923
923
929 930 931
930 931
931 933
933 935
935 937
937
940 942
942 944
944 945 946
945 946 947
946 947
947
950 951 952
951 952
952 954
954 955
955
960 962
962 963 964
963 964 965
964 965
965 966
966
970 971
971
974
977
980 981
981 983
983 984
984
990 991 992
991
992
996 998
998
