#naive2.0.py
# GMT Fri Feb 14 14:28:10 2020
# 
2 4
4 6
6 7
7 9
9 10
10 12
12 14
14 107
18 526
19 21
21 22 23
22 23 24
23 24 25
24 25
25
28 30
30 31 32
31 32 58
32 33 34
33 34
34
40 42
42 43 491
43 44 45
44 45
45 47
47
50 52 171
51 52 53
52 53 54 516
53 54 55
54 55
55
58
63 64 65
64 766 375
65
67
73 74
74 76
76
79
85 163
88 89 90
89 90
90 585
92
95 96 97
96 97 98
97 98
98 556
101 102 103
102 103
103 105
105 106 107
106 107 108
107 448
108 110
110 111 112
111 367
112 195
117
121 386
123 817
126 127
127 367
130 132 850
132 133 134
133 134 135
134 135 136
135 136 137
136 137 138 845
137 138
138 139 347
139
142
146 147
147 149
149 150 151
150 151 152
151 152 344
152 153 154
153 154 155
154 155
155 157
157 159
159 160 567
160
161 163
163 165 991
165
168
171
174
178 180
180 182
182
185
188 189
189
194 195 196
195 196
196 766
201
204 567
206 207
207
210
213
216 217
217
221 222 223
222 223 224
223 224 490
224
227 228
228 230
230 231
231 233
233 520
244 245
245
248
252 254
254 255 256
255 256
256 258
258 259 260
259 260
260 262
262 263
263
266 267
267 269
269
273 274 275
274 275 276
275 276 962
276 277
277 279
279
282 283
283 446
286 288
288
291 293
293 294
294
297 298
298
303 845
305
309 310
310
314 315
315 901
318 320 642
320
323 325
325
329 330
330 540
334 336
336 337
337 339
339 340
340 342
342 344
343 344
344 346
346 347 348
347
348 350
350 351 352
351 352 353
352 353 354
353 354
354 356
356 357 358
357 358
358 360
360
365 367
367 369
369 370 371
370 372
371 372 373
372
373 375
375 376 377
376 377 378
377 382
378
382 384
384 386
386 388
388 390
390 391 392
391 392
392
393 395 989
395 396
396 398
398 399
399 401
401 402 403 815
402 403
403
407 409 854
409 410 411
410 411 412
411 412
412
414 415 416
415 416 417
416 417
417 419
419
424 426
426
430 431 432
431 432
432 454
437 438 439
438 439
439
442 444
444 446
446 448
448
454 852 793
459 461
461 462
462
465 466
466 468
468 469 470
469 470
470
478 480
480
481 483
483 485
485
490 492
491 493
492 493 494
493 494 495
494 495 496
495 496
496
501 502 503
502 503 740
503
508
514 515 516
515 516
516 518
518 519 520
519 520
520
526
534 536
536
540 542
542 543 544
543 544 545
544 545 546
545 546
546
549 550 551
550 551
551 553
553 554
554 555 556
555 556 894
556
559
567
572 573
573
576
585
589
593 594
594 595 596
595 596
596
602
604
607
611 613
613 614 615
614 616
615 616
616
619 620
620
623 625
625 626
626 703
630 981
633 634 635
634 635
635 637
637 639
639
642
649 650
650 994
652
655 657
657 659
659
665
669 671
671
677 678 679
678 679 680
679 681 783
680 681 682
681 682
682
689
692 693 694
693 694 695
694 695
695 697
697 951
703 704
704 706
706 707
707 709 944
709 711
711 712
712
716 718
717 718
718 720
720 722
722
726 727
727
732
737
740 741
741 743
743
748 750
749 750 751
750 751 752
751 752 753
752 753
753 931
757
765 766 767
766 767 768
767 768
768 770
770 771
771 773
773
777
780
783 978
786 787 788
787 788 912
788
792 793
793
805
814 815
815
817
823 825
825 827
827 828
828
832
837 839
839
842 843
843 845
845 847
847 849
849 850
850
852 854
853 854 855
854 855 856
855 857
856 858
857 858
858 859
859
866
869 871
871 872
872
875 876
876
881 882 883
882 883 884
883 884
884
888
892 894
894 896
896
901
905 907
907 908
908
912 914
913 914
914
917 919
919 920 921
920 921
921
925 926 927
926 927
927
930 931 932
931 932
932 934
934
938 940
940 941 942
941 942
942 943 944
943 944
944
948 950
950 951 952
951 952 953
952 953
953
959
962 963
963
966 967
967
970
977 978
978 980
980 981 982
981 982
982 984
984 986
986
989 991
990 991
991
994 995
995 997
997
