#naive2.0.py
# GMT Fri Feb 14 14:28:07 2020
# 
2 3 4
3 4
4 6
6 7 8
7 8
8 10
10 11
11 13
13
14 107
17 19
19 20 21 225
20 21 22
21 22
22 784
25 26 27
26 27
27 29
29 30
30 31
31
35
36 38
38 115
43 44 45
44 45
45 47
47 49 205
49 50
50 171
53 55
55 57
57 167
60 61
61 63 660
63 65
65
67 68
68
71 72
72 74
74 75
75
84
87 88 89 503
88 89
89
93 95
95 96 97 899
96 97
97
100
102
104 105
105 107
107 448
110 112
112 114
113 114 115
114 115 116 855
115 116
116
118 120
120 122
122 123
123 817
127 367
131 133
133 134 135
134 135
135 137
137 289
139 141
141 143
143 144 145
144 381
145
147 148 149
148 149 150
149 150 151
150 151 152
151 152 344
152 154
154
160 705
161 163
163 165
165 167
167
170 171 172
171 172
172 665
175
180
184 186
186 188 747
188 189
189 191
191 736
194
198 199
199
202 203 204
203 204 205
204 205
205
206
209
216
222 224
224 225
225
232 234
234 235
235
238 239
239
249 250
250
254
257 258 259
258 259
259 261
261 262
262
265 266 342
266 268
268
271 273
273 274
274
277 278
278 280
280 281 344 460
281 282 283
282 283 290
283 446
285 287
287 289
289 290 291 615
290 291
291 292 293
292 293
293 295
295 487 404
299
303 845
305
310 311
311 313
313 314 315
314 315
315 901
317 318 985
318 642
330
332 334
334 335
335 337
337
341 342
342 344
344 345
345 347
347
348 350
350
353 354 355
354 355 356
355 356 357
356 357
357 359
359
362 597
365 366 367
366 367
367 369
369
374
377 379
379 381
381
384
390 392
392 394
393 394 395
394 395 396
395 396
396
399 401
401 815
404 405
405 407
407 409
409
414 416
416 417
417
420 421
421 423
423 424
424 426
426 428
428
433 435 509
435 437
437 438
438
442 443
443 646
446 447 448
447
448
452 738
453 455
455 456
456 458
458 459 460
459 460
460
466 467 468
467 468
468
473
477 478
478
484 486 746
486 488 877
487 488 489
488 490
489 490 491 517
490 492
491 493 909 964
492 493 494
493 494
494
497 499
499 500
500 502
502 503
503 505
504 505 910
505
508 509 510
509 510
510 511
511
516 518
517 518
518 519 520
519 520
520
523 524 525
524 525
525
529
533 535
534 535 536
535 536 537 825
536 537 538
537 539
538 539
539
542 544
544
550 552
552 554
554 555 556
555 556
556
561 788
564 871
569 570 571
570 571
571 573
573 575
575 576 577
576 577 578 923
577 578
578 580
580 582
582
585 586
586 588
588
592 594
594
597
601
605 606
606
614 831
615
617
621 622 623
622 623 624
623 624 625 860
624 626
625 626 627
626 703
627 629
629 630
630 632 981
632
635 636
636
641 642 788
642 644
644 646
646
653 790
656
660
664 665
665
669 671
670 671 672
671 672 673
672 673
673
678 680
680 682
682 683
683 685
685
689
692 694
694 696
696 698
698 700
700
703 705
705 945
707
712 713 714
713 714
714
717 718
718 734
722
727 729
729
734 736
736 738
738
743 745
745 746 747
746
747 749
749 750
750 752
752 753 754
753 755
754 755
755
759 760
760
763
766 767
767
770
773
776 778
778 780
780 782
782 783 784
783 784 785 978
784 785
785 787
787 788
788 790
790 791
791
795 797
797 799
799 800
800
805 806
806
810
815 816
816 817
817 819
819
824 825
825 827
827
830 831
831
836 837
837
840 842
842
845
849
852
853 855
855 857
857
860 861
861 862
862
865 867
866 867
867 868
868
871 872
872
877
881 882
882
887 889
889
893
898 899 900
899 900
900 901 902
901 902
902
905
909 910 911
910 911
911
917 919
919
922 923
923 924
924 926
926 928
928 930
930 932
932 934
934 935 936
935 936 937
936 937 938
937 938 939
938 939
939 941
941
945
949 950
950 952
952 954
954 956
956 958
958
961 962
962 964
964
966 967
967
970
974
978
979 981
981
985
988
993 994
994 996
996 997
997
