#naive2.0.py
# GMT Fri Feb 14 14:28:00 2020
# 
0 1 999 2
1 2 3 999
2 3 4
3 4 5 220
4 5 6
5 6 7
6 7 8
7 8 9
8 9 10
9 10 11
10 11 12
11 12 13
12 13 14
13 15 531
14 15 107
15 16 17
16 254 950
17 18 19
18 526 733
19 20 21 225
20 21 22
21 22 23
22 23 24 784
23 24 25
24 25 26
25 26 27
26 27 28
27 28 29 288 658
28 29 30
29 30 364
30 31 32
31 32 58
32 33 34
33 34 35
34 35 36
35 37 650
36 37 38
37 38 39
38 40 115
39 40 41 155
40 41 42
41 42 43
42 43 491
43 44 45
44 45 46
45 46 47
46 47 48
47 48 49 205
48 49 50 922
49 50 51
50 52 171
51 52 53
52 53 54 516
53 54 55
54 55 56
55 56 57
56 57 58
57 59 167
58 59 60
59 60 61
60 61 62
61 63 660 528
62 63 64
63 64 65
64 766 375
65 66 809
66 67 68
67 68 69
68 69 70
69 70 416
70 71 72
71 72 73
72 73 74
73 74 75
74 75 76
75 76 77
76 77 78
77 78 79
78 79 80
79 80 81
80 81 82
81 82 83
82 83 84
83 84 85 998
84 85 838
85 86 87 163
86 87 88
87 88 89 503
88 89 90
89 90 91
90 91 197 585
91 92 93 328
92 93 94
93 95 269
94 95 96
95 96 97 474 899
96 97 98
97 98 99
98 99 100 556
99 100 101
100 101 833
101 102 103
102 103 987
103 105 897
104 105 106
105 106 107
106 107 108
107 109 448
108 109 110
109 110 111 593
110 111 112
111 113 367
112 114 195
113 114 115 370
114 115 116 855
115 116 117
116 117 153
117 118 119
118 119 120
119 120 121
120 121 122
121 122 386
122 123 124
123 125 817
124 125 126
125 127 868
126 127 128 447
127 129 367
128 129 130
129 130 298
130 131 132 850 241 397 826
131 132 133
132 133 134
133 134 135
134 135 136
135 136 137
136 137 138 845
137 138 289
138 139 140 347
139 140 141
140 141 142 392 973 713
141 142 143
142 143 144
143 144 145
144 406 381
145 146 812
146 147 148
147 148 149
148 149 150
149 150 151
150 151 152
151 152 344
152 153 154
153 154 155
154 155 156
155 157 472
156 157 404
157 158 159
158 159 160
159 160 567 285
160 162 705
161 162 163
162 163 164
163 165 991
164 165 166
165 166 167
166 167 168
167 168 169
168 169 170
169 170 517
170 171 172
171 172 789
172 173 174 665
173 174 175
174 175 176
175 176 177
176 177 178
177 178 179
178 179 180
179 180 181
180 181 182
181 215 607
182 183 184
183 184 185 624 956
184 185 186
185 186 187
186 187 188 747
187 188 189
188 189 190
189 190 191
190 191 192
191 192 193 736
192 193 194
193 194 195
194 195 196
195 196 197
196 197 766
197 199
198 199 200
199 200 201
200 201 202
201 202 203
202 203 204
203 204 205 796
204 205 567
205 284 559
206 207 208
207 208 209
208 209 210
209 210 211
210 211 212
211 212 213
212 213 214
213 214 215
214 215 216
215 216 217 748
216 217 218
217 218 219
218 219 220
219 220 895
220 221
221 222 223
222 223 224
223 224 225 490
224 225 226
225 227
226 227 971 857
227 228 229
228 229 230 571
229 230 231
230 231 232
231 232 233 764
232 234 951
233 234 235 520
234 235 236
235 237 856 602
236 237 238
237 238 239
238 239 240
239 240 241
240 241 924
241 242
242 243 244
243 244 245
244 245 246 304
245 246 247
246 248 596
247 248 249
248 249 250
249 250 251
250 251 252
251 252 253
252 253 254
253 254 255
254 255 256
255 256 257
256 257 258 846
257 258 259
258 259 260
259 260 261
260 261 262
261 262 263
262 263 264
263 264 265
264 265 266
265 266 267 342
266 267 268 890
267 268 269
268 269 270
269 270 271
270 272 686
271 272 273
272 273 274
273 274 275
274 275 276
275 276 962
276 277 278
277 278 279
278 279 280
279 280 281
280 281 344 460
281 282 283 674
282 283 284 290
283 284 446
284 285 286
285 286 287
286 287 288
287 288 289
288 289
289 290 291 615
290 291
291 292 293
292 293 294
293 294 295
294 295 296
295 297 487 716 404
296 298 360
297 298 996
298 299 300
299 300 301
300 301 302
301 302 303
302 303 304
303 304 845
304 573
305 306 307
306 307 308
307 308 309
308 309 310 798
309 310 311
310 311 312
311 312 313
312 313 314
313 314 315
314 315 316
315 316 901
316 317 318
317 318 985
318 319 320 642
319 320 321
320 321 322
321 322 323
322 323 324
323 324 325
324 325 326
325 326 327
326 327 328
327 328 329
328 330
329 330 331
330 331 540
331 332 333
332 333 334
333 334 335 445
334 335 336
335 336 337
336 337 338
337 338 339
338 339 340
339 340 341
340 341 342
341 342 343
342 344 560
343 344 345 537
344 345 346
345 346 347
346 347 348
347 349
348 349 350
349 350 351
350 351 352 687
351 352 353
352 353 354
353 354 355
354 355 356
355 356 357
356 357 358
357 358 359
358 359 360
359 360 361
360 361 362
361 362 363
362 363 364 597
363 364 365
364 365 366 969
365 366 367
366 367 368
367 368 369
368 369 370
369 370 371
370 372
371 372 373
372 374 599
373 374 375
374 375 376
375 376 377
376 377 378
377 379 382
378 379 380
379 380 381
380 381 382
381 382 383
382 383 384
383 384 385
384 385 386
385 386 387
386 387 388
387 388 389
388 389 390
389 390 391
390 391 392
391 392 835
392 394
393 394 395 989
394 395 396
395 396 397
396 397 398
397 756
398 399 400
399 400 401
400 401 402
401 402 403 815
402 403 404
403 404 405
404 405
405 406 407
406 407 408
407 409 854
408 409 410
409 410 411
410 411 412
411 412 413
412 413 807
413 414 415
414 415 416
415 416 417
416 417 418
417 418 419
418 420 604
419 420 421
420 421 422
421 422 423
422 423 669 614
423 424 425
424 425 426
425 426 427
426 427 428
427 428 429
428 429 430
429 430 431
430 431 432
431 432 886
432 433 434 454
433 434 435 509
434 435 436
435 436 437
436 437 438
437 438 439
438 439 440
439 440 441
440 441 442
441 442 443 724
442 443 444
443 444 445 646
444 445 446
445 446
446 447 448
447 449
448 449 450
449 450 740
450 451 452
451 453 619
452 454 744 738
453 454 455
454 455 852 793
455 456 457
456 457 458 820
457 458 459
458 459 460
459 460 461
460 461
461 462 463
462 463 992
463 464 465
464 465 466
465 466 467
466 467 468
467 468 469
468 469 470
469 470 471
470 471 472
471 472 473
472 473
473 474 475
474 476
475 476 477
476 477 478
477 478 479
478 479 480
479 480 481
480 482 755
481 482 483
482 484 949
483 484 485
484 485 486 746
485 486 487
486 488 877
487 488 489
488 490 748
489 490 491 517
490 492
491 493 909 964
492 493 494
493 494 495
494 495 496
495 496 497
496 497 498
497 498 499
498 499 500
499 500 501
500 501 502
501 502 503
502 503 740
503 505
504 505 910
505 506 507
506 507 508
507 509 934
508 509 510
509 510
510 511 512
511 512 513
512 513 514
513 514 515
514 515 516
515 516 517
516 518 918
517 518 838
518 519 520
519 520 829
520 521
521 523 782
522 523 524
523 524 525
524 525 526
525 526 527
526 527 528
527 528 529
528 530
529 530 531
530 531 532
531 532 533
532 533 534 802
533 535 735
534 535 536
535 536 537 825
536 537 538
537 539
538 539 540
539 540 541
540 541 542
541 542 543 553
542 543 544
543 544 545 723
544 545 546
545 546 547
546 547 548
547 548 549
548 549 550
549 550 551
550 551 552
551 552 553
552 553 554
553 554
554 555 556
555 556 557 894
556 558
557 558 559 856
558 559 560
559 561
560 562
561 562 788
562 563 564
563 564 565
564 566 948 654 871
565 566 567
566 567 568
567 569
568 569 570
569 570 571
570 571 572
571 573
572 573 574
573 574 575
574 575 576
575 576 577
576 577 578 923
577 578 579
578 579 580
579 580 742 741
580 581 582
581 582 583
582 583 584
583 584 602
584 585 586
585 586 587
586 587 588
587 588 589
588 589 590
589 590 591
590 591 592
591 592 593
592 593 594
593 594
594 595 596
595 596 597
596 597 598
597 598
598 599 600
599 600 601 629
600 601 602
601 602 603
602 603
603 604 784
604 605 606
605 606 607
606 607 608
607 608 609
608 609 610
609 610 611
610 612 888
611 612 613
612 613 614
613 614 615
614 616 831
615 616
616 617 618
617 618 619
618 620 787
619 620 621
620 621 622
621 622 623
622 623 624
623 624 625 860
624 626
625 626 627
626 628 703
627 628 629
628 630 819
629 630
630 632 981
631 632 633
632 633 634
633 634 635
634 635 636
635 636 637
636 637 638
637 638 639
638 639 640
639 640 641
640 641 642
641 642 788
642 644
643 644 645 941
644 645 646
645 646 647 708
646 648
647 648 649
648 649 650
649 650 651
650 651 994
651 652 653
652 653 654
653 654 655 790
654 660
655 656 657
656 657 658
657 658 659
658 659
659 660 661
660 661 662
661 662 663
662 663 664
663 664 665
664 665 666
665 667
666 667 668
667 668 669
668 669 670
669 671
670 671 672
671 672 673
672 673 674
673 674 675
674 675
675 676 677
676 677 678
677 678 679
678 679 680
679 681 783
680 681 682
681 682 683
682 683 684
683 684 685 863
684 685 686
685 686 687
686 687 688
687 688
688 689 690
689 690 691
690 691 692
691 692 693
692 693 694
693 694 695
694 695 696
695 697 889
696 697 698
697 698 865 951
698 699 700
699 700 701
700 701 702
701 702 703
702 703 704
703 704 705
704 705 706
705 706 945
706 707 708
707 709 944
708 710
709 710 711
710 711 712 866
711 712 713
712 713 714
713 714
714 715 716
715 716 717 806
716 718
717 718 719
718 720 734
719 720 721
720 721 722
721 722 723
722 723 724
723 725
724 791
725 726 727
726 727 728
727 728 729
728 729 730
729 730 731
730 731 732
731 732 733
732 733 734
733 734 735
734 735 736
735 736 737
736 738
737 738 739
738 739
739 740 741
740 741 742
741 742 743
742 744
743 744 745
744 745 746
745 746 747 798
746 748
747 749
748 750
749 750 751
750 751 752
751 752 753
752 753 754
753 755 931
754 755 756
755 756 757
756 757 758
757 758 759
758 759 760
759 760 761 975
760 761 762
761 762 841
762 763 764
763 764 765
764 765
765 766 767
766 767 768
767 768 769
768 769 770 861
769 770 771
770 771 772
771 772 773
772 773 774
773 774 775
774 775 776
775 776 777
776 777 778
777 778 779
778 779 780
779 780 781
780 781 782
781 782 783
782 783 784
783 784 785 978
784 785
785 786 787
786 787 788
787 788 789 912
788 789 790
789 790 791
790 791
791 792 793
792 793 794
793 794
794 795 796
795 796 797
796 823
797 798 799
798
799 800 801
800 801 802
801 802 803
802 803
803 805 946
804 805 806
805 806 807
806 808
807 808 809
808 809 810
809 810 811
810 811 812
811 812 813
812 813 814
813 814 815
814 815 816
815 816
816 817 818
817 818 819
818 819 820
819 820 821
820 821
821 822 823
822 823 824
823 824 825
824 825 826
825 827
826 827
827 828 829
828 829 830
829 830 831
830 831 832
831 832 833
832 833 834
833 834 835
834 835 836
835 836 837
836 837 838
837 838 839
838 839
839 840 841
840 841 842
841 842 843
842 843 844
843 844 845
844 845 846
845 847
846 847
847 848 849
848 849 850
849 850 851
850 865
851 852 853
852 854
853 854 855
854 855 856
855 857
856 858
857 858
858 859 860
859 860 861
860 861
861 862
862 863 864
863 864
864 866 975
865 867
866 867
867 868 869
868 869 870
869 870 871
870 871 872
871 872
872 873 874
873 874 875
874 875 876
875 876 877
876 877 878
877 878 879
878 879 880 896
879 880 881
880 881 882
881 882 883
882 883 884
883 884 885
884 885 886
885 886 891
886 887 888
887 888 889
888 889 890
889 890 891
890 891
891 892 893
892 893 894
893 894 895
894 896
895 896 897
896 898
897 898 899
898 899 900
899 900
900 901 902
901 902 903
902 903 904
903 904 905
904 905 906
905 906 907
906 907 908
907 908 909
908 909 910
909 910 911
910 911 912
911 912 913
912 914
913 914 915
914 915 916
915 916 917
916 917 918
917 918 919
918 920
919 920 921
920 921 922
921 922 923
922 923
923 924
924 925 926
925 926 927
926 927 928
927 928 929
928 929 930
929 930 931
930 931 932
931 932 933
932 933 934
933 934 935
934 935 936
935 936 937
936 937 938
937 938 939
938 939 940
939 940 941
940 941 942
941 942
942 943 944
943 944 945
944 945 946
945 946 947
946 947 948
947 948 949
948 949 950
949 950 951
950 951 952
951 952 953
952 953 954
953 954 955
954 955 956
955 956 957
956 958
957 958 959
958 959 960
959 960 961
960 961 962
961 962 963
962 963 964
963 964 965
964 965
965 966 967
966 967 968
967 968 969
968 969 970
969 970
970 971 972
971 972 973
972 973 974
973 975
974 975 976
975 976
976 977 978
977 978 979
978 980
979 980 981
980 981 982
981 982 983
982 983 984
983 984 985
984 985 986
985 986 987
986 987 988
987 988 989
988 989 990
989 991
990 991 992
991 993
992 993 994
993 994 995
994 995 996
995 996 997
996 997 998
997 998 999
998 999
999
